     0/299     7.81G      7.86      31.6         0      39.4        12       608         0         0   0.00813         0      6.85      1.61         0
     1/299     7.81G      6.12      2.13         0      8.25        14       608         0         0   0.00262         0      6.04      1.59         0
     2/299     7.81G       5.3       1.8         0       7.1         5       608         0         0   0.00205         0      5.25      1.35         0
     3/299     7.81G      4.72      1.59         0      6.31        13       608         0         0   0.00515         0      4.97      1.45         0
     4/299     7.81G      4.58      1.31         0      5.88        14       608         0         0    0.0632         0      5.39     0.934         0
     5/299     7.81G      4.32      1.27         0      5.59         6       608         0         0    0.0686         0      4.74     0.969         0
     6/299     7.81G      4.06      1.06         0      5.12        11       608     0.546     0.138     0.317     0.221      4.44     0.677         0
     7/299     7.81G      4.87      0.85         0      5.72        10       608         0         0     0.166         0      4.34      0.85         0
     8/299     7.81G      4.09     0.985         0      5.07         5       608         0         0   0.00741         0      4.88      10.4         0
     9/299     7.81G      4.16     0.879         0      5.04        10       608     0.698    0.0412     0.434    0.0777      4.22     0.742         0
    10/299     7.81G      4.87     0.813         0      5.68        11       608         0         0    0.0323         0         5     0.807         0
    11/299     7.81G      3.78      0.93         0      4.71         4       608         1   0.00885     0.418    0.0175      3.89     0.741         0
    12/299     7.81G      3.74     0.795         0      4.54        11       608     0.469     0.133     0.338     0.207      4.12     0.566         0
    13/299     7.81G      4.05       0.7         0      4.75        10       608         1   0.00885     0.379    0.0175       4.3     0.648         0
    14/299     7.81G      4.04     0.811         0      4.85         4       608         0         0    0.0827         0      4.13     0.755         0
    15/299     7.81G      4.02     0.732         0      4.75        12       608         0         0    0.0112         0      7.13      4.86         0
    16/299     7.81G      4.37     0.845         0      5.21        12       608         0         0   0.00947         0      6.02      1.32         0
    17/299     7.81G      3.67     0.853         0      4.52         5       608         1   0.00885     0.291    0.0175      5.05     0.712         0
    18/299     7.81G      3.73       0.7         0      4.43        14       608         0         0     0.104         0       6.5     0.486         0
    19/299     7.81G      4.82     0.654         0      5.47        10       608         0         0    0.0157         0      4.69      2.69         0
    20/299     7.81G      3.65     0.911         0      4.56         4       608         0         0     0.058         0      4.04     0.739         0
    21/299     7.81G      3.61     0.864         0      4.48        12       608  8.38e-05    0.0265   0.00039  0.000167      7.05       230         0
    22/299     7.81G      3.46     0.698         0      4.16         9       608  0.000231     0.133   0.00031  0.000461      7.43       259         0
    23/299     7.81G      3.99     0.675         0      4.66         5       608  0.000708    0.0708   0.00273    0.0014      5.34      21.2         0
    24/299     7.81G      3.17     0.723         0      3.89        11       608   0.00325    0.0354    0.0191   0.00596      4.08       2.3         0
    25/299     7.81G      3.92     0.637         0      4.56        14       608         1    0.0235     0.402     0.046      4.03     0.564         0
    26/299     7.81G      3.54     0.664         0       4.2         6       608         1    0.0168     0.357    0.0331      4.16     0.605         0
    27/299     7.81G       3.3     0.724         0      4.03        10       608     0.757     0.257     0.528     0.383      3.71     0.526         0
    28/299     7.81G      3.16     0.612         0      3.77        10       608     0.939     0.271     0.648     0.421      3.69      0.46         0
    29/299     7.81G      3.24     0.598         0      3.84         2       608         1    0.0678     0.647     0.127      3.56     0.492         0
    30/299     7.81G      3.15     0.605         0      3.76        12       608     0.948     0.159      0.67     0.273      3.57     0.452         0
    31/299     7.81G      3.21     0.515         0      3.72        15       608         1     0.209     0.703     0.346       3.3     0.451         0
    32/299     7.81G      3.09     0.503         0      3.59         5       608     0.844     0.335     0.686      0.48      3.48      0.44         0
    33/299     7.81G      3.32     0.547         0      3.87        11       608         1     0.159     0.651     0.274      3.23     0.497         0
    34/299     7.81G      2.89     0.579         0      3.47        13       608     0.846     0.533     0.682     0.654      3.43     0.431         0
    35/299     7.81G      3.12     0.517         0      3.64         6       608     0.966     0.254     0.624     0.402      3.78     0.481         0
    36/299     7.81G      2.92     0.602         0      3.53        12       608         1     0.107     0.586     0.193      3.18     0.548         0
    37/299     7.81G      2.54     0.515         0      3.06        12       608     0.862     0.513     0.684     0.643      3.19     0.459         0
    38/299     7.81G         3       0.5         0       3.5         3       608     0.875     0.434     0.683      0.58         3     0.479         0
    39/299     7.81G      2.99       0.5         0      3.49        10       608     0.848     0.494     0.676     0.625      3.46     0.458         0
    40/299     7.81G      2.62     0.542         0      3.17        14       608     0.871     0.357     0.696     0.507       3.2     0.464         0
    41/299     7.81G      2.77     0.458         0      3.23         4       608     0.907     0.433     0.703     0.586       3.2     0.431         0
    42/299     7.81G      2.66     0.454         0      3.11        13       608     0.916     0.483     0.713     0.633      3.25     0.396         0
    43/299     7.81G      2.79     0.451         0      3.24        14       608     0.939     0.406     0.755     0.566      2.93     0.443         0
    44/299     7.81G      2.41     0.458         0      2.87         4       608     0.934     0.499     0.738     0.651      3.05     0.402         0
    45/299     7.81G      2.89     0.446         0      3.34        14       608     0.979     0.421     0.719     0.589      3.48     0.433         0
    46/299     7.81G      2.64     0.476         0      3.12        10       608     0.973      0.32     0.729     0.482       3.4     0.454         0
    47/299     7.81G      2.39     0.441         0      2.83         3       608     0.958     0.407     0.777     0.571      3.16     0.429         0
    48/299     7.81G      2.48     0.433         0      2.91        11       608     0.774     0.619     0.705     0.688      3.33     0.385         0
    49/299     7.81G      2.61     0.417         0      3.03        10       608     0.875     0.556     0.744      0.68      3.29      0.41         0
    50/299     7.81G      2.36     0.423         0      2.78         4       608     0.891     0.504     0.775     0.644      3.11     0.417         0
    51/299     7.81G      2.33     0.404         0      2.73        13       608      0.94     0.555     0.798     0.698      3.08     0.397         0
    52/299     7.81G      2.37     0.383         0      2.75        10       608     0.935     0.639     0.853     0.759      2.86     0.372         0
    53/299     7.81G      2.36     0.391         0      2.76         3       608     0.958     0.605     0.866     0.741      2.71     0.384         0
    54/299     7.81G      2.32     0.423         0      2.74        10       608     0.938     0.672     0.867     0.783      2.69     0.379         0
    55/299     7.81G       2.3     0.411         0      2.71        11       608     0.875     0.745      0.86     0.805      2.76     0.358         0
    56/299     7.81G      2.49     0.361         0      2.85         3       608     0.986     0.611     0.888     0.754      2.73     0.414         0
    57/299     7.81G       2.1     0.415         0      2.52        10       608     0.901     0.648     0.857     0.754      2.74     0.406         0
    58/299     7.81G      2.32     0.412         0      2.74        13       608     0.907     0.607      0.83     0.728       2.8     0.381         0
    59/299     7.81G      2.28     0.403         0      2.68         4       608     0.961      0.65     0.864     0.775      2.68     0.393         0
    60/299     7.81G      2.24     0.399         0      2.64        11       608     0.941     0.743     0.851     0.831      2.56     0.373         0
    61/299     7.81G      2.21     0.348         0      2.56        12       608     0.897     0.768     0.864     0.827      2.78     0.349         0
    62/299     7.81G      2.38     0.395         0      2.78         3       608      0.92     0.716     0.857     0.806      2.62      0.37         0
    63/299     7.81G      2.13     0.384         0      2.51        11       608     0.933     0.743     0.855     0.827      2.85     0.353         0
    64/299     7.81G      2.21     0.378         0      2.59        10       608     0.933      0.74     0.867     0.826      2.84     0.351         0
    65/299     7.81G      2.26     0.416         0      2.68         6       608      0.92     0.716     0.868     0.805      2.88     0.362         0
    66/299     7.81G      2.29     0.375         0      2.67        10       608     0.865     0.717     0.856     0.784      2.68     0.356         0
    67/299     7.81G      2.03     0.358         0      2.39        10       608     0.863     0.779     0.855     0.819      2.66     0.352         0
    68/299     7.81G       2.2     0.347         0      2.55         3       608     0.876     0.699     0.841     0.778      2.65     0.361         0
    69/299     7.81G         2     0.336         0      2.34        10       608     0.869     0.704     0.845     0.778      2.72     0.356         0
    70/299     7.81G      2.07     0.341         0      2.41         8       608     0.894     0.743     0.859     0.811      2.76     0.336         0
    71/299     7.81G      2.16     0.369         0      2.53         5       608     0.927     0.673     0.836      0.78      2.63     0.358         0
    72/299     7.81G      2.11     0.347         0      2.46        11       608     0.897     0.694     0.851     0.783      2.56     0.361         0
    73/299     7.81G      1.97      0.38         0      2.35        12       608     0.894     0.746     0.882     0.813      2.55     0.351         0
    74/299     7.81G      2.07     0.346         0      2.42         5       608     0.866     0.684     0.824     0.764      2.63     0.364         0
    75/299     7.81G      1.89     0.334         0      2.23        11       608     0.899     0.709     0.851     0.793      2.51     0.357         0
    76/299     7.81G      1.96     0.344         0      2.31        12       608     0.884     0.735     0.856     0.802      2.56     0.352         0
    77/299     7.81G      1.98     0.325         0      2.31         7       608     0.887     0.761      0.87     0.819       2.6     0.335         0
    78/299     7.81G       1.8     0.317         0      2.12        10       608     0.902     0.737     0.854     0.812      2.52     0.335         0
    79/299     7.81G      1.81     0.335         0      2.15        11       608     0.905     0.757     0.893     0.824      2.41      0.33         0
    80/299     7.81G      1.98     0.305         0      2.28         4       608     0.939     0.699     0.886     0.802      2.45     0.339         0
    81/299     7.81G      1.79     0.332         0      2.12        11       608     0.935      0.76      0.91     0.839       2.4     0.326         0
    82/299     7.81G      1.77     0.317         0      2.09        11       608     0.873     0.792     0.878      0.83      2.39     0.322         0
    83/299     7.81G      1.88     0.303         0      2.18         4       608     0.926     0.796     0.898     0.856      2.39     0.326         0
    84/299     7.81G      1.95     0.321         0      2.27         9       608     0.954      0.74     0.883     0.833       2.7     0.309         0
    85/299     7.81G      1.86     0.335         0       2.2        12       608     0.963      0.69     0.867     0.804      2.74     0.342         0
    86/299     7.81G      1.82     0.349         0      2.17         3       608     0.942      0.72     0.866     0.816      2.48      0.33         0
    87/299     7.81G      1.91     0.305         0      2.22        12       608     0.916      0.77      0.88     0.836       2.5     0.328         0
    88/299     7.81G      1.89     0.297         0      2.18        10       608     0.941       0.7     0.871     0.803      2.65     0.343         0
    89/299     7.81G      1.79      0.31         0       2.1         1       608     0.935     0.628     0.842     0.752      2.51     0.376         0
    90/299     7.81G      1.68     0.321         0         2         8       608     0.874     0.735     0.853     0.798      2.56     0.345         0
    91/299     7.81G      1.83     0.293         0      2.13        10       608     0.849     0.747      0.87     0.795      2.59     0.341         0
    92/299     7.81G      1.75     0.288         0      2.04         4       608     0.843     0.712     0.848     0.772      2.46     0.344         0
    93/299     7.81G      1.72     0.301         0      2.02         6       608      0.88     0.717     0.859      0.79      2.49     0.348         0
    94/299     7.81G      1.63     0.298         0      1.93        11       608     0.869     0.673     0.816     0.758      2.55     0.351         0
    95/299     7.81G      1.55     0.307         0      1.86         3       608     0.896     0.699     0.844     0.785       2.4     0.349         0
    96/299     7.81G      1.79     0.289         0      2.08         7       608     0.897     0.726     0.844     0.802      2.38     0.346         0
    97/299     7.81G      1.68     0.289         0      1.97        13       608     0.891     0.717     0.843     0.795      2.42     0.349         0
    98/299     7.81G      1.65     0.268         0      1.92         4       608     0.899      0.69     0.842     0.781      2.48     0.365         0
    99/299     7.81G      1.82     0.305         0      2.13         9       608     0.896     0.684     0.852     0.776      2.34     0.373         0
   100/299     7.81G      1.69     0.301         0         2         9       608     0.873     0.727     0.864     0.793      2.39     0.366         0
   101/299     7.81G      1.59     0.305         0       1.9         3       608     0.883     0.735     0.861     0.802       2.4     0.357         0
   102/299     7.81G      1.67     0.298         0      1.97         9       608     0.921     0.724     0.858     0.811       2.4     0.375         0
   103/299     7.81G      1.73     0.292         0      2.02        14       608     0.919     0.708     0.842       0.8      2.47     0.384         0
   104/299     7.81G      1.56     0.307         0      1.87         4       608     0.906     0.764     0.863     0.829      2.31     0.363         0
   105/299     7.81G      1.55     0.306         0      1.85        13       608      0.88     0.782     0.878     0.828      2.45     0.333         0
   106/299     7.81G      1.73     0.267         0         2        13       608     0.906     0.752     0.895     0.822      2.27     0.334         0
   107/299     7.81G      1.51     0.268         0      1.77         3       608     0.878     0.762     0.879     0.816      2.31     0.325         0
   108/299     7.81G      1.53     0.267         0       1.8         9       608     0.925     0.765     0.874     0.838      2.28     0.323         0
   109/299     7.81G      1.51     0.268         0      1.78         8       608     0.861     0.768     0.884     0.812       2.4     0.315         0
   110/299     7.81G      1.61      0.26         0      1.87         4       608     0.878     0.779     0.849     0.825      2.45     0.338         0
   111/299     7.81G      1.53     0.279         0      1.81        12       608     0.863     0.761     0.838     0.809      2.36     0.378         0
   112/299     7.81G      1.52     0.288         0      1.81        11       608     0.855     0.786     0.858     0.819       2.4     0.361         0
   113/299     7.81G       1.5     0.277         0      1.78         5       608      0.92     0.805     0.896     0.859      2.44     0.332         0
   114/299     7.81G      1.53     0.272         0      1.81        12       608     0.936     0.779     0.872      0.85       2.4     0.367         0
   115/299     7.81G      1.57      0.27         0      1.84         7       608     0.946      0.78     0.889     0.855      2.53      0.35         0
   116/299     7.81G      1.45     0.256         0      1.71         3       608     0.932     0.733     0.889     0.821      2.37     0.353         0
   117/299     7.81G      1.46      0.26         0      1.72        14       608     0.877     0.754     0.872     0.811      2.41     0.327         0
   118/299     7.81G      1.52     0.257         0      1.77         9       608     0.894     0.745     0.902     0.813      2.39     0.336         0
   119/299     7.81G      1.41     0.263         0      1.67         4       608      0.89     0.788     0.903     0.836      2.32     0.325         0
   120/299     7.81G      1.39     0.259         0      1.65        10       608     0.885     0.805      0.91     0.843       2.4     0.324         0
   121/299     7.81G      1.49     0.295         0      1.78        13       608     0.861      0.82     0.911      0.84      2.33     0.316         0
   122/299     7.81G      1.44     0.242         0      1.68         6       608     0.891     0.805     0.906     0.846      2.29      0.32         0
   123/299     7.81G      1.38     0.252         0      1.63         9       608     0.907     0.788     0.908     0.843      2.33     0.319         0
   124/299     7.81G      1.46      0.25         0      1.71        12       608     0.923     0.788     0.916      0.85      2.34     0.312         0
   125/299     7.81G      1.48     0.255         0      1.74         3       608     0.937     0.786       0.9     0.855      2.28     0.317         0
   126/299     7.81G      1.42     0.273         0      1.69        13       608       0.9      0.77     0.887      0.83      2.26      0.32         0
   127/299     7.81G      1.42     0.239         0      1.66        11       608     0.859     0.811     0.871     0.835      2.28     0.318         0
   128/299     7.81G      1.38      0.24         0      1.62         5       608     0.867     0.788      0.88     0.826      2.39     0.332         0
   129/299     7.81G       1.5      0.25         0      1.75        12       608     0.898      0.78     0.881     0.835      2.27     0.343         0
   130/299     7.81G      1.33     0.278         0       1.6        13       608      0.88     0.781     0.889     0.827      2.32      0.34         0
   131/299     7.81G      1.31     0.262         0      1.57         3       608      0.85     0.801     0.878     0.825       2.3     0.325         0
   132/299     7.81G      1.43      0.24         0      1.67        13       608     0.877     0.817     0.891     0.845      2.35     0.324         0
   133/299     7.81G      1.45     0.245         0      1.69        10       608     0.876     0.788     0.881      0.83      2.31     0.329         0
   134/299     7.81G      1.29     0.251         0      1.54         4       608     0.901     0.761     0.881     0.825       2.3     0.336         0
   135/299     7.81G      1.32     0.245         0      1.57         9       608     0.893     0.738     0.858     0.808      2.39     0.343         0
   136/299     7.81G      1.31     0.233         0      1.54        13       608     0.908      0.77     0.882     0.833      2.33      0.33         0
   137/299     7.81G      1.34     0.254         0      1.59         5       608     0.895     0.805     0.902     0.848      2.32     0.326         0
   138/299     7.81G      1.27     0.249         0      1.51        12       608     0.915     0.796     0.908     0.852       2.3     0.321         0
   139/299     7.81G      1.35     0.231         0      1.58        13       608     0.927     0.781     0.905     0.848      2.29     0.321         0
   140/299     7.81G      1.33     0.253         0      1.58         4       608     0.909     0.823     0.904     0.864      2.28     0.313         0
   141/299     7.81G      1.37     0.224         0      1.59        12       608     0.905     0.823     0.897     0.862       2.3       0.3         0
   142/299     7.81G      1.43     0.233         0      1.66        11       608     0.915     0.779     0.902     0.841      2.29      0.31         0
   143/299     7.81G      1.27     0.232         0       1.5         5       608     0.886     0.726     0.885     0.798      2.26     0.323         0
   144/299     7.81G      1.16     0.257         0      1.41        12       608     0.889     0.743     0.863      0.81      2.32     0.322         0
   145/299     7.81G      1.25      0.24         0       1.5        13       608     0.868     0.752     0.872     0.806       2.3      0.32         0
   146/299     7.81G      1.17     0.225         0       1.4         5       608     0.867     0.752     0.878     0.805      2.34     0.317         0
   147/299     7.81G      1.28     0.214         0       1.5         7       608     0.902     0.752     0.882      0.82      2.32     0.325         0
   148/299     7.81G       1.2     0.233         0      1.43        12       608      0.91     0.752     0.878     0.824      2.35     0.327         0
   149/299     7.81G      1.12     0.235         0      1.36         2       608     0.905      0.77     0.887     0.832      2.28     0.319         0
   150/299     7.81G       1.2     0.219         0      1.42        12       608     0.928      0.77     0.897     0.841      2.32     0.332         0
   151/299     7.81G      1.19     0.228         0      1.42        11       608     0.914     0.757     0.887     0.828      2.26      0.33         0
   152/299     7.81G      1.26     0.236         0       1.5         6       608     0.913     0.761     0.885      0.83       2.3     0.327         0
   153/299     7.81G      1.21     0.222         0      1.43         9       608     0.884     0.743     0.873     0.807      2.33     0.335         0
   154/299     7.81G      1.36     0.206         0      1.57         7       608     0.903     0.741     0.869     0.814      2.33     0.348         0
   155/299     7.81G      1.13     0.217         0      1.35         4       608     0.911     0.796     0.895      0.85      2.35     0.335         0
   156/299     7.81G      1.12     0.215         0      1.34        14       608     0.904     0.835       0.9     0.868      2.29     0.326         0
   157/299     7.81G      1.04     0.223         0      1.26        10       608     0.894     0.832      0.91     0.862      2.29     0.327         0
   158/299     7.81G       1.1     0.211         0      1.31         4       608     0.892     0.805      0.89     0.846      2.35     0.337         0
   159/299     7.81G      1.05     0.188         0      1.24        11       608     0.929     0.811     0.899     0.866      2.34     0.349         0
   160/299     7.81G      1.28     0.193         0      1.47        12       608     0.928     0.798     0.893     0.858       2.4     0.354         0
   161/299     7.81G      1.12      0.23         0      1.35         4       608     0.936     0.778     0.884      0.85      2.34     0.356         0
   162/299     7.81G      1.05     0.208         0      1.26         7       608     0.907     0.775     0.883     0.836      2.27     0.333         0
   163/299     7.81G      1.01     0.207         0      1.22        11       608     0.881     0.796     0.891     0.837      2.26     0.323         0
   164/299     7.81G       1.1       0.2         0       1.3         3       608     0.856     0.792     0.892     0.823      2.24      0.32         0
   165/299     7.81G      1.03     0.198         0      1.23        12       608      0.83     0.779     0.885     0.804      2.24     0.319         0
   166/299     7.81G      1.15     0.203         0      1.36        12       608     0.856     0.791     0.901     0.823       2.3     0.319         0
   167/299     7.81G      1.02      0.22         0      1.24         4       608     0.852     0.779     0.889     0.814      2.24     0.321         0
   168/299     7.81G      1.14     0.194         0      1.33         8       608     0.905     0.761     0.893     0.827      2.25     0.323         0
   169/299     7.81G     0.993     0.199         0      1.19         7       608     0.875     0.779     0.889     0.824      2.27     0.321         0
   170/299     7.81G      1.04      0.23         0      1.27         5       608     0.873     0.796      0.89     0.833      2.29     0.318         0
   171/299     7.81G      0.97     0.197         0      1.17        10       608     0.858     0.788     0.887     0.821      2.26     0.318         0
   172/299     7.81G     0.994     0.199         0      1.19         8       608     0.856     0.787     0.876      0.82      2.24      0.32         0
   173/299     7.81G     0.992     0.198         0      1.19         4       608     0.891     0.793       0.9     0.839      2.24     0.326         0
   174/299     7.81G     0.972     0.182         0      1.15        13       608     0.881     0.784     0.901     0.829      2.23      0.33         0
   175/299     7.81G     0.999     0.189         0      1.19        13       608     0.892       0.8     0.915     0.843      2.24     0.322         0
   176/299     7.81G     0.972     0.205         0      1.18         4       608     0.901     0.803      0.92     0.849      2.23     0.319         0
   177/299     7.81G     0.977     0.195         0      1.17         9       608     0.891     0.799     0.918     0.842      2.23     0.312         0
   178/299     7.81G     0.946     0.197         0      1.14        13       608       0.9     0.796     0.912     0.845      2.19      0.31         0
   179/299     7.81G     0.993     0.214         0      1.21         4       608     0.884     0.809     0.901     0.845      2.19      0.31         0
   180/299     7.81G     0.944     0.194         0      1.14        13       608     0.888     0.774     0.893     0.827      2.23     0.316         0
   181/299     7.81G     0.991      0.21         0       1.2        10       608     0.905     0.779      0.89     0.837      2.28     0.321         0
   182/299     7.81G         1     0.201         0       1.2         3       608     0.882     0.796     0.906     0.837      2.23     0.316         0
   183/299     7.81G      0.98      0.18         0      1.16        11       608     0.874     0.788     0.915     0.829      2.21     0.311         0
   184/299     7.81G     0.952     0.189         0      1.14        10       608      0.91      0.81     0.909     0.857      2.23     0.306         0
   185/299     7.81G     0.977     0.184         0      1.16         5       608     0.927     0.779     0.911     0.846      2.23      0.31         0
   186/299     7.81G     0.956     0.187         0      1.14         9       608     0.913     0.779     0.914     0.841      2.26     0.313         0
   187/299     7.81G     0.899     0.188         0      1.09        10       608     0.881      0.79     0.912     0.833      2.26     0.316         0
   188/299     7.81G     0.936     0.191         0      1.13         6       608     0.893     0.815     0.919     0.853      2.26     0.312         0
   189/299     7.81G     0.948     0.199         0      1.15        11       608     0.901     0.807     0.924     0.851      2.25     0.307         0
   190/299     7.81G     0.898      0.18         0      1.08        11       608     0.903     0.824     0.924     0.862      2.25     0.301         0
   191/299     7.81G     0.912     0.203         0      1.11         4       608     0.917     0.823     0.925     0.867      2.24     0.301         0
   192/299     7.81G     0.855     0.194         0      1.05        12       608     0.902     0.814      0.92     0.856      2.23     0.305         0
   193/299     7.81G     0.889     0.179         0      1.07        12       608     0.918     0.805     0.913     0.858      2.22     0.309         0
   194/299     7.81G     0.903     0.166         0      1.07         3       608     0.916     0.814     0.913     0.862      2.23     0.313         0
   195/299     7.81G     0.858     0.171         0      1.03         9       608     0.906     0.805     0.915     0.853      2.22     0.314         0
   196/299     7.81G     0.848     0.176         0      1.02        17       608      0.91     0.802     0.915     0.852      2.22     0.314         0
   197/299     7.81G     0.833     0.164         0     0.997         4       608      0.91     0.809     0.923     0.856      2.22     0.316         0
   198/299     7.81G     0.815     0.165         0      0.98        10       608      0.91     0.808     0.925     0.856      2.19     0.316         0
   199/299     7.81G     0.819     0.164         0     0.982         7       608     0.929     0.812     0.916     0.866      2.22     0.324         0
   200/299     7.81G     0.832     0.183         0      1.01         3       608      0.93      0.82     0.918     0.872      2.21     0.326         0
   201/299     7.81G      0.84     0.169         0      1.01        15       608     0.901     0.823     0.915      0.86      2.19     0.321         0
   202/299     7.81G     0.794     0.169         0     0.964        13       608     0.914      0.85     0.931     0.881      2.17     0.318         0
   203/299     7.81G     0.799      0.16         0     0.959         4       608     0.905     0.846     0.918     0.875      2.18     0.319         0
   204/299     7.81G     0.843     0.159         0         1        10       608     0.922     0.841     0.932      0.88      2.22     0.321         0
   205/299     7.81G     0.722     0.166         0     0.888        10       608     0.904     0.833     0.931     0.867      2.19     0.321         0
   206/299     7.81G     0.823     0.153         0     0.976         2       608     0.898     0.823     0.929     0.859      2.19     0.321         0
   207/299     7.81G     0.854     0.154         0      1.01        12       608     0.894     0.824     0.925     0.858       2.2     0.319         0
   208/299     7.81G     0.809     0.151         0      0.96         9       608     0.913     0.835     0.923     0.872      2.23     0.324         0
   209/299     7.81G     0.867     0.189         0      1.06         4       608     0.911     0.832      0.92      0.87      2.22     0.323         0
   210/299     7.81G     0.828     0.187         0      1.01        11       608     0.897     0.847     0.928     0.871       2.2     0.321         0
   211/299     7.81G     0.829     0.185         0      1.01        13       608     0.888     0.845     0.928     0.866       2.2     0.321         0
   212/299     7.81G     0.784     0.171         0     0.954         4       608     0.895     0.828     0.912      0.86       2.2     0.322         0
   213/299     7.81G     0.691     0.163         0     0.854         9       608     0.901     0.832     0.928     0.865      2.19     0.322         0
   214/299     7.81G     0.722     0.148         0      0.87         9       608     0.892     0.832     0.913     0.861      2.16     0.323         0
   215/299     7.81G     0.752     0.156         0     0.909         4       608     0.885      0.82     0.904     0.852      2.18     0.326         0
   216/299     7.81G     0.738     0.157         0     0.895        12       608     0.907     0.814       0.9     0.858      2.22     0.332         0
   217/299     7.81G     0.775     0.157         0     0.932         9       608      0.91     0.805     0.899     0.854      2.23     0.336         0
   218/299     7.81G     0.798     0.178         0     0.977         4       608     0.901      0.81     0.914     0.853      2.22     0.329         0
   219/299     7.81G     0.664     0.145         0     0.809         8       608     0.893     0.816     0.915     0.853      2.19     0.322         0
   220/299     7.81G     0.772     0.168         0      0.94         8       608     0.896     0.832     0.928     0.863      2.17     0.312         0
   221/299     7.81G      0.74     0.137         0     0.877         6       608     0.897     0.841     0.925     0.868      2.15     0.311         0
   222/299     7.81G     0.754     0.154         0     0.909         9       608       0.9     0.832     0.922     0.864      2.14     0.312         0
   223/299     7.81G     0.736     0.154         0      0.89         8       608     0.895     0.823     0.919     0.857      2.13     0.315         0
   224/299     7.81G     0.755     0.177         0     0.932         5       608     0.867     0.808     0.904     0.837      2.13     0.316         0
   225/299     7.81G     0.759     0.147         0     0.906        11       608     0.886     0.826      0.92     0.855      2.14     0.323         0
   226/299     7.81G     0.672     0.164         0     0.836        12       608     0.875     0.803     0.904     0.837      2.12     0.324         0
   227/299     7.81G     0.632     0.142         0     0.774         4       608     0.901     0.805      0.92      0.85      2.13     0.323         0
   228/299     7.81G     0.756     0.152         0     0.907        10       608     0.911     0.814     0.921      0.86      2.13     0.321         0
   229/299     7.81G     0.668     0.147         0     0.815        10       608     0.892     0.814       0.9     0.851      2.13     0.326         0
   230/299     7.81G     0.689     0.152         0     0.841         6       608     0.903     0.821     0.905      0.86      2.11     0.326         0
   231/299     7.81G     0.725     0.179         0     0.904        10       608     0.902     0.816     0.922     0.857      2.08      0.32         0
   232/299     7.81G     0.655     0.152         0     0.808        13       608     0.884     0.814     0.906     0.848      2.08     0.319         0
   233/299     7.81G     0.627     0.137         0     0.764         2       608     0.899     0.823     0.925     0.859      2.09     0.321         0
   234/299     7.81G      0.64     0.158         0     0.798        11       608     0.902     0.823     0.926      0.86       2.1     0.318         0
   235/299     7.81G     0.675     0.147         0     0.822        11       608       0.9     0.814     0.909     0.855       2.1     0.319         0
   236/299     7.81G     0.681     0.147         0     0.828         4       608     0.887     0.805     0.908     0.844      2.09      0.32         0
   237/299     7.81G      0.61     0.142         0     0.752        13       608     0.889     0.805     0.909     0.845      2.11     0.322         0
   238/299     7.81G     0.649     0.147         0     0.796        12       608     0.893     0.805     0.912     0.847       2.1     0.321         0
   239/299     7.81G     0.633     0.149         0     0.782         4       608     0.895     0.814     0.914     0.853      2.08     0.321         0
   240/299     7.81G     0.656     0.139         0     0.795        11       608     0.887     0.814     0.915     0.849      2.06     0.323         0
   241/299     7.81G     0.594     0.138         0     0.732        13       608     0.902     0.816     0.912     0.857      2.08     0.325         0
   242/299     7.81G     0.611     0.146         0     0.757         3       608     0.904     0.832     0.914     0.866      2.11     0.327         0
   243/299     7.81G     0.748     0.148         0     0.896        12       608     0.904     0.838     0.914      0.87      2.12      0.33         0
   244/299     7.81G      0.65     0.149         0     0.799         9       608     0.887     0.832      0.91     0.859      2.11     0.332         0
   245/299     7.81G     0.588     0.136         0     0.724         3       608     0.887      0.83     0.907     0.857      2.14     0.329         0
   246/299     7.81G     0.675     0.141         0     0.816        10       608     0.886     0.828     0.901     0.856      2.15     0.327         0
   247/299     7.81G     0.638     0.148         0     0.786        11       608     0.875     0.823     0.907     0.848      2.15     0.327         0
   248/299     7.81G     0.612     0.128         0     0.741         3       608      0.87     0.826     0.906     0.847      2.13     0.329         0
   249/299     7.81G     0.603     0.163         0     0.766        11       608     0.874     0.823      0.91     0.848      2.11     0.327         0
   250/299     7.81G     0.588     0.124         0     0.712         8       608     0.871     0.823      0.91     0.846      2.12     0.329         0
   251/299     7.81G     0.583     0.124         0     0.707         2       608      0.87     0.826     0.912     0.847      2.11     0.328         0
   252/299     7.81G     0.634     0.142         0     0.776         9       608     0.878     0.823     0.914      0.85      2.09     0.329         0
   253/299     7.81G     0.567     0.134         0     0.701         7       608     0.884     0.823     0.908     0.853      2.08      0.33         0
   254/299     7.81G     0.581     0.145         0     0.726         5       608     0.877     0.817     0.904     0.846      2.07     0.331         0
   255/299     7.81G       0.6     0.135         0     0.735        10       608     0.895     0.814     0.905     0.852      2.07     0.328         0
   256/299     7.81G     0.593     0.136         0     0.728        11       608     0.902     0.815     0.912     0.857      2.07     0.327         0
   257/299     7.81G     0.583     0.134         0     0.717         4       608     0.904     0.814     0.913     0.857      2.07     0.327         0
   258/299     7.81G     0.621     0.135         0     0.756        11       608     0.904     0.823     0.915     0.862      2.07     0.327         0
   259/299     7.81G     0.601     0.135         0     0.736        13       608     0.909     0.832     0.916     0.869      2.06     0.324         0
   260/299     7.81G     0.609     0.142         0      0.75         3       608     0.906     0.832     0.916     0.867      2.05     0.322         0
   261/299     7.81G     0.563     0.132         0     0.694         9       608     0.912     0.829     0.914     0.869      2.05     0.327         0
   262/299     7.81G     0.589     0.142         0      0.73        11       608     0.901     0.832     0.911     0.865      2.05     0.329         0
   263/299     7.81G     0.539     0.169         0     0.708         3       608       0.9     0.832      0.91     0.865      2.06     0.329         0
   264/299     7.81G     0.598      0.14         0     0.738        11       608     0.886     0.832     0.919     0.858      2.06      0.33         0
   265/299     7.81G     0.556     0.137         0     0.693         8       608     0.886     0.823     0.919     0.853      2.08     0.329         0
   266/299     7.81G     0.597     0.132         0     0.729         3       608     0.886     0.823     0.918     0.853      2.09     0.327         0
   267/299     7.81G     0.543     0.134         0     0.677        15       608     0.884     0.823     0.917     0.852      2.08     0.326         0
   268/299     7.81G     0.543     0.124         0     0.667        11       608     0.883     0.823     0.913     0.852      2.09     0.324         0
   269/299     7.81G     0.584      0.14         0     0.724         6       608     0.878     0.814     0.912     0.845      2.09     0.323         0
   270/299     7.81G      0.57     0.123         0     0.694        13       608     0.877     0.821      0.91     0.848       2.1     0.324         0
   271/299     7.81G     0.534     0.142         0     0.676        11       608     0.878      0.83     0.912     0.854       2.1     0.325         0
   272/299     7.81G     0.623     0.143         0     0.767         5       608     0.889     0.832     0.913     0.859      2.12     0.326         0
   273/299     7.81G      0.54     0.122         0     0.663        11       608     0.871     0.837     0.913     0.854       2.1     0.328         0
   274/299     7.81G     0.543     0.131         0     0.674        10       608     0.887      0.85     0.913     0.868       2.1     0.327         0
   275/299     7.81G      0.56     0.109         0     0.669         5       608     0.888     0.841     0.919     0.864      2.11     0.325         0
   276/299     7.81G     0.574     0.125         0     0.699        15       608     0.888     0.832     0.919     0.859      2.11     0.326         0
   277/299     7.81G     0.615     0.134         0     0.749         8       608     0.886     0.824      0.92     0.854       2.1     0.326         0
   278/299     7.81G      0.56     0.129         0     0.689         3       608     0.889     0.823     0.918     0.855       2.1     0.326         0
   279/299     7.81G     0.508     0.113         0     0.621         8       608     0.895     0.827     0.918      0.86       2.1     0.329         0
   280/299     7.81G     0.514     0.113         0     0.628        12       608     0.886     0.825     0.918     0.855       2.1     0.328         0
   281/299     7.81G     0.504     0.123         0     0.627         3       608     0.903     0.821     0.918      0.86      2.11     0.329         0
   282/299     7.81G     0.532     0.123         0     0.655         9       608     0.903     0.826     0.917     0.863      2.11     0.329         0
   283/299     7.81G     0.579     0.131         0      0.71        10       608     0.903     0.825     0.918     0.862      2.12     0.327         0
   284/299     7.81G     0.546     0.125         0     0.671         5       608     0.908     0.823     0.918     0.863      2.11     0.328         0
   285/299     7.81G     0.603     0.133         0     0.736         7       608     0.911     0.823     0.917     0.865       2.1      0.33         0
   286/299     7.81G     0.597     0.125         0     0.722         7       608     0.897     0.823     0.917     0.858       2.1      0.33         0
   287/299     7.81G     0.558     0.125         0     0.684         4       608     0.879     0.832     0.913     0.855      2.09     0.328         0
   288/299     7.81G     0.515     0.127         0     0.643        11       608     0.878      0.85     0.918     0.864       2.1     0.325         0
   289/299     7.81G      0.52     0.126         0     0.646        13       608     0.879     0.838     0.914     0.858       2.1     0.326         0
   290/299     7.81G     0.558      0.16         0     0.718         6       608     0.886     0.832     0.919     0.858      2.11     0.329         0
   291/299     7.81G     0.515     0.114         0     0.629         7       608     0.886     0.832     0.919     0.858      2.11     0.328         0
   292/299     7.81G     0.542     0.119         0     0.661        11       608     0.874     0.832      0.92     0.853       2.1     0.325         0
   293/299     7.81G     0.575     0.118         0     0.693         5       608      0.88     0.843     0.921     0.861      2.08     0.324         0
   294/299     7.81G     0.522     0.132         0     0.654        15       608     0.889     0.841     0.922     0.864      2.08     0.325         0
   295/299     7.81G     0.526     0.133         0     0.659         7       608     0.905     0.841     0.922     0.871      2.08     0.326         0
   296/299     7.81G     0.497     0.114         0     0.611         2       608     0.914     0.841     0.922     0.876      2.08     0.328         0
   297/299     7.81G     0.513     0.115         0     0.628        14       608     0.914     0.841     0.922     0.876      2.07     0.329         0
   298/299     7.81G     0.497     0.118         0     0.615        13       608     0.919     0.841     0.923     0.878      2.07     0.329         0
   299/299     7.81G     0.542      0.13         0     0.672         4       608     0.924     0.841     0.923      0.88      2.07     0.329         0
