     0/299     7.81G      7.96      31.4         0      39.4        13       608         0         0    0.0104         0       7.3      1.67         0
     1/299      7.8G      6.42      1.74         0      8.15        12       608         0         0         0         0      6.34      1.64         0
     2/299     7.81G      5.48      1.52         0         7         5       608         0         0         0         0      6.24      1.43         0
     3/299     7.81G      5.21      1.46         0      6.67        14       608         0         0    0.0348         0      5.78      1.24         0
     4/299     7.81G      4.82      1.26         0      6.08        15       608         0         0    0.0696         0      5.91      1.14         0
     5/299     7.81G      4.75      1.13         0      5.89         5       608         1   0.00885    0.0812    0.0175      5.09      1.13         0
     6/299     7.81G      4.79     0.923         0      5.71        14       608         0         0     0.046         0      5.41       1.2         0
     7/299     7.81G      4.45      1.01         0      5.46        13       608         1   0.00885     0.208    0.0175      5.13      1.07         0
     8/299     7.81G       4.3     0.989         0      5.29         3       608         0         0     0.118         0      5.12     0.977         0
     9/299     7.81G      4.25      1.01         0      5.26        16       608         0         0      0.17         0       4.8     0.972         0
    10/299     7.81G      4.36     0.813         0      5.18        17       608         1   0.00885    0.0556    0.0175      5.77     0.956         0
    11/299     7.81G      4.25     0.916         0      5.16         4       608         0         0    0.0177         0      4.79      1.05         0
    12/299     7.81G      4.28     0.802         0      5.09        16       608         0         0     0.145         0       5.1     0.892         0
    13/299     7.81G      4.37     0.803         0      5.17        13       608         0         0    0.0665         0       5.1     0.852         0
    14/299     7.81G      4.16     0.761         0      4.92         3       608      0.15   0.00398     0.103   0.00775       4.9     0.845         0
    15/299     7.81G      4.04       0.8         0      4.84        12       608         0         0    0.0884         0      4.88     0.783         0
    16/299     7.81G      4.26      0.68         0      4.94        13       608         0         0    0.0904         0      4.52     0.849         0
    17/299     7.81G      4.39     0.706         0       5.1         3       608         0         0    0.0734         0      5.05     0.833         0
    18/299     7.81G      3.52     0.679         0       4.2        13       608         0         0     0.112         0      5.08     0.724         0
    19/299     7.81G      4.25      0.63         0      4.88        14       608    0.0168   0.00885    0.0685    0.0116      5.13     0.634         0
    20/299     7.81G      4.22     0.631         0      4.85         3       608         1   0.00885     0.245    0.0175      5.01     0.616         0
    21/299     7.81G      4.12     0.659         0      4.77        12       608         1    0.0281     0.178    0.0547       6.2     0.479         0
    22/299     7.81G      4.11      0.62         0      4.73        15       608         1    0.0241     0.285     0.047      4.87     0.683         0
    23/299     7.81G       3.8     0.586         0      4.39         2       608     0.633     0.177     0.288     0.277      4.83     0.611         0
    24/299     7.81G      4.11     0.641         0      4.75        14       608     0.536   0.00885     0.301    0.0174      5.46     0.587         0
    25/299     7.81G      3.55     0.689         0      4.23        15       608     0.684     0.142     0.317     0.235      6.07     0.493         0
    26/299     7.81G      3.88     0.599         0      4.48         3       608     0.311     0.106     0.167     0.158      5.35     0.581         0
    27/299     7.81G       3.5     0.628         0      4.13        16       608     0.638     0.187     0.279      0.29      5.77     0.597         0
    28/299     7.81G       3.7     0.605         0      4.31        14       608     0.657    0.0511     0.165    0.0949      6.91     0.599         0
    29/299     7.81G      3.54     0.586         0      4.12         5       608     0.816    0.0395      0.19    0.0754      6.49     0.568         0
    30/299     7.81G      3.72     0.586         0      4.31         8       608      0.86    0.0546     0.228     0.103      5.38     0.587         0
    31/299     7.81G      3.32     0.593         0      3.91        16       608     0.539     0.124     0.271     0.202      5.54     0.574         0
    32/299     7.81G      3.47     0.581         0      4.05         4       608     0.648      0.31     0.418     0.419      4.24     0.646         0
    33/299     7.81G      3.39     0.596         0      3.99        16       608     0.644     0.128     0.299     0.214      4.61     0.621         0
    34/299     7.81G      3.17     0.671         0      3.84        20       608     0.781     0.274      0.47     0.406      4.24     0.646         0
    35/299     7.81G      3.15     0.628         0      3.77         4       608     0.799     0.265     0.446     0.399      4.42     0.603         0
    36/299     7.81G      3.31     0.552         0      3.86        14       608     0.372     0.241     0.234     0.292      4.38     0.618         0
    37/299     7.81G      3.21     0.517         0      3.73        18       608     0.192     0.289     0.118      0.23      4.64     0.666         0
    38/299     7.81G       3.3     0.561         0      3.86         5       608     0.896     0.228     0.462     0.364      4.82     0.564         0
    39/299     7.81G       3.2     0.566         0      3.77         9       608     0.632     0.349     0.401      0.45      4.53     0.588         0
    40/299     7.81G      3.05     0.491         0      3.54        11       608      0.63     0.287     0.378     0.394       4.4     0.619         0
    41/299     7.81G      2.92     0.523         0      3.44         3       608     0.604     0.203     0.369     0.303      4.34     0.647         0
    42/299     7.81G      3.12     0.574         0      3.69        17       608     0.672     0.274     0.467      0.39      4.21     0.629         0
    43/299     7.81G      3.08     0.602         0      3.68        10       608     0.753     0.242     0.462     0.367      4.17      0.63         0
    44/299     7.81G      2.86     0.576         0      3.44         3       608     0.732     0.363     0.493     0.486      4.18     0.597         0
    45/299     7.81G      2.73     0.605         0      3.34        16       608     0.848     0.257     0.536     0.394      4.09     0.604         0
    46/299     7.81G      2.81     0.518         0      3.33        12       608     0.842     0.283     0.562     0.424      4.32     0.613         0
    47/299     7.81G      2.86     0.505         0      3.37         3       608     0.938     0.336     0.611     0.495      4.08     0.585         0
    48/299     7.81G      3.05     0.502         0      3.55         9       608     0.744     0.437     0.566     0.551      4.05     0.576         0
    49/299     7.81G      2.83     0.492         0      3.32        13       608     0.841     0.375     0.625     0.518      4.11     0.544         0
    50/299     7.81G      2.82     0.499         0      3.32         5       608     0.772     0.481     0.579     0.593      4.03      0.56         0
    51/299     7.81G      2.73     0.513         0      3.24        16       608     0.838     0.411     0.602     0.551      3.89     0.577         0
    52/299     7.81G      2.79     0.443         0      3.23        14       608     0.894     0.407      0.62     0.559      4.03     0.564         0
    53/299     7.81G      2.61     0.483         0       3.1         5       608     0.833     0.528      0.63     0.646      3.94     0.577         0
    54/299     7.81G      2.67     0.487         0      3.16         8       608     0.828     0.299     0.548     0.439      4.11     0.576         0
    55/299     7.81G      2.59     0.489         0      3.08        16       608     0.739     0.377      0.52     0.499      4.13     0.566         0
    56/299     7.81G      2.76     0.476         0      3.24         5       608      0.79       0.2      0.42     0.319      4.45     0.575         0
    57/299     7.81G      2.67     0.517         0      3.19        17       608     0.812     0.229     0.506     0.357      4.07     0.574         0
    58/299     7.81G       2.5     0.454         0      2.95        16       608     0.841     0.354     0.563     0.498       4.1     0.546         0
    59/299     7.81G      2.58     0.428         0      3.01         6       608     0.953      0.36      0.66     0.522       3.7     0.581         0
    60/299     7.81G       2.5     0.484         0      2.99        13       608     0.846     0.388     0.569     0.532      3.98     0.535         0
    61/299     7.81G      2.51     0.476         0      2.98        14       608     0.766     0.405     0.579      0.53      4.04     0.526         0
    62/299     7.81G      2.29     0.451         0      2.75         5       608     0.787     0.398     0.534     0.529      3.99     0.524         0
    63/299     7.81G       2.6     0.399         0         3        18       608     0.737     0.323      0.51     0.449      3.99     0.523         0
    64/299     7.81G      2.39     0.399         0      2.79        17       608     0.798     0.421     0.577     0.551      3.83     0.526         0
    65/299     7.81G      2.33     0.435         0      2.76         4       608     0.732     0.531     0.623     0.615      3.86     0.496         0
    66/299     7.81G       2.6     0.412         0      3.01        13       608     0.794     0.389     0.601     0.523       4.2     0.536         0
    67/299     7.81G      2.55     0.421         0      2.98        13       608     0.823     0.363     0.586     0.504      4.06     0.531         0
    68/299     7.81G      2.14     0.428         0      2.57         5       608     0.749     0.407     0.533     0.527      4.03     0.534         0
    69/299     7.81G      2.16     0.447         0      2.61        20       608     0.737     0.371     0.519     0.494      4.02     0.526         0
    70/299     7.81G      2.41     0.386         0       2.8        18       608     0.696     0.304     0.454     0.423      4.37     0.505         0
    71/299     7.81G      2.34     0.455         0      2.79         3       608     0.773     0.204     0.475     0.322      3.97     0.574         0
    72/299     7.81G      2.25     0.428         0      2.68        22       608     0.709     0.367     0.452     0.484      4.05     0.515         0
    73/299     7.81G       2.4     0.358         0      2.76        20       608     0.901     0.322     0.639     0.474      3.82     0.513         0
    74/299     7.81G       2.4     0.389         0      2.79         3       608     0.836     0.363     0.643     0.506      3.84      0.49         0
    75/299     7.81G      2.21     0.378         0      2.58        20       608     0.761     0.367     0.526     0.496       4.2     0.453         0
    76/299     7.81G      2.18     0.372         0      2.55        15       608     0.809     0.389     0.618     0.526      3.85     0.483         0
    77/299     7.81G      2.29     0.377         0      2.66         8       608     0.858     0.381     0.609     0.527      3.83     0.515         0
    78/299     7.81G      2.26      0.39         0      2.65        12       608     0.875     0.433     0.646     0.579      3.73      0.52         0
    79/299     7.81G      2.26      0.39         0      2.65         9       608     0.864      0.45     0.634     0.592      3.84     0.484         0
    80/299     7.81G      1.98      0.34         0      2.32         3       608     0.814     0.566     0.646     0.668      3.81     0.444         0
    81/299     7.81G      2.21     0.326         0      2.54        12       608     0.834      0.58     0.657     0.684      3.98     0.434         0
    82/299     7.81G      2.09     0.378         0      2.47        10       608     0.821     0.447     0.587     0.579      3.95     0.476         0
    83/299     7.81G      1.91     0.341         0      2.25         3       608     0.885     0.478     0.606     0.621      3.84     0.468         0
    84/299     7.81G      2.22     0.324         0      2.55        14       608     0.712      0.54     0.575     0.614      3.81     0.468         0
    85/299     7.81G      2.18     0.348         0      2.53        10       608     0.737     0.423     0.554     0.537      3.84     0.529         0
    86/299     7.81G         2     0.364         0      2.36         4       608     0.769     0.372     0.588     0.501      3.82      0.56         0
    87/299     7.81G      1.86     0.377         0      2.23        21       608     0.743     0.451     0.577     0.562      3.93     0.527         0
    88/299     7.81G       2.1     0.363         0      2.46        16       608     0.773     0.451     0.606      0.57      3.97     0.499         0
    89/299     7.81G      2.05      0.36         0      2.41         5       608     0.794     0.531     0.661     0.636      3.87     0.471         0
    90/299     7.81G      1.89     0.367         0      2.26        15       608     0.712     0.655     0.677     0.682      3.72     0.448         0
    91/299     7.81G      2.05     0.322         0      2.37        12       608     0.719     0.593     0.661      0.65       3.7     0.474         0
    92/299     7.81G      2.08     0.311         0      2.39         4       608     0.793     0.476     0.628     0.595      3.69     0.485         0
    93/299     7.81G      2.05      0.32         0      2.37        19       608     0.846     0.485     0.645     0.616      3.79     0.475         0
    94/299     7.81G      2.05     0.337         0      2.38        22       608     0.811     0.418     0.608     0.551      3.83     0.493         0
    95/299     7.81G       1.9     0.355         0      2.25         3       608     0.767     0.416     0.587     0.539      3.74     0.504         0
    96/299     7.81G       1.8     0.344         0      2.14        17       608     0.759     0.501     0.611     0.603       3.5     0.493         0
    97/299     7.81G      1.85     0.329         0      2.18        15       608     0.725     0.606     0.639      0.66      3.64     0.447         0
    98/299     7.81G      2.03     0.299         0      2.33         7       608     0.812     0.575     0.672     0.673      3.51     0.471         0
    99/299     7.81G       1.9     0.312         0      2.21        13       608     0.822     0.575     0.653     0.677      3.62     0.476         0
   100/299     7.81G      2.06      0.28         0      2.34        16       608      0.72     0.558     0.596     0.628      3.73     0.463         0
   101/299     7.81G      1.84     0.318         0      2.16         4       608     0.686     0.521     0.554     0.592      3.67     0.464         0
   102/299     7.81G      1.76     0.298         0      2.06        10       608      0.62     0.548     0.557     0.582      3.86      0.43         0
   103/299     7.81G      1.84     0.304         0      2.15        16       608     0.654     0.558     0.575     0.602      3.69     0.433         0
   104/299     7.81G      1.86     0.329         0      2.19         3       608     0.652     0.575     0.548     0.611      3.81      0.44         0
   105/299     7.81G      2.02     0.298         0      2.32        19       608     0.694      0.46     0.544     0.553      3.76      0.47         0
   106/299     7.81G      1.85     0.308         0      2.15        15       608     0.732     0.459     0.529     0.564      3.96     0.489         0
   107/299     7.81G      1.79     0.303         0      2.09         4       608     0.718     0.405     0.522     0.518      3.99     0.536         0
   108/299     7.81G      1.94     0.312         0      2.25        14       608     0.726     0.399     0.515     0.515      4.01     0.528         0
   109/299     7.81G      1.86     0.297         0      2.16        18       608     0.786     0.424     0.605     0.551      3.69     0.528         0
   110/299     7.81G      1.72     0.292         0      2.01         5       608     0.774     0.516      0.61     0.619      3.65     0.478         0
   111/299     7.81G      1.64     0.269         0      1.91        13       608     0.782     0.572     0.633     0.661      3.65     0.455         0
   112/299     7.81G       1.8     0.269         0      2.07        12       608     0.809     0.523     0.668     0.635      3.91     0.445         0
   113/299     7.81G      1.74     0.255         0         2         6       608     0.825     0.549     0.665     0.659      3.83     0.452         0
   114/299     7.81G      1.82      0.27         0      2.09        14       608     0.825     0.549     0.679     0.659      3.53     0.465         0
   115/299     7.81G      1.64     0.268         0      1.91        16       608      0.81     0.549     0.667     0.654      3.62     0.461         0
   116/299     7.81G      1.67     0.259         0      1.93         6       608     0.838     0.596      0.67     0.696      3.72     0.449         0
   117/299     7.81G      1.72     0.258         0      1.98        18       608     0.775      0.58     0.662     0.663      3.79     0.456         0
   118/299     7.81G      1.58     0.252         0      1.84        15       608     0.777     0.554     0.657     0.647      3.79     0.475         0
   119/299     7.81G      1.87     0.261         0      2.13         7       608     0.827     0.549      0.67      0.66      3.63     0.507         0
   120/299     7.81G      1.76     0.265         0      2.03        11       608     0.777     0.522     0.625     0.625      3.81     0.506         0
   121/299     7.81G      1.75     0.273         0      2.02         9       608     0.739     0.549     0.586      0.63      3.74     0.503         0
   122/299     7.81G      1.65     0.275         0      1.93         4       608     0.701     0.478     0.562     0.568      3.88     0.488         0
   123/299     7.81G      1.57     0.267         0      1.84        16       608     0.799     0.478     0.618     0.598      3.72     0.486         0
   124/299     7.81G      1.55     0.279         0      1.82        10       608     0.744     0.513     0.585     0.607      3.82      0.46         0
   125/299     7.81G      1.56     0.256         0      1.81         4       608     0.746     0.584      0.64     0.655      3.77     0.442         0
   126/299     7.81G      1.61     0.254         0      1.87         8       608     0.816     0.584     0.643     0.681      3.86      0.44         0
   127/299     7.81G      1.63     0.249         0      1.87        16       608     0.813     0.617     0.625     0.702      3.79     0.447         0
   128/299     7.81G      1.58     0.254         0      1.83         4       608     0.787     0.549     0.641     0.647      3.76     0.476         0
   129/299     7.81G       1.6     0.248         0      1.85        17       608     0.789     0.531     0.591     0.635      3.83     0.473         0
   130/299     7.81G      1.67     0.265         0      1.94        15       608      0.77     0.564     0.619     0.651      3.65     0.493         0
   131/299     7.81G      1.55      0.25         0       1.8         4       608      0.72     0.569     0.596     0.636      3.71     0.471         0
   132/299     7.81G       1.6     0.255         0      1.86        16       608     0.743     0.512     0.602     0.607      3.76     0.466         0
   133/299     7.81G       1.6     0.278         0      1.88        18       608     0.804     0.507     0.639     0.622      3.68     0.494         0
   134/299     7.81G      1.66     0.247         0      1.91         2       608     0.794     0.477     0.594     0.596      3.72     0.497         0
   135/299     7.81G      1.54     0.253         0      1.79        18       608     0.733     0.558     0.617     0.633      3.72     0.458         0
   136/299     7.81G      1.57     0.242         0      1.81        17       608     0.724     0.558     0.601      0.63      3.67     0.464         0
   137/299     7.81G       1.5     0.253         0      1.75         3       608     0.698     0.551     0.601     0.616      3.73     0.462         0
   138/299     7.81G       1.4      0.23         0      1.63        21       608     0.743     0.564     0.618     0.641      3.63     0.467         0
   139/299     7.81G      1.49     0.231         0      1.72        11       608     0.745     0.584     0.629     0.655      3.68     0.453         0
   140/299     7.81G      1.43     0.247         0      1.67         5       608     0.703     0.588     0.621      0.64      3.68     0.452         0
   141/299     7.81G      1.55     0.218         0      1.77        12       608     0.707     0.599     0.612     0.649      3.73     0.458         0
   142/299     7.81G      1.46     0.238         0      1.69        12       608     0.759     0.556     0.635     0.642      3.73     0.471         0
   143/299     7.81G      1.38     0.237         0      1.61         6       608     0.718     0.563     0.634     0.631      3.66     0.478         0
   144/299     7.81G       1.4     0.255         0      1.66        17       608     0.664     0.631      0.59     0.647      3.73     0.465         0
   145/299     7.81G      1.44     0.221         0      1.66        17       608     0.674     0.619     0.583     0.646      3.73     0.456         0
   146/299     7.81G      1.45     0.219         0      1.67         6       608     0.679     0.637     0.594     0.658      3.71     0.446         0
   147/299     7.81G       1.4      0.25         0      1.65        16       608      0.74      0.63     0.647     0.681       3.7     0.448         0
   148/299     7.81G      1.39     0.222         0      1.61        14       608     0.709     0.611     0.597     0.656      3.83     0.445         0
   149/299     7.81G      1.38     0.217         0      1.59         5       608     0.739     0.626     0.639     0.678      3.76     0.443         0
   150/299     7.81G      1.29     0.215         0      1.51        14       608     0.696     0.629     0.632     0.661      3.84     0.432         0
   151/299     7.81G      1.41      0.23         0      1.64        17       608     0.713     0.639     0.638     0.674      3.73     0.441         0
   152/299     7.81G      1.27     0.223         0      1.49         3       608      0.74     0.628     0.667      0.68       3.7     0.439         0
   153/299     7.81G      1.49     0.218         0      1.71        19       608     0.817     0.632     0.682     0.713      3.71     0.447         0
   154/299     7.81G      1.31     0.209         0      1.52        13       608     0.776     0.612     0.665     0.684      3.75     0.444         0
   155/299     7.81G      1.43     0.189         0      1.62         4       608     0.801     0.619     0.713     0.698       3.7     0.454         0
   156/299     7.81G      1.35     0.245         0      1.59        12       608     0.779     0.637     0.672     0.701       3.7     0.459         0
   157/299     7.81G      1.39     0.208         0       1.6         9       608     0.731     0.646     0.644     0.686      3.74     0.456         0
   158/299     7.81G      1.28     0.242         0      1.53         2       608     0.795     0.687     0.701     0.737      3.61     0.441         0
   159/299     7.81G      1.39     0.187         0      1.57        12       608     0.746     0.602     0.635     0.666      3.76     0.442         0
   160/299     7.81G      1.27     0.192         0      1.46        14       608     0.752     0.566     0.613     0.646      3.71      0.47         0
   161/299     7.81G      1.27     0.214         0      1.49         5       608     0.827     0.591     0.652     0.689      3.74     0.472         0
   162/299     7.81G      1.34     0.219         0      1.56        15       608     0.806     0.662     0.702     0.727       3.5     0.462         0
   163/299     7.81G      1.29     0.196         0      1.49        15       608      0.76     0.673     0.672     0.714      3.57     0.456         0
   164/299     7.81G      1.26     0.196         0      1.45         9       608     0.822     0.654      0.69     0.728      3.56     0.466         0
   165/299     7.81G      1.27     0.218         0      1.49        12       608     0.848     0.655     0.734     0.739      3.43     0.484         0
   166/299     7.81G      1.19     0.218         0      1.41        15       608     0.857     0.638     0.725     0.731      3.47     0.484         0
   167/299     7.81G      1.17     0.211         0      1.38         3       608     0.838     0.655     0.735     0.735      3.42      0.47         0
   168/299     7.81G      1.35     0.205         0      1.56        14       608     0.859     0.646     0.733     0.737      3.43     0.468         0
   169/299     7.81G      1.08     0.186         0      1.27        12       608     0.869     0.645     0.735     0.741      3.46     0.469         0
   170/299     7.81G      1.14     0.204         0      1.35         2       608     0.859     0.647     0.728     0.738      3.43     0.477         0
   171/299     7.81G      1.16     0.202         0      1.37        24       608      0.84     0.651      0.72     0.734      3.51     0.482         0
   172/299     7.81G      1.23     0.194         0      1.43        11       608     0.828      0.64     0.723     0.722      3.46       0.5         0
   173/299     7.81G      1.22     0.204         0      1.43         6       608     0.796     0.621     0.712     0.698      3.48     0.506         0
   174/299     7.81G      1.14     0.217         0      1.35        16       608     0.812     0.628     0.709     0.708      3.56     0.499         0
   175/299     7.81G      1.13     0.219         0      1.35        16       608     0.843     0.628      0.73      0.72      3.48     0.501         0
   176/299     7.81G      1.15     0.167         0      1.32         5       608     0.841      0.61     0.735     0.707      3.41     0.507         0
   177/299     7.81G       1.1     0.195         0       1.3         8       608     0.801     0.607     0.704     0.691      3.49     0.488         0
   178/299     7.81G      1.18     0.201         0      1.38        15       608     0.804     0.618     0.702     0.699      3.48     0.493         0
   179/299     7.81G       1.1     0.189         0      1.29         5       608     0.791     0.603     0.664     0.684      3.55     0.494         0
   180/299     7.81G       1.1     0.193         0       1.3        11       608     0.813     0.602     0.667     0.691      3.54     0.499         0
   181/299     7.81G     0.995     0.185         0      1.18        18       608     0.822     0.602     0.681     0.695      3.54     0.502         0
   182/299     7.81G      1.19     0.172         0      1.37         3       608     0.821     0.609     0.679     0.699      3.55     0.508         0
   183/299     7.81G      1.03     0.196         0      1.22        14       608     0.821     0.619     0.678     0.706      3.53     0.514         0
   184/299     7.81G      1.07     0.198         0      1.27        14       608     0.817     0.591     0.678     0.686      3.48     0.529         0
   185/299     7.81G      1.04      0.19         0      1.23         3       608     0.829     0.601     0.703     0.697      3.45     0.519         0
   186/299     7.81G      1.21     0.201         0      1.41         9       608      0.82     0.644     0.695     0.722      3.47     0.498         0
   187/299     7.81G      1.08     0.164         0      1.25        11       608     0.802     0.646     0.692     0.716      3.52     0.487         0
   188/299     7.81G      0.98     0.184         0      1.16         3       608     0.779     0.624     0.695     0.693      3.55     0.478         0
   189/299     7.81G      1.09     0.196         0      1.29        13       608     0.796     0.621     0.705     0.698      3.55     0.474         0
   190/299     7.81G      1.05     0.165         0      1.22        18       608     0.792     0.639     0.685     0.708      3.49     0.486         0
   191/299     7.81G      1.03      0.17         0       1.2         4       608     0.788     0.655     0.672     0.715      3.65     0.485         0
   192/299     7.81G      1.06     0.175         0      1.23        12       608     0.779     0.625     0.648     0.693      3.58     0.511         0
   193/299     7.81G     0.937     0.189         0      1.13        14       608     0.824     0.623     0.691      0.71      3.63     0.518         0
   194/299     7.81G     0.948     0.153         0       1.1         2       608     0.803     0.613     0.681     0.696      3.58      0.52         0
   195/299     7.81G      1.03      0.17         0       1.2        11       608     0.798      0.63     0.683     0.704       3.6      0.52         0
   196/299     7.81G     0.915      0.16         0      1.08        14       608     0.815     0.625     0.676     0.708      3.58     0.523         0
   197/299     7.81G     0.978      0.17         0      1.15         5       608     0.793     0.611     0.657      0.69      3.58     0.519         0
   198/299     7.81G     0.978     0.183         0      1.16        18       608     0.805     0.621     0.695     0.701      3.47     0.515         0
   199/299     7.81G      1.04     0.164         0       1.2        14       608     0.794     0.615     0.661     0.694      3.55     0.507         0
   200/299     7.81G     0.975     0.151         0      1.13         3       608      0.75     0.638     0.633      0.69      3.58     0.499         0
   201/299     7.81G     0.949     0.177         0      1.13         9       608     0.777     0.648     0.662     0.707      3.57     0.505         0
   202/299     7.81G     0.961     0.188         0      1.15        15       608     0.766     0.619     0.662     0.685      3.54     0.511         0
   203/299     7.81G     0.958     0.177         0      1.13         5       608     0.742      0.61     0.652     0.669      3.55     0.511         0
   204/299     7.81G      0.95     0.177         0      1.13        13       608     0.759     0.628     0.677     0.687      3.57     0.505         0
   205/299     7.81G     0.913     0.161         0      1.07        12       608     0.757     0.633      0.68      0.69      3.57     0.506         0
   206/299     7.81G      0.96     0.163         0      1.12         1       608     0.731     0.624      0.68     0.673      3.48     0.515         0
   207/299     7.81G     0.924     0.152         0      1.08        13       608      0.76     0.673     0.692     0.713      3.44      0.51         0
   208/299     7.81G     0.911     0.169         0      1.08        15       608     0.763     0.684     0.707     0.721      3.52     0.506         0
   209/299     7.81G       0.9      0.17         0      1.07         6       608     0.756     0.655     0.703     0.702       3.5     0.511         0
   210/299     7.81G      0.99     0.171         0      1.16        16       608     0.753     0.619     0.699      0.68      3.49     0.513         0
   211/299     7.81G     0.951     0.161         0      1.11        13       608     0.768     0.615       0.7     0.683      3.49     0.517         0
   212/299     7.81G     0.837     0.149         0     0.986         3       608     0.773     0.628     0.699     0.693      3.52      0.51         0
   213/299     7.81G     0.858      0.15         0      1.01        17       608     0.804     0.654     0.694     0.721      3.52     0.504         0
   214/299     7.81G     0.926     0.163         0      1.09        16       608     0.784     0.664      0.71     0.719      3.48     0.499         0
   215/299     7.81G     0.858     0.148         0      1.01         2       608     0.766     0.637      0.67     0.696      3.47     0.501         0
   216/299     7.81G     0.937     0.146         0      1.08        15       608     0.769     0.619     0.689     0.686      3.52     0.499         0
   217/299     7.81G     0.855     0.165         0      1.02        11       608     0.787     0.623     0.712     0.695      3.51     0.498         0
   218/299     7.81G     0.782     0.157         0     0.939         3       608     0.788     0.625      0.71     0.697      3.56     0.494         0
   219/299     7.81G     0.948     0.149         0       1.1        14       608     0.801     0.637     0.718      0.71      3.49     0.492         0
   220/299     7.81G     0.872     0.168         0      1.04        16       608      0.79     0.646     0.715     0.711      3.54     0.495         0
   221/299     7.81G     0.874     0.152         0      1.03         2       608     0.792     0.646     0.707     0.711       3.5     0.504         0
   222/299     7.81G     0.875     0.156         0      1.03        14       608     0.784     0.664     0.715     0.719      3.46     0.506         0
   223/299     7.81G     0.828     0.144         0     0.972        17       608     0.792     0.676     0.713      0.73      3.47     0.507         0
   224/299     7.81G     0.918     0.157         0      1.08         5       608       0.8     0.671     0.715      0.73      3.43     0.514         0
   225/299     7.81G     0.873     0.171         0      1.04        18       608     0.777     0.649     0.707     0.707      3.45     0.516         0
   226/299     7.81G     0.827     0.128         0     0.955        15       608       0.8     0.655     0.707      0.72      3.46     0.517         0
   227/299     7.81G     0.861     0.155         0      1.02         2       608     0.793     0.664     0.708     0.723       3.5     0.512         0
   228/299     7.81G     0.861     0.171         0      1.03        17       608     0.789     0.662     0.689      0.72      3.49     0.511         0
   229/299     7.81G     0.781     0.152         0     0.933        15       608     0.785     0.655     0.682     0.714      3.53     0.517         0
   230/299     7.81G     0.799     0.151         0      0.95         2       608      0.78     0.637     0.666     0.701      3.57     0.517         0
   231/299     7.81G     0.834     0.146         0      0.98        12       608     0.782     0.628     0.658     0.697      3.57     0.521         0
   232/299     7.81G     0.797     0.152         0     0.949        21       608       0.8     0.672     0.696      0.73       3.5     0.524         0
   233/299     7.81G     0.805     0.155         0      0.96         6       608     0.789     0.664     0.678     0.721      3.54     0.527         0
   234/299     7.81G     0.816     0.145         0     0.961        13       608     0.783     0.655     0.677     0.713      3.52     0.531         0
   235/299     7.81G     0.754     0.151         0     0.906        18       608     0.816     0.681     0.689     0.743      3.51      0.53         0
   236/299     7.81G     0.785     0.135         0      0.92         4       608     0.813     0.681     0.688     0.741      3.48     0.531         0
   237/299     7.81G     0.824     0.152         0     0.976        17       608     0.815     0.673     0.671     0.737      3.52     0.532         0
   238/299     7.81G     0.835     0.158         0     0.992        14       608     0.805     0.681     0.674     0.738      3.53     0.536         0
   239/299     7.81G     0.796     0.149         0     0.945         6       608     0.785     0.681     0.677      0.73      3.55     0.538         0
   240/299     7.81G     0.803     0.157         0      0.96        17       608     0.768     0.673     0.672     0.717      3.51     0.543         0
   241/299     7.81G     0.727     0.123         0      0.85        13       608     0.758     0.664     0.665     0.708       3.5     0.544         0
   242/299     7.81G     0.737     0.131         0     0.868         6       608     0.741     0.646     0.633      0.69      3.51     0.544         0
   243/299     7.81G     0.787      0.14         0     0.928        17       608     0.767     0.672     0.653     0.716      3.49     0.539         0
   244/299     7.81G     0.725     0.126         0     0.851         9       608     0.787     0.699       0.7      0.74      3.45     0.532         0
   245/299     7.81G     0.811     0.175         0     0.985         4       608     0.796     0.693     0.711     0.741      3.43      0.53         0
   246/299     7.81G     0.798     0.152         0      0.95        12       608     0.793      0.69     0.713     0.738      3.44     0.534         0
   247/299     7.81G     0.763     0.152         0     0.915        17       608     0.776     0.674     0.693     0.721      3.44     0.534         0
   248/299     7.81G     0.765     0.151         0     0.917         6       608     0.741     0.646     0.642      0.69      3.44     0.533         0
   249/299     7.81G      0.72     0.135         0     0.856        11       608     0.751     0.664     0.674     0.705      3.47     0.534         0
   250/299     7.81G     0.758     0.143         0     0.901        15       608     0.777     0.673     0.681     0.721      3.47      0.54         0
   251/299     7.81G     0.634      0.13         0     0.764         5       608     0.769     0.664     0.666     0.713      3.49     0.544         0
   252/299     7.81G     0.668     0.129         0     0.797        18       608     0.751      0.64      0.66     0.691      3.51     0.544         0
   253/299     7.81G     0.765     0.151         0     0.916        17       608     0.738     0.628     0.653     0.679      3.51     0.538         0
   254/299     7.81G     0.673     0.131         0     0.804         3       608      0.75     0.637     0.664     0.689      3.48     0.534         0
   255/299     7.81G     0.711     0.133         0     0.843        20       608     0.757     0.673     0.678     0.712      3.49     0.528         0
   256/299     7.81G     0.706      0.13         0     0.836        19       608     0.757     0.663     0.679     0.707      3.47      0.53         0
   257/299     7.81G     0.641     0.129         0     0.771         3       608     0.752     0.643     0.652     0.693      3.48     0.533         0
   258/299     7.81G     0.709     0.126         0     0.835        14       608     0.743      0.64     0.649     0.688      3.49     0.533         0
   259/299     7.81G     0.657     0.141         0     0.798        12       608     0.738     0.637      0.65     0.684       3.5     0.535         0
   260/299     7.81G     0.664     0.128         0     0.793         5       608     0.752     0.637     0.652      0.69      3.52     0.538         0
   261/299     7.81G     0.718     0.133         0     0.851        18       608     0.769     0.649     0.683     0.704      3.49     0.538         0
   262/299     7.81G     0.746     0.153         0     0.899        17       608     0.777     0.647     0.681     0.706       3.5     0.537         0
   263/299     7.81G     0.674      0.14         0     0.814        10       608     0.774     0.646     0.677     0.704       3.5     0.535         0
   264/299     7.81G     0.705     0.137         0     0.841        16       608     0.767     0.641     0.675     0.698      3.53     0.538         0
   265/299     7.81G     0.687      0.12         0     0.807        24       608     0.768     0.628     0.678     0.691      3.53     0.539         0
   266/299     7.81G     0.716     0.127         0     0.842         6       608     0.774     0.628      0.68     0.694      3.52     0.539         0
   267/299     7.81G     0.671     0.131         0     0.802        15       608     0.778      0.65      0.66     0.708      3.54     0.542         0
   268/299     7.81G     0.681     0.128         0     0.809        11       608     0.799     0.667      0.69     0.727      3.55      0.54         0
   269/299     7.81G     0.722     0.124         0     0.846         3       608     0.775     0.639     0.676       0.7      3.56     0.539         0
   270/299     7.81G     0.675     0.131         0     0.806        13       608     0.783     0.671     0.673     0.723      3.53     0.537         0
   271/299     7.81G     0.667     0.128         0     0.795        13       608     0.769     0.678     0.671     0.721      3.54     0.535         0
   272/299     7.81G      0.63     0.133         0     0.764         4       608     0.777     0.677     0.675     0.723      3.56     0.533         0
   273/299     7.81G     0.679     0.141         0     0.821        15       608     0.767     0.655     0.664     0.706      3.56     0.535         0
   274/299     7.81G     0.701     0.139         0      0.84        14       608     0.772     0.664     0.677     0.714      3.55     0.535         0
   275/299     7.81G     0.638     0.124         0     0.762         7       608     0.771     0.655     0.681     0.708      3.54     0.535         0
   276/299     7.81G     0.607     0.136         0     0.743        17       608      0.77     0.673     0.684     0.718      3.56     0.533         0
   277/299     7.81G     0.675     0.139         0     0.814        16       608     0.775     0.673     0.689      0.72      3.56     0.532         0
   278/299     7.81G     0.672     0.123         0     0.794         4       608     0.776     0.681     0.687     0.726      3.54     0.533         0
   279/299     7.81G     0.642     0.125         0     0.767        19       608     0.767     0.655      0.68     0.706      3.55     0.535         0
   280/299     7.81G     0.675     0.139         0     0.815        11       608     0.773     0.661     0.679     0.713      3.53     0.538         0
   281/299     7.81G     0.675     0.125         0     0.801         2       608     0.764      0.66      0.68     0.709      3.53      0.54         0
   282/299     7.81G     0.654     0.137         0     0.791        11       608     0.773     0.673     0.697     0.719       3.5     0.541         0
   283/299     7.81G     0.634     0.124         0     0.758        19       608     0.769     0.677     0.693      0.72      3.51     0.542         0
   284/299     7.81G     0.655     0.129         0     0.784         5       608     0.782     0.681     0.694     0.728      3.53     0.541         0
   285/299     7.81G     0.701     0.132         0     0.833        11       608     0.776     0.673     0.695      0.72      3.51      0.54         0
   286/299     7.81G     0.642     0.129         0      0.77        21       608     0.775     0.681     0.694     0.725      3.52     0.542         0
   287/299     7.81G     0.632     0.144         0     0.776         9       608     0.778     0.673     0.694     0.722      3.54     0.541         0
   288/299     7.81G     0.645     0.125         0      0.77        12       608     0.794     0.699     0.705     0.744      3.54     0.542         0
   289/299     7.81G      0.66     0.148         0     0.808        19       608     0.785      0.69     0.687     0.735      3.55     0.542         0
   290/299     7.81G     0.631     0.117         0     0.748         4       608       0.8     0.706     0.704      0.75      3.53     0.539         0
   291/299     7.81G     0.665     0.152         0     0.817        19       608     0.787     0.686     0.691     0.733      3.56      0.54         0
   292/299     7.81G     0.625     0.126         0     0.751        19       608     0.789     0.681     0.691     0.731      3.57      0.54         0
   293/299     7.81G     0.655     0.154         0     0.809         4       608     0.784     0.674     0.681     0.725      3.56     0.539         0
   294/299     7.81G     0.626     0.123         0     0.749        14       608     0.788     0.689      0.69     0.735      3.52     0.534         0
   295/299     7.81G     0.647      0.14         0     0.787        19       608     0.787     0.686      0.69     0.733      3.52     0.534         0
   296/299     7.81G     0.613     0.121         0     0.734         5       608     0.795     0.688     0.692     0.737      3.51     0.534         0
   297/299     7.81G      0.61      0.12         0      0.73        14       608     0.793      0.68     0.694     0.732      3.52     0.536         0
   298/299     7.81G     0.668     0.133         0     0.801        13       608     0.785     0.673     0.693     0.724      3.54     0.538         0
   299/299     7.81G     0.606     0.114         0      0.72         2       608     0.787     0.686     0.692     0.733      3.52     0.538         0
