[          1]
[          1]
[          1]
[          1]
[          1]
[          1]
[          1]
[          1]
[          1]
[          1]
[          1]
[          1]
[          1]
[          1]
[          1]
[          1]
[          1]
[          1]
[          1]
[          1]
[          1]
[    0.95455]
[    0.95652]
[    0.95833]
[       0.96]
[    0.96154]
[    0.96296]
[    0.96429]
[    0.96552]
[    0.96667]
[    0.96774]
[    0.96875]
[     0.9697]
[    0.97059]
[    0.97143]
[    0.97222]
[    0.97297]
[    0.94737]
[    0.94872]
[       0.95]
[    0.95122]
[    0.95238]
[    0.95349]
[    0.95455]
[    0.95556]
[    0.95652]
[    0.95745]
[    0.95833]
[    0.95918]
[       0.96]
[    0.96078]
[    0.96154]
[    0.96226]
[    0.96296]
[    0.96364]
[    0.96429]
[    0.96491]
[    0.96552]
[     0.9661]
[    0.96667]
[    0.96721]
[    0.96774]
[    0.96825]
[    0.96875]
[    0.96923]
[     0.9697]
[    0.97015]
[    0.97059]
[    0.97101]
[    0.97143]
[    0.97183]
[    0.97222]
[     0.9726]
[    0.97297]
[    0.97333]
[    0.97368]
[    0.97403]
[    0.97436]
[    0.97468]
[      0.975]
[    0.97531]
[    0.97561]
[     0.9759]
[    0.97619]
[    0.97647]
[    0.97674]
[    0.97701]
[    0.97727]
[    0.97753]
[    0.97778]
[    0.97802]
[    0.97826]
[    0.96774]
[    0.96809]
[    0.96842]
[    0.96875]
[    0.96907]
[    0.96939]
[     0.9596]
[       0.95]
[     0.9505]
[    0.95098]
[    0.95146]
[    0.95192]
[    0.95238]
[    0.95283]
[    0.95327]
[     0.9537]
[    0.95413]
[    0.95455]
[    0.95495]
[    0.95536]
[    0.95575]
[    0.94737]
[    0.94783]
[    0.94828]
[    0.94872]
[    0.94068]
[    0.94118]
[    0.94167]
[    0.94215]
[    0.94262]
[    0.94309]
[    0.94355]
[      0.944]
[    0.94444]
[    0.94488]
[    0.94531]
[    0.94574]
[    0.94615]
[    0.93893]
[    0.93182]
[    0.92481]
[    0.92537]
[    0.92593]
[    0.91912]
[    0.91971]
[    0.92029]
[    0.91367]
[    0.91429]
[    0.91489]
[    0.91549]
[    0.90909]
[    0.90972]
[    0.90345]
[    0.90411]
[    0.90476]
[    0.90541]
[    0.90604]
[    0.90667]
[    0.90066]
[    0.90132]
[    0.90196]
[     0.8961]
[    0.89677]
[    0.89744]
[    0.89809]
[    0.89241]
[    0.89308]
[     0.8875]
[     0.8882]
[    0.88889]
[    0.88957]
[    0.89024]
[    0.89091]
[    0.89157]
[    0.89222]
[    0.89286]
[    0.89349]
[    0.89412]
[    0.88889]
[    0.88953]
[    0.88439]
[    0.87931]
[    0.87429]
[    0.86932]
[    0.87006]
[    0.87079]
[    0.87151]
[    0.86667]
[    0.86188]
[    0.85714]
[    0.85246]
[    0.84783]
[    0.84324]
[    0.83871]
[    0.83422]
[    0.82979]
[     0.8254]
[    0.82105]
[    0.82199]
[    0.81771]
[    0.81347]
[    0.80928]
[    0.81026]
[    0.80612]
[    0.80711]
[    0.80303]
[    0.80402]
[        0.8]
[    0.79602]
[    0.79208]
[    0.78818]
[    0.78431]
[    0.78049]
[    0.78155]
[    0.77778]
[    0.77404]
[    0.77033]
[    0.76667]
[    0.76777]
[    0.76415]
[    0.76056]
[    0.76168]
[    0.75814]
[    0.75463]
[    0.75576]
[    0.75229]
[    0.74886]
[    0.74545]
[    0.74208]
[    0.73874]
[    0.73543]
[    0.73214]
[    0.72889]
[    0.73009]
[    0.72687]
[    0.72807]
[    0.72489]
[    0.72174]
[    0.71861]
[    0.71552]
[    0.71245]
[     0.7094]
[    0.70638]
[    0.70339]
[    0.70042]
[    0.69748]
[    0.69456]
[    0.69167]
[     0.6888]
[    0.68595]
[    0.68313]
[    0.68033]
[    0.67755]
[     0.6748]
[    0.67206]
[    0.66935]
[    0.66667]
[      0.664]
[    0.66135]
[    0.65873]
[    0.65613]
[    0.65354]
[    0.65098]
[    0.64844]
[    0.64591]
[    0.64341]
[    0.64093]
[    0.63846]
[    0.63602]
[    0.63359]
[    0.63118]
[    0.62879]
[    0.62642]
[    0.62406]
[    0.62172]
[     0.6194]
[     0.6171]
[    0.61481]
[    0.61255]
[    0.61029]
[    0.60806]
[    0.60584]
[    0.60727]
[    0.60507]
[    0.60289]
[    0.60072]
[    0.59857]
[    0.59643]
[    0.59431]
[     0.5922]
[    0.59011]
[    0.58803]
[    0.58596]
[    0.58741]
[    0.58537]
[    0.58333]
[    0.58131]
[    0.57931]
[    0.57732]
[    0.57534]
[    0.57338]
[    0.57143]
[    0.56949]
[    0.56757]
[    0.56566]
[    0.56376]
[    0.56187]
[       0.56]
[    0.55814]
[    0.55629]
[    0.55446]
[    0.55263]
[    0.55082]
[    0.54902]
[    0.54723]
[    0.54545]
[    0.54369]
[    0.54194]
[    0.54019]
[    0.53846]
[    0.53674]
[    0.53503]
[    0.53333]
[    0.53165]
[    0.52997]
[     0.5283]
[    0.52665]
[      0.525]
[    0.52336]
[    0.52174]
[    0.52012]
[    0.51852]
[    0.51692]
[    0.51534]
[    0.51376]
[     0.5122]
[    0.51064]
[    0.50909]
[    0.50755]
[    0.50602]
[     0.5045]
[    0.50299]
[    0.50149]
[        0.5]
[    0.49852]
[    0.49704]
[    0.49558]
[    0.49412]
[    0.49267]
[    0.49123]
[     0.4898]
[    0.48837]
[    0.48696]
[    0.48555]
[    0.48415]
[    0.48276]
[    0.48138]
[       0.48]
[    0.47863]
[    0.47727]
[    0.47592]
[    0.47458]
[    0.47324]
[    0.47191]
[    0.47059]
[    0.46927]
[    0.46797]
[    0.46667]
[    0.46537]
[    0.46409]
[    0.46281]
[    0.46154]
[    0.46027]
[    0.45902]
[    0.45777]
[    0.45652]
[    0.45528]
[    0.45405]
[    0.45283]
[    0.45161]
[     0.4504]
[    0.45187]
[    0.45067]
[    0.44947]
[    0.44828]
[    0.44709]
[    0.44591]
[    0.44474]
[    0.44357]
[    0.44241]
[    0.44125]
[     0.4401]
[    0.43896]
[    0.43782]
[    0.43669]
[    0.43557]
[    0.43702]
[     0.4359]
[    0.43478]
[    0.43367]
[    0.43257]
[    0.43147]
[    0.43038]
[    0.42929]
[    0.42821]
[    0.42714]
[    0.42607]
[      0.425]
[    0.42394]
[    0.42289]
[    0.42184]
[    0.42079]
[    0.41975]
[    0.41872]
[    0.41769]
[    0.41667]
[    0.41565]
[    0.41463]
[    0.41363]
[    0.41262]
[    0.41162]
[    0.41063]
[    0.40964]
[    0.40865]
[    0.40767]
[     0.4067]
[    0.40573]
[    0.40476]
[     0.4038]
[    0.40284]
[    0.40189]
[    0.40094]
[        0.4]
[    0.39906]
[    0.39813]
[     0.3972]
[    0.39627]
[    0.39767]
[    0.39675]
[    0.39583]
[    0.39723]
[    0.39631]
[     0.3954]
[     0.3945]
[    0.39359]
[    0.39269]
[     0.3918]
[    0.39091]
[    0.39002]
[    0.38914]
[    0.38826]
[    0.38739]
[    0.38652]
[    0.38565]
[    0.38479]
[    0.38393]
[    0.38307]
[    0.38222]
[    0.38137]
[    0.38053]
[    0.37969]
[    0.37885]
[    0.37802]
[    0.37719]
[    0.37856]
[    0.37773]
[    0.37691]
[    0.37609]
[    0.37527]
[    0.37446]
[    0.37365]
[    0.37284]
[    0.37204]
[    0.37124]
[    0.37045]
[    0.36966]
[    0.36887]
[    0.36809]
[     0.3673]
[    0.36653]
[    0.36575]
[    0.36498]
[    0.36421]
[    0.36345]
[    0.36478]
[    0.36402]
[    0.36326]
[     0.3625]
[    0.36175]
[      0.361]
[    0.36025]
[     0.3595]
[    0.35876]
[    0.35802]
[    0.35729]
[    0.35656]
[    0.35583]
[     0.3551]
[    0.35438]
[    0.35366]
[    0.35294]
[    0.35223]
[    0.35152]
[    0.35081]
[     0.3501]
[     0.3494]
[     0.3487]
[      0.348]
[     0.3493]
[    0.34861]
[    0.34791]
[    0.34722]
[    0.34653]
[    0.34585]
[    0.34517]
[    0.34449]
[    0.34381]
[    0.34314]
[    0.34247]
[     0.3418]
[    0.34113]
[    0.34047]
[    0.33981]
[    0.33915]
[    0.33849]
[    0.33784]
[    0.33719]
[    0.33654]
[    0.33589]
[    0.33525]
[    0.33461]
[    0.33397]
[    0.33333]
[     0.3327]
[    0.33207]
[    0.33144]
[    0.33081]
[    0.33019]
[    0.32957]
[    0.32895]
[    0.32833]
[    0.32772]
[     0.3271]
[    0.32649]
[    0.32588]
[    0.32528]
[    0.32468]
[    0.32407]
[    0.32348]
[    0.32472]
[    0.32413]
[    0.32353]
[    0.32294]
[    0.32234]
[    0.32176]
[    0.32117]
[    0.32058]
[       0.32]
[    0.31942]
[    0.31884]
[    0.31826]
[    0.31769]
[    0.31712]
[    0.31655]
[    0.31598]
[    0.31541]
[    0.31485]
[    0.31429]
[    0.31373]
[    0.31317]
[    0.31261]
[    0.31206]
[     0.3115]
[    0.31095]
[    0.31041]
[    0.30986]
[    0.30931]
[    0.30877]
[    0.30823]
[    0.30769]
[    0.30716]
[    0.30662]
[    0.30609]
[    0.30556]
[    0.30503]
[     0.3045]
[    0.30397]
[    0.30345]
[    0.30293]
[    0.30241]
[    0.30189]
[    0.30137]
[    0.30085]
[    0.30034]
[    0.29983]
[    0.29932]
[    0.29881]
[    0.29831]
[     0.2978]
[     0.2973]
[     0.2968]
[     0.2963]
[     0.2958]
[     0.2953]
[    0.29481]
[    0.29431]
[    0.29382]
[    0.29333]
[    0.29285]
[    0.29236]
[    0.29187]
[    0.29139]
[    0.29091]
[    0.29043]
[    0.28995]
[    0.28947]
[      0.289]
[    0.28852]
[    0.28805]
[    0.28758]
[    0.28711]
[    0.28664]
[    0.28618]
[    0.28571]
[    0.28525]
[    0.28479]
[    0.28433]
[    0.28387]
[    0.28341]
[    0.28296]
[     0.2825]
[    0.28205]
[     0.2816]
[    0.28115]
[     0.2807]
[    0.28025]
[    0.27981]
[    0.27937]
[    0.27892]
[    0.27848]
[    0.27804]
[     0.2776]
[    0.27717]
[    0.27673]
[     0.2763]
[    0.27586]
[    0.27543]
[      0.275]
[    0.27457]
[    0.27414]
[    0.27372]
[    0.27329]
[    0.27287]
[    0.27245]
[    0.27202]
[     0.2716]
[    0.27119]
[    0.27077]
[    0.27035]
[    0.26994]
[    0.26953]
[    0.26911]
[     0.2687]
[    0.26829]
[    0.26788]
[    0.26748]
[    0.26707]
[    0.26667]
[    0.26626]
[    0.26586]
[    0.26546]
[    0.26506]
[    0.26466]
[    0.26426]
[    0.26387]
[    0.26347]
[    0.26308]
[    0.26269]
[     0.2623]
[     0.2619]
[    0.26152]
[    0.26113]
[    0.26074]
[    0.26036]
[    0.25997]
[    0.25959]
[     0.2592]
[    0.25882]
[    0.25844]
[    0.25806]
[    0.25769]
[    0.25731]
[    0.25693]
[    0.25656]
[    0.25619]
[    0.25581]
[    0.25544]
[    0.25507]
[     0.2547]
[    0.25434]
[    0.25397]
[     0.2536]
[    0.25324]
[    0.25287]
[    0.25251]
[    0.25215]
[    0.25179]
[    0.25143]
[    0.25107]
[    0.25071]
[    0.25036]
[       0.25]
[    0.24965]
[    0.24929]
[    0.24894]
[    0.24859]
[    0.24824]
[    0.24789]
[    0.24754]
[    0.24719]
[    0.24684]
[     0.2465]
[    0.24615]
[    0.24581]
[    0.24547]
[    0.24513]
[    0.24478]
[    0.24444]
[    0.24411]
[    0.24377]
[    0.24343]
[    0.24309]
[    0.24276]
[    0.24242]
[    0.24209]
[    0.24176]
[    0.24143]
[     0.2411]
[    0.24077]
[    0.24044]
[    0.24011]
[    0.23978]
[    0.23946]
[    0.23913]
[    0.23881]
[    0.23848]
[    0.23816]
[    0.23784]
[    0.23752]
[     0.2372]
[    0.23688]
[    0.23656]
[    0.23624]
[    0.23592]
[    0.23561]
[    0.23529]
[    0.23498]
[    0.23467]
[    0.23435]
[    0.23404]
[    0.23373]
[    0.23342]
[    0.23311]
[     0.2328]
[     0.2325]
[    0.23219]
[    0.23188]
[    0.23158]
[    0.23127]
[    0.23097]
[    0.23067]
[    0.23037]
[    0.23007]
[    0.22977]
[    0.22947]
[    0.22917]
[    0.22887]
[    0.22857]
[    0.22827]
[    0.22798]
[    0.22768]
[    0.22739]
[     0.2271]
[     0.2268]
[    0.22651]
[    0.22622]
[    0.22593]
[    0.22564]
[    0.22535]
[    0.22506]
[    0.22478]
[    0.22449]
[     0.2242]
[    0.22392]
[    0.22363]
[    0.22335]
[    0.22307]
[    0.22278]
[     0.2225]
[    0.22222]
[    0.22194]
[    0.22166]
[    0.22138]
[    0.22111]
[    0.22083]
[    0.22055]
[    0.22028]
[       0.22]
[    0.21973]
[    0.21945]
[    0.21918]
[    0.21891]
[    0.21863]
[    0.21836]
[    0.21809]
[    0.21782]
[    0.21755]
[    0.21728]
[    0.21702]
[    0.21675]
[    0.21648]
[    0.21622]
[    0.21595]
[    0.21569]
[    0.21542]
[    0.21516]
[     0.2149]
[    0.21463]
[    0.21437]
[    0.21411]
[    0.21385]
[    0.21359]
[    0.21333]
[    0.21308]
[    0.21282]
[    0.21256]
[     0.2123]
[    0.21205]
[    0.21179]
[    0.21154]
[    0.21128]
[    0.21103]
[    0.21078]
[    0.21053]
[    0.21027]
[    0.21002]
[    0.20977]
[    0.20952]
[    0.20927]
[    0.20903]
[    0.20878]
[    0.20853]
[    0.20828]
[    0.20804]
[    0.20779]
[    0.20755]
[     0.2073]
[    0.20706]
[    0.20682]
[    0.20657]
[    0.20633]
[    0.20609]
[    0.20585]
[    0.20561]
[    0.20537]
[    0.20513]
[    0.20489]
[    0.20465]
[    0.20441]
[    0.20418]
[    0.20394]
[     0.2037]
[    0.20347]
[    0.20323]
[      0.203]
[    0.20276]
[    0.20253]
[     0.2023]
[    0.20207]
[    0.20183]
[     0.2016]
[    0.20137]
[    0.20114]
[    0.20091]
[    0.20068]
[    0.20046]
[    0.20023]
[        0.2]
[    0.19977]
[    0.19955]
[    0.19932]
[     0.1991]
[    0.19887]
[    0.19865]
[    0.19842]
[     0.1982]
[    0.19798]
[    0.19775]
[    0.19753]
[    0.19731]
[    0.19709]
[    0.19687]
[    0.19665]
[    0.19643]
[    0.19621]
[    0.19599]
[    0.19577]
[    0.19556]
[    0.19534]
[    0.19512]
[    0.19491]
[    0.19469]
[    0.19448]
[    0.19426]
[    0.19405]
[    0.19383]
[    0.19362]
[    0.19341]
[    0.19319]
[    0.19298]
[    0.19277]
[    0.19256]
[    0.19235]
[    0.19323]
[    0.19302]
[    0.19281]
[     0.1926]
[    0.19239]
[    0.19218]
[    0.19197]
[    0.19177]
[    0.19156]
[    0.19135]
[    0.19114]
[    0.19094]
[    0.19073]
[    0.19053]
[    0.19032]
[    0.19012]
[    0.18991]
[    0.18971]
[    0.18951]
[     0.1893]
[     0.1891]
[     0.1889]
[     0.1887]
[     0.1885]
[     0.1883]
[     0.1881]
[     0.1879]
[     0.1877]
[     0.1875]
[     0.1873]
[     0.1871]
[    0.18691]
[    0.18671]
[    0.18651]
[    0.18632]
[    0.18612]
[    0.18592]
[    0.18573]
[    0.18553]
[    0.18534]
[    0.18515]
[    0.18495]
[    0.18476]
[    0.18457]
[    0.18438]
[    0.18418]
[    0.18399]
[     0.1838]
[    0.18361]
[    0.18342]
[    0.18323]
[    0.18304]
[    0.18285]
[    0.18266]
[    0.18247]
[    0.18229]
[     0.1821]
[    0.18191]
[    0.18172]
[    0.18154]
[    0.18135]
[    0.18117]
[    0.18098]
[     0.1808]
[    0.18061]
[    0.18043]
[    0.18024]
[    0.18006]
[    0.17988]
[     0.1797]
[    0.17951]
[    0.17933]
[    0.17915]
[    0.17897]
[    0.17879]
[    0.17861]
[    0.17843]
[    0.17825]
[    0.17807]
[    0.17789]
[    0.17771]
[    0.17753]
[    0.17735]
[    0.17718]
[      0.177]
[    0.17682]
[    0.17665]
[    0.17647]
[    0.17629]
[    0.17612]
[    0.17594]
[    0.17577]
[     0.1756]
[    0.17542]
[    0.17525]
[    0.17507]
[     0.1749]
[    0.17473]
[    0.17456]
[    0.17438]
[    0.17421]
[    0.17404]
[    0.17387]
[     0.1737]
[    0.17353]
[    0.17336]
[    0.17319]
[    0.17302]
[    0.17285]
[    0.17268]
[    0.17251]
[    0.17235]
[    0.17218]
[    0.17201]
[    0.17184]
[    0.17168]
[    0.17151]
[    0.17135]
[    0.17118]
[    0.17101]
[    0.17085]
[    0.17068]
[    0.17052]
[    0.17036]
[    0.17019]
[    0.17003]
[    0.16987]
[     0.1697]
[    0.16954]
[    0.16938]
[    0.16922]
[    0.16905]
[    0.16889]
[    0.16873]
[    0.16857]
[    0.16841]
[    0.16825]
[    0.16809]
[    0.16793]
[    0.16777]
[    0.16761]
[    0.16746]
[     0.1673]
[    0.16714]
[    0.16698]
[    0.16682]
[    0.16667]
[    0.16651]
[    0.16635]
[     0.1662]
[    0.16604]
[    0.16589]
[    0.16573]
[    0.16558]
[    0.16542]
[    0.16527]
[    0.16511]
[    0.16496]
[     0.1648]
[    0.16465]
[     0.1645]
[    0.16435]
[    0.16419]
[    0.16404]
[    0.16389]
[    0.16374]
[    0.16359]
[    0.16343]
[    0.16328]
[    0.16313]
[    0.16298]
[    0.16283]
[    0.16268]
[    0.16253]
[    0.16239]
[    0.16224]
[    0.16209]
[    0.16194]
[    0.16179]
[    0.16164]
[     0.1615]
[    0.16135]
[     0.1612]
[    0.16106]
[    0.16091]
[    0.16076]
[    0.16062]
[    0.16047]
[    0.16033]
[    0.16018]
[    0.16004]
[    0.15989]
[    0.15975]
[     0.1596]
[    0.15946]
[    0.15932]
[    0.15917]
[    0.15903]
[    0.15889]
[    0.15874]
[     0.1586]
[    0.15846]
[    0.15832]
[    0.15818]
[    0.15804]
[    0.15789]
[    0.15775]
[    0.15761]
[    0.15747]
[    0.15733]
[    0.15719]
[    0.15705]
[    0.15691]
[    0.15678]
[    0.15664]
[     0.1565]
[    0.15636]
[    0.15622]
[    0.15608]
[    0.15595]
[    0.15581]
[    0.15567]
[    0.15554]
[     0.1554]
[    0.15526]
[    0.15513]
[    0.15499]
[    0.15486]
[    0.15472]
[    0.15459]
[    0.15445]
[    0.15432]
[    0.15418]
[    0.15405]
[    0.15391]
[    0.15378]
[    0.15365]
[    0.15351]
[    0.15338]
[    0.15325]
[    0.15311]
[    0.15298]
[    0.15285]
[    0.15272]
[    0.15259]
[    0.15245]
[    0.15232]
[    0.15219]
[    0.15206]
[    0.15193]
[     0.1518]
[    0.15167]
[    0.15154]
[    0.15141]
[    0.15128]
[    0.15115]
[    0.15102]
[     0.1509]
[    0.15077]
[    0.15064]
[    0.15051]
[    0.15038]
[    0.15025]
[    0.15013]
[       0.15]
[    0.14987]
[    0.14975]
[    0.14962]
[    0.14949]
[    0.14937]
[    0.14924]
[    0.14912]
[    0.14899]
[    0.14886]
[    0.14874]
[    0.14861]
[    0.14849]
[    0.14837]
[    0.14824]
[    0.14812]
[    0.14799]
[    0.14787]
[    0.14775]
[    0.14762]
[     0.1475]
[    0.14738]
[    0.14725]
[    0.14713]
[    0.14701]
[    0.14689]
[    0.14677]
[    0.14664]
[    0.14652]
[     0.1464]
[    0.14628]
[    0.14616]
[    0.14604]
[    0.14592]
[     0.1458]
[    0.14568]
[    0.14556]
[    0.14544]
[    0.14532]
[     0.1452]
[    0.14508]
[    0.14496]
[    0.14484]
[    0.14473]
[    0.14461]
[    0.14449]
[    0.14437]
[    0.14425]
[    0.14414]
[    0.14402]
[     0.1439]
[    0.14379]
[    0.14367]
[    0.14355]
[    0.14344]
[    0.14332]
[     0.1432]
[    0.14309]
[    0.14297]
[    0.14286]
[    0.14274]
[    0.14263]
[    0.14251]
[     0.1424]
[    0.14228]
[    0.14217]
[    0.14205]
[    0.14194]
[    0.14183]
[    0.14171]
[     0.1416]
[    0.14149]
[    0.14137]
[    0.14126]
[    0.14115]
[    0.14104]
[    0.14092]
[    0.14081]
[     0.1407]
[    0.14059]
[    0.14048]
[    0.14036]
[    0.14025]
[    0.14014]
[    0.14003]
[    0.13992]
[    0.13981]
[     0.1397]
[    0.13959]
[    0.13948]
[    0.13937]
[    0.13926]
[    0.13915]
[    0.13904]
[    0.13893]
[    0.13882]
[    0.13871]
[    0.13861]
[     0.1385]
[    0.13839]
[    0.13828]
[    0.13817]
[    0.13807]
[    0.13796]
[    0.13785]
[    0.13774]
[    0.13764]
[    0.13753]
[    0.13742]
[    0.13732]
[    0.13721]
[     0.1371]
[      0.137]
[    0.13689]
[    0.13679]
[    0.13668]
[    0.13657]
[    0.13647]
[    0.13636]
[    0.13626]
[    0.13615]
[    0.13605]
[    0.13594]
[    0.13584]
[    0.13574]
[    0.13563]
[    0.13553]
[    0.13542]
[    0.13532]
[    0.13522]
[    0.13511]
[    0.13501]
[    0.13491]
[    0.13481]
[     0.1347]
[     0.1346]
[     0.1345]
[     0.1344]
[    0.13429]
[    0.13419]
[    0.13409]
[    0.13399]
[    0.13389]
[    0.13379]
[    0.13369]
[    0.13358]
[    0.13348]
[    0.13338]
[    0.13328]
[    0.13318]
[    0.13308]
[    0.13298]
[    0.13288]
[    0.13278]
[    0.13268]
[    0.13258]
[    0.13249]
[    0.13239]
[    0.13229]
[    0.13219]
[    0.13209]
[    0.13199]
[    0.13189]
[    0.13179]
[     0.1317]
[     0.1316]
[     0.1315]
[     0.1314]
[    0.13131]
[    0.13121]
[    0.13111]
[    0.13101]
[    0.13092]
[    0.13082]
[    0.13072]
[    0.13063]
[    0.13053]
[    0.13043]
[    0.13034]
[    0.13024]
[    0.13015]
[    0.13005]
[    0.12996]
[    0.12986]
[    0.12977]
[    0.12967]
[    0.12958]
[    0.12948]
[    0.12939]
[    0.12929]
[     0.1292]
[     0.1291]
[    0.12901]
[    0.12891]
[    0.12882]
[    0.12873]
[    0.12863]
[    0.12854]
[    0.12845]
[    0.12835]
[    0.12826]
[    0.12817]
[    0.12808]
[    0.12798]
[    0.12789]
[     0.1278]
[    0.12771]
[    0.12761]
[    0.12752]
[    0.12743]
[    0.12734]
[    0.12725]
[    0.12716]
[    0.12706]
[    0.12697]
[    0.12688]
[    0.12679]
[     0.1267]
[    0.12661]
[    0.12652]
[    0.12643]
[    0.12634]
[    0.12625]
[    0.12616]
[    0.12607]
[    0.12598]
[    0.12589]
[     0.1258]
[    0.12571]
[    0.12562]
[    0.12553]
[    0.12544]
[    0.12535]
[    0.12527]
[    0.12518]
[    0.12509]
[      0.125]
[    0.12491]
[    0.12482]
[    0.12474]
[    0.12465]
[    0.12456]
[    0.12447]
[    0.12439]
[     0.1243]
[    0.12421]
[    0.12412]
[    0.12404]
[    0.12395]
[    0.12386]
[    0.12378]
[    0.12369]
[     0.1236]
[    0.12352]
[    0.12343]
[    0.12334]
[    0.12326]
[    0.12317]
[    0.12309]
[      0.123]
[    0.12292]
[    0.12283]
[    0.12275]
[    0.12266]
[    0.12258]
[    0.12249]
[    0.12241]
[    0.12232]
[    0.12224]
[    0.12215]
[    0.12207]
[    0.12198]
[     0.1219]
[    0.12182]
[    0.12173]
[    0.12165]
[    0.12157]
[    0.12148]
[     0.1214]
[    0.12132]
[    0.12123]
[    0.12115]
[    0.12107]
[    0.12098]
[     0.1209]
[    0.12082]
[    0.12074]
[    0.12065]
[    0.12057]
[    0.12049]
[    0.12041]
[    0.12033]
[    0.12024]
[    0.12016]
[    0.12008]
[       0.12]
[    0.11992]
[    0.11984]
[    0.11976]
[    0.11968]
[    0.11959]
[    0.11951]
[    0.11943]
[    0.11935]
[    0.11927]
[    0.11919]
[    0.11911]
[    0.11903]
[    0.11895]
[    0.11887]
[    0.11879]
[    0.11871]
[    0.11863]
[    0.11855]
[    0.11847]
[    0.11839]
[    0.11832]
[    0.11824]
[    0.11816]
[    0.11808]
[      0.118]
[    0.11792]
[    0.11784]
[    0.11776]
[    0.11769]
[    0.11761]
[    0.11753]
[    0.11745]
[    0.11737]
[     0.1173]
[    0.11722]
[    0.11714]
[    0.11706]
[    0.11699]
[    0.11691]
[    0.11683]
[    0.11675]
[    0.11668]
[     0.1166]
[    0.11652]
[    0.11645]
[    0.11637]
[    0.11629]
[    0.11622]
[    0.11614]
[    0.11607]
[    0.11599]
[    0.11591]
[    0.11584]
[    0.11576]
[    0.11569]
[    0.11561]
[    0.11554]
[    0.11546]
[    0.11538]
[    0.11531]
[    0.11523]
[    0.11516]
[    0.11508]
[    0.11501]
[    0.11494]
[    0.11486]
[    0.11479]
[    0.11471]
[    0.11464]
[    0.11456]
[    0.11449]
[    0.11441]
[    0.11434]
[    0.11427]
[    0.11419]
[    0.11412]
[    0.11405]
[    0.11397]
[     0.1139]
[    0.11383]
[    0.11375]
[    0.11368]
[    0.11361]
[    0.11353]
[    0.11346]
[    0.11339]
[    0.11332]
[    0.11324]
[    0.11317]
[     0.1131]
[    0.11303]
[    0.11295]
[    0.11288]
[    0.11281]
[    0.11274]
[    0.11267]
[     0.1126]
[    0.11252]
[    0.11245]
[    0.11238]
[    0.11231]
[    0.11224]
[    0.11217]
[     0.1121]
[    0.11203]
[    0.11195]
[    0.11188]
[    0.11181]
[    0.11174]
[    0.11167]
[     0.1116]
[    0.11153]
[    0.11146]
[    0.11139]
[    0.11132]
[    0.11125]
[    0.11118]
[    0.11111]
[    0.11104]
[    0.11097]
[     0.1109]
[    0.11083]
[    0.11076]
[    0.11069]
[    0.11063]
[    0.11056]
[    0.11049]
[    0.11042]
[    0.11035]
[    0.11028]
[    0.11021]
[    0.11014]
[    0.11007]
[    0.11001]
[    0.10994]
[    0.10987]
[     0.1098]
[    0.10973]
[    0.10967]
[     0.1096]
[    0.10953]
[    0.10946]
[    0.10939]
[    0.10933]
[    0.10926]
[    0.10919]
[    0.10912]
[    0.10906]
[    0.10899]
[    0.10892]
[    0.10886]
[    0.10879]
[    0.10872]
[    0.10866]
[    0.10859]
[    0.10852]
[    0.10846]
[    0.10839]
[    0.10832]
[    0.10826]
[    0.10819]
[    0.10812]
[    0.10806]
[    0.10799]
[    0.10793]
[    0.10786]
[     0.1078]
[    0.10773]
[    0.10766]
[     0.1076]
[    0.10753]
[    0.10747]
[     0.1074]
[    0.10734]
[    0.10727]
[    0.10721]
[    0.10714]
[    0.10708]
[    0.10701]
[    0.10695]
[    0.10688]
[    0.10682]
[    0.10676]
[    0.10669]
[    0.10663]
[    0.10656]
[     0.1065]
[    0.10643]
[    0.10637]
[    0.10631]
[    0.10624]
[    0.10618]
[    0.10612]
[    0.10605]
[    0.10599]
[    0.10592]
[    0.10586]
[     0.1058]
[    0.10573]
[    0.10567]
[    0.10561]
[    0.10555]
[    0.10548]
[    0.10542]
[    0.10536]
[    0.10529]
[    0.10523]
[    0.10517]
[    0.10511]
[    0.10504]
[    0.10498]
[    0.10492]
[    0.10486]
[     0.1048]
[    0.10473]
[    0.10467]
[    0.10461]
[    0.10455]
[    0.10449]
[    0.10442]
[    0.10436]
[     0.1043]
[    0.10424]
[    0.10418]
[    0.10412]
[    0.10406]
[      0.104]
[    0.10393]
[    0.10387]
[    0.10381]
[    0.10375]
[    0.10369]
[    0.10363]
[    0.10357]
[    0.10351]
[    0.10345]
[    0.10339]
[    0.10333]
[    0.10327]
[    0.10321]
[    0.10315]
[    0.10309]
[    0.10303]
[    0.10297]
[    0.10291]
[    0.10285]
[    0.10279]
[    0.10273]
[    0.10267]
[    0.10261]
[    0.10255]
[    0.10249]
[    0.10243]
[    0.10237]
[    0.10231]
[    0.10225]
[    0.10219]
[    0.10214]
[    0.10208]
[    0.10202]
[    0.10196]
[     0.1019]
[    0.10184]
[    0.10178]
[    0.10172]
[    0.10167]
[    0.10161]
[    0.10155]
[    0.10149]
[    0.10143]
[    0.10137]
[    0.10132]
[    0.10126]
[     0.1012]
[    0.10114]
[    0.10109]
[    0.10103]
[    0.10097]
[    0.10091]
[    0.10085]
[     0.1008]
[    0.10074]
[    0.10068]
[    0.10063]
[    0.10057]
[    0.10051]
[    0.10045]
[     0.1004]
[    0.10034]
[    0.10028]
[    0.10023]
[    0.10017]
[    0.10011]
[    0.10006]
[        0.1]
[   0.099944]
[   0.099887]
[   0.099831]
[   0.099775]
[   0.099718]
[   0.099662]
[   0.099606]
[    0.09955]
[   0.099494]
[   0.099438]
[   0.099382]
[   0.099327]
[   0.099271]
[   0.099215]
[    0.09916]
[   0.099104]
[   0.099049]
[   0.098993]
[   0.098938]
[   0.098883]
[   0.098827]
[   0.098772]
[   0.098717]
[   0.098662]
[   0.098607]
[   0.098552]
[   0.098497]
[   0.098443]
[   0.098388]
[   0.098333]
[   0.098279]
[   0.098224]
[    0.09817]
[   0.098115]
[   0.098061]
[   0.098007]
[   0.097952]
[   0.097898]
[   0.097844]
[   0.098343]
[   0.098288]
[   0.098234]
[    0.09818]
[   0.098126]
[   0.098072]
[   0.098018]
[   0.097964]
[    0.09791]
[   0.097856]
[   0.097802]
[   0.097748]
[   0.097695]
[   0.097641]
[   0.097588]
[   0.097534]
[   0.097481]
[   0.097427]
[   0.097374]
[   0.097321]
[   0.097268]
[   0.097215]
[   0.097162]
[   0.097109]
[   0.097056]
[   0.097003]
[    0.09695]
[   0.096897]
[   0.096844]
[   0.096792]
[   0.096739]
[   0.096687]
[   0.097177]
[   0.097124]
[   0.097072]
[   0.097019]
[   0.096966]
[   0.096914]
[   0.096861]
[   0.096809]
[   0.096757]
[   0.096704]
[   0.096652]
[     0.0966]
[   0.096548]
[   0.096496]
[   0.096444]
[   0.096392]
[    0.09634]
[   0.096288]
[   0.096237]
[   0.096185]
[   0.096133]
[   0.096082]
[    0.09603]
[   0.095979]
[   0.095927]
[   0.095876]
[   0.095824]
[   0.095773]
[   0.095722]
[   0.095671]
[    0.09562]
[   0.095569]
[   0.095518]
[   0.095467]
[   0.095416]
[   0.095365]
[   0.095314]
[   0.095263]
[   0.095213]
[   0.095162]
[   0.095112]
[   0.095061]
[   0.095011]
[    0.09496]
[    0.09491]
[    0.09486]
[   0.094809]
[   0.094759]
[   0.094709]
[   0.094659]
[   0.094609]
[   0.094559]
[   0.094509]
[   0.094459]
[   0.094409]
[    0.09436]
[    0.09431]
[    0.09426]
[   0.094211]
[   0.094161]
[   0.094111]
[   0.094062]
[   0.094013]
[   0.093963]
[   0.093914]
[   0.093865]
[   0.093816]
[   0.093766]
[   0.093717]
[   0.093668]
[   0.093619]
[    0.09357]
[   0.093521]
[   0.093473]
[   0.093424]
[   0.093375]
[   0.093326]
[   0.093278]
[   0.093229]
[   0.093181]
[   0.093132]
[   0.093084]
