     0/299     7.81G      8.07      31.6         0      39.6        14       608         1   0.00526    0.0114    0.0105      7.01      2.17         0
     1/299     7.81G      6.46      1.97         0      8.43        16       608         0         0  0.000417         0      5.94      2.18         0
     2/299     7.81G      5.58      1.73         0      7.31         9       608         0         0  1.82e-05         0      5.84       1.9         0
     3/299     7.81G      4.98      1.64         0      6.62        15       608         0         0    0.0104         0      5.09      1.59         0
     4/299     7.81G      4.66      1.36         0      6.03        16       608         1   0.00526      0.11    0.0105      4.88      1.32         0
     5/299     7.81G      4.42       1.2         0      5.62         6       608     0.146     0.163    0.0877     0.154      5.21      1.33         0
     6/299     7.81G       4.6     0.979         0      5.58        17       608         0         0     0.188         0      4.88      1.15         0
     7/299     7.81G      4.52      1.09         0      5.62        14       608    0.0217   0.00526     0.105   0.00847      4.51      1.16         0
     8/299     7.81G      4.49      1.04         0      5.52         5       608    0.0618   0.00526    0.0986    0.0097      4.58      1.18         0
     9/299     7.81G       4.1      1.08         0      5.18        20       608    0.0505     0.137    0.0581    0.0738      4.35      2.54         0
    10/299     7.81G      4.46     0.865         0      5.33        17       608         0         0     0.012         0      4.69      2.91         0
    11/299     7.81G      4.05     0.969         0      5.02         6       608         0         0    0.0125         0      4.92      1.54         0
    12/299     7.81G      4.25     0.778         0      5.02        17       608         0         0     0.283         0      4.34      0.97         0
    13/299     7.81G       4.4     0.854         0      5.26        14       608         0         0      0.35         0      4.64     0.917         0
    14/299     7.81G      4.01     0.855         0      4.87         6       608     0.571     0.179     0.337     0.273      4.19     0.881         0
    15/299     7.81G      3.96     0.862         0      4.82        14       608         1    0.0118     0.233    0.0234      4.47     0.855         0
    16/299     7.81G      4.14     0.824         0      4.97        17       608         0         0     0.341         0      4.35     0.907         0
    17/299     7.81G      3.92     0.785         0      4.71         4       608     0.388    0.0468     0.363    0.0836       4.3     0.796         0
    18/299     7.81G      3.49     0.683         0      4.17        14       608       0.4    0.0876     0.255     0.144      4.33     0.773         0
    19/299     7.81G       3.8     0.718         0      4.52        16       608         1    0.0157     0.393    0.0309      4.63     0.817         0
    20/299     7.81G      3.72     0.724         0      4.45         4       608     0.709    0.0385     0.393     0.073      4.03     0.809         0
    21/299     7.81G       3.5     0.725         0      4.23        15       608     0.695     0.132     0.458     0.221      3.97     0.763         0
    22/299     7.81G      3.56     0.621         0      4.18        20       608      0.88     0.155     0.553     0.263         4     0.782         0
    23/299     7.81G      3.66     0.603         0      4.26         5       608     0.708     0.217     0.473     0.333      4.66     0.662         0
    24/299     7.81G      3.91       0.7         0      4.61        15       608     0.635   0.00951     0.411    0.0187      4.07     0.821         0
    25/299     7.81G      3.26     0.723         0      3.98        16       608      0.33     0.211      0.26     0.257       4.3      0.74         0
    26/299     7.81G      3.91     0.586         0       4.5         5       608     0.831     0.311     0.577     0.452      4.05     0.727         0
    27/299     7.81G      3.15     0.664         0      3.81        17       608     0.762     0.387     0.608     0.514      4.03     0.706         0
    28/299     7.81G      3.21     0.647         0      3.86        15       608     0.698      0.62     0.666     0.657       3.8     0.694         0
    29/299     7.81G      3.66     0.586         0      4.24         6       608     0.683     0.353     0.496     0.465      4.17     0.677         0
    30/299     7.81G      3.28     0.597         0      3.88         9       608     0.827     0.151     0.506     0.256      4.18     0.717         0
    31/299     7.81G      3.27     0.616         0      3.89        20       608     0.786     0.374     0.578     0.506      3.98     0.692         0
    32/299     7.81G      3.45     0.626         0      4.07         6       608     0.935     0.153     0.538     0.262      3.89     0.746         0
    33/299     7.81G       3.2     0.648         0      3.84        17       608     0.836     0.267     0.547     0.405      4.05      0.72         0
    34/299     7.81G      3.23     0.705         0      3.94        22       608       0.7     0.209      0.41     0.321      3.98     0.767         0
    35/299     7.81G      3.04     0.659         0       3.7         7       608     0.835     0.133     0.416     0.229      4.43     0.693         0
    36/299     7.81G      3.25     0.616         0      3.87        16       608     0.802     0.105     0.472     0.186      3.98     0.764         0
    37/299     7.81G      3.13     0.531         0      3.66        20       608     0.837     0.358     0.563     0.501      3.86     0.725         0
    38/299     7.81G      2.96     0.638         0       3.6         8       608     0.858     0.287     0.626      0.43      3.77     0.704         0
    39/299     7.81G      2.82       0.6         0      3.42        12       608     0.811     0.249     0.458     0.381      4.23      0.74         0
    40/299     7.81G      2.95     0.495         0      3.44        13       608     0.832     0.337     0.529      0.48      4.07     0.655         0
    41/299     7.81G      2.85     0.528         0      3.38         5       608      0.78     0.558     0.617      0.65      4.27     0.642         0
    42/299     7.81G      2.91     0.584         0      3.49        20       608     0.868     0.414     0.552     0.561      4.23     0.737         0
    43/299     7.81G      2.82     0.602         0      3.42        12       608      0.87     0.387     0.664     0.536      3.72     0.676         0
    44/299     7.81G      2.97     0.566         0      3.54         4       608     0.773     0.251     0.546     0.379      4.47     0.714         0
    45/299     7.81G      2.83     0.564         0      3.39        19       608     0.848     0.382     0.643     0.526      4.23     0.635         0
    46/299     7.81G      2.98      0.47         0      3.45        15       608     0.822     0.609     0.761       0.7      3.81     0.556         0
    47/299     7.81G      2.84      0.47         0      3.31         4       608     0.898     0.484     0.691     0.629      4.74     0.583         0
    48/299     7.81G      2.81     0.497         0       3.3        10       608     0.801     0.615     0.671     0.696      3.69     0.621         0
    49/299     7.81G      2.97     0.489         0      3.46        15       608      0.83     0.539     0.717     0.654      3.64     0.606         0
    50/299     7.81G       2.7     0.542         0      3.24         8       608     0.828      0.61     0.738     0.703      3.65     0.591         0
    51/299     7.81G      2.71     0.485         0      3.19        17       608     0.826     0.448     0.598     0.581      4.03      0.63         0
    52/299     7.81G       2.9      0.45         0      3.35        15       608     0.829     0.435     0.686      0.57      3.81      0.58         0
    53/299     7.81G      2.85      0.48         0      3.33         7       608      0.88     0.489     0.734     0.629      3.79     0.542         0
    54/299     7.81G       2.9     0.508         0      3.41        10       608     0.851      0.42     0.616     0.563      3.77     0.629         0
    55/299     7.81G      2.71     0.503         0      3.22        17       608     0.774     0.629     0.724     0.694      3.73     0.567         0
    56/299     7.81G      2.79     0.459         0      3.25         6       608      0.83     0.513     0.695     0.634      3.73     0.557         0
    57/299     7.81G      2.79       0.5         0      3.29        20       608     0.788     0.653     0.679     0.714      3.62     0.535         0
    58/299     7.81G       2.8     0.462         0      3.26        19       608      0.84     0.441     0.642     0.578      3.81      0.54         0
    59/299     7.81G      2.61     0.423         0      3.03         7       608      0.78     0.584     0.672     0.668      3.76      0.52         0
    60/299     7.81G      2.72      0.45         0      3.17        15       608     0.807      0.64     0.736     0.714      3.36     0.556         0
    61/299     7.81G      2.52     0.504         0      3.02        15       608     0.865     0.506     0.691     0.638      3.58     0.616         0
    62/299     7.81G      2.53     0.456         0      2.98        10       608     0.822      0.63     0.734     0.713      3.57      0.53         0
    63/299     7.81G       2.4     0.404         0       2.8        19       608     0.843      0.65     0.751     0.734      3.32     0.523         0
    64/299     7.81G      2.85     0.402         0      3.26        18       608     0.799     0.543     0.679     0.646      3.77     0.564         0
    65/299     7.81G      2.61     0.464         0      3.07         5       608     0.766     0.679     0.739      0.72      3.37     0.545         0
    66/299     7.81G       2.5     0.444         0      2.95        14       608     0.777     0.678     0.722     0.724      3.62     0.531         0
    67/299     7.81G       2.4     0.427         0      2.83        15       608     0.813     0.584     0.727      0.68      3.66     0.547         0
    68/299     7.81G      2.27     0.412         0      2.68         6       608     0.865     0.606     0.724     0.713      3.54     0.545         0
    69/299     7.81G      2.24      0.42         0      2.66        22       608      0.85     0.476     0.663     0.611      3.77     0.587         0
    70/299     7.81G      2.27     0.378         0      2.65        20       608     0.853     0.551     0.742      0.67      3.56     0.562         0
    71/299     7.81G      2.44     0.402         0      2.85         4       608     0.781     0.563     0.682     0.655       3.6      0.56         0
    72/299     7.81G      2.35     0.404         0      2.76        23       608     0.827     0.605     0.716     0.699      3.55     0.548         0
    73/299     7.81G      2.48     0.379         0      2.86        22       608      0.82     0.625     0.721      0.71      3.48     0.549         0
    74/299     7.81G      2.42     0.388         0      2.81         5       608     0.838     0.571     0.744     0.679      3.49      0.55         0
    75/299     7.81G         2     0.425         0      2.42        24       608     0.829      0.69      0.75     0.753      3.42     0.535         0
    76/299     7.81G      2.11     0.381         0      2.49        19       608     0.812     0.689     0.752     0.746      3.65     0.507         0
    77/299     7.81G      2.23     0.362         0      2.59        10       608     0.837     0.674     0.755     0.746      3.62     0.499         0
    78/299     7.81G      2.29     0.359         0      2.65        13       608     0.864     0.603      0.78      0.71      3.36     0.519         0
    79/299     7.81G      2.23     0.389         0      2.62        13       608     0.822     0.633     0.741     0.716       3.5     0.523         0
    80/299     7.81G      1.89     0.332         0      2.22         4       608     0.846     0.637      0.71     0.727      3.56     0.541         0
    81/299     7.81G      2.23     0.332         0      2.56        15       608     0.843     0.621     0.723     0.715      3.62     0.555         0
    82/299     7.81G      2.18     0.375         0      2.55        13       608     0.858     0.574     0.739     0.688      3.39     0.574         0
    83/299     7.81G      1.93      0.35         0      2.28         6       608     0.855     0.623     0.742     0.721      3.52     0.555         0
    84/299     7.81G      2.06     0.323         0      2.38        16       608     0.845     0.659     0.772      0.74      3.52     0.534         0
    85/299     7.81G      2.22     0.353         0      2.57        15       608     0.854     0.615      0.73     0.715      3.47     0.531         0
    86/299     7.81G      1.95     0.349         0       2.3         6       608     0.827     0.716     0.737     0.767      3.61     0.499         0
    87/299     7.81G      2.18     0.345         0      2.52        23       608     0.753     0.726     0.669      0.74      3.51     0.491         0
    88/299     7.81G       2.1      0.36         0      2.47        21       608     0.818     0.684      0.71     0.745      3.47     0.507         0
    89/299     7.81G      1.92      0.35         0      2.27         8       608     0.803     0.774     0.767     0.788      3.37     0.483         0
    90/299     7.81G      1.79     0.355         0      2.15        16       608     0.836     0.723     0.765     0.775      3.39     0.491         0
    91/299     7.81G      2.24     0.329         0      2.57        14       608     0.866     0.558     0.722     0.679      3.63     0.551         0
    92/299     7.81G      1.88     0.318         0       2.2         6       608     0.859     0.679     0.765     0.758       3.4      0.54         0
    93/299     7.81G      2.09     0.332         0      2.42        21       608     0.828     0.633     0.762     0.718      3.49     0.566         0
    94/299     7.81G      1.78      0.36         0      2.14        26       608     0.816     0.674     0.736     0.738       3.4     0.553         0
    95/299     7.81G      1.83     0.329         0      2.16         5       608     0.803     0.689     0.743     0.742      3.56     0.525         0
    96/299     7.81G       1.9     0.334         0      2.23        19       608     0.864     0.495     0.648     0.629      3.65     0.633         0
    97/299     7.81G      1.88     0.342         0      2.22        16       608     0.843     0.595     0.768     0.697      3.49     0.556         0
    98/299     7.81G       1.8      0.31         0      2.11         9       608     0.812     0.679     0.757      0.74      3.45      0.53         0
    99/299     7.81G      1.74      0.32         0      2.06        16       608     0.781     0.742     0.774     0.761      3.36     0.512         0
   100/299     7.81G      2.03     0.289         0      2.32        18       608     0.765     0.742     0.769     0.753      3.49      0.52         0
   101/299     7.81G      1.89     0.333         0      2.23         8       608     0.862     0.657     0.772     0.746       3.6     0.535         0
   102/299     7.81G      1.81       0.3         0      2.11        12       608     0.833     0.706     0.749     0.764      3.51     0.539         0
   103/299     7.81G      2.03     0.316         0      2.35        20       608      0.83     0.641     0.728     0.724      3.56      0.54         0
   104/299     7.81G      1.74     0.339         0      2.08         5       608     0.797     0.716     0.716     0.754      3.53     0.538         0
   105/299     7.81G      1.84     0.309         0      2.15        22       608     0.807     0.728     0.732     0.766      3.49     0.536         0
   106/299     7.81G      1.81     0.298         0      2.11        16       608     0.821       0.7     0.772     0.756      3.47     0.541         0
   107/299     7.81G       1.7      0.31         0      2.01         5       608     0.802     0.668     0.756     0.729      3.58     0.525         0
   108/299     7.81G      1.74     0.313         0      2.06        17       608     0.791     0.711     0.729     0.749      3.67      0.52         0
   109/299     7.81G      1.87     0.298         0      2.17        21       608      0.75     0.679     0.663     0.713      3.66     0.535         0
   110/299     7.81G      1.77     0.304         0      2.07         6       608     0.778     0.682     0.707     0.727      3.69     0.534         0
   111/299     7.81G      1.79     0.275         0      2.07        14       608     0.827     0.682     0.767     0.747       3.5      0.54         0
   112/299     7.81G      1.65     0.299         0      1.95        18       608     0.842     0.671     0.759     0.747      3.48     0.571         0
   113/299     7.81G      1.69     0.274         0      1.97         7       608     0.813     0.732     0.778      0.77      3.46     0.557         0
   114/299     7.81G      1.69     0.277         0      1.97        15       608     0.811     0.725     0.768     0.766      3.67     0.551         0
   115/299     7.81G      1.61     0.277         0      1.89        17       608     0.792       0.7     0.741     0.743      3.65      0.53         0
   116/299     7.81G      1.57     0.271         0      1.84         7       608      0.84     0.637     0.726     0.724      3.67     0.562         0
   117/299     7.81G      1.79     0.284         0      2.08        19       608     0.839     0.602     0.728     0.701       3.6     0.585         0
   118/299     7.81G      1.62     0.277         0      1.89        16       608     0.788     0.695     0.715     0.738      3.54     0.572         0
   119/299     7.81G      1.67     0.284         0      1.96         9       608     0.765     0.721     0.708     0.742      3.54     0.576         0
   120/299     7.81G      1.56     0.278         0      1.84        13       608     0.801     0.705     0.724      0.75       3.5      0.54         0
   121/299     7.81G      1.71     0.273         0      1.98        10       608     0.827     0.732     0.747     0.777      3.58     0.519         0
   122/299     7.81G      1.61     0.264         0      1.87         5       608     0.828     0.708     0.745     0.763      3.47     0.523         0
   123/299     7.81G      1.63     0.264         0       1.9        18       608     0.821     0.753     0.756     0.786      3.51     0.526         0
   124/299     7.81G      1.47     0.273         0      1.74        12       608       0.8     0.737     0.747     0.767      3.47     0.535         0
   125/299     7.81G      1.49     0.284         0      1.78         7       608     0.803     0.707     0.742     0.752      3.46     0.548         0
   126/299     7.81G      1.82      0.28         0       2.1        11       608     0.872     0.609     0.754     0.717      3.48     0.596         0
   127/299     7.81G      1.52     0.285         0      1.81        17       608      0.85     0.624     0.738     0.719      3.51     0.596         0
   128/299     7.81G      1.43     0.287         0      1.72         5       608      0.84     0.661     0.733     0.739      3.46      0.59         0
   129/299     7.81G      1.52     0.251         0      1.77        22       608     0.812     0.742     0.766     0.775      3.49     0.547         0
   130/299     7.81G       1.6     0.281         0      1.88        16       608     0.835     0.747     0.772     0.788      3.53      0.55         0
   131/299     7.81G      1.51     0.252         0      1.76         7       608     0.847     0.716     0.768     0.776      3.46     0.553         0
   132/299     7.81G       1.6     0.257         0      1.86        19       608     0.849     0.695     0.771     0.764      3.55     0.563         0
   133/299     7.81G       1.5     0.285         0      1.79        19       608     0.833     0.726     0.778     0.776      3.53     0.554         0
   134/299     7.81G      1.41      0.24         0      1.65         4       608     0.827     0.706     0.755     0.762      3.62     0.553         0
   135/299     7.81G      1.43     0.255         0      1.68        22       608     0.844     0.714      0.77     0.774      3.51     0.554         0
   136/299     7.81G       1.4     0.239         0      1.64        18       608     0.861     0.718     0.787     0.783      3.39     0.559         0
   137/299     7.81G      1.56     0.253         0      1.81         4       608      0.84     0.718     0.776     0.775      3.49     0.556         0
   138/299     7.81G      1.32     0.247         0      1.56        22       608     0.819     0.711     0.756     0.761      3.51     0.544         0
   139/299     7.81G       1.3     0.245         0      1.55        13       608     0.754     0.695     0.701     0.723       3.7     0.547         0
   140/299     7.81G      1.33     0.243         0      1.57         7       608      0.75     0.705     0.744     0.727      3.75     0.547         0
   141/299     7.81G      1.39     0.212         0       1.6        15       608     0.812     0.703     0.753     0.754      3.78     0.552         0
   142/299     7.81G      1.43     0.249         0      1.68        13       608     0.863     0.705     0.779     0.776      3.68     0.565         0
   143/299     7.81G      1.34     0.243         0      1.58         7       608     0.821     0.723     0.766     0.769      3.75     0.561         0
   144/299     7.81G      1.45     0.246         0       1.7        18       608     0.793     0.747     0.758     0.769      3.75     0.547         0
   145/299     7.81G       1.4     0.237         0      1.63        21       608     0.797     0.763     0.769      0.78      3.67     0.547         0
   146/299     7.81G      1.34     0.225         0      1.57         8       608     0.808     0.732     0.746     0.768      3.63      0.56         0
   147/299     7.81G      1.46      0.25         0      1.71        18       608      0.86     0.742     0.782     0.796      3.53     0.568         0
   148/299     7.81G      1.31      0.24         0      1.55        16       608     0.851     0.679     0.762     0.755      3.54      0.59         0
   149/299     7.81G      1.31     0.246         0      1.55         8       608      0.84     0.721     0.777     0.776      3.47     0.583         0
   150/299     7.81G      1.31     0.237         0      1.55        15       608     0.822     0.774     0.788     0.797       3.5     0.551         0
   151/299     7.81G      1.34     0.235         0      1.57        19       608     0.817      0.75     0.786     0.782      3.46     0.545         0
   152/299     7.81G       1.3     0.251         0      1.55         4       608     0.844       0.7     0.783     0.765      3.46     0.545         0
   153/299     7.81G       1.4     0.239         0      1.64        23       608     0.846     0.689     0.754      0.76       3.5     0.555         0
   154/299     7.81G      1.23     0.229         0      1.45        15       608     0.823     0.695     0.755     0.753      3.57     0.557         0
   155/299     7.81G       1.3     0.205         0       1.5         7       608      0.84     0.665     0.748     0.743      3.59     0.573         0
   156/299     7.81G      1.29     0.235         0      1.53        14       608     0.853     0.668     0.741     0.749      3.47      0.58         0
   157/299     7.81G      1.23     0.214         0      1.45        11       608     0.869     0.674     0.752     0.759      3.25     0.581         0
   158/299     7.81G      1.28     0.252         0      1.53         6       608     0.812     0.711     0.768     0.758      3.24      0.57         0
   159/299     7.81G      1.26     0.199         0      1.46        19       608     0.804     0.736      0.76     0.768      3.25     0.581         0
   160/299     7.81G      1.19     0.206         0      1.39        15       608      0.81       0.7     0.732     0.751      3.31     0.601         0
   161/299     7.81G      1.38     0.235         0      1.62         6       608     0.838     0.708     0.751     0.768      3.25     0.597         0
   162/299     7.81G       1.2      0.22         0      1.42        17       608     0.846     0.689     0.756      0.76      3.29     0.593         0
   163/299     7.81G      1.16     0.217         0      1.38        17       608     0.835     0.746     0.768     0.788      3.29     0.568         0
   164/299     7.81G      1.14     0.201         0      1.34        11       608     0.821     0.742     0.768     0.779      3.29     0.565         0
   165/299     7.81G      1.25     0.213         0      1.47        13       608     0.854     0.741     0.773     0.794      3.31     0.575         0
   166/299     7.81G       1.2     0.235         0      1.44        17       608     0.849     0.741     0.756     0.792      3.36     0.563         0
   167/299     7.81G      1.12     0.228         0      1.35         6       608     0.836     0.749     0.774      0.79      3.36     0.561         0
   168/299     7.81G      1.13     0.207         0      1.34        15       608     0.833     0.735     0.768     0.781      3.46     0.562         0
   169/299     7.81G      1.09     0.208         0      1.29        14       608     0.821     0.732      0.76     0.774      3.46     0.572         0
   170/299     7.81G      1.13     0.212         0      1.35         4       608     0.824     0.711     0.741     0.763      3.41     0.592         0
   171/299     7.81G      1.12     0.209         0      1.33        26       608     0.845     0.719     0.747     0.777       3.4     0.593         0
   172/299     7.81G      1.18       0.2         0      1.38        12       608     0.849     0.739      0.77      0.79      3.42     0.577         0
   173/299     7.81G      1.14     0.207         0      1.35         8       608      0.85     0.726     0.755     0.783      3.41     0.577         0
   174/299     7.81G      1.16     0.218         0      1.38        19       608     0.866     0.712     0.766     0.781       3.4     0.583         0
   175/299     7.81G      1.09     0.221         0      1.31        18       608     0.849      0.71     0.753     0.774      3.25      0.59         0
   176/299     7.81G      1.02     0.164         0      1.19         5       608     0.833     0.733     0.746      0.78      3.21     0.597         0
   177/299     7.81G      1.14     0.193         0      1.33        10       608     0.808     0.753     0.744     0.779      3.21      0.59         0
   178/299     7.81G      1.12     0.197         0      1.32        18       608     0.821     0.758     0.758     0.788      3.26     0.591         0
   179/299     7.81G      1.06       0.2         0      1.26         6       608     0.822     0.747     0.758     0.783      3.31     0.586         0
   180/299     7.81G      1.06       0.2         0      1.26        13       608     0.827     0.756      0.77      0.79       3.3     0.586         0
   181/299     7.81G      1.06     0.203         0      1.27        21       608     0.803     0.749     0.756     0.775      3.34     0.588         0
   182/299     7.81G      1.14     0.204         0      1.35         7       608     0.807     0.726     0.754     0.764      3.41     0.605         0
   183/299     7.81G      1.06     0.204         0      1.26        15       608     0.814     0.713     0.755      0.76      3.36     0.611         0
   184/299     7.81G      0.98     0.195         0      1.18        15       608     0.826       0.7     0.766     0.758       3.3     0.614         0
   185/299     7.81G      1.03     0.202         0      1.23         4       608     0.821     0.742     0.775      0.78      3.25     0.595         0
   186/299     7.81G      1.16     0.197         0      1.35        11       608     0.797     0.762     0.777     0.779      3.43     0.575         0
   187/299     7.81G      1.06     0.176         0      1.23        13       608     0.797     0.747     0.778     0.772      3.47     0.577         0
   188/299     7.81G     0.983     0.196         0      1.18         4       608      0.81     0.758     0.768     0.783       3.5     0.579         0
   189/299     7.81G     0.968     0.201         0      1.17        15       608     0.813     0.758     0.775     0.785      3.53     0.578         0
   190/299     7.81G      1.03     0.178         0       1.2        22       608     0.826     0.737     0.766     0.779      3.52     0.581         0
   191/299     7.81G      1.04     0.193         0      1.23         7       608      0.84     0.726     0.763     0.779      3.52     0.589         0
   192/299     7.81G      1.03     0.184         0      1.21        13       608     0.818     0.711     0.752     0.761       3.5     0.609         0
   193/299     7.81G     0.899     0.203         0       1.1        15       608     0.822     0.706     0.738      0.76      3.47     0.618         0
   194/299     7.81G     0.908     0.169         0      1.08         5       608     0.832     0.732     0.763     0.779      3.48     0.611         0
   195/299     7.81G      1.01     0.183         0      1.19        15       608     0.815     0.742      0.77     0.777      3.49     0.604         0
   196/299     7.81G         1     0.169         0      1.17        17       608      0.81     0.737     0.758     0.772      3.53     0.606         0
   197/299     7.81G     0.986     0.175         0      1.16         6       608     0.822     0.732     0.766     0.774      3.51     0.616         0
   198/299     7.81G     0.924     0.204         0      1.13        19       608     0.816     0.723     0.767     0.767       3.5     0.624         0
   199/299     7.81G     0.919     0.167         0      1.09        15       608     0.798     0.727     0.758     0.761      3.48     0.622         0
   200/299     7.81G     0.956      0.17         0      1.13         7       608     0.802     0.723     0.745     0.761      3.49     0.627         0
   201/299     7.81G     0.905     0.169         0      1.07        10       608     0.793     0.737     0.759     0.764      3.48     0.622         0
   202/299     7.81G      0.92     0.199         0      1.12        18       608     0.789     0.767     0.762     0.778      3.48     0.614         0
   203/299     7.81G     0.864     0.194         0      1.06         7       608     0.778     0.758      0.75     0.768      3.46     0.608         0
   204/299     7.81G     0.902     0.193         0      1.09        16       608     0.781     0.747     0.751     0.764      3.49      0.61         0
   205/299     7.81G     0.915     0.163         0      1.08        14       608     0.776     0.748     0.755     0.762      3.48     0.608         0
   206/299     7.81G     0.887     0.173         0      1.06         4       608     0.799     0.763     0.768     0.781      3.48     0.616         0
   207/299     7.81G     0.872     0.163         0      1.03        14       608     0.805     0.758     0.769     0.781      3.44     0.616         0
   208/299     7.81G     0.853     0.182         0      1.03        17       608      0.82     0.745     0.768     0.781      3.44     0.624         0
   209/299     7.81G     0.862     0.179         0      1.04         8       608     0.818     0.763     0.768      0.79      3.42      0.62         0
   210/299     7.81G     0.842     0.176         0      1.02        20       608     0.809     0.747     0.775     0.777      3.46     0.625         0
   211/299     7.81G     0.862     0.179         0      1.04        15       608     0.804     0.758     0.767      0.78      3.46     0.622         0
   212/299     7.81G     0.861     0.168         0      1.03         6       608     0.812     0.775      0.77     0.793      3.48     0.624         0
   213/299     7.81G     0.823     0.164         0     0.987        18       608     0.826     0.768     0.772     0.796      3.47     0.626         0
   214/299     7.81G     0.876      0.17         0      1.05        19       608     0.816     0.763     0.783     0.789      3.49     0.628         0
   215/299     7.81G      0.77     0.155         0     0.926         3       608     0.804     0.736     0.748     0.769      3.52     0.631         0
   216/299     7.81G     0.853     0.155         0      1.01        18       608     0.818     0.721     0.751     0.766      3.53     0.634         0
   217/299     7.81G     0.877     0.185         0      1.06        12       608     0.828     0.711     0.757     0.765      3.52      0.64         0
   218/299     7.81G     0.793     0.171         0     0.964         4       608     0.808      0.71     0.759     0.756       3.5     0.642         0
   219/299     7.81G     0.896     0.162         0      1.06        15       608     0.802     0.711     0.761     0.754      3.46     0.647         0
   220/299     7.81G     0.829     0.176         0      1.01        18       608     0.816     0.726     0.758     0.769      3.45     0.648         0
   221/299     7.81G     0.838     0.169         0      1.01         4       608     0.806     0.721     0.736     0.761      3.44     0.651         0
   222/299     7.81G      0.82     0.165         0     0.986        16       608     0.803     0.732     0.732     0.766      3.45     0.646         0
   223/299     7.81G     0.773      0.15         0     0.924        18       608     0.802     0.726     0.738     0.762      3.44      0.64         0
   224/299     7.81G     0.845     0.168         0      1.01         6       608     0.791     0.742     0.738     0.766      3.47     0.637         0
   225/299     7.81G     0.848     0.189         0      1.04        20       608     0.786     0.754     0.751      0.77      3.48     0.639         0
   226/299     7.81G     0.806      0.14         0     0.946        17       608     0.768     0.733     0.735      0.75      3.46     0.642         0
   227/299     7.81G      0.82     0.164         0     0.985         3       608     0.801     0.742     0.764      0.77      3.45     0.649         0
   228/299     7.81G     0.787     0.181         0     0.968        18       608     0.814     0.737     0.777     0.774      3.47     0.648         0
   229/299     7.81G     0.795     0.163         0     0.958        18       608     0.804     0.716     0.741     0.757       3.5     0.648         0
   230/299     7.81G     0.703     0.156         0     0.859         5       608     0.817     0.716     0.746     0.763       3.5     0.644         0
   231/299     7.81G     0.767     0.147         0     0.914        13       608      0.82     0.718     0.757     0.766      3.49     0.637         0
   232/299     7.81G     0.736     0.163         0     0.899        23       608     0.836     0.732     0.767      0.78      3.46     0.634         0
   233/299     7.81G     0.748     0.162         0      0.91         8       608     0.819     0.737     0.754     0.776      3.45     0.631         0
   234/299     7.81G     0.808     0.149         0     0.958        17       608     0.824     0.741     0.758      0.78      3.42     0.633         0
   235/299     7.81G     0.725     0.166         0     0.891        20       608     0.806     0.721     0.749     0.761      3.42     0.641         0
   236/299     7.81G     0.727     0.147         0     0.874         6       608     0.791     0.732     0.749      0.76      3.41     0.645         0
   237/299     7.81G     0.741     0.163         0     0.904        17       608     0.801     0.753     0.757     0.776      3.43     0.645         0
   238/299     7.81G      0.76     0.171         0     0.931        16       608     0.807     0.774     0.764      0.79      3.45     0.646         0
   239/299     7.81G     0.774     0.161         0     0.935         7       608     0.792     0.768     0.759      0.78      3.46     0.643         0
   240/299     7.81G     0.733     0.174         0     0.907        19       608     0.796     0.779     0.767     0.788      3.43      0.64         0
   241/299     7.81G     0.698     0.132         0      0.83        15       608     0.793     0.768     0.757     0.781      3.45     0.639         0
   242/299     7.81G     0.714     0.148         0     0.863         8       608     0.792     0.763     0.761     0.777      3.46     0.639         0
   243/299     7.81G     0.723     0.149         0     0.872        18       608       0.8     0.768     0.767     0.784      3.45     0.639         0
   244/299     7.81G     0.718     0.153         0     0.871        10       608     0.801     0.763     0.759     0.782      3.47     0.642         0
   245/299     7.81G     0.732     0.171         0     0.903         7       608     0.803     0.771     0.758     0.787      3.47     0.644         0
   246/299     7.81G      0.72     0.165         0     0.885        15       608     0.804     0.768     0.766     0.786      3.47     0.645         0
   247/299     7.81G     0.724     0.164         0     0.888        22       608     0.805     0.762     0.769     0.783      3.46     0.649         0
   248/299     7.81G     0.723     0.159         0     0.882         9       608     0.803     0.763     0.773     0.783      3.46     0.656         0
   249/299     7.81G     0.683      0.15         0     0.833        13       608     0.804     0.778     0.775     0.791      3.45     0.659         0
   250/299     7.81G      0.72     0.149         0     0.869        17       608     0.798     0.769     0.775     0.784      3.44     0.662         0
   251/299     7.81G     0.648     0.124         0     0.772         6       608     0.799     0.773     0.769     0.786      3.42      0.66         0
   252/299     7.81G     0.639     0.129         0     0.768        20       608     0.803     0.772     0.769     0.787      3.42     0.657         0
   253/299     7.81G     0.727     0.155         0     0.882        21       608     0.792     0.768     0.764      0.78      3.44     0.657         0
   254/299     7.81G     0.662     0.137         0     0.799         6       608     0.798     0.774     0.769     0.786      3.43     0.657         0
   255/299     7.81G     0.647     0.136         0     0.783        24       608     0.804     0.779     0.768     0.791      3.43     0.655         0
   256/299     7.81G     0.689     0.139         0     0.828        23       608     0.791     0.758     0.759     0.774      3.43     0.655         0
   257/299     7.81G     0.642     0.144         0     0.786         5       608     0.793     0.764     0.765     0.778      3.43     0.657         0
   258/299     7.81G     0.709     0.136         0     0.844        15       608      0.78     0.758     0.767     0.769      3.43     0.657         0
   259/299     7.81G     0.623     0.146         0     0.768        13       608     0.793     0.758     0.765     0.775      3.43      0.66         0
   260/299     7.81G     0.666     0.142         0     0.807         7       608     0.795     0.768     0.772     0.781      3.42      0.66         0
   261/299     7.81G     0.656     0.137         0     0.793        20       608     0.802     0.779     0.774      0.79      3.43     0.661         0
   262/299     7.81G     0.713     0.157         0      0.87        19       608     0.798     0.774     0.767     0.786      3.42     0.662         0
   263/299     7.81G     0.658     0.152         0      0.81        12       608     0.791     0.768     0.763      0.78      3.43     0.661         0
   264/299     7.81G     0.634     0.142         0     0.776        17       608      0.79     0.773     0.769     0.782      3.43     0.658         0
   265/299     7.81G     0.674     0.129         0     0.803        26       608     0.785     0.774     0.772     0.779      3.44     0.656         0
   266/299     7.81G     0.714     0.147         0     0.861         9       608     0.797     0.784     0.779     0.791      3.46     0.656         0
   267/299     7.81G     0.605     0.129         0     0.734        16       608     0.794     0.784      0.77     0.789      3.45     0.657         0
   268/299     7.81G     0.668     0.136         0     0.804        15       608     0.797     0.779     0.765     0.788      3.45     0.658         0
   269/299     7.81G      0.69     0.137         0     0.827         6       608     0.795     0.779     0.763     0.787      3.45      0.66         0
   270/299     7.81G     0.667     0.147         0     0.814        15       608     0.795     0.768     0.767     0.782      3.45     0.659         0
   271/299     7.81G     0.621     0.133         0     0.754        15       608     0.796     0.768     0.766     0.782      3.46     0.658         0
   272/299     7.81G     0.633     0.136         0     0.769         6       608       0.8     0.768     0.766     0.784      3.44     0.658         0
   273/299     7.81G     0.634     0.155         0     0.788        19       608     0.794     0.774     0.767     0.784      3.44     0.659         0
   274/299     7.81G     0.663     0.151         0     0.814        17       608     0.792     0.763      0.76     0.777      3.43     0.661         0
   275/299     7.81G     0.614     0.131         0     0.745        11       608     0.796     0.763     0.763     0.779      3.43     0.662         0
   276/299     7.81G     0.609     0.143         0     0.752        19       608     0.803     0.763     0.759     0.783      3.42     0.661         0
   277/299     7.81G     0.648     0.146         0     0.794        20       608     0.809     0.763     0.765     0.785      3.42     0.661         0
   278/299     7.81G     0.623     0.142         0     0.765         8       608     0.799     0.758     0.757     0.778      3.42     0.663         0
   279/299     7.81G     0.626     0.131         0     0.757        21       608     0.799     0.758     0.756     0.778      3.42     0.664         0
   280/299     7.81G     0.638     0.146         0     0.784        13       608     0.806     0.763     0.761     0.784      3.42     0.666         0
   281/299     7.81G     0.645     0.142         0     0.786         4       608     0.806     0.768     0.758     0.787      3.42     0.665         0
   282/299     7.81G     0.601     0.148         0     0.749        12       608     0.801     0.768     0.758     0.784      3.43      0.67         0
   283/299     7.81G     0.617     0.128         0     0.745        20       608     0.801     0.768     0.755     0.784      3.42     0.669         0
   284/299     7.81G     0.667     0.146         0     0.813         6       608     0.793     0.763     0.756     0.778      3.42     0.671         0
   285/299     7.81G     0.642     0.142         0     0.784        12       608     0.799     0.772     0.775     0.785      3.43     0.675         0
   286/299     7.81G     0.618     0.157         0     0.775        22       608     0.797     0.768     0.774     0.782      3.42     0.678         0
   287/299     7.81G     0.608      0.14         0     0.748        10       608     0.802     0.767     0.785     0.784      3.43     0.681         0
   288/299     7.81G     0.625     0.135         0      0.76        16       608     0.807     0.771     0.786     0.789      3.42      0.68         0
   289/299     7.81G     0.618     0.144         0     0.762        20       608     0.807      0.77     0.782     0.788      3.42     0.677         0
   290/299     7.81G     0.605     0.121         0     0.726         8       608     0.807     0.774     0.781      0.79      3.43     0.677         0
   291/299     7.81G      0.63     0.168         0     0.797        22       608     0.797     0.774     0.773     0.785      3.43     0.676         0
   292/299     7.81G     0.611     0.143         0     0.754        21       608     0.808     0.773     0.772      0.79      3.43     0.675         0
   293/299     7.81G     0.637     0.171         0     0.808         5       608     0.799     0.763      0.77     0.781      3.43     0.674         0
   294/299     7.81G      0.59     0.132         0     0.722        15       608       0.8     0.763      0.77     0.781      3.43     0.673         0
   295/299     7.81G     0.664     0.155         0     0.819        20       608       0.8     0.768     0.768     0.784      3.43     0.675         0
   296/299     7.81G     0.604     0.127         0     0.731         7       608     0.796     0.768     0.765     0.782      3.42     0.674         0
   297/299     7.81G     0.584     0.127         0     0.711        15       608     0.797     0.768     0.765     0.783      3.41     0.678         0
   298/299     7.81G     0.624     0.137         0     0.761        15       608     0.796     0.768     0.766     0.782      3.41     0.678         0
   299/299     7.81G     0.582     0.139         0     0.722         4       608     0.805     0.768     0.767     0.786       3.4     0.677         0
