[          1]
[          1]
[          1]
[          1]
[          1]
[          1]
[          1]
[          1]
[          1]
[          1]
[          1]
[          1]
[          1]
[          1]
[          1]
[          1]
[          1]
[          1]
[          1]
[          1]
[          1]
[          1]
[          1]
[          1]
[          1]
[          1]
[          1]
[          1]
[          1]
[          1]
[          1]
[          1]
[          1]
[          1]
[          1]
[          1]
[          1]
[          1]
[          1]
[          1]
[          1]
[          1]
[          1]
[          1]
[          1]
[          1]
[          1]
[          1]
[          1]
[          1]
[          1]
[          1]
[          1]
[          1]
[          1]
[          1]
[          1]
[          1]
[          1]
[    0.98333]
[    0.98361]
[    0.98387]
[    0.98413]
[    0.98438]
[    0.98462]
[    0.98485]
[    0.98507]
[    0.98529]
[    0.98551]
[    0.98571]
[    0.98592]
[    0.98611]
[     0.9863]
[    0.98649]
[    0.98667]
[    0.98684]
[    0.98701]
[    0.98718]
[    0.98734]
[      0.975]
[    0.97531]
[    0.97561]
[     0.9759]
[    0.96429]
[    0.96471]
[    0.96512]
[    0.96552]
[    0.96591]
[    0.96629]
[    0.96667]
[    0.96703]
[    0.96739]
[    0.96774]
[    0.96809]
[    0.96842]
[    0.96875]
[    0.96907]
[    0.95918]
[     0.9596]
[       0.96]
[     0.9604]
[    0.96078]
[    0.95146]
[    0.94231]
[    0.94286]
[    0.93396]
[    0.92523]
[    0.92593]
[    0.91743]
[    0.90909]
[    0.90991]
[    0.90179]
[    0.89381]
[    0.88596]
[    0.87826]
[    0.87069]
[    0.86325]
[    0.85593]
[    0.84874]
[    0.84167]
[    0.83471]
[    0.83607]
[    0.82927]
[    0.82258]
[      0.816]
[    0.80952]
[    0.80315]
[    0.79688]
[     0.7907]
[    0.78462]
[    0.77863]
[    0.77273]
[    0.76692]
[    0.76119]
[    0.75556]
[       0.75]
[    0.74453]
[    0.73913]
[    0.74101]
[    0.73571]
[    0.73759]
[    0.73239]
[    0.72727]
[    0.72222]
[    0.71724]
[    0.71233]
[    0.70748]
[    0.70946]
[     0.7047]
[        0.7]
[    0.70199]
[    0.69737]
[    0.69281]
[    0.68831]
[    0.68387]
[     0.6859]
[    0.68153]
[    0.67722]
[    0.67296]
[    0.66875]
[     0.6646]
[    0.66049]
[    0.65644]
[    0.65244]
[    0.64848]
[    0.64458]
[    0.64072]
[     0.6369]
[    0.63314]
[    0.62941]
[    0.62573]
[    0.62209]
[     0.6185]
[    0.61494]
[    0.61143]
[    0.60795]
[    0.60452]
[    0.60112]
[    0.59777]
[    0.59444]
[    0.59116]
[    0.58791]
[     0.5847]
[    0.58152]
[    0.57838]
[    0.57527]
[    0.57219]
[    0.56915]
[    0.56614]
[    0.56316]
[    0.56021]
[    0.55729]
[     0.5544]
[    0.55155]
[    0.54872]
[    0.54592]
[    0.54315]
[     0.5404]
[    0.53769]
[      0.535]
[    0.53234]
[     0.5297]
[    0.52709]
[    0.52451]
[    0.52195]
[    0.51942]
[    0.51691]
[    0.51442]
[    0.51196]
[    0.50952]
[    0.50711]
[    0.50472]
[    0.50235]
[        0.5]
[    0.49767]
[    0.49537]
[    0.49309]
[    0.49083]
[    0.48858]
[    0.48636]
[    0.48416]
[    0.48198]
[    0.47982]
[    0.47768]
[    0.47556]
[    0.47345]
[    0.47137]
[     0.4693]
[    0.46725]
[    0.46522]
[     0.4632]
[    0.46121]
[    0.45923]
[    0.45726]
[    0.45532]
[    0.45339]
[    0.45148]
[    0.44958]
[     0.4477]
[    0.44583]
[    0.44398]
[    0.44215]
[    0.44033]
[    0.43852]
[    0.43673]
[    0.43496]
[     0.4332]
[    0.43145]
[    0.42972]
[      0.428]
[    0.42629]
[     0.4246]
[    0.42292]
[    0.42126]
[    0.41961]
[    0.41797]
[    0.41634]
[    0.41473]
[    0.41313]
[    0.41154]
[    0.40996]
[     0.4084]
[    0.40684]
[     0.4053]
[    0.40377]
[    0.40226]
[    0.40075]
[    0.39925]
[    0.39777]
[     0.3963]
[    0.39483]
[    0.39338]
[    0.39194]
[    0.39051]
[    0.38909]
[    0.38768]
[    0.38628]
[    0.38489]
[    0.38351]
[    0.38214]
[    0.38078]
[    0.37943]
[    0.37809]
[    0.37676]
[    0.37544]
[    0.37413]
[    0.37282]
[    0.37153]
[    0.37024]
[    0.36897]
[     0.3677]
[    0.36644]
[    0.36519]
[    0.36395]
[    0.36271]
[    0.36149]
[    0.36027]
[    0.35906]
[    0.35786]
[    0.35667]
[    0.35548]
[     0.3543]
[    0.35314]
[    0.35197]
[    0.35082]
[    0.34967]
[    0.34853]
[     0.3474]
[    0.34628]
[    0.34516]
[    0.34405]
[    0.34295]
[    0.34185]
[    0.34076]
[    0.33968]
[    0.33861]
[    0.33754]
[    0.33648]
[    0.33542]
[    0.33437]
[    0.33333]
[     0.3323]
[    0.33127]
[    0.33025]
[    0.32923]
[    0.32822]
[    0.32722]
[    0.32622]
[    0.32523]
[    0.32424]
[    0.32326]
[    0.32229]
[    0.32132]
[    0.32036]
[     0.3194]
[    0.31845]
[    0.31751]
[    0.31657]
[    0.31563]
[    0.31471]
[    0.31378]
[    0.31287]
[    0.31195]
[    0.31105]
[    0.31014]
[    0.30925]
[    0.30836]
[    0.30747]
[    0.30659]
[    0.30571]
[    0.30484]
[    0.30398]
[    0.30312]
[    0.30226]
[    0.30141]
[    0.30056]
[    0.29972]
[    0.29888]
[    0.29805]
[    0.29722]
[     0.2964]
[    0.29558]
[    0.29477]
[    0.29396]
[    0.29315]
[    0.29235]
[    0.29155]
[    0.29076]
[    0.28997]
[    0.28919]
[    0.28841]
[    0.28763]
[    0.28686]
[     0.2861]
[    0.28533]
[    0.28457]
[    0.28382]
[    0.28307]
