     0/299     7.81G      7.74      31.5         0      39.3        11       608         0         0    0.0229         0      6.71      1.61         0
     1/299      7.8G      5.93      2.09         0      8.02        14       608         0         0    0.0177         0      5.92      1.54         0
     2/299     7.81G      5.25      1.63         0      6.88         5       608         0         0    0.0226         0      5.13      1.33         0
     3/299     7.81G      4.66      1.46         0      6.12        14       608         0         0     0.063         0      5.75      1.07         0
     4/299     7.81G      4.42      1.13         0      5.55        14       608         0         0    0.0833         0      4.88     0.899         0
     5/299     7.81G      4.34      1.04         0      5.38         5       608     0.126    0.0796    0.0905    0.0976      5.16     0.794         0
     6/299     7.81G      4.39     0.911         0       5.3        13       608     0.336    0.0179     0.269     0.034      4.28     0.748         0
     7/299     7.81G      4.64     0.768         0      5.41         9       608         0         0      0.11         0      4.84     0.679         0
     8/299     7.81G      4.24     0.884         0      5.13         5       608         0         0     0.339         0      4.31     0.691         0
     9/299     7.81G      3.82     0.797         0      4.61        12       608     0.626     0.148     0.357      0.24      4.29     0.577         0
    10/299     7.81G       4.8     0.773         0      5.58        14       608     0.743    0.0177     0.477    0.0346      3.88     0.731         0
    11/299     7.81G      3.69     0.799         0      4.49         4       608     0.342   0.00885     0.485    0.0173      3.59     0.676         0
    12/299     7.81G      3.81     0.741         0      4.55        10       608     0.749    0.0264     0.359     0.051      3.86     0.633         0
    13/299     7.81G      4.28     0.735         0      5.01        10       608         0         0    0.0375         0      3.76     0.823         0
    14/299     7.81G      3.67      0.82         0      4.49         4       608         1   0.00885     0.458    0.0175      3.86     0.631         0
    15/299     7.81G      3.75     0.705         0      4.46        10       608         1   0.00885     0.442    0.0175      3.92       0.6         0
    16/299     7.81G      3.72      0.71         0      4.43        12       608         1   0.00885     0.654    0.0175      3.46     0.605         0
    17/299     7.81G      3.32     0.681         0         4         5       608     0.695    0.0208     0.598    0.0403      4.08     0.596         0
    18/299     7.81G      3.89     0.684         0      4.58        14       608         1   0.00885     0.511    0.0175      4.94     0.783         0
    19/299     7.81G      3.65     0.704         0      4.35        10       608         0         0    0.0763         0      5.71     0.649         0
    20/299     7.81G      3.91     0.631         0      4.54         5       608         0         0         0         0      15.4  7.36e+03         0
    21/299     7.81G      4.27     0.706         0      4.97        11       608         0         0    0.0014         0      6.17     0.875         0
    22/299     7.81G      4.59     0.644         0      5.24         9       608         0         0         0         0      6.86     0.872         0
    23/299     7.81G      4.86     0.634         0       5.5         5       608         0         0   0.00293         0      6.16     0.796         0
    24/299     7.81G      4.18     0.663         0      4.84        10       608     0.128    0.0177    0.0179    0.0311       5.4     0.667         0
    25/299     7.81G      4.23      0.64         0      4.87        14       608    0.0756    0.0442    0.0512    0.0558      5.22      0.63         0
    26/299     7.81G      4.42     0.585         0         5         5       608     0.363     0.159     0.168     0.221      5.04     0.728         0
    27/299     7.81G      4.08     0.653         0      4.74        10       608     0.622     0.283     0.324     0.389      4.58     0.577         0
    28/299     7.81G      3.98     0.646         0      4.63        11       608     0.966     0.142     0.426     0.247      4.38     0.539         0
    29/299     7.81G      3.58     0.588         0      4.17         2       608     0.625     0.265     0.396     0.372       4.3     0.481         0
    30/299     7.81G      3.97     0.557         0      4.53        12       608     0.816     0.236     0.455     0.366      4.13     0.467         0
    31/299     7.81G       3.6     0.542         0      4.14        15       608     0.883      0.31     0.528     0.459      3.97     0.433         0
    32/299     7.81G      3.58     0.532         0      4.11         5       608     0.824     0.289     0.562     0.428      3.97     0.456         0
    33/299     7.81G      3.61      0.57         0      4.18        12       608     0.774     0.304     0.582     0.436      3.73      0.47         0
    34/299     7.81G      3.64     0.547         0      4.19        13       608     0.747     0.434     0.573     0.549      3.76     0.434         0
    35/299     7.81G      3.44     0.552         0      3.99         5       608     0.845     0.338     0.624     0.483      3.66     0.432         0
    36/299     7.81G      3.22     0.522         0      3.74        13       608     0.735      0.49     0.575     0.588      3.72     0.412         0
    37/299     7.81G      3.37     0.527         0       3.9        13       608     0.859     0.442     0.648     0.584      3.46     0.429         0
    38/299     7.81G      3.29     0.521         0      3.82         2       608     0.946      0.31     0.629     0.467      3.87     0.431         0
    39/299     7.81G      3.33     0.525         0      3.86        10       608     0.965     0.489     0.677     0.649      3.66      0.43         0
    40/299     7.81G      3.08     0.492         0      3.57        14       608     0.893      0.37     0.678     0.523      3.43     0.409         0
    41/299     7.81G      2.83     0.483         0      3.31         3       608     0.934     0.373     0.678     0.533       3.4     0.421         0
    42/299     7.81G      3.14     0.479         0      3.62        13       608     0.965     0.245     0.625     0.391      3.77     0.489         0
    43/299     7.81G      3.28     0.493         0      3.77        16       608     0.738     0.299     0.527     0.425      3.63     0.477         0
    44/299     7.81G      2.89       0.5         0      3.39         3       608     0.845     0.484     0.681     0.616       3.5     0.424         0
    45/299     7.81G      3.18     0.475         0      3.65        13       608     0.848     0.487     0.687     0.619      3.47     0.403         0
    46/299     7.81G      2.97     0.471         0      3.45         7       608     0.927     0.339     0.645     0.497      3.66     0.447         0
    47/299     7.81G      2.96     0.447         0      3.41         3       608     0.939     0.425     0.658     0.585       3.6      0.42         0
    48/299     7.81G      2.93     0.444         0      3.38         9       608     0.685     0.636     0.717      0.66      3.29     0.374         0
    49/299     7.81G       3.1     0.444         0      3.54         9       608      0.92     0.404     0.751     0.562      3.25      0.41         0
    50/299     7.81G      2.75     0.472         0      3.22         4       608     0.895     0.454      0.73     0.602      3.09     0.413         0
    51/299     7.81G      2.82     0.399         0      3.22        13       608     0.837     0.545     0.701     0.661      3.18     0.398         0
    52/299     7.81G      2.71     0.413         0      3.12        11       608     0.842     0.558     0.779     0.671      3.08      0.38         0
    53/299     7.81G      2.69     0.421         0      3.11         5       608     0.958     0.611     0.804     0.747       3.1     0.364         0
    54/299     7.81G       2.7     0.453         0      3.15        11       608     0.942     0.602     0.802     0.734      2.89     0.371         0
    55/299     7.81G      2.67     0.428         0      3.09         9       608     0.867     0.664     0.802     0.752      3.18     0.355         0
    56/299     7.81G      2.82     0.409         0      3.23         4       608     0.928     0.454     0.761     0.609      3.25     0.389         0
    57/299     7.81G      2.52     0.438         0      2.96        11       608     0.883     0.646     0.794     0.746      2.81     0.358         0
    58/299     7.81G      2.55     0.432         0      2.98        13       608     0.882     0.735     0.822     0.802      2.98     0.352         0
    59/299     7.81G      2.64     0.419         0      3.06         4       608     0.925     0.545     0.816     0.686      2.79     0.386         0
    60/299     7.81G      2.42     0.421         0      2.84        11       608     0.868      0.69     0.849     0.769      2.95      0.36         0
    61/299     7.81G      2.59     0.406         0      2.99        14       608     0.856     0.655     0.798     0.742      2.86      0.36         0
    62/299     7.81G      2.66     0.414         0      3.07         7       608     0.928     0.574     0.797     0.709      2.84     0.379         0
    63/299     7.81G       2.5     0.407         0      2.91        10       608     0.911     0.633      0.82     0.747         3     0.359         0
    64/299     7.81G      2.66     0.382         0      3.04        10       608     0.916     0.584     0.799     0.713      3.27      0.38         0
    65/299     7.81G      2.49     0.464         0      2.96         5       608     0.927     0.561     0.785     0.699      3.26     0.383         0
    66/299     7.81G      2.45     0.413         0      2.87        10       608     0.922     0.631     0.808     0.749      3.15     0.377         0
    67/299     7.81G      2.56     0.388         0      2.95        10       608     0.898     0.699     0.823     0.786      2.89     0.366         0
    68/299     7.81G      2.31      0.41         0      2.72         3       608     0.877     0.629     0.813     0.732      2.88     0.374         0
    69/299     7.81G      2.35     0.357         0      2.71        10       608     0.881     0.611     0.782     0.721      2.92     0.386         0
    70/299     7.81G      2.46     0.403         0      2.86         9       608     0.886     0.602     0.826     0.717      2.85     0.384         0
    71/299     7.81G      2.28     0.413         0      2.69         7       608     0.932     0.664     0.862     0.775      2.68     0.358         0
    72/299     7.81G      2.16     0.371         0      2.54        10       608     0.859     0.717     0.843     0.782      3.09     0.342         0
    73/299     7.81G      2.35     0.404         0      2.75        11       608     0.933     0.619     0.849     0.744      2.75     0.359         0
    74/299     7.81G      2.38     0.412         0      2.79         7       608     0.878     0.701     0.854      0.78      2.79     0.347         0
    75/299     7.81G      2.28     0.361         0      2.64        11       608     0.886     0.618     0.815     0.728      2.76     0.395         0
    76/299     7.81G      2.33     0.384         0      2.72        11       608     0.911     0.635     0.786     0.748      2.91     0.385         0
    77/299     7.81G      2.25     0.381         0      2.64         7       608     0.889      0.69     0.834     0.777      2.65     0.362         0
    78/299     7.81G      2.18     0.347         0      2.53        11       608     0.829     0.735     0.855     0.779      2.96     0.333         0
    79/299     7.81G      2.22     0.365         0      2.59        11       608     0.918     0.696     0.857     0.792      2.75     0.346         0
    80/299     7.81G      2.14     0.363         0      2.51         4       608     0.851     0.758     0.868     0.802      2.66     0.325         0
    81/299     7.81G      2.11     0.332         0      2.44        11       608     0.923     0.741     0.874     0.822      2.82     0.345         0
    82/299     7.81G       2.2     0.341         0      2.54        12       608     0.958     0.613      0.84     0.748      3.05      0.38         0
    83/299     7.81G       2.2     0.338         0      2.54         4       608     0.964     0.704     0.851     0.813      2.73     0.346         0
    84/299     7.81G      2.25     0.331         0      2.58        11       608      0.83     0.776      0.86     0.802      2.73     0.315         0
    85/299     7.81G      2.18     0.353         0      2.54        12       608     0.814     0.788     0.883     0.801      2.71      0.32         0
    86/299     7.81G      2.03     0.368         0       2.4         3       608     0.826     0.752     0.862     0.787      2.69     0.325         0
    87/299     7.81G      2.12     0.333         0      2.45        10       608     0.772     0.788     0.826      0.78      2.76     0.336         0
    88/299     7.81G         2     0.325         0      2.33        10       608     0.786     0.714     0.837     0.748       2.7     0.339         0
    89/299     7.81G      2.19     0.318         0      2.51         2       608     0.851     0.752      0.85     0.798      2.66     0.323         0
    90/299     7.81G         2     0.335         0      2.34         8       608      0.85     0.703     0.836     0.769      2.62     0.332         0
    91/299     7.81G      2.06     0.347         0      2.41        13       608     0.853      0.77      0.86     0.809      2.65     0.326         0
    92/299     7.81G      1.93      0.32         0      2.25         4       608      0.84     0.779     0.887     0.808      2.53     0.309         0
    93/299     7.81G      2.14      0.34         0      2.48         7       608     0.987     0.661     0.879     0.792      2.76     0.335         0
    94/299     7.81G       1.8     0.361         0      2.16        11       608     0.904     0.726     0.879     0.805      2.55     0.314         0
    95/299     7.81G      2.04     0.311         0      2.35         3       608     0.879     0.772     0.859     0.822      2.68     0.308         0
    96/299     7.81G      1.98      0.34         0      2.32         8       608     0.821     0.769     0.888     0.794       2.8      0.31         0
    97/299     7.81G      1.94      0.32         0      2.26        13       608     0.854     0.823     0.885     0.838      2.62     0.301         0
    98/299     7.81G      1.79     0.298         0      2.09         3       608      0.81     0.866      0.88     0.837      2.47     0.304         0
    99/299     7.81G      1.98     0.331         0      2.31        10       608     0.859     0.796     0.883     0.827      2.45     0.319         0
   100/299     7.81G      1.83     0.317         0      2.15         9       608     0.861     0.788      0.89     0.822      2.41     0.319         0
   101/299     7.81G      1.99     0.329         0      2.32         4       608     0.827     0.814     0.869     0.821      2.47     0.317         0
   102/299     7.81G       1.8      0.34         0      2.14         9       608     0.831     0.781     0.866     0.805      2.42     0.332         0
   103/299     7.81G      1.96      0.31         0      2.27        14       608     0.908     0.752      0.87     0.823      2.41     0.358         0
   104/299     7.81G      1.88      0.34         0      2.22         4       608     0.873     0.796     0.878     0.833      2.42     0.341         0
   105/299     7.81G      1.93     0.342         0      2.27        13       608     0.885     0.805     0.878     0.843      2.41      0.34         0
   106/299     7.81G      1.88      0.31         0      2.19        10       608      0.89     0.823     0.896     0.855      2.46     0.326         0
   107/299     7.81G      1.76     0.291         0      2.05         3       608      0.86     0.763     0.883     0.809      2.53     0.317         0
   108/299     7.81G      1.73     0.299         0      2.03         9       608     0.851     0.761     0.869     0.804      2.58     0.309         0
   109/299     7.81G      1.69     0.296         0      1.98         9       608     0.874     0.736     0.854     0.799      2.65     0.321         0
   110/299     7.81G      1.78     0.289         0      2.06         4       608     0.889     0.761     0.867      0.82      2.54     0.319         0
   111/299     7.81G      1.92     0.291         0      2.21        11       608     0.866     0.752     0.859     0.805       2.5     0.327         0
   112/299     7.81G       1.8     0.322         0      2.12        11       608     0.895     0.761     0.866     0.822      2.46     0.309         0
   113/299     7.81G      1.84       0.3         0      2.14         4       608     0.874     0.796     0.901     0.833      2.49     0.301         0
   114/299     7.81G      1.71     0.287         0         2        12       608     0.866     0.797     0.892      0.83      2.68     0.302         0
   115/299     7.81G      1.73     0.281         0      2.01         6       608     0.868     0.814      0.88      0.84      2.57     0.297         0
   116/299     7.81G      1.67     0.291         0      1.97         3       608     0.869     0.823     0.897     0.846      2.48     0.309         0
   117/299     7.81G       1.7     0.302         0         2        11       608     0.824     0.805     0.878     0.815       2.4     0.313         0
   118/299     7.81G      1.78      0.29         0      2.07         9       608     0.851     0.806     0.881     0.828      2.41     0.318         0
   119/299     7.81G      1.73     0.311         0      2.04         4       608     0.842     0.804     0.869     0.823      2.41     0.323         0
   120/299     7.81G      1.68     0.291         0      1.97        10       608     0.868     0.812     0.903     0.839       2.5     0.303         0
   121/299     7.81G      1.74     0.316         0      2.06        13       608     0.875     0.867     0.929     0.871      2.37     0.313         0
   122/299     7.81G      1.71     0.283         0      1.99         8       608     0.877     0.805     0.905      0.84      2.48     0.331         0
   123/299     7.81G      1.58     0.302         0      1.88         9       608     0.897     0.796      0.89     0.844      2.52     0.326         0
   124/299     7.81G      1.61     0.271         0      1.89        11       608     0.871     0.835     0.888     0.852      2.46     0.296         0
   125/299     7.81G      1.73     0.262         0      1.99         3       608     0.871     0.814     0.877     0.841      2.39     0.289         0
   126/299     7.81G      1.69     0.303         0      1.99        15       608     0.876     0.823     0.899     0.849       2.4      0.29         0
   127/299     7.81G       1.7     0.273         0      1.97        11       608     0.893     0.813     0.888     0.851      2.38     0.298         0
   128/299     7.81G      1.62     0.287         0      1.91         4       608     0.867     0.832     0.889     0.849      2.38     0.296         0
   129/299     7.81G      1.51     0.291         0       1.8        10       608     0.829     0.814     0.852     0.822      2.44      0.29         0
   130/299     7.81G      1.66     0.312         0      1.97        13       608     0.862     0.831     0.889     0.847      2.29     0.293         0
   131/299     7.81G      1.58     0.268         0      1.85         3       608     0.871     0.832     0.895     0.851      2.43     0.304         0
   132/299     7.81G      1.71     0.268         0      1.98        12       608     0.878     0.761     0.895     0.816      2.31     0.316         0
   133/299     7.81G      1.72      0.31         0      2.03        10       608     0.907     0.761     0.911     0.828      2.29     0.338         0
   134/299     7.81G      1.47     0.298         0      1.77         4       608     0.912     0.823     0.915     0.865       2.3     0.313         0
   135/299     7.81G      1.58     0.291         0      1.87         9       608     0.884     0.811     0.895     0.846      2.46       0.3         0
   136/299     7.81G      1.59     0.276         0      1.87        12       608     0.874       0.8     0.894     0.836      2.42     0.302         0
   137/299     7.81G      1.51     0.276         0      1.78         3       608     0.888     0.876     0.917     0.882      2.28     0.302         0
   138/299     7.81G      1.52     0.281         0       1.8        12       608     0.894      0.85     0.932     0.871      2.24     0.307         0
   139/299     7.81G      1.51     0.265         0      1.78        13       608     0.895     0.841     0.923     0.867       2.2     0.304         0
   140/299     7.81G      1.47     0.267         0      1.74         4       608     0.891      0.85     0.908      0.87      2.16     0.301         0
   141/299     7.81G      1.63     0.263         0      1.89        12       608      0.88     0.846     0.923     0.863      2.21     0.308         0
   142/299     7.81G      1.54     0.267         0       1.8        10       608     0.911      0.82      0.91     0.863      2.35     0.301         0
   143/299     7.81G      1.47     0.253         0      1.73         5       608     0.892     0.803     0.889     0.845      2.38     0.296         0
   144/299     7.81G      1.43      0.28         0      1.71        12       608     0.871     0.836     0.901     0.853      2.39      0.29         0
   145/299     7.81G       1.5      0.27         0      1.77        13       608     0.912     0.827     0.905     0.868      2.36     0.291         0
   146/299     7.81G      1.37     0.253         0      1.62         4       608     0.903     0.826       0.9     0.863      2.33      0.29         0
   147/299     7.81G      1.44     0.234         0      1.67         8       608     0.831     0.823     0.865     0.827      2.31     0.291         0
   148/299     7.81G      1.48     0.255         0      1.74        12       608     0.867      0.81     0.883     0.838      2.28     0.293         0
   149/299     7.81G      1.41     0.278         0      1.69         1       608     0.894     0.822     0.904     0.857      2.34     0.292         0
   150/299     7.81G      1.47     0.247         0      1.71        14       608     0.894     0.796       0.9     0.842       2.3      0.29         0
   151/299     7.81G       1.5     0.246         0      1.75        11       608     0.897     0.805     0.889     0.849       2.4     0.283         0
   152/299     7.81G       1.5      0.27         0      1.78         6       608     0.901     0.814     0.903     0.855      2.31     0.287         0
   153/299     7.81G      1.37     0.247         0      1.61         6       608     0.872     0.832     0.911     0.852      2.25     0.283         0
   154/299     7.81G      1.46     0.234         0      1.69         7       608     0.858     0.855     0.917     0.856       2.2     0.296         0
   155/299     7.81G      1.46      0.25         0      1.71         3       608     0.897     0.848     0.918     0.872      2.17     0.298         0
   156/299     7.81G      1.35     0.246         0      1.59        13       608     0.871     0.867     0.916     0.869      2.18     0.289         0
   157/299     7.81G       1.3     0.257         0      1.56        11       608     0.868      0.85     0.908     0.859      2.21     0.283         0
   158/299     7.81G      1.37     0.242         0      1.61         4       608     0.889     0.852     0.917      0.87      2.16      0.28         0
   159/299     7.81G      1.33     0.235         0      1.57        11       608     0.875      0.85       0.9     0.862      2.19     0.272         0
   160/299     7.81G      1.36      0.24         0       1.6        14       608     0.875     0.802     0.889     0.837      2.29      0.27         0
   161/299     7.81G       1.3     0.231         0      1.54         3       608      0.88     0.796     0.881     0.836      2.34     0.271         0
   162/299     7.81G      1.39      0.24         0      1.63         8       608     0.896     0.805     0.913     0.848      2.32     0.269         0
   163/299     7.81G      1.27     0.208         0      1.48        11       608     0.912     0.821      0.91     0.864      2.31     0.268         0
   164/299     7.81G      1.36     0.245         0       1.6         3       608       0.9     0.832     0.914     0.864      2.22     0.269         0
   165/299     7.81G      1.27     0.223         0       1.5        12       608     0.911     0.841     0.925     0.874      2.17     0.272         0
   166/299     7.81G      1.39     0.218         0      1.61        12       608     0.905      0.84     0.923     0.871      2.22     0.279         0
   167/299     7.81G      1.24     0.226         0      1.47         5       608     0.885     0.805     0.901     0.843      2.23     0.292         0
   168/299     7.81G       1.3     0.213         0      1.51         8       608     0.895     0.832      0.92     0.863      2.22     0.296         0
   169/299     7.81G      1.39     0.215         0       1.6         8       608     0.887     0.832     0.921     0.859      2.22     0.293         0
   170/299     7.81G       1.4     0.269         0      1.67         5       608     0.879     0.837     0.914     0.858      2.24     0.288         0
   171/299     7.81G      1.27     0.248         0      1.51         9       608     0.881     0.832     0.921     0.856      2.22     0.287         0
   172/299     7.81G      1.19     0.219         0      1.41         9       608     0.851     0.858     0.899     0.855      2.21     0.277         0
   173/299     7.81G       1.2     0.215         0      1.41         5       608     0.849     0.847     0.893     0.848      2.24     0.276         0
   174/299     7.81G      1.28     0.231         0      1.51        14       608     0.892     0.841     0.889     0.865      2.21     0.279         0
   175/299     7.81G      1.29     0.228         0      1.52        14       608     0.893     0.832     0.892     0.861      2.22     0.282         0
   176/299     7.81G       1.2     0.228         0      1.43         4       608     0.862      0.83     0.917     0.846       2.3     0.285         0
   177/299     7.81G      1.28     0.228         0      1.51        10       608     0.865     0.849     0.922     0.857      2.26     0.282         0
   178/299     7.81G      1.21     0.223         0      1.44        13       608     0.852     0.867     0.908      0.86      2.23      0.28         0
   179/299     7.81G      1.21     0.223         0      1.43         2       608     0.881     0.876     0.927     0.878      2.28     0.282         0
   180/299     7.81G       1.1      0.21         0      1.31        13       608     0.844     0.885     0.902     0.864       2.3     0.291         0
   181/299     7.81G      1.25      0.22         0      1.47         9       608     0.869     0.885       0.9     0.877      2.28     0.293         0
   182/299     7.81G      1.22     0.228         0      1.44         4       608     0.916     0.876     0.906     0.896       2.2     0.287         0
   183/299     7.81G       1.2     0.211         0      1.41        11       608       0.9     0.871     0.898     0.885      2.22     0.288         0
   184/299     7.81G      1.16     0.234         0       1.4         8       608     0.898      0.86     0.898     0.879      2.15     0.287         0
   185/299     7.81G      1.13      0.22         0      1.35         5       608     0.897     0.832       0.9     0.863      2.13     0.277         0
   186/299     7.81G      1.09     0.212         0      1.31        10       608     0.896     0.842     0.907     0.869      2.14     0.287         0
   187/299     7.81G      1.18     0.219         0       1.4        11       608     0.874      0.85     0.914     0.862      2.07     0.289         0
   188/299     7.81G      1.12     0.217         0      1.34         6       608     0.862     0.885     0.915     0.874      2.06     0.287         0
   189/299     7.81G      1.12     0.226         0      1.35        12       608     0.856     0.894     0.918     0.875      2.05     0.289         0
   190/299     7.81G      1.12      0.22         0      1.34        11       608     0.856     0.894     0.921     0.875      2.05     0.291         0
   191/299     7.81G      1.09     0.232         0      1.32         3       608     0.889     0.867      0.92     0.878      2.04     0.289         0
   192/299     7.81G      1.14     0.221         0      1.36        13       608     0.885     0.823     0.917     0.853      2.05      0.29         0
   193/299     7.81G      1.06     0.213         0      1.28        12       608     0.884     0.812     0.915     0.847      2.04     0.288         0
   194/299     7.81G      1.04     0.184         0      1.23         3       608     0.877     0.818     0.912     0.847      2.04     0.286         0
   195/299     7.81G      1.07     0.207         0      1.27         9       608     0.868     0.814     0.901      0.84      2.04     0.286         0
   196/299     7.81G      1.07     0.197         0      1.26        17       608     0.887     0.823     0.916     0.854      2.04     0.289         0
   197/299     7.81G      1.09     0.197         0      1.28         4       608     0.883     0.832     0.925     0.857      2.03      0.29         0
   198/299     7.81G     0.999     0.176         0      1.18        11       608     0.891     0.869     0.928      0.88      2.01     0.294         0
   199/299     7.81G      1.12      0.19         0      1.31         9       608     0.892     0.894     0.934     0.893      1.95     0.294         0
   200/299     7.81G      1.02     0.214         0      1.24         2       608     0.856     0.895     0.911     0.875      1.99     0.292         0
   201/299     7.81G      1.04     0.212         0      1.25        16       608     0.866     0.885     0.934     0.875      2.01     0.291         0
   202/299     7.81G      1.08     0.214         0      1.29        14       608     0.875     0.894     0.923     0.884         2     0.286         0
   203/299     7.81G     0.957     0.192         0      1.15         4       608     0.893     0.876     0.932     0.884      1.96     0.283         0
   204/299     7.81G         1      0.18         0      1.18         9       608     0.889      0.85     0.928     0.869      1.95     0.286         0
   205/299     7.81G     0.915     0.193         0      1.11        10       608     0.902      0.85     0.926     0.875      1.97     0.286         0
   206/299     7.81G      1.04     0.188         0      1.23         2       608      0.89     0.859     0.929     0.874      1.98     0.289         0
   207/299     7.81G      1.07     0.204         0      1.27        12       608     0.886     0.876     0.923     0.881      1.98     0.293         0
   208/299     7.81G      1.09     0.199         0      1.29        10       608     0.888     0.867     0.926     0.877      1.99     0.299         0
   209/299     7.81G       1.1     0.224         0      1.32         5       608     0.902     0.894     0.928     0.898      1.99     0.298         0
   210/299     7.81G      1.06     0.223         0      1.28        11       608       0.9     0.881     0.926     0.891      2.03     0.299         0
   211/299     7.81G      1.03     0.216         0      1.25        11       608     0.902      0.85     0.921     0.875      2.05     0.302         0
   212/299     7.81G     0.946     0.214         0      1.16         5       608     0.897     0.851     0.921     0.873      2.06     0.303         0
   213/299     7.81G     0.917     0.203         0      1.12         9       608     0.889     0.867     0.919     0.878      2.07       0.3         0
   214/299     7.81G     0.976     0.199         0      1.17        10       608     0.893     0.867     0.923      0.88       2.1     0.294         0
   215/299     7.81G      0.91     0.183         0      1.09         4       608      0.89     0.861      0.92     0.876      2.09     0.291         0
   216/299     7.81G      0.98     0.187         0      1.17        12       608      0.89     0.862     0.921     0.876      2.04     0.291         0
   217/299     7.81G     0.978     0.192         0      1.17        11       608     0.889     0.876     0.922     0.883      2.02     0.295         0
   218/299     7.81G     0.924     0.189         0      1.11         3       608     0.877     0.876     0.921     0.876      2.03     0.295         0
   219/299     7.81G     0.891     0.201         0      1.09         9       608     0.866     0.885     0.918     0.875      2.02     0.294         0
   220/299     7.81G     0.958     0.199         0      1.16         9       608     0.876     0.878     0.918     0.877      2.04     0.293         0
   221/299     7.81G     0.958      0.17         0      1.13         6       608     0.874     0.859     0.919     0.866      2.04      0.29         0
   222/299     7.81G      0.94     0.187         0      1.13         9       608     0.885     0.867     0.928     0.876      2.07     0.284         0
   223/299     7.81G     0.973     0.208         0      1.18         8       608     0.892     0.858     0.932     0.875      2.04     0.284         0
   224/299     7.81G      1.08       0.2         0      1.28         5       608     0.891     0.864     0.926     0.877      2.07     0.286         0
   225/299     7.81G     0.978     0.171         0      1.15        11       608      0.88     0.867     0.924     0.873      2.15     0.287         0
   226/299     7.81G     0.938     0.203         0      1.14        12       608     0.891     0.858      0.92     0.875      2.14     0.287         0
   227/299     7.81G     0.885     0.182         0      1.07         4       608     0.892     0.876      0.92     0.884      2.09     0.289         0
   228/299     7.81G     0.912     0.193         0      1.11        10       608     0.891     0.871     0.921     0.881      2.09     0.291         0
   229/299     7.81G     0.913      0.17         0      1.08        10       608     0.888     0.876     0.922     0.882      2.12     0.293         0
   230/299     7.81G     0.914     0.183         0       1.1         6       608     0.881     0.876     0.917     0.879      2.11     0.293         0
   231/299     7.81G     0.886     0.193         0      1.08         8       608       0.9     0.876     0.918     0.888      2.09     0.291         0
   232/299     7.81G     0.891     0.194         0      1.08        13       608     0.901     0.876     0.918     0.889      2.06     0.293         0
   233/299     7.81G     0.863     0.173         0      1.04         4       608     0.886     0.885     0.923     0.886      2.06     0.295         0
   234/299     7.81G     0.855     0.197         0      1.05        10       608     0.892     0.878     0.922     0.885      2.08     0.293         0
   235/299     7.81G     0.857     0.185         0      1.04        11       608     0.905     0.885      0.92     0.895      2.07     0.293         0
   236/299     7.81G     0.917     0.185         0       1.1         4       608     0.914     0.885      0.92     0.899      2.07     0.294         0
   237/299     7.81G     0.851     0.175         0      1.03        12       608     0.914     0.885     0.919     0.899      2.06     0.293         0
   238/299     7.81G     0.861      0.18         0      1.04        11       608     0.916     0.872     0.919     0.894      2.06     0.294         0
   239/299     7.81G     0.752     0.176         0     0.928         4       608     0.917     0.879      0.92     0.897      2.03     0.294         0
   240/299     7.81G     0.876     0.174         0      1.05        12       608     0.923     0.876     0.922     0.899      2.03     0.293         0
   241/299     7.81G     0.799     0.178         0     0.977        11       608     0.923     0.885     0.926     0.903      2.02     0.291         0
   242/299     7.81G     0.821     0.166         0     0.986         5       608     0.926     0.889     0.928     0.907      2.04      0.29         0
   243/299     7.81G      0.88     0.159         0      1.04        10       608     0.924     0.894     0.929     0.909      2.04     0.291         0
   244/299     7.81G     0.837     0.173         0      1.01         9       608     0.917     0.894     0.928     0.905      2.03     0.291         0
   245/299     7.81G     0.876     0.174         0      1.05         5       608     0.902     0.896     0.926     0.899      2.03     0.291         0
   246/299     7.81G     0.936     0.168         0       1.1        10       608     0.894     0.899     0.924     0.897      2.01     0.292         0
   247/299     7.81G     0.826     0.172         0     0.998        13       608     0.895     0.903     0.932     0.899      2.03     0.292         0
   248/299     7.81G     0.781     0.149         0      0.93         3       608     0.891     0.912     0.931     0.901      2.05     0.292         0
   249/299     7.81G     0.841     0.189         0      1.03        11       608     0.879     0.904     0.922     0.891      2.05     0.292         0
   250/299     7.81G     0.782      0.15         0     0.932        10       608     0.879     0.898     0.922     0.888      2.04     0.292         0
   251/299     7.81G     0.788     0.159         0     0.947         2       608     0.897     0.894     0.924     0.896      2.02     0.292         0
   252/299     7.81G     0.853     0.171         0      1.02         9       608     0.902     0.894     0.924     0.898      2.02     0.294         0
   253/299     7.81G     0.776     0.169         0     0.946         7       608     0.902     0.897     0.924     0.899      2.02     0.295         0
   254/299     7.81G     0.811      0.18         0     0.991         5       608     0.894     0.895     0.925     0.894      2.01     0.296         0
   255/299     7.81G     0.752     0.173         0     0.926        12       608     0.901     0.891     0.926     0.896      2.01     0.297         0
   256/299     7.81G      0.85     0.163         0      1.01        10       608      0.91     0.896     0.927     0.903      2.01     0.298         0
   257/299     7.81G     0.819     0.158         0     0.977         4       608      0.91       0.9     0.928     0.905         2       0.3         0
   258/299     7.81G     0.806     0.166         0     0.972        11       608      0.91     0.891     0.928       0.9         2     0.301         0
   259/299     7.81G     0.804     0.167         0     0.971        13       608     0.908     0.894      0.93     0.901         2     0.301         0
   260/299     7.81G     0.787     0.163         0      0.95         3       608     0.902     0.896      0.93     0.899         2     0.302         0
   261/299     7.81G     0.733     0.151         0     0.885        10       608     0.902     0.897     0.927       0.9         2       0.3         0
   262/299     7.81G     0.747     0.156         0     0.903        10       608     0.894     0.895     0.926     0.895         2     0.299         0
   263/299     7.81G     0.693      0.19         0     0.883         2       608     0.894     0.893     0.925     0.893         2     0.298         0
   264/299     7.81G     0.753     0.157         0     0.909         9       608     0.899     0.876     0.925     0.887         2     0.295         0
   265/299     7.81G      0.79     0.157         0     0.947         8       608     0.909     0.881     0.925     0.894      2.01     0.296         0
   266/299     7.81G     0.842     0.151         0     0.993         3       608     0.909      0.88     0.925     0.894      2.01     0.296         0
   267/299     7.81G     0.755     0.163         0     0.918        14       608     0.905     0.876     0.924      0.89      2.01     0.296         0
   268/299     7.81G     0.736     0.152         0     0.888        11       608     0.898     0.876     0.923     0.887      2.03     0.295         0
   269/299     7.81G      0.78     0.163         0     0.943         5       608     0.898     0.876     0.922     0.887      2.03     0.296         0
   270/299     7.81G     0.749     0.169         0     0.918        12       608     0.897     0.876     0.922     0.887      2.03     0.296         0
   271/299     7.81G     0.795     0.168         0     0.963        11       608     0.897     0.876     0.923     0.886      2.03     0.296         0
   272/299     7.81G     0.842     0.171         0      1.01         5       608       0.9     0.867     0.925     0.883      2.03     0.297         0
   273/299     7.81G     0.731     0.142         0     0.873        10       608     0.901     0.885     0.935     0.893      2.02     0.297         0
   274/299     7.81G     0.682     0.153         0     0.835        10       608     0.908     0.867     0.934     0.887      2.03     0.296         0
   275/299     7.81G     0.763     0.136         0     0.899         4       608     0.907     0.867     0.923     0.887      2.02     0.294         0
   276/299     7.81G     0.775      0.16         0     0.935        12       608     0.916     0.876     0.923     0.896      2.02     0.294         0
   277/299     7.81G     0.847     0.175         0      1.02        10       608     0.909      0.88     0.923     0.894      2.01     0.296         0
   278/299     7.81G     0.759     0.164         0     0.923         3       608     0.906     0.885     0.924     0.895      2.01     0.297         0
   279/299     7.81G     0.669     0.142         0      0.81         8       608     0.906     0.885     0.925     0.895         2     0.297         0
   280/299     7.81G     0.795     0.141         0     0.936        12       608     0.894     0.885     0.924      0.89      2.01     0.298         0
   281/299     7.81G     0.734      0.14         0     0.874         4       608     0.894     0.894     0.925     0.894      2.02     0.298         0
   282/299     7.81G     0.705     0.151         0     0.856        10       608     0.894     0.895     0.924     0.894      2.04     0.298         0
   283/299     7.81G     0.803     0.166         0     0.969        10       608     0.903     0.905     0.934     0.904      2.04     0.298         0
   284/299     7.81G     0.773      0.16         0     0.933         4       608     0.902     0.901     0.934     0.902      2.04     0.298         0
   285/299     7.81G     0.799     0.156         0     0.955         7       608     0.902     0.899     0.933     0.901      2.04     0.298         0
   286/299     7.81G     0.824     0.143         0     0.967         5       608     0.902     0.896     0.933     0.899      2.03     0.299         0
   287/299     7.81G     0.742     0.173         0     0.916         5       608     0.902     0.898     0.934       0.9      2.02     0.299         0
   288/299     7.81G     0.715      0.16         0     0.876         9       608     0.899     0.894     0.934     0.897      2.02     0.301         0
   289/299     7.81G     0.735     0.162         0     0.897        13       608     0.895     0.885     0.924      0.89      2.02     0.302         0
   290/299     7.81G     0.797     0.178         0     0.975         6       608     0.895     0.885     0.923      0.89      2.03     0.305         0
   291/299     7.81G     0.716     0.148         0     0.864         7       608     0.902     0.891     0.924     0.896      2.03     0.305         0
   292/299     7.81G     0.799     0.152         0     0.951        11       608     0.902     0.894     0.925     0.898      2.03     0.304         0
   293/299     7.81G     0.778     0.138         0     0.917         5       608     0.902     0.899     0.925     0.901      2.04     0.303         0
   294/299     7.81G     0.692     0.156         0     0.848        14       608     0.903     0.902     0.926     0.902      2.05     0.303         0
   295/299     7.81G     0.726     0.153         0     0.879         8       608       0.9     0.903     0.926     0.901      2.05     0.304         0
   296/299     7.81G     0.745     0.149         0     0.895         3       608     0.893     0.903     0.926     0.898      2.05     0.305         0
   297/299     7.81G     0.719      0.15         0      0.87        14       608     0.893     0.903     0.926     0.898      2.05     0.305         0
   298/299     7.81G     0.677     0.138         0     0.815        13       608     0.895     0.903     0.926     0.899      2.05     0.304         0
   299/299     7.81G     0.717     0.163         0     0.881         3       608     0.894     0.898     0.926     0.896      2.04     0.303         0
