[    0.52318           0           0           0     0.44802     0.53238     0.44009     0.62197           0           0     0.55361           0           0           0           0     0.40951]
[     0.5434     0.82008      0.8388           0      0.6374]
[     0.7253     0.70439           0     0.86201      0.8099     0.49829     0.77778     0.48537     0.39439     0.68135     0.03075     0.68613     0.50624     0.47627      0.6927           0           0     0.73911           0     0.56663           0     0.48085     0.29941     0.45919     0.36386]
[    0.88858     0.70781           0     0.64407           0           0           0     0.41671     0.90738           0     0.48733           0     0.69166           0]
[    0.70441           0           0           0           0           0           0           0           0           0           0     0.68625           0           0     0.75728           0]
[    0.55202     0.62479     0.61704     0.36361     0.75248     0.53887     0.74248]
[    0.86392           0     0.86575           0           0           0]
[    0.43768     0.55441     0.27676           0           0           0           0]
[    0.83029     0.74355           0           0           0     0.64106           0     0.62305           0           0]
[    0.78567     0.48996      0.7281     0.48155           0           0     0.52667     0.19687     0.51023     0.52392           0           0     0.40067]
[    0.70141           0           0           0           0           0           0           0           0     0.69033     0.62098]
[    0.60242     0.64739     0.49893     0.32554     0.34804     0.49247           0           0           0           0           0     0.25931]
[    0.79428     0.90526     0.78333     0.64691     0.84353     0.82508     0.78514           0           0     0.76315     0.92772     0.38611           0           0     0.82088]
[    0.42465     0.30221     0.31206     0.40835   0.0037307           0           0           0     0.25401           0           0           0    0.026973     0.20781           0]
[    0.36229     0.21529     0.21941       0.561     0.29966           0     0.35876     0.11794     0.22842      0.5396     0.54267     0.48215     0.21172           0     0.36917    0.082956           0           0     0.46978]
[    0.87398     0.66719     0.78081     0.70748     0.50346     0.58093           0     0.51907     0.53397           0]
[    0.55708      0.7456     0.29488           0     0.38268     0.36388           0           0           0     0.27827     0.35092     0.51819           0    0.052496           0           0           0      0.7049]
[     0.8554     0.86744      0.7977     0.65217     0.47992     0.79846           0]
[    0.80878     0.72934     0.77412     0.79264     0.66667     0.67853     0.90298     0.74847     0.60066     0.55673     0.40617     0.83816           0     0.77348     0.52164     0.53026     0.59957     0.51358     0.11774     0.31141       0.874     0.41832     0.48369     0.49294]
[    0.78615           0           0       0.496           0           0     0.67208           0           0     0.74828           0           0           0           0]
[    0.27487           0           0           0     0.43324           0           0           0           0           0           0           0           0]
[    0.81485     0.72734     0.54444           0           0     0.50366           0]
[    0.72462     0.73152     0.81067     0.62639           0           0     0.40501     0.57882           0     0.29465           0]
[    0.74913           0]
[    0.88062     0.87866     0.88331    0.039467           0    0.060658    0.099527           0     0.50759     0.75106           0      0.8233]
[    0.86963           0           0           0     0.90103           0           0]
[    0.89722      0.9129     0.91926      0.6616]
[          0     0.59455           0           0     0.74458     0.35133           0           0     0.48063           0           0]
[    0.60409     0.79139     0.82216     0.62264     0.67313           0     0.52636    0.055245           0           0     0.61411     0.26538     0.51656           0           0     0.49656]
[    0.85595     0.91034     0.79014           0           0     0.86073     0.80025     0.78204]
[    0.74158           0           0     0.73322           0           0]
[    0.89408           0           0     0.47691]
[    0.65419     0.52372     0.39507     0.50643     0.33202     0.31951     0.69758]
[    0.80134     0.70949     0.78348      0.5938           0     0.63238     0.41858           0     0.37248]
[    0.91589     0.84301           0           0           0           0]
[    0.85664     0.18264      0.1622           0     0.71441           0           0           0     0.27591           0     0.20191]
[    0.91315     0.64587     0.85971           0     0.62123           0           0           0           0           0           0           0           0           0     0.56588           0           0           0]
[    0.92355     0.77301     0.46079     0.84615     0.52541     0.46118           0           0           0     0.82649           0           0      0.4358     0.83707     0.13953     0.45083    0.050771     0.17388           0]
[    0.80966     0.90928     0.43806     0.39466     0.51905           0     0.48452     0.49274     0.86463           0           0]
[    0.58598     0.55653     0.54963           0]
[    0.70772     0.91086     0.54148           0]
[     0.8527     0.68896     0.56564           0     0.36909     0.55596     0.84613]
[    0.43367     0.77073           0           0           0           0     0.78105]
[    0.76836     0.82709     0.69676           0     0.65866     0.47305           0     0.64457           0]
[    0.55077     0.71598     0.63826     0.63996     0.67145     0.60775     0.59863     0.57991     0.66437     0.16574     0.45786      0.2934]
[    0.61919     0.79175     0.83382     0.43172     0.60938     0.78087     0.76838     0.36791     0.70833           0]
[    0.68748     0.74341     0.80557           0           0           0      0.7512     0.58298     0.57316]
[    0.55721     0.62548           0     0.51741           0           0           0           0]
[    0.87791     0.73994     0.72152     0.62463     0.46052     0.25669     0.89774     0.11726     0.75583     0.51243]
[    0.83335     0.56762     0.77496           0     0.66233]
[    0.70688     0.72168     0.54971           0     0.47666           0     0.29465     0.64698           0     0.49449           0     0.82024]
[    0.68253     0.82072     0.78276     0.85258           0     0.80523]
[    0.72763     0.72691           0     0.77553     0.55427     0.64782           0           0]
[    0.83097     0.77954     0.73789    0.085771           0           0     0.75254           0           0     0.84105           0           0     0.82488     0.65462           0]
[    0.76908     0.92203           0     0.83842     0.80845]
[     0.8755     0.68045     0.17317     0.54541     0.85682     0.78069      0.8965     0.58309     0.48507     0.71975     0.25885           0]
[    0.75656     0.69335           0      0.4249           0           0     0.72415           0           0           0           0     0.80934]
[     0.8367     0.80118     0.64826     0.88452           0           0     0.83994           0           0           0]
[    0.45012     0.42026           0     0.19592     0.53118     0.58156     0.29493    0.076548     0.45703           0     0.71728           0     0.20252           0     0.16998           0           0]
[    0.80168     0.71643     0.84028     0.44002      0.4556     0.82667      0.4619           0           0           0     0.84716     0.25686     0.73464     0.74623           0           0]
[    0.74139     0.60514     0.78993     0.64335     0.59916           0     0.63948     0.39144      0.7138     0.69135]
[    0.75632     0.80327     0.69736           0     0.74078           0     0.71089     0.78533           0           0     0.86351     0.83252]
[    0.85161     0.84877     0.72825      0.7976     0.57075     0.53233           0     0.56223     0.42374           0     0.80879     0.31689           0     0.68617]
[     0.7228     0.37314     0.57652           0     0.37683           0]
[    0.66481           0           0           0     0.58311]
[    0.85259           0           0           0           0           0           0]
[    0.64352      0.6332           0     0.52162     0.49557           0     0.59572           0     0.46831     0.63877     0.57241     0.48943     0.23708           0           0           0     0.26639]
[    0.71819     0.65407     0.79546           0     0.71514           0      0.7239     0.51529     0.46707           0           0           0     0.38295]
[    0.64039     0.76664           0     0.63857     0.66831           0]
[    0.79802     0.56487     0.47804     0.36177           0     0.33128           0]
[    0.79994     0.62538      0.7277     0.46465     0.65827     0.60905]
[    0.61649     0.68516     0.58045           0     0.42705     0.44186]
[    0.80494     0.56146     0.80942     0.40066     0.75927     0.75185   0.0012141     0.88604     0.42642     0.47127    0.013809]
[    0.77405     0.79692     0.71653     0.72407     0.67183     0.78816     0.81203     0.76848     0.67275     0.80803     0.66542           0     0.51798     0.76386      0.8708      0.6682     0.75078           0      0.4324           0     0.48774     0.62881     0.77269      0.7884           0     0.51392
     0.53395      0.7182]
[     0.7016           0           0           0     0.55095           0     0.30351]
[    0.79507     0.41586     0.51971     0.40839     0.19544]
[    0.91971     0.75672     0.87834      0.5141     0.44839           0           0]
[    0.91642     0.89436     0.81024     0.75691     0.79913     0.91049           0           0           0           0           0           0     0.77124]
[    0.65463     0.87665           0           0     0.72707           0]
[    0.71872     0.70001     0.88165     0.80594     0.81241           0           0           0]
[    0.86142     0.71844     0.81482     0.76082     0.62134     0.61521]
[    0.73356     0.54827       0.626     0.62209    0.022646           0           0    0.054803     0.66473     0.61669           0]
[    0.84591     0.77497     0.87476     0.78331           0           0           0     0.61384     0.75891           0]
[    0.89978     0.83906     0.56024      0.7928     0.45587     0.39652           0           0           0]
[    0.78459           0           0           0     0.27073           0           0           0     0.77509           0           0     0.56274]
[    0.66526     0.81677     0.71026     0.84348     0.62582      0.5141      0.8772       0.797     0.59559     0.69444     0.50837     0.50774]
[    0.82706     0.38051     0.49083     0.67258     0.25807           0           0     0.79042]
[     0.5202     0.79881      0.3748           0     0.38169           0]
[    0.62915           0           0           0           0           0]
[    0.69257     0.93067     0.86714     0.66058           0     0.69481           0           0           0           0     0.82446]
[    0.56432           0     0.45805           0]
[     0.9414     0.61292     0.91792     0.61019           0           0     0.86186      0.3965           0       0.741]
[    0.81236       0.822      0.7207     0.48143     0.73379           0]
[    0.64683     0.74643           0     0.40877   0.0093654           0           0           0     0.71856           0      0.5503           0]
[     0.9039     0.82467     0.84631      0.8147     0.64739      0.7953     0.58141     0.56429      0.5967     0.94196     0.61384     0.75368     0.15882     0.15694     0.24987     0.61424    0.072148     0.54953     0.21839     0.86487     0.53061     0.16698     0.81988     0.18204     0.69655     0.39866
     0.74552     0.11657     0.11329     0.58828     0.30492     0.50506     0.71154     0.45099     0.59041     0.55778     0.39787]
[    0.78206     0.79679      0.7088       0.606      0.7012     0.63063           0]
[    0.54673           0           0           0           0     0.58314           0           0           0]
[    0.87962     0.76734           0           0     0.70071     0.48425     0.68666     0.43566           0     0.45187]
[     0.5655     0.56166     0.83387     0.72657      0.6191     0.61221           0           0           0           0     0.88238     0.73875     0.58108     0.36859]
[    0.88375     0.88943     0.53935           0           0           0           0           0           0           0           0           0           0    0.027665]
