     0/299     7.81G      8.08      31.5         0      39.6        14       608         1   0.00361   0.00676   0.00719      7.37       3.8         0
     1/299     7.81G      6.48      1.99         0      8.48        16       608         0         0         0         0       6.4      3.97         0
     2/299     7.81G      5.53      1.78         0      7.31         9       608         0         0         0         0      5.54      3.63         0
     3/299     7.81G      5.19      1.73         0      6.91        15       608         1   0.00361    0.0136   0.00719      5.37         3         0
     4/299     7.81G      4.99      1.52         0      6.51        16       608         0         0    0.0239         0      5.77      2.69         0
     5/299     7.81G      4.84      1.38         0      6.22         6       608         0         0    0.0988         0      5.19      2.46         0
     6/299     7.81G      5.07      1.13         0      6.19        17       608   0.00534   0.00361    0.0111   0.00431      5.18      2.96         0
     7/299     7.81G      4.96      1.25         0      6.21        14       608     0.625    0.0108    0.0955    0.0213      4.78      2.28         0
     8/299     7.81G      4.45      1.15         0       5.6         5       608     0.543    0.0172     0.162    0.0334      4.71       2.1         0
     9/299     7.81G      4.45      1.14         0      5.59        20       608         0         0    0.0985         0      4.74      2.17         0
    10/299     7.81G      4.72     0.985         0      5.71        17       608         0         0    0.0533         0      5.07      2.25         0
    11/299     7.81G      4.37      1.03         0       5.4         6       608         1   0.00361     0.198   0.00719      4.34         2         0
    12/299     7.81G      4.37     0.883         0      5.25        17       608     0.789   0.00722     0.299    0.0143      4.48      1.71         0
    13/299     7.81G      4.55     0.904         0      5.45        14       608         0         0    0.0571         0      4.13      16.8         0
    14/299     7.81G      4.58     0.872         0      5.45         6       608         1   0.00361     0.376   0.00719      3.98      1.82         0
    15/299     7.81G      4.33     0.916         0      5.24        14       608    0.0208   0.00722     0.101    0.0107      4.84      1.62         0
    16/299     7.81G      4.26     0.929         0      5.19        17       608         0         0     0.078         0      4.51      1.86         0
    17/299     7.81G      4.22     0.914         0      5.13         4       608         0         0  0.000484         0      9.21      8.64         0
    18/299     7.81G      4.29     0.756         0      5.04        14       608         0         0   0.00748         0      6.01      2.27         0
    19/299     7.81G      4.58     0.741         0      5.32        16       608         0         0    0.0207         0      5.24      1.48         0
    20/299     7.81G      4.45     0.778         0      5.23         4       608   0.00573    0.0108     0.031   0.00749      5.12       1.8         0
    21/299     7.81G      4.37     0.797         0      5.17        15       608   0.00782    0.0866    0.0229    0.0143       4.8      6.39         0
    22/299     7.81G       4.2     0.723         0      4.92        20       608     0.235    0.0811     0.129     0.121       4.7      1.52         0
    23/299     7.81G      4.03     0.725         0      4.75         5       608     0.595     0.191     0.356     0.289      4.56      1.35         0
    24/299     7.81G       4.1     0.692         0      4.79        15       608     0.703    0.0172      0.15    0.0335      4.85      1.39         0
    25/299     7.81G      3.88     0.746         0      4.62        16       608     0.621     0.118     0.391     0.199      4.27      1.33         0
    26/299     7.81G      4.13     0.668         0       4.8         5       608     0.571     0.181     0.287     0.274      4.47      1.32         0
    27/299     7.81G      4.04     0.666         0       4.7        17       608      0.62     0.119      0.24       0.2      4.37      1.37         0
    28/299     7.81G      3.83     0.762         0      4.59        15       608     0.655     0.162     0.382      0.26      3.95      1.42         0
    29/299     7.81G      3.81     0.671         0      4.48         6       608    0.0284     0.318     0.024    0.0521      4.06      3.75         0
    30/299     7.81G      3.89     0.646         0      4.53         9       608     0.187     0.188     0.162     0.187      4.22      1.63         0
    31/299     7.81G      3.67     0.709         0      4.38        20       608      0.72     0.306     0.535      0.43      4.03      1.33         0
    32/299     7.81G      3.71      0.69         0       4.4         6       608     0.838     0.206     0.502      0.33      4.56      1.18         0
    33/299     7.81G      3.51     0.684         0       4.2        17       608     0.723     0.433     0.597     0.542      3.82      1.27         0
    34/299     7.81G      3.52     0.711         0      4.23        22       608     0.744     0.303     0.552     0.431      3.81      1.25         0
    35/299     7.81G      3.77     0.677         0      4.45         7       608     0.739     0.184     0.477     0.295      3.96      1.34         0
    36/299     7.81G      3.39     0.664         0      4.05        16       608     0.578     0.415     0.432     0.483      3.96      1.35         0
    37/299     7.81G      3.55     0.618         0      4.17        20       608     0.748     0.422     0.595      0.54      3.81      1.33         0
    38/299     7.81G      3.42     0.736         0      4.16         8       608     0.764     0.328     0.494     0.459      5.24      1.03         0
    39/299     7.81G      3.26      0.67         0      3.93        12       608      0.79     0.321     0.609     0.457      3.74      1.29         0
    40/299     7.81G      3.28     0.587         0      3.87        13       608     0.726     0.336      0.58     0.459      4.14      1.21         0
    41/299     7.81G      3.12     0.626         0      3.75         5       608     0.783     0.314     0.555     0.448      4.03      1.22         0
    42/299     7.81G      3.37     0.643         0      4.01        20       608     0.605     0.134     0.403     0.219      3.95      1.27         0
    43/299     7.81G      3.35     0.706         0      4.06        12       608     0.718     0.221     0.514     0.338      3.75      1.27         0
    44/299     7.81G      3.17     0.649         0      3.82         4       608     0.658     0.292     0.446     0.405      3.91      1.22         0
    45/299     7.81G      3.11      0.64         0      3.75        19       608     0.665    0.0614     0.392     0.112      4.43      1.23         0
    46/299     7.81G      3.25     0.565         0      3.81        15       608     0.861     0.134     0.608     0.231      3.85      1.29         0
    47/299     7.81G      3.04     0.561         0       3.6         4       608     0.872     0.221     0.593     0.353      3.84      1.25         0
    48/299     7.81G      3.14      0.58         0      3.72        10       608     0.832     0.357       0.6     0.499      3.65      1.23         0
    49/299     7.81G      2.94     0.576         0      3.52        15       608      0.75     0.477     0.597     0.583      3.82      1.13         0
    50/299     7.81G      3.15     0.595         0      3.75         8       608     0.758     0.531     0.667     0.624      3.65       1.1         0
    51/299     7.81G      3.14     0.575         0      3.71        17       608     0.835     0.547      0.71     0.661      3.54      1.11         0
    52/299     7.81G      3.13     0.512         0      3.64        15       608     0.851     0.477     0.701     0.611      3.53      1.14         0
    53/299     7.81G      2.96     0.559         0      3.52         7       608     0.727     0.566     0.647     0.636      3.58      1.13         0
    54/299     7.81G       3.1     0.526         0      3.63        10       608     0.878     0.415     0.677     0.563      3.66      1.07         0
    55/299     7.81G      2.76     0.573         0      3.33        17       608     0.885     0.499     0.682     0.638      4.18     0.938         0
    56/299     7.81G      3.08     0.494         0      3.58         6       608     0.859     0.396     0.672     0.542      3.89      1.04         0
    57/299     7.81G      2.91     0.591         0       3.5        20       608     0.833     0.505     0.693     0.629      3.52      1.11         0
    58/299     7.81G      2.78      0.53         0      3.31        19       608     0.879     0.395     0.689     0.545      3.62      1.14         0
    59/299     7.81G      2.68     0.495         0      3.18         7       608      0.87     0.267     0.632     0.408      3.68      1.14         0
    60/299     7.81G      2.89     0.527         0      3.41        15       608     0.863     0.499     0.721     0.632      3.47      1.08         0
    61/299     7.81G      2.94     0.534         0      3.47        15       608     0.815     0.451     0.671     0.581      3.55      1.11         0
    62/299     7.81G       2.9     0.533         0      3.43        10       608     0.824     0.388      0.64     0.528       3.6      1.13         0
    63/299     7.81G       2.7     0.497         0       3.2        19       608     0.794     0.349     0.613     0.485      3.47      1.18         0
    64/299     7.81G      2.57     0.498         0      3.07        18       608     0.761     0.609     0.685     0.677      3.47      1.08         0
    65/299     7.81G      2.71     0.509         0      3.22         5       608     0.786     0.609     0.693     0.686      3.34      1.07         0
    66/299     7.81G      2.53     0.486         0      3.02        14       608     0.815     0.574     0.698     0.674      3.38      1.06         0
    67/299     7.81G      2.61     0.452         0      3.07        15       608     0.783     0.639     0.709     0.704      3.63     0.975         0
    68/299     7.81G      2.66     0.484         0      3.14         6       608     0.805     0.568     0.694     0.666      3.59      1.06         0
    69/299     7.81G      2.43     0.529         0      2.96        22       608     0.753     0.584     0.674     0.658       3.6      1.05         0
    70/299     7.81G      2.41     0.454         0      2.86        20       608     0.759     0.567     0.667     0.649      3.56      1.05         0
    71/299     7.81G      2.58     0.487         0      3.07         4       608     0.765     0.552     0.681     0.642      3.46      1.01         0
    72/299     7.81G      2.39     0.442         0      2.83        23       608     0.782     0.603     0.688     0.681       3.6     0.961         0
    73/299     7.81G      2.69     0.432         0      3.12        22       608     0.835     0.494     0.677     0.621      3.56     0.996         0
    74/299     7.81G      2.53     0.431         0      2.96         5       608     0.805     0.534     0.671     0.642      3.58     0.942         0
    75/299     7.81G      2.41     0.426         0      2.83        24       608     0.864     0.481     0.677     0.618      3.56     0.978         0
    76/299     7.81G      2.26     0.438         0       2.7        19       608     0.785     0.527     0.673     0.631      3.54     0.958         0
    77/299     7.81G      2.35     0.413         0      2.76        10       608     0.781      0.56     0.643     0.652      3.61     0.974         0
    78/299     7.81G      2.43     0.403         0      2.84        13       608     0.872     0.615     0.764     0.721       3.4     0.948         0
    79/299     7.81G      2.55     0.446         0         3        13       608     0.811     0.534       0.7     0.644       3.6     0.994         0
    80/299     7.81G      2.11     0.393         0      2.51         4       608     0.834     0.688     0.768     0.754      3.52     0.981         0
    81/299     7.81G      2.44     0.396         0      2.84        15       608     0.898     0.635     0.776     0.744      3.39     0.998         0
    82/299     7.81G      2.19     0.457         0      2.65        13       608     0.795     0.631     0.723     0.704      3.44     0.985         0
    83/299     7.81G      2.11     0.382         0      2.49         6       608     0.772     0.635     0.704     0.697      3.52     0.926         0
    84/299     7.81G      2.25     0.379         0      2.63        16       608     0.789     0.606     0.718     0.686      3.43     0.949         0
    85/299     7.81G      2.32     0.395         0      2.71        15       608     0.812     0.487     0.652     0.609       3.6      1.01         0
    86/299     7.81G      2.11     0.411         0      2.52         6       608     0.808     0.576       0.7     0.672      3.42     0.977         0
    87/299     7.81G      2.01     0.402         0      2.41        23       608     0.795     0.671     0.717     0.728       3.4     0.957         0
    88/299     7.81G      2.38     0.385         0      2.77        21       608     0.834     0.563     0.692     0.672      3.44     0.987         0
    89/299     7.81G      2.22     0.404         0      2.63         8       608     0.817     0.579     0.694     0.677      3.43     0.984         0
    90/299     7.81G       2.1     0.437         0      2.53        16       608     0.766     0.661     0.708      0.71      3.36     0.973         0
    91/299     7.81G      2.18     0.396         0      2.58        14       608     0.797     0.625     0.704       0.7      3.45     0.997         0
    92/299     7.81G      2.09      0.36         0      2.44         6       608     0.821      0.53     0.701     0.644      3.31      1.02         0
    93/299     7.81G      2.09     0.383         0      2.47        21       608     0.832     0.606     0.712     0.701       3.5     0.943         0
    94/299     7.81G      2.06     0.365         0      2.43        26       608     0.814     0.662     0.722      0.73      3.28     0.951         0
    95/299     7.81G      2.17     0.369         0      2.54         5       608      0.82     0.656     0.717     0.728      3.48     0.957         0
    96/299     7.81G      2.01     0.395         0       2.4        19       608       0.8     0.622     0.672       0.7      3.41     0.971         0
    97/299     7.81G      1.83     0.384         0      2.21        16       608     0.747     0.682      0.68     0.713      3.44     0.925         0
    98/299     7.81G      1.97     0.358         0      2.33         9       608     0.733     0.643     0.682     0.685      3.51     0.911         0
    99/299     7.81G      2.18     0.343         0      2.52        16       608     0.777     0.567     0.643     0.656       3.6     0.942         0
   100/299     7.81G      1.96     0.339         0       2.3        18       608     0.767      0.56     0.651     0.647      3.58     0.973         0
   101/299     7.81G      2.01     0.364         0      2.37         8       608     0.743     0.596     0.659     0.662      3.57     0.959         0
   102/299     7.81G      1.79     0.342         0      2.13        12       608     0.781     0.618     0.675      0.69      3.38         1         0
   103/299     7.81G      1.96     0.347         0       2.3        20       608     0.787     0.613     0.676     0.689      3.45     0.937         0
   104/299     7.81G      1.93     0.351         0      2.28         5       608     0.803     0.694     0.724     0.745      3.59     0.882         0
   105/299     7.81G      2.16     0.344         0      2.51        22       608     0.862     0.664     0.748      0.75       3.4     0.932         0
   106/299     7.81G      1.74     0.344         0      2.09        16       608     0.818       0.7     0.747     0.754      3.37     0.919         0
   107/299     7.81G      1.91      0.35         0      2.26         5       608     0.785     0.647     0.705      0.71      3.47      0.95         0
   108/299     7.81G       1.8     0.371         0      2.17        17       608     0.835     0.641     0.732     0.725      3.32     0.954         0
   109/299     7.81G      1.85     0.328         0      2.18        21       608      0.77     0.697     0.695     0.732       3.5     0.895         0
   110/299     7.81G      1.82     0.333         0      2.15         6       608     0.791      0.69     0.696     0.737      3.35     0.921         0
   111/299     7.81G      1.78     0.324         0       2.1        14       608     0.793     0.668     0.666     0.725      3.56     0.931         0
   112/299     7.81G      1.93     0.335         0      2.26        18       608     0.829     0.663     0.728     0.737      3.44     0.967         0
   113/299     7.81G      1.69     0.331         0      2.02         7       608     0.799     0.687     0.692     0.739      3.45     0.911         0
   114/299     7.81G      1.91     0.314         0      2.23        15       608     0.775     0.664     0.691     0.715      3.37     0.919         0
   115/299     7.81G      1.86     0.301         0      2.16        17       608       0.8      0.61     0.674     0.692      3.45     0.981         0
   116/299     7.81G      1.71     0.304         0      2.02         7       608     0.783     0.661     0.683     0.717      3.36     0.951         0
   117/299     7.81G      1.71     0.316         0      2.02        19       608     0.778     0.683     0.698     0.727      3.54     0.956         0
   118/299     7.81G      1.66     0.315         0      1.98        16       608     0.837     0.666     0.698     0.742       3.4     0.976         0
   119/299     7.81G      1.68     0.305         0      1.98         9       608     0.811     0.664     0.689      0.73      3.39     0.958         0
   120/299     7.81G      1.81     0.299         0      2.11        13       608     0.843      0.65     0.716     0.734       3.4     0.956         0
   121/299     7.81G      1.89     0.332         0      2.22        10       608     0.845      0.63     0.686     0.722      3.57     0.982         0
   122/299     7.81G      1.79     0.312         0       2.1         5       608     0.844     0.596     0.671     0.698      3.45      1.06         0
   123/299     7.81G      1.74     0.299         0      2.04        18       608      0.82      0.61     0.644     0.699      3.55      1.06         0
   124/299     7.81G      1.73     0.313         0      2.04        12       608     0.786      0.61     0.632     0.687      3.44      1.01         0
   125/299     7.81G      1.66     0.317         0      1.98         7       608     0.781     0.669     0.667     0.721      3.41     0.969         0
   126/299     7.81G      1.78     0.306         0      2.09        11       608     0.755      0.65     0.646     0.699      3.62     0.955         0
   127/299     7.81G      1.68     0.295         0      1.98        17       608     0.811     0.635     0.656     0.712      3.44     0.971         0
   128/299     7.81G      1.67     0.301         0      1.97         5       608     0.793     0.691     0.683     0.738      3.48     0.953         0
   129/299     7.81G      1.74      0.28         0      2.02        22       608     0.831     0.659     0.695     0.735      3.47     0.975         0
   130/299     7.81G      1.65     0.334         0      1.99        16       608     0.788     0.657     0.656     0.717      3.49     0.995         0
   131/299     7.81G      1.58     0.289         0      1.87         7       608     0.794     0.668     0.664     0.725      3.55      1.02         0
   132/299     7.81G      1.67     0.289         0      1.96        19       608     0.811     0.649     0.692     0.721      3.38      1.03         0
   133/299     7.81G      1.55     0.329         0      1.88        19       608     0.792     0.672     0.685     0.727       3.3      1.01         0
   134/299     7.81G      1.58     0.263         0      1.84         4       608     0.773     0.676     0.684     0.722      3.32     0.973         0
   135/299     7.81G      1.56     0.276         0      1.84        22       608     0.794     0.671     0.687     0.728      3.34     0.966         0
   136/299     7.81G      1.44     0.271         0      1.71        18       608     0.795     0.621     0.666     0.697      3.35      1.02         0
   137/299     7.81G       1.6     0.289         0      1.89         4       608     0.814     0.602     0.682     0.692      3.37      1.01         0
   138/299     7.81G      1.52     0.251         0      1.77        22       608     0.797     0.625     0.673       0.7      3.39     0.992         0
   139/299     7.81G      1.52      0.27         0      1.79        13       608     0.807     0.635     0.687     0.711      3.39     0.988         0
   140/299     7.81G      1.64     0.273         0      1.91         7       608      0.78     0.614     0.653     0.687      3.39      1.01         0
   141/299     7.81G      1.59     0.251         0      1.84        15       608     0.792     0.599     0.647     0.682      3.41      1.04         0
   142/299     7.81G       1.5     0.293         0      1.79        13       608     0.804     0.603     0.658     0.689      3.36      1.05         0
   143/299     7.81G      1.42     0.272         0      1.69         7       608      0.81     0.647     0.678      0.72      3.36      1.04         0
   144/299     7.81G      1.47     0.297         0      1.76        18       608     0.781     0.593     0.665     0.674      3.39      1.05         0
   145/299     7.81G      1.52     0.266         0      1.79        21       608     0.744     0.588     0.633     0.657      3.47      1.07         0
   146/299     7.81G      1.39     0.259         0      1.65         8       608     0.768     0.621     0.654     0.687      3.46      1.04         0
   147/299     7.81G      1.42     0.272         0      1.69        18       608     0.767     0.639     0.665     0.697      3.42      1.02         0
   148/299     7.81G      1.41     0.254         0      1.66        16       608     0.785     0.661     0.674     0.718      3.44      1.01         0
   149/299     7.81G      1.59     0.265         0      1.85         8       608     0.802     0.642     0.686     0.713      3.49     0.999         0
   150/299     7.81G      1.48     0.264         0      1.74        15       608     0.794     0.671     0.707     0.728      3.44     0.988         0
   151/299     7.81G       1.3     0.282         0      1.58        19       608     0.775     0.686     0.697     0.728      3.47     0.983         0
   152/299     7.81G      1.49     0.263         0      1.75         4       608     0.777     0.679     0.698     0.724      3.44      0.98         0
   153/299     7.81G       1.5     0.262         0      1.76        23       608     0.808     0.671     0.712     0.733      3.47     0.988         0
   154/299     7.81G      1.33     0.251         0      1.59        15       608     0.796     0.693     0.708     0.741      3.49     0.956         0
   155/299     7.81G       1.5      0.23         0      1.73         7       608     0.812     0.711     0.736     0.758       3.4     0.957         0
   156/299     7.81G       1.4     0.264         0      1.67        14       608     0.808     0.704     0.735     0.753      3.36      0.97         0
   157/299     7.81G      1.48     0.239         0      1.72        11       608      0.79     0.693     0.708     0.739       3.4     0.981         0
   158/299     7.81G      1.35     0.274         0      1.62         6       608     0.803     0.704     0.731      0.75      3.34     0.983         0
   159/299     7.81G      1.26     0.221         0      1.48        19       608     0.807     0.737     0.731      0.77      3.39     0.974         0
   160/299     7.81G      1.32     0.232         0      1.55        15       608     0.803     0.729     0.747     0.764      3.33     0.971         0
   161/299     7.81G      1.35     0.261         0      1.61         6       608     0.828     0.713     0.745     0.766       3.3     0.983         0
   162/299     7.81G      1.19     0.244         0      1.43        17       608     0.822     0.711     0.738     0.763      3.34     0.975         0
   163/299     7.81G      1.44     0.229         0      1.67        17       608     0.834     0.697     0.736     0.759      3.33     0.996         0
   164/299     7.81G      1.31     0.225         0      1.54        11       608     0.831     0.643     0.699     0.725      3.43      1.02         0
   165/299     7.81G      1.21     0.246         0      1.45        13       608     0.833     0.639     0.699     0.723      3.42      1.04         0
   166/299     7.81G      1.28     0.273         0      1.55        17       608     0.812     0.655     0.706     0.725      3.44      1.01         0
   167/299     7.81G      1.27      0.25         0      1.52         6       608     0.801     0.693     0.708     0.743       3.4     0.983         0
   168/299     7.81G      1.26     0.217         0      1.48        15       608     0.801     0.697     0.731     0.745      3.39      0.97         0
   169/299     7.81G      1.16     0.215         0      1.37        14       608     0.792     0.668     0.708     0.725      3.45     0.969         0
   170/299     7.81G      1.32     0.237         0      1.56         4       608     0.809     0.657     0.703     0.725      3.46     0.993         0
   171/299     7.81G      1.19     0.241         0      1.43        26       608     0.777     0.671     0.699      0.72      3.47     0.978         0
   172/299     7.81G      1.17     0.227         0       1.4        12       608     0.767     0.693     0.712     0.728      3.39     0.965         0
   173/299     7.81G      1.31     0.229         0      1.54         8       608     0.782     0.686      0.72     0.731      3.31      0.97         0
   174/299     7.81G      1.29     0.236         0      1.52        19       608     0.805     0.654     0.714     0.721      3.36     0.996         0
   175/299     7.81G      1.12      0.25         0      1.37        18       608     0.826      0.65     0.705     0.727      3.35      1.01         0
   176/299     7.81G      1.05     0.194         0      1.25         5       608     0.826     0.667     0.729     0.738      3.31     0.974         0
   177/299     7.81G      1.17     0.225         0      1.39        10       608     0.827     0.704     0.722      0.76      3.32     0.963         0
   178/299     7.81G      1.24     0.226         0      1.47        18       608     0.831     0.709     0.731     0.765      3.35     0.974         0
   179/299     7.81G      1.17     0.244         0      1.41         6       608     0.815      0.67     0.708     0.736      3.36     0.982         0
   180/299     7.81G      1.19      0.21         0       1.4        13       608     0.791     0.671     0.696     0.726      3.39      1.01         0
   181/299     7.81G       1.2     0.228         0      1.42        21       608     0.813     0.686     0.713     0.744      3.34      1.02         0
   182/299     7.81G      1.28     0.235         0      1.52         7       608     0.805      0.67       0.7     0.731      3.42      1.02         0
   183/299     7.81G      1.11     0.221         0      1.33        15       608     0.802      0.69     0.716     0.742      3.38      1.01         0
   184/299     7.81G       1.1     0.221         0      1.32        15       608     0.791      0.71     0.737     0.748      3.38     0.983         0
   185/299     7.81G      1.16     0.225         0      1.39         4       608     0.802     0.711     0.726     0.754      3.35     0.981         0
   186/299     7.81G      1.13      0.22         0      1.35        11       608     0.815     0.717     0.742     0.763      3.36      0.98         0
   187/299     7.81G      1.07     0.207         0      1.28        13       608     0.806     0.718     0.742      0.76      3.39     0.989         0
   188/299     7.81G      1.15     0.218         0      1.37         4       608     0.793     0.704     0.718     0.746      3.42     0.992         0
   189/299     7.81G      1.12     0.229         0      1.35        15       608       0.8     0.709     0.733     0.752      3.38     0.998         0
   190/299     7.81G      1.04      0.19         0      1.23        22       608     0.804     0.711     0.743     0.755      3.33     0.974         0
   191/299     7.81G       1.1     0.208         0      1.31         7       608     0.802     0.715     0.736     0.756      3.36     0.957         0
   192/299     7.81G      1.12     0.204         0      1.32        13       608     0.816     0.719     0.734     0.764      3.37     0.955         0
   193/299     7.81G         1     0.224         0      1.22        15       608     0.809      0.72     0.736     0.762      3.39     0.967         0
   194/299     7.81G     0.992     0.194         0      1.19         5       608     0.781     0.697     0.727     0.737      3.36     0.975         0
   195/299     7.81G      1.06     0.214         0      1.28        15       608     0.792     0.702     0.728     0.744       3.4     0.989         0
   196/299     7.81G     0.999     0.191         0      1.19        17       608     0.784     0.704     0.727     0.742      3.36      1.01         0
   197/299     7.81G      1.03     0.195         0      1.23         6       608     0.772     0.684     0.718     0.725      3.39      1.02         0
   198/299     7.81G      1.02      0.22         0      1.24        19       608     0.777     0.666     0.697     0.717      3.43      1.04         0
   199/299     7.81G     0.989     0.198         0      1.19        15       608     0.806     0.673     0.707     0.733      3.42      1.05         0
   200/299     7.81G     0.985     0.197         0      1.18         7       608     0.786     0.663     0.685     0.719      3.43      1.06         0
   201/299     7.81G     0.988     0.198         0      1.19        10       608     0.788      0.67     0.705     0.724      3.44      1.05         0
   202/299     7.81G      1.02      0.22         0      1.24        18       608     0.778     0.684     0.702     0.728      3.42      1.03         0
   203/299     7.81G     0.993     0.217         0      1.21         7       608     0.792     0.693     0.708     0.739      3.42      1.01         0
   204/299     7.81G      1.06     0.217         0      1.27        16       608     0.816     0.704     0.734     0.756      3.38         1         0
   205/299     7.81G     0.985     0.188         0      1.17        14       608     0.813     0.711     0.737     0.759      3.38     0.996         0
   206/299     7.81G      1.02     0.191         0      1.21         4       608     0.812     0.711     0.727     0.758       3.4      1.01         0
   207/299     7.81G     0.987     0.193         0      1.18        14       608     0.813     0.708     0.719     0.757      3.38      1.01         0
   208/299     7.81G     0.959     0.197         0      1.16        17       608     0.817     0.726     0.724     0.768      3.37     0.997         0
   209/299     7.81G     0.924     0.197         0      1.12         8       608     0.817     0.711     0.728     0.761      3.36         1         0
   210/299     7.81G     0.962     0.204         0      1.17        20       608     0.811     0.711     0.716     0.758      3.38      1.01         0
   211/299     7.81G     0.971     0.197         0      1.17        15       608     0.802     0.704     0.712      0.75      3.39      1.02         0
   212/299     7.81G      0.94     0.207         0      1.15         6       608      0.81     0.706     0.719     0.754      3.38      1.03         0
   213/299     7.81G     0.895     0.179         0      1.07        18       608     0.797     0.693     0.704     0.741      3.36      1.02         0
   214/299     7.81G     0.981     0.196         0      1.18        19       608     0.815     0.715     0.718     0.762      3.39      1.02         0
   215/299     7.81G     0.872     0.171         0      1.04         3       608     0.826     0.715     0.721     0.766      3.39      1.02         0
   216/299     7.81G     0.944     0.181         0      1.12        18       608     0.808     0.697     0.709     0.748      3.41      1.02         0
   217/299     7.81G     0.919     0.199         0      1.12        12       608     0.817     0.725     0.728     0.768      3.35      1.02         0
   218/299     7.81G       0.9     0.192         0      1.09         4       608     0.827     0.723     0.735     0.772      3.38      1.02         0
   219/299     7.81G     0.965     0.183         0      1.15        15       608     0.826     0.722     0.722      0.77      3.36      1.03         0
   220/299     7.81G     0.851     0.197         0      1.05        18       608     0.826     0.718     0.727     0.768      3.35      1.04         0
   221/299     7.81G     0.893     0.181         0      1.07         4       608     0.823     0.722     0.733     0.769      3.34      1.06         0
   222/299     7.81G     0.877     0.194         0      1.07        16       608     0.817     0.722      0.73     0.766      3.33      1.06         0
   223/299     7.81G     0.885     0.168         0      1.05        18       608     0.821     0.712     0.724     0.763      3.35      1.06         0
   224/299     7.81G     0.888     0.189         0      1.08         6       608     0.818     0.708     0.719     0.759      3.33      1.06         0
   225/299     7.81G     0.904     0.201         0      1.11        20       608     0.799     0.703     0.712     0.748      3.35      1.07         0
   226/299     7.81G     0.896     0.166         0      1.06        17       608     0.799     0.711     0.718     0.753      3.31      1.07         0
   227/299     7.81G      0.89     0.189         0      1.08         3       608     0.806     0.704     0.716     0.751      3.36      1.07         0
   228/299     7.81G     0.856     0.196         0      1.05        18       608     0.815     0.715     0.723     0.761      3.41      1.07         0
   229/299     7.81G     0.852     0.183         0      1.03        18       608     0.812     0.711     0.725     0.758      3.41      1.07         0
   230/299     7.81G     0.787     0.175         0     0.962         5       608     0.813     0.715     0.725     0.761      3.41      1.07         0
   231/299     7.81G     0.868      0.18         0      1.05        13       608     0.801     0.704     0.721      0.75      3.41      1.06         0
   232/299     7.81G     0.832     0.185         0      1.02        23       608     0.795     0.715     0.715     0.753      3.42      1.05         0
   233/299     7.81G      0.84     0.178         0      1.02         8       608     0.798     0.713     0.715     0.753      3.43      1.05         0
   234/299     7.81G     0.876      0.17         0      1.05        17       608     0.805     0.711     0.731     0.755      3.41      1.06         0
   235/299     7.81G     0.799     0.193         0     0.992        20       608     0.822     0.719     0.732     0.767      3.39      1.06         0
   236/299     7.81G     0.844     0.173         0      1.02         6       608     0.827     0.725     0.734     0.773       3.4      1.07         0
   237/299     7.81G     0.805     0.172         0     0.977        17       608     0.823     0.729     0.732     0.773       3.4      1.07         0
   238/299     7.81G     0.842     0.188         0      1.03        16       608     0.817     0.715      0.72     0.763      3.42      1.07         0
   239/299     7.81G     0.856     0.177         0      1.03         7       608     0.811     0.714     0.716     0.759      3.43      1.07         0
   240/299     7.81G     0.872     0.193         0      1.06        19       608     0.811     0.711     0.716     0.758      3.42      1.08         0
   241/299     7.81G     0.782     0.153         0     0.935        15       608     0.811     0.712     0.717     0.758      3.43      1.09         0
   242/299     7.81G     0.775     0.161         0     0.935         8       608     0.804     0.715     0.712     0.757       3.4       1.1         0
   243/299     7.81G     0.835     0.168         0         1        18       608     0.796     0.708     0.709     0.749      3.41      1.09         0
   244/299     7.81G     0.773     0.166         0     0.939        10       608     0.797     0.708     0.715      0.75      3.39      1.08         0
   245/299     7.81G     0.836     0.191         0      1.03         7       608     0.798     0.711     0.718     0.752      3.38      1.08         0
   246/299     7.81G     0.812     0.186         0     0.998        15       608     0.804     0.711     0.722     0.755      3.38      1.08         0
   247/299     7.81G     0.788     0.184         0     0.972        22       608       0.8     0.711     0.726     0.753      3.38      1.09         0
   248/299     7.81G     0.792     0.187         0     0.979         9       608     0.801     0.708     0.727     0.751      3.38      1.09         0
   249/299     7.81G     0.788     0.165         0     0.953        13       608     0.803     0.707     0.721     0.752       3.4      1.09         0
   250/299     7.81G     0.787     0.165         0     0.952        17       608     0.822     0.693     0.721     0.752      3.39      1.09         0
   251/299     7.81G     0.719     0.146         0     0.865         6       608     0.812     0.688     0.726     0.745      3.39      1.09         0
   252/299     7.81G     0.732     0.155         0     0.886        20       608     0.815     0.685     0.712     0.745      3.41      1.09         0
   253/299     7.81G     0.794     0.178         0     0.972        21       608     0.816     0.689     0.712     0.747       3.4      1.09         0
   254/299     7.81G     0.723     0.153         0     0.875         6       608     0.816      0.69     0.718     0.748       3.4      1.08         0
   255/299     7.81G     0.753      0.16         0     0.913        24       608     0.813     0.693     0.713     0.748      3.41      1.08         0
   256/299     7.81G     0.759     0.159         0     0.918        23       608     0.803     0.692     0.706     0.743      3.39      1.09         0
   257/299     7.81G     0.723     0.152         0     0.875         5       608     0.798     0.684     0.713     0.737      3.42      1.09         0
   258/299     7.81G     0.813     0.157         0      0.97        15       608     0.809       0.7     0.721     0.751       3.4       1.1         0
   259/299     7.81G     0.725     0.167         0     0.892        13       608     0.804     0.695     0.715     0.746       3.4      1.11         0
   260/299     7.81G     0.737     0.167         0     0.904         7       608     0.798     0.684     0.713     0.737       3.4      1.11         0
   261/299     7.81G      0.72     0.162         0     0.882        20       608     0.802     0.687     0.716      0.74      3.39      1.12         0
   262/299     7.81G     0.781     0.187         0     0.967        19       608     0.804     0.695     0.716     0.745      3.38      1.12         0
   263/299     7.81G     0.724     0.184         0     0.908        12       608     0.804     0.695     0.701     0.746      3.39      1.12         0
   264/299     7.81G     0.723     0.159         0     0.882        17       608     0.814      0.71     0.722     0.759      3.39      1.12         0
   265/299     7.81G     0.737     0.156         0     0.893        26       608     0.814     0.712     0.726      0.76      3.41      1.12         0
   266/299     7.81G     0.785     0.161         0     0.946         9       608     0.813     0.723     0.727     0.765       3.4      1.11         0
   267/299     7.81G     0.726     0.151         0     0.877        16       608      0.81     0.726     0.725     0.766      3.39      1.11         0
   268/299     7.81G     0.703     0.145         0     0.847        15       608     0.808     0.722     0.718     0.763      3.38      1.11         0
   269/299     7.81G     0.771     0.163         0     0.934         6       608     0.819     0.718     0.721     0.765      3.39      1.11         0
   270/299     7.81G     0.741     0.158         0     0.899        15       608     0.809      0.72      0.72     0.762      3.37      1.11         0
   271/299     7.81G     0.713     0.148         0     0.861        15       608     0.809     0.716     0.721      0.76      3.37      1.11         0
   272/299     7.81G     0.691     0.165         0     0.856         6       608     0.812     0.715     0.726      0.76      3.38      1.11         0
   273/299     7.81G      0.71     0.182         0     0.892        19       608     0.811     0.711     0.732     0.758      3.37      1.11         0
   274/299     7.81G     0.703     0.166         0     0.869        17       608     0.813     0.708     0.733     0.757      3.37      1.11         0
   275/299     7.81G     0.703     0.149         0     0.851        11       608     0.811     0.711     0.727     0.758      3.38      1.11         0
   276/299     7.81G     0.642     0.161         0     0.803        19       608     0.814     0.715     0.737     0.761      3.37      1.11         0
   277/299     7.81G      0.73     0.166         0     0.896        20       608     0.814     0.715     0.739     0.761      3.37      1.11         0
   278/299     7.81G      0.75     0.174         0     0.924         8       608     0.817     0.715     0.738     0.762      3.38      1.11         0
   279/299     7.81G      0.71     0.153         0     0.862        21       608     0.816      0.72     0.728     0.765      3.37       1.1         0
   280/299     7.81G     0.721     0.158         0     0.878        13       608     0.811     0.711     0.723     0.758      3.37      1.11         0
   281/299     7.81G     0.736      0.15         0     0.885         4       608     0.812     0.718     0.726     0.762      3.38      1.11         0
   282/299     7.81G     0.683      0.16         0     0.843        12       608     0.811     0.711     0.724     0.758      3.39      1.12         0
   283/299     7.81G     0.692     0.149         0     0.841        20       608     0.807     0.711     0.723     0.756       3.4      1.12         0
   284/299     7.81G     0.708     0.167         0     0.875         6       608     0.805     0.715     0.724     0.757      3.38      1.12         0
   285/299     7.81G     0.696     0.159         0     0.855        12       608       0.8     0.709     0.723     0.752      3.38      1.12         0
   286/299     7.81G     0.712     0.169         0     0.882        22       608     0.804     0.704     0.726     0.751      3.38      1.12         0
   287/299     7.81G     0.704     0.161         0     0.865        10       608      0.81     0.709     0.736     0.756      3.38      1.12         0
   288/299     7.81G      0.71     0.151         0     0.861        16       608     0.811     0.711     0.734     0.758      3.36      1.12         0
   289/299     7.81G     0.732     0.172         0     0.904        20       608     0.813     0.708     0.727     0.757      3.38      1.12         0
   290/299     7.81G     0.702      0.15         0     0.853         8       608     0.817     0.711     0.726      0.76      3.39      1.12         0
   291/299     7.81G     0.727     0.189         0     0.916        22       608     0.811     0.704     0.719     0.754      3.39      1.12         0
   292/299     7.81G     0.708     0.163         0     0.871        21       608     0.805     0.708     0.723     0.753      3.38      1.12         0
   293/299     7.81G     0.736     0.187         0     0.923         5       608     0.807     0.707     0.723     0.754      3.39      1.12         0
   294/299     7.81G     0.673     0.144         0     0.817        15       608     0.807     0.708     0.724     0.754      3.39      1.12         0
   295/299     7.81G     0.744     0.161         0     0.904        20       608     0.815     0.717     0.726     0.763      3.39      1.12         0
   296/299     7.81G     0.692     0.146         0     0.838         7       608     0.815     0.717      0.73     0.763      3.39      1.11         0
   297/299     7.81G     0.651     0.143         0     0.794        15       608     0.811     0.722     0.727     0.764      3.38      1.11         0
   298/299     7.81G     0.687     0.155         0     0.842        15       608     0.806     0.722     0.723     0.762      3.37      1.11         0
   299/299     7.81G     0.686     0.156         0     0.841         4       608     0.815     0.717     0.727     0.763      3.38      1.11         0
