[          1]
[          1]
[          1]
[          1]
[          1]
[          1]
[          1]
[          1]
[          1]
[          1]
[          1]
[          1]
[          1]
[          1]
[          1]
[          1]
[          1]
[          1]
[          1]
[          1]
[          1]
[          1]
[          1]
[          1]
[          1]
[          1]
[          1]
[          1]
[          1]
[          1]
[          1]
[          1]
[          1]
[          1]
[          1]
[          1]
[          1]
[          1]
[          1]
[          1]
[          1]
[          1]
[          1]
[          1]
[          1]
[          1]
[          1]
[          1]
[          1]
[          1]
[          1]
[          1]
[          1]
[          1]
[          1]
[          1]
[          1]
[          1]
[          1]
[          1]
[          1]
[          1]
[          1]
[          1]
[          1]
[          1]
[          1]
[          1]
[          1]
[          1]
[          1]
[          1]
[          1]
[          1]
[          1]
[          1]
[          1]
[          1]
[          1]
[          1]
[          1]
[          1]
[          1]
[          1]
[          1]
[          1]
[          1]
[          1]
[          1]
[          1]
[          1]
[          1]
[          1]
[          1]
[          1]
[          1]
[          1]
[          1]
[          1]
[          1]
[          1]
[          1]
[          1]
[          1]
[          1]
[          1]
[          1]
[          1]
[          1]
[          1]
[          1]
[          1]
[          1]
[          1]
[          1]
[          1]
[          1]
[          1]
[          1]
[          1]
[          1]
[          1]
[          1]
[          1]
[          1]
[          1]
[          1]
[          1]
[          1]
[          1]
[          1]
[          1]
[          1]
[          1]
[          1]
[          1]
[          1]
[          1]
[    0.99281]
[    0.99286]
[    0.99291]
[    0.99296]
[    0.99301]
[    0.99306]
[     0.9931]
[    0.99315]
[     0.9932]
[    0.99324]
[    0.98658]
[    0.98667]
[    0.98675]
[    0.98684]
[    0.98693]
[    0.98701]
[     0.9871]
[    0.98718]
[    0.98726]
[    0.98734]
[    0.98742]
[     0.9875]
[    0.98758]
[    0.98765]
[    0.98773]
[     0.9878]
[    0.98788]
[    0.98795]
[    0.98802]
[     0.9881]
[    0.98817]
[    0.98824]
[     0.9883]
[    0.98837]
[    0.98844]
[    0.98851]
[    0.98857]
[    0.98864]
[     0.9887]
[    0.98876]
[    0.98883]
[    0.98889]
[    0.98895]
[    0.98901]
[    0.98907]
[    0.98913]
[    0.98919]
[    0.98925]
[     0.9893]
[    0.98936]
[    0.98942]
[    0.98947]
[    0.98953]
[    0.98958]
[    0.98964]
[    0.98969]
[    0.98462]
[    0.98469]
[    0.98477]
[    0.98485]
[    0.98492]
[      0.985]
[    0.98507]
[    0.98515]
[    0.98522]
[    0.98529]
[    0.98537]
[    0.98544]
[    0.98551]
[    0.98558]
[    0.98565]
[    0.98571]
[    0.98578]
[    0.98585]
[    0.98122]
[    0.98131]
[    0.97674]
[    0.97685]
[    0.97696]
[    0.97248]
[     0.9726]
[    0.97273]
[    0.97285]
[    0.97297]
[    0.97309]
[    0.97321]
[    0.97333]
[    0.97345]
[    0.96916]
[     0.9693]
[    0.96943]
[    0.96957]
[     0.9697]
[    0.96983]
[    0.96996]
[    0.97009]
[    0.97021]
[    0.97034]
[    0.97046]
[    0.97059]
[    0.97071]
[    0.97083]
[    0.97095]
[    0.97107]
[    0.96708]
[    0.96721]
[    0.96735]
[    0.96748]
[    0.96761]
[    0.96774]
[    0.96787]
[      0.968]
[    0.96414]
[    0.96429]
[    0.96443]
[    0.96457]
[    0.96471]
[    0.96484]
[    0.96498]
[    0.96512]
[    0.96525]
[    0.96538]
[    0.96552]
[    0.96565]
[    0.96578]
[    0.96591]
[    0.96226]
[    0.96241]
[    0.96255]
[    0.96269]
[    0.96283]
[    0.95926]
[    0.95572]
[    0.95221]
[    0.94872]
[    0.94891]
[    0.94545]
[    0.94565]
[    0.94224]
[    0.93885]
[    0.93548]
[    0.93214]
[    0.93238]
[    0.92908]
[     0.9258]
[    0.92254]
[     0.9193]
[    0.91608]
[    0.91289]
[    0.90972]
[    0.91003]
[     0.9069]
[    0.90378]
[    0.90068]
[    0.89761]
[    0.89456]
[    0.89153]
[    0.89189]
[    0.88889]
[    0.88591]
[    0.88294]
[       0.88]
[    0.87708]
[    0.87417]
[    0.87129]
[    0.86842]
[    0.86557]
[    0.86275]
[    0.85993]
[    0.86039]
[    0.85761]
[    0.85484]
[    0.85209]
[    0.84936]
[    0.84665]
[    0.84395]
[    0.84127]
[    0.83861]
[    0.83596]
[    0.83333]
[    0.83072]
[    0.82812]
[    0.82555]
[    0.82298]
[    0.82043]
[     0.8179]
[    0.81846]
[    0.81595]
[    0.81346]
[    0.81098]
[    0.80851]
[    0.80606]
[    0.80363]
[     0.8012]
[     0.7988]
[    0.79641]
[    0.79403]
[    0.79167]
[    0.78932]
[    0.78698]
[    0.78761]
[    0.78529]
[    0.78299]
[     0.7807]
[    0.77843]
[    0.77616]
[    0.77391]
[    0.77168]
[    0.76945]
[    0.76724]
[    0.76504]
[    0.76571]
[    0.76353]
[    0.76136]
[    0.75921]
[    0.75706]
[    0.75493]
[    0.75281]
[     0.7507]
[     0.7486]
[    0.74652]
[    0.74444]
[    0.74238]
[    0.74033]
[    0.73829]
[    0.73626]
[    0.73425]
[    0.73224]
[    0.73025]
[    0.72826]
[    0.72629]
[    0.72432]
[    0.72237]
[    0.72043]
[     0.7185]
[    0.71658]
[    0.71467]
[    0.71277]
[    0.71088]
[    0.70899]
[    0.70712]
[    0.70526]
[    0.70341]
[    0.70157]
[    0.69974]
[    0.69792]
[     0.6961]
[     0.6943]
[    0.69251]
[    0.69072]
[    0.68895]
[    0.68718]
[    0.68542]
[    0.68367]
[    0.68193]
[     0.6802]
[    0.67848]
[    0.67677]
[    0.67506]
[    0.67337]
[    0.67168]
[       0.67]
[    0.66833]
[    0.66667]
[    0.66501]
[    0.66337]
[    0.66173]
[     0.6601]
[    0.65848]
[    0.65686]
[    0.65526]
[    0.65366]
[    0.65207]
[    0.65049]
[    0.64891]
[    0.64734]
[    0.64578]
[    0.64423]
[    0.64269]
[    0.64115]
[    0.63962]
[     0.6381]
[    0.63658]
[    0.63507]
[    0.63357]
[    0.63208]
[    0.63059]
[    0.62911]
[    0.62763]
[    0.62617]
[    0.62471]
[    0.62326]
[    0.62181]
[    0.62037]
[    0.61894]
[    0.61751]
[    0.61609]
[    0.61468]
[    0.61327]
[    0.61187]
[    0.61048]
[    0.60909]
[    0.60771]
[    0.60633]
[    0.60497]
[     0.6036]
[    0.60225]
[     0.6009]
[    0.59955]
[    0.59821]
[    0.59688]
[    0.59556]
[    0.59424]
[    0.59292]
[    0.59161]
[    0.59031]
[    0.58901]
[    0.58772]
[    0.58643]
[    0.58515]
[    0.58388]
[    0.58261]
[    0.58134]
[    0.58009]
[    0.57883]
[    0.57759]
[    0.57634]
[    0.57511]
[    0.57388]
[    0.57265]
[    0.57143]
[    0.57021]
[      0.569]
[     0.5678]
[     0.5666]
[     0.5654]
[    0.56421]
[    0.56303]
[    0.56184]
[    0.56067]
[     0.5595]
[    0.55833]
[    0.55717]
[    0.55602]
[    0.55487]
[    0.55372]
[    0.55258]
[    0.55144]
[    0.55031]
[    0.54918]
[    0.54806]
[    0.54694]
[    0.54582]
[    0.54472]
[    0.54361]
[    0.54251]
[    0.54141]
[    0.54032]
[    0.53924]
[    0.53815]
[    0.53707]
[      0.536]
[    0.53493]
[    0.53386]
[     0.5328]
[    0.53175]
[    0.53069]
[    0.52964]
[     0.5286]
[    0.52756]
[    0.52652]
[    0.52549]
[    0.52446]
[    0.52344]
[    0.52242]
[     0.5214]
[    0.52039]
[    0.51938]
[    0.51838]
[    0.51737]
[    0.51638]
[    0.51538]
[     0.5144]
[    0.51341]
[    0.51243]
[    0.51145]
[    0.51048]
[    0.50951]
[    0.50854]
[    0.50758]
[    0.50662]
[    0.50566]
[    0.50471]
[    0.50376]
[    0.50281]
[    0.50187]
[    0.50093]
[        0.5]
[    0.49907]
[    0.49814]
[    0.49722]
[     0.4963]
[    0.49538]
[    0.49446]
[    0.49355]
[    0.49265]
[    0.49174]
[    0.49084]
[    0.48995]
[    0.48905]
[    0.48816]
[    0.48727]
[    0.48639]
[    0.48551]
[    0.48463]
[    0.48375]
[    0.48288]
[    0.48201]
[    0.48115]
[    0.48029]
[    0.47943]
[    0.47857]
[    0.47772]
