[    0.81155]
[          0     0.52412     0.52535     0.35313     0.83414     0.63766     0.77138           0]
[    0.62604     0.73059           0      0.6795           0]
[    0.75595           0           0           0           0]
[    0.71791           0     0.79789]
[    0.52751]
[    0.55545     0.66777     0.58863      0.5111     0.63121     0.69362     0.77071]
[    0.76528      0.6125     0.84985     0.75942     0.58554]
[    0.79559]
[    0.31489           0     0.35114           0]
[    0.71603           0]
[    0.76076]
[    0.81903           0           0]
[    0.39564     0.50457           0           0     0.60711]
[    0.55388     0.56118]
[    0.78689    0.023308           0           0           0     0.78362     0.78085     0.39432]
[    0.64451     0.72046      0.5924           0           0      0.7332]
[    0.34669     0.47744           0]
[    0.89991           0           0]
[    0.44757     0.27636     0.69051     0.24574      0.4419]
[    0.72849     0.70184     0.58035      0.5845           0     0.63856     0.50527]
[    0.85265           0           0]
[     0.5557     0.51386           0           0]
[    0.51745     0.21538     0.28338           0     0.29056           0]
[    0.60377           0      0.6271     0.52568     0.50172           0     0.70528           0           0           0           0]
[    0.79419           0     0.51423     0.78155]
[    0.44847           0     0.47377           0           0           0]
[          0           0           0           0     0.39859           0           0]
[    0.73827]
[    0.65637           0]
[    0.66755           0           0           0           0]
[    0.63806     0.84024           0]
[    0.82727     0.75585      0.6397           0     0.47803]
[    0.94754     0.80509     0.52177]
[    0.75412     0.77777           0           0           0           0]
[    0.74331           0]
[    0.79177     0.57404           0           0]
[    0.64942     0.59865           0]
[    0.93468     0.73294     0.89772]
[    0.63866           0     0.65335           0           0           0]
[    0.71479]
[    0.33776]
[    0.69784           0           0           0           0           0]
[    0.77141]
[    0.59491           0]
[    0.91332     0.85419      0.6888     0.54916     0.34531     0.24743      0.7451]
[    0.50135      0.6176           0           0           0           0]
[    0.61079           0           0]
[          0      0.2922    0.083086           0     0.16841]
[     0.8496     0.74702     0.64195]
[    0.82965     0.46193     0.68279           0     0.89027     0.45746]
[     0.4318           0           0           0           0           0           0           0     0.45474]
[    0.81183           0           0           0           0           0           0]
[    0.69476      0.8238]
[    0.68715     0.84449     0.63417     0.81159]
[    0.59434     0.70561           0]
[    0.15509]
[    0.83587     0.82636]
[    0.79622     0.76684     0.70329     0.52076     0.84589           0           0           0]
[    0.69758]
[    0.66538     0.76908           0]
[    0.69025     0.63381     0.39171     0.70184           0]
[    0.45198           0     0.44015           0           0]
[    0.60238     0.55591]
[     0.6708     0.37858]
[    0.62668     0.60632           0     0.51314           0           0]
[    0.79432           0           0           0           0     0.68864]
[    0.80307           0     0.55201]
[          0           0           0     0.35733           0]
[    0.11943           0           0           0]
[    0.73885           0]
[    0.34233      0.3437     0.32815     0.57656     0.65218     0.39529     0.56083      0.3824     0.59794]
[    0.91117]
[    0.30658           0     0.42743]
[     0.7692           0     0.73889           0           0           0]
[    0.35751           0]
[    0.65612     0.52927]
[    0.71351      0.8731      0.5295           0]
[    0.86658     0.70464     0.67795           0           0]
[    0.84831     0.82309     0.52212]
[          0           0           0           0           0     0.35605]
[    0.50808           0           0           0           0           0           0]
[    0.84818     0.69257      0.4166           0           0     0.43852           0    0.014809]
[    0.92337     0.75432           0]
[    0.29479           0           0     0.15205]
[     0.7889     0.82536     0.47552           0]
[    0.59297     0.74867     0.60292]
[    0.49903]
[    0.75546     0.64564     0.48273     0.46537     0.65489           0]
[    0.71312           0           0           0]
[    0.89385     0.83878     0.85645           0           0     0.43874]
[    0.69516     0.83822     0.76957     0.68675     0.89286           0]
[    0.50462     0.44762     0.64623     0.50766     0.52626           0           0     0.43479     0.43576           0           0           0]
[    0.74511     0.56341]
[     0.5869           0]
[    0.56493     0.57985     0.58464           0]
[    0.85373     0.75566           0     0.76838           0           0           0           0]
[    0.87742      0.7878     0.66762           0           0           0     0.76865           0]
[    0.78016     0.77916     0.63562           0     0.60802     0.66324      0.4037           0           0]
[     0.7537     0.19305      0.3058     0.38576           0           0]
