[          1]
[          1]
[          1]
[          1]
[          1]
[          1]
[          1]
[          1]
[          1]
[          1]
[          1]
[          1]
[          1]
[          1]
[          1]
[          1]
[          1]
[          1]
[          1]
[          1]
[          1]
[          1]
[          1]
[          1]
[          1]
[          1]
[          1]
[          1]
[          1]
[          1]
[          1]
[          1]
[          1]
[          1]
[          1]
[          1]
[    0.97297]
[    0.97368]
[    0.97436]
[      0.975]
[    0.97561]
[    0.97619]
[    0.97674]
[    0.97727]
[    0.97778]
[    0.97826]
[    0.97872]
[    0.95833]
[    0.95918]
[       0.96]
[    0.96078]
[    0.96154]
[    0.96226]
[    0.96296]
[    0.96364]
[    0.96429]
[    0.96491]
[    0.94828]
[    0.94915]
[       0.95]
[    0.95082]
[    0.95161]
[    0.95238]
[    0.95312]
[    0.93846]
[    0.93939]
[     0.9403]
[    0.94118]
[    0.94203]
[    0.92857]
[    0.91549]
[    0.90278]
[    0.90411]
[    0.90541]
[    0.90667]
[    0.89474]
[     0.8961]
[    0.89744]
[    0.89873]
[        0.9]
[    0.90123]
[    0.90244]
[    0.90361]
[    0.90476]
[    0.90588]
[    0.90698]
[    0.90805]
[    0.90909]
[    0.91011]
[    0.91111]
[    0.91209]
[    0.90217]
[    0.89247]
[    0.88298]
[    0.88421]
[    0.88542]
[    0.87629]
[    0.87755]
[    0.87879]
[       0.88]
[    0.88119]
[    0.88235]
[     0.8835]
[    0.88462]
[    0.88571]
[    0.88679]
[    0.88785]
[    0.88889]
[    0.88991]
[    0.88182]
[    0.88288]
[    0.88393]
[    0.88496]
[    0.88596]
[    0.88696]
[    0.87931]
[    0.88034]
[    0.88136]
[    0.88235]
[    0.88333]
[    0.87603]
[    0.87705]
[    0.86992]
[    0.87097]
[      0.872]
[    0.87302]
[    0.87402]
[      0.875]
[    0.87597]
[    0.87692]
[    0.87786]
[    0.87879]
[     0.8797]
[    0.87313]
[    0.86667]
[    0.86765]
[    0.86131]
[    0.86232]
[    0.85612]
[    0.85714]
[    0.85816]
[    0.85915]
[    0.85315]
[    0.85417]
[    0.84828]
[    0.84932]
[    0.84354]
[    0.84459]
[    0.83893]
[       0.84]
[    0.84106]
[    0.84211]
[     0.8366]
[    0.83766]
[    0.83226]
[    0.82692]
[    0.82803]
[    0.82911]
[    0.83019]
[    0.83125]
[     0.8323]
[    0.83333]
[    0.83436]
[    0.83537]
[     0.8303]
[     0.8253]
[    0.82036]
[    0.81548]
[    0.81065]
[    0.81176]
[    0.81287]
[    0.81395]
[    0.81503]
[    0.81034]
[    0.80571]
[    0.80682]
[    0.80791]
[    0.80337]
[    0.80447]
[        0.8]
[    0.79558]
[    0.79121]
[    0.79235]
[    0.79348]
[    0.79459]
[    0.79032]
[     0.7861]
[    0.78191]
[    0.77778]
[    0.77368]
[    0.77487]
[    0.77083]
[    0.76684]
[    0.76804]
[     0.7641]
[     0.7602]
[    0.76142]
[    0.76263]
[    0.75879]
[      0.755]
[    0.75124]
[    0.75248]
[    0.74877]
[     0.7451]
[    0.74146]
[    0.73786]
[     0.7343]
[    0.73077]
[    0.73206]
[    0.72857]
[    0.72512]
[     0.7217]
[    0.71831]
[    0.71963]
[    0.71628]
[    0.71296]
[    0.70968]
[    0.70642]
[     0.7032]
[        0.7]
[    0.70136]
[     0.6982]
[    0.69507]
[    0.69196]
[    0.68889]
[    0.68584]
[    0.68722]
[    0.68421]
[    0.68122]
[    0.67826]
[    0.67532]
[    0.67241]
[    0.66953]
[    0.66667]
[    0.66383]
[    0.66102]
[    0.65823]
[    0.65546]
[    0.65272]
[       0.65]
[     0.6473]
[    0.64463]
[    0.64198]
[    0.63934]
[    0.63673]
[    0.63415]
[    0.63158]
[    0.62903]
[    0.62651]
[      0.624]
[    0.62151]
[    0.62302]
[    0.62055]
[    0.61811]
[    0.61569]
[    0.61328]
[    0.61089]
[    0.60853]
[    0.60618]
[    0.60385]
[    0.60153]
[    0.59924]
[    0.60076]
[    0.59848]
[    0.59623]
[    0.59398]
[    0.59176]
[    0.58955]
[    0.58736]
[    0.58519]
[    0.58303]
[    0.58088]
[    0.58242]
[    0.58029]
[    0.57818]
[    0.57609]
[    0.57401]
[    0.57194]
[    0.56989]
[    0.56786]
[    0.56584]
[    0.56383]
[    0.56184]
[    0.55986]
[    0.55789]
[    0.55594]
[    0.55401]
[    0.55208]
[    0.55017]
[    0.55172]
[    0.54983]
[    0.54795]
[    0.54608]
[    0.54762]
[    0.54576]
[    0.54392]
[    0.54209]
[    0.54027]
[    0.53846]
[    0.53667]
[    0.53488]
[    0.53311]
[    0.53135]
[    0.52961]
[    0.52787]
[    0.52614]
[    0.52769]
[    0.52597]
[    0.52427]
[    0.52258]
[     0.5209]
[    0.51923]
[    0.51757]
[    0.51592]
[    0.51429]
[    0.51266]
[    0.51104]
[    0.50943]
[    0.50784]
[    0.50625]
[    0.50467]
[    0.50311]
[    0.50155]
[        0.5]
[    0.49846]
[    0.49693]
[    0.49541]
[     0.4939]
[     0.4924]
[    0.49091]
[    0.48943]
[    0.48795]
[    0.48649]
[    0.48802]
[    0.48657]
[    0.48512]
[    0.48368]
[    0.48225]
[    0.48083]
[    0.47941]
[    0.47801]
[    0.47661]
[    0.47522]
[    0.47384]
[    0.47246]
[     0.4711]
[    0.46974]
[    0.46839]
[    0.46705]
[    0.46571]
[    0.46439]
[    0.46307]
[    0.46176]
[    0.46045]
[    0.45915]
[    0.45787]
[    0.45658]
[    0.45531]
[    0.45404]
[    0.45278]
[    0.45152]
[    0.45028]
[    0.44904]
[     0.4478]
[    0.44658]
[    0.44536]
[    0.44414]
[    0.44293]
[    0.44173]
[    0.44054]
[    0.43935]
[    0.43817]
[      0.437]
[    0.43583]
[    0.43467]
[    0.43351]
[    0.43236]
[    0.43122]
[    0.43008]
[    0.42895]
[    0.42782]
[     0.4267]
[    0.42559]
[    0.42448]
[    0.42338]
[    0.42228]
[    0.42119]
[     0.4201]
[    0.41902]
[    0.41795]
[    0.41688]
[    0.41582]
[    0.41476]
[    0.41371]
[    0.41266]
[    0.41162]
[    0.41058]
[    0.40955]
[    0.40852]
[     0.4075]
[    0.40648]
[    0.40547]
[    0.40447]
[    0.40347]
[    0.40247]
[    0.40148]
[    0.40049]
[    0.39951]
[    0.39853]
[    0.39756]
[    0.39659]
[    0.39563]
[    0.39467]
[    0.39372]
[    0.39277]
[    0.39183]
[    0.39089]
[    0.38995]
[    0.38902]
[     0.3881]
[    0.38717]
[    0.38626]
[    0.38534]
[    0.38443]
[    0.38353]
[    0.38498]
[    0.38407]
[    0.38318]
[    0.38228]
[     0.3814]
[    0.38051]
[    0.37963]
[    0.37875]
[    0.37788]
[    0.37701]
[    0.37615]
[    0.37529]
[    0.37443]
[    0.37358]
[    0.37273]
[    0.37188]
[    0.37104]
[     0.3702]
[    0.36937]
[    0.36854]
[    0.36771]
[    0.36689]
[    0.36607]
[    0.36526]
[    0.36444]
[    0.36364]
[    0.36283]
[    0.36203]
[    0.36123]
[    0.36044]
[    0.35965]
[    0.35886]
[    0.35808]
[     0.3573]
[    0.35652]
[    0.35575]
[    0.35498]
[    0.35421]
[    0.35345]
[    0.35269]
[    0.35193]
[    0.35118]
[    0.35043]
[    0.34968]
[    0.34894]
[     0.3482]
[    0.34746]
[    0.34672]
[    0.34599]
[    0.34526]
[    0.34454]
[    0.34382]
[     0.3431]
[    0.34238]
[    0.34167]
[    0.34096]
[    0.34025]
[    0.33954]
[    0.33884]
[    0.33814]
[    0.33745]
[    0.33676]
[    0.33607]
[    0.33538]
[    0.33469]
[    0.33401]
[    0.33333]
[    0.33266]
[    0.33198]
[    0.33131]
[    0.33065]
[    0.32998]
[    0.32932]
[    0.32866]
[      0.328]
[    0.32735]
[    0.32669]
[    0.32604]
[     0.3254]
[    0.32475]
[    0.32411]
[    0.32347]
[    0.32283]
[     0.3222]
[    0.32157]
[    0.32094]
[    0.32031]
[    0.32164]
[    0.32101]
[    0.32039]
[    0.31977]
[    0.31915]
[    0.31853]
[    0.31792]
[    0.31731]
[     0.3167]
[    0.31609]
[    0.31549]
[    0.31489]
[    0.31429]
[    0.31369]
[    0.31309]
[     0.3125]
[    0.31191]
[    0.31132]
[    0.31073]
[    0.31015]
[    0.30957]
[    0.30899]
[    0.30841]
[    0.30784]
[    0.30726]
[    0.30669]
[    0.30612]
[    0.30556]
[    0.30499]
[    0.30443]
[    0.30387]
[    0.30331]
[    0.30275]
[     0.3022]
[    0.30165]
[    0.30109]
[    0.30055]
[        0.3]
[    0.29946]
[    0.29891]
[    0.29837]
[    0.29783]
[     0.2973]
[    0.29676]
[    0.29623]
[     0.2957]
[    0.29517]
[    0.29464]
[    0.29412]
[    0.29359]
[    0.29307]
[    0.29255]
[    0.29204]
[    0.29152]
[    0.29101]
[    0.29049]
[    0.28998]
[    0.28947]
[    0.28897]
[    0.28846]
[    0.28796]
[    0.28746]
[    0.28696]
[    0.28646]
[    0.28596]
[    0.28547]
[    0.28497]
[    0.28448]
[    0.28399]
[    0.28351]
[    0.28302]
[    0.28253]
[    0.28205]
[    0.28157]
[    0.28109]
[    0.28061]
[    0.28014]
[    0.27966]
[    0.27919]
[    0.27872]
[    0.27825]
[    0.27778]
[    0.27731]
[    0.27685]
[    0.27638]
[    0.27592]
[    0.27546]
[      0.275]
[    0.27454]
[    0.27409]
[    0.27363]
[    0.27318]
[    0.27273]
[    0.27228]
[    0.27183]
[    0.27138]
[    0.27094]
[    0.27049]
[    0.27005]
[    0.26961]
[    0.26917]
[    0.26873]
[    0.26829]
[    0.26786]
[    0.26742]
[    0.26699]
[    0.26656]
[    0.26613]
[     0.2657]
[    0.26527]
[    0.26485]
[    0.26442]
[      0.264]
[    0.26358]
[    0.26316]
[    0.26274]
[    0.26232]
[     0.2619]
[    0.26149]
[    0.26108]
[    0.26066]
[    0.26025]
[    0.25984]
[    0.25943]
[     0.2606]
[    0.26019]
[    0.25978]
[    0.25938]
[    0.25897]
[    0.25857]
[    0.25816]
[    0.25776]
[    0.25736]
[    0.25697]
[    0.25657]
[    0.25617]
[    0.25578]
[    0.25538]
[    0.25499]
[     0.2546]
[    0.25421]
[    0.25382]
[    0.25344]
[    0.25305]
[    0.25266]
[    0.25228]
[     0.2519]
[    0.25152]
[    0.25113]
[    0.25076]
[    0.25038]
[       0.25]
[    0.24962]
[    0.24925]
[    0.24888]
[     0.2485]
[    0.24813]
[    0.24776]
[    0.24739]
[    0.24702]
[    0.24666]
[    0.24629]
[    0.24593]
[    0.24556]
[     0.2452]
[    0.24484]
[    0.24448]
[    0.24412]
[    0.24376]
[     0.2434]
[    0.24305]
[    0.24269]
[    0.24234]
[    0.24198]
[    0.24163]
[    0.24128]
[    0.24093]
[    0.24058]
[    0.24023]
[    0.23988]
[    0.23954]
[    0.23919]
[    0.23885]
[    0.23851]
[    0.23816]
[    0.23782]
[    0.23748]
[    0.23714]
[     0.2368]
[    0.23647]
[    0.23613]
[     0.2358]
[    0.23546]
[    0.23513]
[    0.23479]
[    0.23446]
[    0.23413]
[     0.2338]
[    0.23347]
[    0.23315]
[    0.23282]
[    0.23249]
[    0.23217]
[    0.23184]
[    0.23152]
[     0.2312]
[    0.23088]
[    0.23056]
[    0.23024]
[    0.22992]
[     0.2296]
[    0.22928]
[    0.22897]
[    0.22865]
[    0.22834]
[    0.22802]
[    0.22771]
[     0.2274]
[    0.22709]
[    0.22678]
[    0.22647]
[    0.22616]
[    0.22585]
[    0.22554]
[    0.22524]
[    0.22493]
[    0.22463]
[    0.22432]
[    0.22402]
[    0.22372]
[    0.22342]
[    0.22312]
[    0.22282]
[    0.22252]
[    0.22222]
[    0.22193]
[    0.22163]
[    0.22133]
[    0.22104]
[    0.22074]
[    0.22045]
[    0.22016]
[    0.21987]
[    0.21958]
[    0.21929]
[      0.219]
[    0.21871]
[    0.21842]
[    0.21813]
[    0.21785]
[    0.21756]
[    0.21728]
[    0.21699]
[    0.21671]
[    0.21643]
[    0.21615]
[    0.21586]
[    0.21558]
[     0.2153]
[    0.21503]
[    0.21475]
[    0.21447]
[    0.21419]
[    0.21392]
[    0.21364]
[    0.21337]
[    0.21309]
[    0.21282]
[    0.21255]
[    0.21228]
[    0.21201]
[    0.21173]
[    0.21146]
[     0.2112]
[    0.21093]
[    0.21066]
[    0.21039]
[    0.21013]
[    0.20986]
[     0.2096]
[    0.20933]
[    0.20907]
[    0.20881]
[    0.20854]
[    0.20828]
[    0.20802]
[    0.20776]
[     0.2075]
[    0.20724]
[    0.20698]
[    0.20672]
[    0.20647]
[    0.20621]
[    0.20596]
[     0.2057]
[    0.20545]
[    0.20519]
[    0.20494]
[    0.20469]
[    0.20443]
[    0.20418]
[    0.20393]
[    0.20368]
[    0.20343]
[    0.20318]
[    0.20293]
[    0.20269]
[    0.20244]
[    0.20219]
[    0.20195]
[     0.2017]
[    0.20146]
[    0.20121]
[    0.20097]
[    0.20073]
[    0.20048]
[    0.20024]
[        0.2]
[    0.19976]
[    0.19952]
[    0.19928]
[    0.19904]
[     0.1988]
[    0.19856]
[    0.19833]
[    0.19809]
[    0.19785]
[    0.19762]
[    0.19738]
[    0.19715]
[    0.19692]
[    0.19668]
[    0.19645]
[    0.19622]
[    0.19599]
[    0.19575]
[    0.19552]
[    0.19647]
[    0.19624]
[    0.19601]
[    0.19578]
[    0.19555]
[    0.19532]
[    0.19509]
[    0.19487]
[    0.19464]
[    0.19441]
[    0.19419]
[    0.19396]
[    0.19374]
[    0.19351]
[    0.19329]
[    0.19306]
[    0.19284]
[    0.19262]
[     0.1924]
[    0.19217]
[    0.19195]
[    0.19173]
[    0.19151]
[    0.19129]
[    0.19108]
[    0.19086]
[    0.19064]
[    0.19042]
[    0.19021]
[    0.18999]
[    0.18977]
[    0.18956]
[    0.18934]
[    0.18913]
[    0.18891]
[     0.1887]
[    0.18849]
[    0.18828]
[    0.18806]
[    0.18785]
[    0.18764]
[    0.18743]
[    0.18722]
[    0.18701]
[     0.1868]
[    0.18659]
[    0.18638]
[    0.18618]
[    0.18597]
[    0.18576]
[    0.18556]
[    0.18535]
[    0.18514]
[    0.18494]
[    0.18473]
[    0.18453]
[    0.18433]
[    0.18412]
[    0.18392]
[    0.18372]
[    0.18352]
[    0.18332]
[    0.18311]
[    0.18291]
[    0.18271]
[    0.18251]
[    0.18231]
[    0.18212]
[    0.18192]
[    0.18172]
[    0.18152]
[    0.18132]
[    0.18113]
[    0.18093]
[    0.18074]
[    0.18054]
[    0.18035]
[    0.18015]
[    0.17996]
[    0.17976]
[    0.17957]
[    0.17938]
[    0.17918]
[    0.17899]
[     0.1788]
[    0.17861]
[    0.17842]
[    0.17823]
[    0.17804]
[    0.17785]
[    0.17766]
[    0.17747]
[    0.17728]
[    0.17709]
[    0.17691]
[    0.17672]
[    0.17653]
[    0.17635]
[    0.17616]
[    0.17597]
[    0.17579]
[     0.1756]
[    0.17542]
[    0.17524]
[    0.17505]
[    0.17487]
[    0.17469]
[     0.1745]
[    0.17432]
[    0.17414]
[    0.17396]
[    0.17378]
[     0.1736]
[    0.17342]
[    0.17324]
[    0.17306]
[    0.17288]
[     0.1727]
[    0.17252]
[    0.17234]
[    0.17216]
[    0.17199]
[    0.17181]
[    0.17163]
[    0.17146]
[    0.17128]
[    0.17111]
[    0.17093]
[    0.17076]
[    0.17058]
[    0.17041]
[    0.17023]
[    0.17006]
[    0.16989]
[    0.16972]
[    0.16954]
[    0.16937]
[     0.1692]
[    0.16903]
[    0.16886]
[    0.16869]
[    0.16852]
[    0.16835]
[    0.16818]
[    0.16801]
[    0.16784]
[    0.16767]
[     0.1675]
[    0.16733]
[    0.16717]
[      0.167]
[    0.16683]
[    0.16667]
[     0.1665]
[    0.16633]
[    0.16617]
[      0.166]
[    0.16584]
[    0.16567]
[    0.16551]
[    0.16535]
[    0.16518]
[    0.16502]
[    0.16486]
[    0.16469]
[    0.16453]
[    0.16437]
[    0.16421]
[    0.16405]
[    0.16389]
[    0.16373]
[    0.16357]
[    0.16341]
[    0.16325]
[    0.16309]
[    0.16293]
[    0.16277]
[    0.16261]
[    0.16245]
[    0.16229]
[    0.16214]
[    0.16198]
[    0.16182]
[    0.16167]
[    0.16248]
[    0.16232]
[    0.16216]
[    0.16201]
[    0.16185]
[    0.16169]
[    0.16154]
[    0.16138]
[    0.16123]
[    0.16107]
[    0.16092]
[    0.16077]
[    0.16061]
[    0.16046]
[    0.16031]
[    0.16015]
[       0.16]
[    0.15985]
[     0.1597]
[    0.15954]
[    0.15939]
[    0.15924]
[    0.15909]
[    0.15894]
[    0.15879]
[    0.15864]
[    0.15849]
[    0.15834]
[    0.15819]
[    0.15804]
[    0.15789]
[    0.15775]
[     0.1576]
[    0.15745]
[     0.1573]
[    0.15716]
[    0.15701]
[    0.15686]
[    0.15672]
[    0.15657]
[    0.15642]
[    0.15628]
[    0.15613]
[    0.15599]
[    0.15584]
[     0.1557]
[    0.15556]
[    0.15541]
[    0.15527]
[    0.15512]
[    0.15498]
[    0.15484]
[     0.1547]
[    0.15455]
[    0.15441]
[    0.15427]
[    0.15413]
[    0.15399]
[    0.15385]
[    0.15371]
[    0.15356]
[    0.15342]
[    0.15328]
[    0.15314]
[    0.15301]
[    0.15287]
[    0.15273]
[    0.15259]
[    0.15245]
[    0.15231]
[    0.15217]
[    0.15204]
[     0.1519]
[    0.15176]
[    0.15162]
[    0.15149]
[    0.15135]
[    0.15122]
[    0.15108]
[    0.15094]
[    0.15081]
[    0.15067]
[    0.15054]
[     0.1504]
[    0.15027]
[    0.15013]
[       0.15]
[    0.14987]
[    0.14973]
[     0.1496]
[    0.14947]
[    0.14933]
[     0.1492]
[    0.14907]
[    0.14894]
[     0.1488]
[    0.14867]
[    0.14854]
[    0.14841]
[    0.14828]
[    0.14815]
[    0.14802]
[    0.14789]
[    0.14776]
[    0.14763]
[     0.1475]
[    0.14737]
[    0.14724]
[    0.14711]
[    0.14698]
[    0.14685]
[    0.14672]
[     0.1466]
[    0.14647]
[    0.14634]
[    0.14621]
[    0.14609]
[    0.14596]
[    0.14583]
[    0.14571]
[    0.14558]
[    0.14545]
[    0.14533]
[     0.1452]
[    0.14508]
[    0.14495]
[    0.14483]
[     0.1447]
[    0.14458]
[    0.14445]
[    0.14433]
[    0.14421]
[    0.14408]
[    0.14396]
[    0.14384]
[    0.14371]
[    0.14359]
[    0.14347]
[    0.14334]
[    0.14322]
[     0.1431]
[    0.14298]
[    0.14286]
[    0.14274]
[    0.14261]
[    0.14249]
[    0.14237]
[    0.14225]
[    0.14213]
[    0.14201]
[    0.14189]
[    0.14177]
[    0.14165]
[    0.14153]
[    0.14141]
[     0.1413]
[    0.14118]
[    0.14106]
[    0.14094]
[    0.14082]
[     0.1407]
[    0.14059]
[    0.14047]
[    0.14035]
[    0.14023]
[    0.14012]
[       0.14]
[    0.13988]
[    0.13977]
[    0.13965]
[    0.13953]
[    0.13942]
[     0.1393]
[    0.13919]
[    0.13907]
[    0.13896]
[    0.13884]
[    0.13873]
[    0.13861]
[     0.1385]
[    0.13839]
[    0.13827]
[    0.13816]
[    0.13804]
[    0.13793]
[    0.13782]
[     0.1377]
[    0.13759]
[    0.13748]
[    0.13737]
[    0.13725]
[    0.13714]
[    0.13703]
[    0.13692]
[    0.13681]
[     0.1367]
[    0.13659]
[    0.13647]
[    0.13636]
[    0.13625]
[    0.13614]
[    0.13603]
[    0.13592]
[    0.13581]
[     0.1357]
[    0.13559]
[    0.13548]
[    0.13537]
[    0.13527]
[    0.13516]
[    0.13505]
[    0.13494]
[    0.13483]
[    0.13472]
[    0.13462]
[    0.13451]
[     0.1344]
[    0.13429]
[    0.13419]
[    0.13408]
[    0.13397]
[    0.13386]
[    0.13376]
[    0.13365]
[    0.13355]
[    0.13344]
[    0.13333]
[    0.13323]
[    0.13312]
[    0.13302]
[    0.13291]
[    0.13281]
[    0.13349]
[    0.13339]
[    0.13328]
[    0.13318]
[    0.13307]
[    0.13297]
[    0.13286]
[    0.13276]
[    0.13265]
[    0.13255]
[    0.13245]
[    0.13234]
[    0.13224]
[    0.13213]
[    0.13203]
[    0.13193]
[    0.13183]
[    0.13172]
[    0.13162]
[    0.13152]
[    0.13142]
[    0.13131]
[    0.13121]
[    0.13111]
[    0.13101]
[    0.13091]
[     0.1308]
[     0.1307]
[     0.1306]
[     0.1305]
[     0.1304]
[     0.1303]
[     0.1302]
[     0.1301]
[       0.13]
[     0.1299]
[     0.1298]
[     0.1297]
[     0.1296]
[     0.1295]
[     0.1294]
[     0.1293]
[     0.1292]
[    0.12911]
[    0.12901]
[    0.12891]
[    0.12881]
[    0.12871]
[    0.12861]
[    0.12852]
[    0.12842]
[    0.12832]
[    0.12822]
[    0.12813]
[    0.12803]
[    0.12793]
[    0.12784]
[    0.12774]
[    0.12764]
[    0.12755]
[    0.12745]
[    0.12735]
[    0.12726]
[    0.12716]
[    0.12707]
[    0.12697]
[    0.12688]
[    0.12678]
[    0.12669]
[    0.12659]
[     0.1265]
[     0.1264]
[    0.12631]
[    0.12621]
[    0.12612]
[    0.12603]
[    0.12593]
[    0.12584]
[    0.12574]
[    0.12565]
[    0.12556]
[    0.12546]
[    0.12537]
[    0.12528]
[    0.12519]
[    0.12583]
[    0.12574]
[    0.12565]
[    0.12555]
[    0.12546]
[    0.12537]
[    0.12528]
[    0.12518]
[    0.12509]
[      0.125]
[    0.12491]
[    0.12482]
[    0.12472]
[    0.12463]
[    0.12454]
[    0.12518]
[    0.12509]
[      0.125]
[    0.12491]
[    0.12482]
[    0.12473]
[    0.12464]
[    0.12454]
[    0.12445]
[    0.12436]
[    0.12427]
[    0.12418]
[    0.12409]
[      0.124]
[    0.12391]
[    0.12382]
[    0.12373]
[    0.12364]
[    0.12355]
[    0.12347]
[    0.12338]
[    0.12329]
[     0.1232]
[    0.12311]
[    0.12302]
[    0.12293]
[    0.12284]
[    0.12276]
[    0.12267]
[    0.12258]
[    0.12249]
[    0.12241]
[    0.12232]
[    0.12223]
[    0.12214]
[    0.12206]
[    0.12197]
[    0.12188]
[    0.12179]
[    0.12171]
[    0.12162]
[    0.12154]
[    0.12145]
[    0.12136]
[    0.12128]
[    0.12119]
[     0.1211]
[    0.12102]
[    0.12093]
[    0.12085]
[    0.12076]
[    0.12068]
[    0.12059]
[    0.12051]
[    0.12042]
[    0.12034]
[    0.12096]
[    0.12087]
[    0.12079]
[     0.1207]
[    0.12062]
[    0.12053]
[    0.12045]
[    0.12036]
[    0.12028]
[     0.1202]
[    0.12011]
[    0.12003]
[    0.11994]
[    0.11986]
[    0.11978]
[    0.11969]
[    0.11961]
[    0.11953]
[    0.11944]
[    0.11936]
[    0.11928]
[     0.1192]
[    0.11911]
[    0.11903]
[    0.11895]
[    0.11887]
[    0.11878]
[     0.1187]
[    0.11862]
[    0.11854]
[    0.11846]
[    0.11838]
[    0.11829]
[    0.11821]
[    0.11813]
[    0.11805]
[    0.11797]
[    0.11789]
[    0.11781]
[    0.11773]
[    0.11765]
[    0.11757]
[    0.11749]
[    0.11741]
[    0.11733]
[    0.11725]
[    0.11717]
[    0.11709]
[    0.11701]
[    0.11693]
[    0.11685]
[    0.11677]
[    0.11669]
[    0.11661]
[    0.11653]
[    0.11645]
[    0.11637]
[    0.11629]
[    0.11622]
[    0.11614]
[    0.11606]
[    0.11598]
[     0.1159]
[    0.11582]
[    0.11575]
[    0.11567]
[    0.11559]
[    0.11551]
[    0.11544]
[    0.11536]
[    0.11528]
[     0.1152]
[    0.11513]
[    0.11505]
[    0.11497]
[     0.1149]
[    0.11482]
[    0.11474]
[    0.11467]
[    0.11459]
[    0.11451]
[    0.11444]
[    0.11436]
[    0.11429]
[    0.11421]
[    0.11413]
[    0.11406]
[    0.11398]
[    0.11391]
[    0.11383]
[    0.11376]
[    0.11368]
[    0.11361]
[    0.11353]
[    0.11346]
[    0.11338]
[    0.11331]
[    0.11323]
[    0.11316]
[    0.11308]
[    0.11301]
[    0.11293]
[    0.11286]
[    0.11279]
[    0.11271]
[    0.11264]
[    0.11257]
[    0.11249]
[    0.11242]
[    0.11234]
[    0.11227]
[     0.1122]
[    0.11213]
[    0.11205]
[    0.11198]
