[          1]
[          1]
[          1]
[          1]
[          1]
[          1]
[          1]
[          1]
[          1]
[          1]
[          1]
[          1]
[          1]
[          1]
[          1]
[          1]
[          1]
[          1]
[          1]
[          1]
[          1]
[          1]
[          1]
[          1]
[          1]
[          1]
[          1]
[          1]
[          1]
[          1]
[          1]
[          1]
[          1]
[          1]
[          1]
[          1]
[          1]
[          1]
[          1]
[          1]
[          1]
[          1]
[          1]
[          1]
[          1]
[          1]
[          1]
[          1]
[          1]
[          1]
[          1]
[          1]
[          1]
[          1]
[          1]
[          1]
[          1]
[          1]
[          1]
[          1]
[          1]
[          1]
[          1]
[          1]
[          1]
[          1]
[          1]
[          1]
[          1]
[          1]
[          1]
[    0.98611]
[     0.9726]
[    0.97297]
[    0.97333]
[    0.97368]
[    0.97403]
[    0.97436]
[    0.97468]
[      0.975]
[    0.97531]
[    0.97561]
[     0.9759]
[    0.97619]
[    0.97647]
[    0.97674]
[    0.97701]
[    0.97727]
[    0.97753]
[    0.97778]
[    0.96703]
[    0.96739]
[    0.96774]
[    0.96809]
[    0.96842]
[    0.96875]
[    0.95876]
[    0.95918]
[     0.9596]
[       0.95]
[     0.9505]
[    0.95098]
[    0.95146]
[    0.95192]
[    0.95238]
[     0.9434]
[    0.94393]
[    0.93519]
[    0.92661]
[    0.92727]
[    0.91892]
[    0.91071]
[    0.90265]
[    0.89474]
[    0.88696]
[    0.87931]
[    0.88034]
[    0.88136]
[    0.87395]
[    0.86667]
[     0.8595]
[    0.85246]
[    0.84553]
[    0.83871]
[      0.832]
[     0.8254]
[    0.82677]
[    0.82031]
[    0.81395]
[    0.80769]
[    0.80153]
[    0.79545]
[    0.78947]
[    0.79104]
[    0.78519]
[    0.77941]
[    0.77372]
[    0.76812]
[    0.76259]
[    0.75714]
[    0.75177]
[    0.74648]
[    0.74126]
[    0.73611]
[    0.73103]
[    0.72603]
[    0.72109]
[    0.71622]
[    0.71141]
[    0.70667]
[    0.70199]
[    0.69737]
[    0.69281]
[    0.68831]
[    0.68387]
[    0.67949]
[    0.67516]
[    0.67089]
[    0.66667]
[     0.6625]
[    0.65839]
[    0.65432]
[    0.65031]
[    0.64634]
[    0.64242]
[    0.63855]
[    0.63473]
[    0.63095]
[    0.62722]
[    0.62353]
[    0.61988]
[    0.61628]
[    0.61272]
[    0.61494]
[    0.61143]
[    0.60795]
[    0.60452]
[    0.60112]
[    0.59777]
[    0.59444]
[    0.59116]
[    0.58791]
[     0.5847]
[    0.58152]
[    0.57838]
[    0.57527]
[    0.57219]
[    0.56915]
[    0.56614]
[    0.56316]
[    0.56021]
[    0.55729]
[     0.5544]
[    0.55155]
[    0.54872]
[    0.54592]
[    0.54315]
[     0.5404]
[    0.53769]
[      0.535]
[    0.53234]
[     0.5297]
[    0.52709]
[    0.52451]
[    0.52195]
[    0.51942]
[    0.51691]
[    0.51442]
[    0.51196]
[    0.50952]
[    0.50711]
[    0.50472]
[    0.50235]
[        0.5]
[    0.49767]
[    0.49537]
[    0.49309]
[    0.49083]
[    0.48858]
[    0.48636]
[    0.48416]
[    0.48198]
[    0.47982]
[    0.47768]
[    0.47556]
[    0.47345]
[    0.47137]
[     0.4693]
[    0.46725]
[    0.46522]
[     0.4632]
[    0.46121]
[    0.45923]
[    0.45726]
[    0.45532]
[    0.45339]
[    0.45148]
[    0.44958]
[     0.4477]
[    0.44583]
[    0.44398]
[    0.44215]
[    0.44033]
[    0.43852]
[    0.43673]
[    0.43496]
[     0.4332]
[    0.43145]
[    0.42972]
[      0.428]
[    0.42629]
[     0.4246]
[    0.42292]
[    0.42126]
[    0.41961]
[    0.41797]
[    0.41634]
[    0.41473]
[    0.41313]
[    0.41154]
[    0.40996]
[     0.4084]
[    0.40684]
[     0.4053]
[    0.40377]
[    0.40226]
[    0.40075]
[    0.39925]
[    0.39777]
[     0.3963]
[    0.39483]
[    0.39338]
[    0.39194]
[    0.39051]
[    0.38909]
[    0.38768]
[    0.38628]
[    0.38489]
[    0.38351]
[    0.38214]
[    0.38078]
[    0.37943]
[    0.37809]
[    0.37676]
[    0.37544]
[    0.37413]
[    0.37282]
[    0.37153]
[    0.37024]
[    0.36897]
[     0.3677]
[    0.36644]
[    0.36519]
[    0.36395]
[    0.36271]
[    0.36149]
[    0.36027]
[    0.35906]
[    0.35786]
[    0.35667]
[    0.35548]
[     0.3543]
[    0.35314]
[    0.35197]
[    0.35082]
[    0.34967]
[    0.34853]
[     0.3474]
[    0.34628]
[    0.34516]
[    0.34405]
[    0.34295]
[    0.34185]
[    0.34076]
[    0.33968]
[    0.33861]
[    0.33754]
[    0.33648]
[    0.33542]
