[    0.38061     0.58532]
[    0.84228     0.58006           0]
[    0.61236     0.77796       0.574     0.60024     0.74559           0     0.55897     0.52996]
[    0.86018     0.63904     0.26581           0]
[    0.65851     0.76578           0]
[    0.84297       0.679     0.77414     0.67982           0]
[    0.90999           0]
[    0.56867     0.33662]
[    0.96698     0.84614           0     0.48311           0           0]
[    0.67247     0.50887           0]
[    0.59225           0           0]
[    0.61721     0.60127      0.5783     0.81486      0.7063           0           0]
[    0.74864     0.88952     0.71344     0.69975     0.46033           0      0.6562]
[    0.64566     0.59639     0.50499           0]
[     0.2729      0.4337           0     0.30071     0.33474      0.5198]
[    0.80308     0.79829     0.38255     0.34283     0.18265           0]
[     0.7361       0.643           0     0.46699]
[    0.62357     0.92534     0.62015     0.76945           0]
[     0.8463      0.6931     0.51204     0.77772     0.66309]
[    0.79799     0.85751           0      0.8424]
[    0.53233           0           0]
[    0.80944     0.89433           0]
[    0.81757     0.76824     0.65953           0     0.58278]
[    0.89535           0           0]
[    0.91829     0.70701     0.61551      0.8076]
[     0.8842]
[    0.95101     0.92891     0.92485     0.91304           0           0]
[    0.92993           0           0           0           0]
[    0.50094      0.5506     0.55383]
[    0.83946     0.88348     0.87957           0]
[    0.76623           0]
[    0.84479           0]
[    0.52516      0.5687     0.77574           0     0.49865           0]
[    0.84972     0.76507     0.84266           0     0.74651           0]
[    0.76356     0.92475           0           0]
[    0.25274     0.49266]
[    0.86931      0.5673     0.66695           0           0           0]
[    0.72314     0.75847     0.46205     0.63091     0.59779]
[    0.75999     0.87543      0.3339     0.86368           0           0]
[    0.75952      0.6285]
[    0.70537     0.76855     0.67561           0     0.76766]
[    0.63339     0.62274     0.56518     0.59971           0]
[    0.79294]
[    0.60241     0.72651     0.83578           0           0     0.44477           0]
[    0.50257     0.67423      0.8081     0.55745     0.57781     0.61424      0.6314           0]
[    0.67845     0.70481     0.77768           0]
[    0.76337     0.78619      0.8129           0]
[    0.55097]
[     0.8124     0.86611     0.87983           0     0.12997     0.81633]
[    0.78678     0.86208]
[    0.59455     0.64152      0.3463           0           0]
[    0.65946     0.82991     0.92591           0      0.4264     0.39687]
[    0.81243     0.76714     0.66307     0.61258           0]
[    0.88115     0.87922     0.78443]
[    0.82771     0.85284     0.64682]
[    0.32276     0.76248     0.60365     0.50741]
[    0.54423     0.79778           0]
[    0.88306     0.83358           0           0           0           0]
[    0.47198      0.5174           0]
[    0.81822     0.77472     0.57101      0.5745     0.46576]
[    0.66999     0.56913     0.85063     0.89008           0     0.60037]
[    0.90994     0.85615     0.61572           0           0           0]
[    0.67035     0.76029     0.79531     0.93312      0.3897     0.39585]
[    0.38719     0.72894           0           0]
[    0.55006           0           0           0           0]
[    0.86076           0           0]
[    0.67961     0.61602      0.5067           0]
[     0.6642     0.74511     0.62417           0           0           0]
[    0.91732      0.6561     0.36038           0]
[    0.69036     0.51267           0           0           0]
[    0.87337     0.76359     0.60267]
[    0.79023     0.68494     0.34856           0]
[    0.89794     0.80677     0.79334           0     0.32515]
[    0.84908     0.71139     0.47408      0.7845     0.42396     0.63916     0.72795     0.65552]
[    0.73032           0           0           0           0           0           0]
[    0.37247     0.61457     0.56947]
[    0.76344     0.47161     0.87536       0.899     0.66847     0.56219]
[    0.84273     0.67689     0.71933     0.74023      0.7517           0     0.87365           0           0     0.75396]
[    0.66736     0.92071           0           0           0           0     0.49547           0           0           0           0           0]
[     0.7937     0.70248     0.62093           0     0.71875]
[    0.91954     0.81603      0.7631     0.85014]
[          0     0.61301     0.73684     0.61921           0           0]
[    0.89765     0.86143     0.77378     0.90224           0           0     0.58867     0.49739]
[    0.84863      0.7414      0.6991           0           0           0     0.60874           0]
[    0.84309           0]
[    0.77215     0.72168     0.88106     0.58461     0.58617     0.68969           0]
[    0.83527     0.33659     0.85109           0]
[    0.83517      0.7544]
[      0.688           0           0           0]
[    0.96536     0.78835     0.89599     0.58414           0     0.47642           0     0.65948]
[    0.55317           0           0           0           0]
[    0.94077     0.90779     0.68528           0           0]
[    0.88707     0.89795     0.88448     0.65372     0.61788]
[    0.77522     0.66702]
[    0.79129     0.81471     0.91056     0.69142      0.6847     0.61323     0.67848     0.60804     0.70283     0.71913           0]
[    0.84229     0.81324     0.76357           0           0]
[    0.77261           0]
[    0.86772     0.79339           0]
[    0.94494     0.67268     0.76917           0]
[    0.88406     0.88463     0.73783]
