     0/299     7.81G      7.81      31.6         0      39.4        12       608         0         0  0.000324         0      7.32      2.22         0
     1/299     7.81G      5.93      2.07         0         8        14       608         0         0   0.00315         0      6.28      2.03         0
     2/299     7.81G      5.13      1.69         0      6.82         5       608         0         0    0.0191         0      5.79      1.58         0
     3/299     7.81G       4.8      1.42         0      6.21        13       608         0         0    0.0246         0      5.79      1.29         0
     4/299     7.81G      4.42      1.19         0      5.62        14       608     0.464   0.00489    0.0571   0.00968      5.13      1.13         0
     5/299     7.81G      4.58       1.1         0      5.68         6       608         0         0     0.102         0      4.67      1.13         0
     6/299     7.81G      4.34      0.91         0      5.25        11       608     0.191   0.00526    0.0563    0.0102      5.06      1.03         0
     7/299     7.81G      4.41     0.875         0      5.28        10       608         1   0.00526     0.074    0.0105      5.28      1.03         0
     8/299     7.81G      4.05     0.941         0      4.99         5       608         1   0.00526     0.198    0.0105      5.03     0.959         0
     9/299     7.81G      4.02     0.841         0      4.86        10       608      0.63     0.045     0.162     0.084      4.74     0.957         0
    10/299     7.81G      4.51     0.775         0      5.29        11       608         0         0     0.131         0      4.85     0.938         0
    11/299     7.81G      3.85      0.84         0      4.69         4       608         0         0      0.16         0      4.72     0.938         0
    12/299     7.81G      3.86     0.759         0      4.62        11       608     0.499     0.116     0.181     0.188      4.66     0.838         0
    13/299     7.81G      4.21     0.697         0      4.91        10       608         1   0.00526      0.31    0.0105      4.17     0.926         0
    14/299     7.81G      3.41     0.827         0      4.24         4       608     0.498   0.00526    0.0428    0.0104      6.29      1.05         0
    15/299     7.81G      4.07     0.686         0      4.75        12       608     0.228   0.00526    0.0458    0.0103      6.19     0.796         0
    16/299     7.81G       4.2      0.69         0      4.89        12       608         0         0  8.96e-05         0      8.51      3.04         0
    17/299     7.81G       4.2     0.755         0      4.96         5       608         0         0   0.00195         0      8.66     0.856         0
    18/299     7.81G      3.48     0.736         0      4.22        14       608     0.488    0.0105    0.0639    0.0206      5.38     0.784         0
    19/299     7.81G      4.19     0.628         0      4.82        10       608         1   0.00526    0.0384    0.0105      5.94      1.02         0
    20/299     7.81G      3.63     0.789         0      4.42         4       608         0         0  0.000213         0      6.65     0.808         0
    21/299     7.81G      3.96     0.654         0      4.61        12       608         1    0.0102    0.0769    0.0201      6.71     0.612         0
    22/299     7.81G      3.99      0.71         0       4.7         9       608         0         0    0.0275         0      7.06      1.07         0
    23/299     7.81G      3.37     0.803         0      4.17         5       608     0.259   0.00526    0.0558    0.0103      4.95     0.843         0
    24/299     7.81G       3.3     0.639         0      3.94        11       608         1    0.0125      0.15    0.0248      4.82     0.737         0
    25/299     7.81G      3.63     0.627         0      4.26        14       608         0         0    0.0774         0      4.97     0.795         0
    26/299     7.81G      3.44     0.565         0      4.01         6       608         0         0    0.0174         0      6.09     0.869         0
    27/299     7.81G      3.34     0.611         0      3.95        10       608         1   0.00526     0.274    0.0105      4.55     0.768         0
    28/299     7.81G      3.17     0.581         0      3.75        10       608     0.756    0.0327     0.348    0.0627      4.42     0.651         0
    29/299     7.81G      3.17     0.517         0      3.69         2       608     0.382    0.0747     0.181     0.125      4.25     0.737         0
    30/299     7.81G       3.1      0.53         0      3.63        12       608     0.885    0.0405     0.333    0.0775      4.09     0.775         0
    31/299     7.81G      2.96     0.482         0      3.44        15       608         1   0.00737    0.0726    0.0146       5.2     0.962         0
    32/299     7.81G      2.95     0.459         0      3.41         5       608     0.588    0.0227     0.167    0.0436      4.74     0.815         0
    33/299     7.81G      3.32      0.53         0      3.85        11       608     0.846     0.145     0.394     0.248      4.37     0.672         0
    34/299     7.81G       3.2     0.483         0      3.68        13       608     0.869     0.174     0.455      0.29      4.06     0.652         0
    35/299     7.81G      2.95      0.54         0      3.49         6       608     0.748    0.0938     0.361     0.167      4.32      0.65         0
    36/299     7.81G      2.96     0.513         0      3.48        12       608     0.857     0.126     0.462     0.219      3.94     0.636         0
    37/299     7.81G      2.82     0.465         0      3.28        12       608     0.803     0.172      0.43     0.283      4.15     0.602         0
    38/299     7.81G      2.82       0.5         0      3.32         3       608         1    0.0686     0.488     0.128      4.11     0.618         0
    39/299     7.81G      2.84     0.497         0      3.34        10       608     0.509    0.0737     0.197     0.129      4.66     0.645         0
    40/299     7.81G      2.83     0.498         0      3.33        14       608         1    0.0286     0.205    0.0556      4.89     0.834         0
    41/299     7.81G      2.62     0.428         0      3.05         4       608      0.76     0.166     0.315     0.273      4.63     0.634         0
    42/299     7.81G       2.8     0.423         0      3.22        13       608     0.884    0.0803     0.333     0.147      4.84     0.691         0
    43/299     7.81G      2.61     0.454         0      3.06        14       608     0.916     0.115     0.377     0.204      4.44     0.732         0
    44/299     7.81G      2.48     0.435         0      2.91         4       608     0.866     0.238     0.438     0.373      4.35     0.655         0
    45/299     7.81G      2.75     0.453         0      3.21        14       608     0.943     0.174     0.555     0.294      3.94     0.661         0
    46/299     7.81G      2.27     0.427         0      2.69        10       608     0.925     0.147     0.462     0.254      3.92     0.683         0
    47/299     7.81G      2.55     0.357         0      2.91         3       608     0.937     0.233     0.566     0.374      3.77     0.613         0
    48/299     7.81G       2.5     0.442         0      2.95        11       608     0.822     0.195     0.536     0.315      3.81     0.611         0
    49/299     7.81G      2.59     0.391         0      2.98        10       608     0.861     0.293     0.568     0.437      3.89     0.592         0
    50/299     7.81G      2.46     0.394         0      2.86         4       608     0.854     0.276     0.537     0.417      4.08     0.572         0
    51/299     7.81G      2.33     0.371         0       2.7        13       608     0.875     0.294     0.569      0.44      3.92     0.598         0
    52/299     7.81G      2.44     0.389         0      2.83        10       608     0.911     0.211     0.538     0.342      4.05     0.618         0
    53/299     7.81G      2.34     0.419         0      2.76         3       608         1    0.0333     0.265    0.0644      4.39     0.966         0
    54/299     7.81G       2.5     0.423         0      2.93        10       608         1    0.0792     0.223     0.147      4.74     0.998         0
    55/299     7.81G       2.4      0.41         0      2.81        11       608     0.896     0.227     0.428     0.363      4.18     0.712         0
    56/299     7.81G      2.47     0.338         0      2.81         3       608     0.846     0.319     0.493     0.464      3.88     0.628         0
    57/299     7.81G      2.38     0.405         0      2.79        10       608      0.85     0.209     0.447     0.336      3.94     0.626         0
    58/299     7.81G      2.28      0.43         0      2.71        13       608     0.894     0.312     0.509     0.463       3.8     0.605         0
    59/299     7.81G      2.29     0.378         0      2.66         4       608     0.754     0.374     0.502       0.5      3.99     0.568         0
    60/299     7.81G      2.26     0.391         0      2.65        11       608     0.945      0.36     0.608     0.521      3.71     0.597         0
    61/299     7.81G      2.22      0.38         0       2.6        12       608     0.889     0.338     0.565      0.49      3.82      0.59         0
    62/299     7.81G      2.42     0.362         0      2.78         3       608     0.929     0.274     0.523     0.423      3.88     0.621         0
    63/299     7.81G       2.3     0.388         0      2.69        11       608     0.791       0.4     0.521     0.531      3.81     0.594         0
    64/299     7.81G      2.14     0.362         0       2.5        10       608      0.54     0.321     0.321     0.403      4.04     0.722         0
    65/299     7.81G      2.21      0.41         0      2.62         6       608     0.819     0.334     0.463     0.475      3.78     0.616         0
    66/299     7.81G      2.24     0.376         0      2.62        10       608     0.845     0.316     0.468     0.461      3.71     0.637         0
    67/299     7.81G      2.14     0.364         0       2.5        10       608     0.874     0.358     0.567     0.508      3.64     0.606         0
    68/299     7.81G      2.06     0.352         0      2.41         3       608     0.872     0.394     0.586     0.542      3.57     0.615         0
    69/299     7.81G      2.09      0.32         0      2.41        10       608     0.835     0.347     0.525      0.49      3.63     0.641         0
    70/299     7.81G      1.97      0.34         0      2.31         8       608     0.853     0.268      0.48     0.408      3.99     0.709         0
    71/299     7.81G      2.18     0.369         0      2.55         5       608      0.86     0.356     0.539     0.503      3.63     0.643         0
    72/299     7.81G      1.97     0.336         0      2.31        11       608     0.885     0.337     0.539     0.488      3.57     0.677         0
    73/299     7.81G      1.92     0.368         0      2.29        12       608     0.882     0.353     0.535     0.505      3.77     0.653         0
    74/299     7.81G      2.12     0.348         0      2.46         5       608     0.905     0.352     0.576     0.507       3.7     0.654         0
    75/299     7.81G      1.78     0.315         0       2.1        11       608     0.882     0.353     0.572     0.504      3.75     0.647         0
    76/299     7.81G      2.05     0.337         0      2.39        12       608     0.934     0.374     0.624     0.535      3.71     0.636         0
    77/299     7.81G      2.13     0.334         0      2.46         7       608     0.921     0.366      0.58     0.524      3.64      0.64         0
    78/299     7.81G      1.91     0.322         0      2.24        10       608      0.96     0.379     0.604     0.543      3.57     0.645         0
    79/299     7.81G       1.8     0.336         0      2.14        11       608     0.937     0.332     0.582      0.49      3.67      0.65         0
    80/299     7.81G      1.89     0.301         0       2.2         4       608     0.838     0.405      0.58     0.546      3.69     0.582         0
    81/299     7.81G      1.91      0.31         0      2.22        11       608     0.907     0.353     0.609     0.508      3.56     0.636         0
    82/299     7.81G      1.81     0.305         0      2.11        11       608     0.893     0.306     0.582     0.456      3.95     0.642         0
    83/299     7.81G      2.07      0.29         0      2.36         4       608     0.923     0.251     0.578     0.394      3.81     0.657         0
    84/299     7.81G      1.81     0.315         0      2.13         9       608     0.874     0.364     0.574     0.514      3.65       0.6         0
    85/299     7.81G      1.92     0.316         0      2.24        12       608     0.879     0.383     0.612     0.533      3.54     0.611         0
    86/299     7.81G      2.06     0.338         0       2.4         3       608     0.906     0.356     0.605     0.511      3.71     0.626         0
    87/299     7.81G      1.86     0.322         0      2.18        12       608     0.818     0.425      0.57     0.559      3.58     0.595         0
    88/299     7.81G      1.74     0.298         0      2.04        10       608     0.786     0.407     0.522     0.536      3.77     0.675         0
    89/299     7.81G      1.86     0.288         0      2.15         1       608     0.776     0.402     0.524      0.53      3.64     0.647         0
    90/299     7.81G      1.71     0.313         0      2.03         8       608     0.853     0.427     0.565     0.569      3.58     0.608         0
    91/299     7.81G      1.89     0.293         0      2.18        10       608     0.905     0.351     0.534     0.506      3.72     0.713         0
    92/299     7.81G      1.84     0.294         0      2.13         4       608     0.875     0.332     0.573     0.482      3.55     0.747         0
    93/299     7.81G      1.66      0.29         0      1.95         6       608     0.821     0.411     0.534     0.547      3.55     0.671         0
    94/299     7.81G      1.85     0.296         0      2.15        11       608     0.861     0.432     0.606     0.575      3.52     0.612         0
    95/299     7.81G       1.6     0.309         0      1.91         3       608     0.827     0.437      0.58     0.572      3.53     0.597         0
    96/299     7.81G      1.66     0.288         0      1.95         7       608      0.76     0.416     0.498     0.538      3.63     0.654         0
    97/299     7.81G      1.75     0.284         0      2.04        13       608     0.799     0.377     0.503     0.512      3.72     0.687         0
    98/299     7.81G      1.64     0.277         0      1.92         4       608     0.863     0.331     0.516     0.479      3.66     0.684         0
    99/299     7.81G      1.71     0.328         0      2.04         9       608     0.814     0.415     0.545     0.549      3.59      0.62         0
   100/299     7.81G      1.68       0.3         0      1.98         9       608      0.77      0.44     0.526      0.56      3.69     0.582         0
   101/299     7.81G      1.79     0.289         0      2.08         3       608     0.786     0.437     0.571     0.562      3.47     0.587         0
   102/299     7.81G      1.71     0.297         0         2         9       608      0.82     0.408     0.583     0.545      3.66      0.61         0
   103/299     7.81G      1.81     0.288         0       2.1        14       608      0.86     0.405     0.593     0.551      3.48     0.633         0
   104/299     7.81G      1.45     0.294         0      1.75         4       608     0.839       0.4     0.567     0.542      3.63     0.645         0
   105/299     7.81G      1.56     0.314         0      1.87        13       608     0.855     0.435     0.578     0.577      3.73      0.61         0
   106/299     7.81G      1.67     0.281         0      1.95        13       608      0.87     0.492      0.63     0.629      3.51     0.595         0
   107/299     7.81G      1.49     0.271         0      1.76         3       608     0.855     0.495     0.601     0.627      3.57     0.571         0
   108/299     7.81G      1.46     0.273         0      1.73         9       608     0.825     0.496     0.622     0.619      3.58     0.571         0
   109/299     7.81G      1.49     0.272         0      1.76         8       608     0.828     0.483     0.613      0.61      3.54      0.59         0
   110/299     7.81G      1.49     0.261         0      1.75         4       608     0.843     0.452     0.628     0.588      3.42     0.607         0
   111/299     7.81G      1.49      0.26         0      1.75        12       608     0.841     0.474     0.623     0.606      3.45     0.614         0
   112/299     7.81G      1.59     0.278         0      1.87        11       608     0.866     0.477     0.621     0.615      3.38     0.649         0
   113/299     7.81G      1.49     0.263         0      1.75         5       608     0.818     0.402     0.569      0.54       3.4     0.638         0
   114/299     7.81G      1.59     0.261         0      1.85        12       608     0.888     0.417     0.627     0.567      3.36     0.627         0
   115/299     7.81G      1.64     0.264         0       1.9         7       608      0.87     0.468     0.614     0.609      3.37     0.618         0
   116/299     7.81G      1.49     0.268         0      1.75         3       608     0.906     0.455     0.612     0.606      3.38      0.61         0
   117/299     7.81G      1.48     0.255         0      1.73        14       608     0.901     0.468     0.605     0.616      3.69     0.593         0
   118/299     7.81G      1.52     0.245         0      1.77         9       608     0.883     0.476     0.611     0.618      3.66     0.605         0
   119/299     7.81G      1.38     0.255         0      1.63         4       608     0.867     0.474     0.606     0.613       3.4     0.604         0
   120/299     7.81G      1.55     0.244         0       1.8        10       608      0.84     0.468     0.631     0.602      3.45     0.586         0
   121/299     7.81G      1.39     0.288         0      1.68        13       608     0.858     0.444     0.608     0.585       3.5       0.6         0
   122/299     7.81G      1.54     0.248         0      1.78         6       608     0.864     0.434     0.607     0.577      3.39     0.633         0
   123/299     7.81G      1.41     0.257         0      1.67         9       608     0.834     0.458     0.603     0.591       3.4     0.624         0
   124/299     7.81G      1.39     0.245         0      1.63        12       608     0.819       0.5     0.618     0.621      3.37     0.617         0
   125/299     7.81G      1.42     0.235         0      1.65         3       608     0.854     0.494      0.61     0.626      3.35     0.633         0
   126/299     7.81G      1.52     0.256         0      1.77        13       608     0.867     0.446     0.614     0.589      3.35     0.659         0
   127/299     7.81G      1.38     0.239         0      1.61        11       608     0.915     0.455     0.637     0.608       3.4      0.67         0
   128/299     7.81G      1.39     0.249         0      1.64         5       608     0.916     0.484     0.648     0.634       3.4     0.643         0
   129/299     7.81G      1.32     0.248         0      1.57        12       608     0.943     0.518     0.671     0.669      3.33     0.623         0
   130/299     7.81G      1.38     0.266         0      1.65        13       608     0.891     0.474     0.615     0.619      3.27     0.644         0
   131/299     7.81G      1.27     0.243         0      1.51         3       608     0.891     0.428     0.598     0.578       3.3     0.652         0
   132/299     7.81G      1.28     0.236         0      1.51        13       608     0.879     0.498     0.615     0.636      3.26     0.615         0
   133/299     7.81G      1.28     0.234         0      1.51        10       608     0.807     0.532     0.633     0.641      3.38     0.583         0
   134/299     7.81G      1.38      0.24         0      1.62         4       608     0.815     0.547     0.641     0.655      3.38     0.582         0
   135/299     7.81G      1.26     0.237         0       1.5         9       608     0.823     0.516     0.651     0.634      3.32     0.591         0
   136/299     7.81G      1.31     0.232         0      1.54        13       608      0.82       0.5     0.663     0.621      3.26     0.594         0
   137/299     7.81G      1.29     0.246         0      1.53         5       608     0.812     0.511     0.648     0.627      3.32     0.598         0
   138/299     7.81G      1.32     0.226         0      1.55        12       608     0.829     0.521     0.657      0.64      3.32     0.597         0
   139/299     7.81G      1.29     0.227         0      1.52        13       608     0.864     0.502     0.659     0.635      3.39     0.606         0
   140/299     7.81G       1.3     0.248         0      1.55         4       608     0.865     0.474     0.639     0.612      3.37     0.619         0
   141/299     7.81G      1.35     0.227         0      1.58        12       608     0.861     0.489     0.622     0.624      3.36     0.628         0
   142/299     7.81G      1.41     0.216         0      1.62        11       608     0.847     0.463     0.616     0.599      3.34     0.657         0
   143/299     7.81G      1.32     0.223         0      1.54         5       608     0.902     0.463     0.619     0.612      3.39     0.677         0
   144/299     7.81G      1.21      0.24         0      1.45        12       608     0.881     0.505     0.613     0.642      3.42     0.652         0
   145/299     7.81G      1.32     0.227         0      1.55        13       608     0.837     0.474     0.608     0.605      3.35     0.656         0
   146/299     7.81G      1.13     0.214         0      1.34         5       608     0.838     0.464     0.609     0.597      3.37     0.634         0
   147/299     7.81G      1.26     0.199         0      1.46         7       608     0.866       0.5     0.621     0.634      3.39     0.606         0
   148/299     7.81G      1.25     0.213         0      1.46        12       608     0.865     0.474     0.622     0.612      3.34     0.623         0
   149/299     7.81G       1.1     0.225         0      1.33         2       608     0.843     0.479      0.62     0.611      3.34     0.604         0
   150/299     7.81G      1.27      0.21         0      1.48        12       608     0.809     0.469     0.611     0.594      3.34     0.619         0
   151/299     7.81G      1.21     0.222         0      1.43        11       608     0.832     0.453     0.585     0.586      3.37     0.635         0
   152/299     7.81G       1.2     0.225         0      1.42         6       608     0.849     0.437     0.578     0.577      3.38     0.661         0
   153/299     7.81G       1.2     0.204         0       1.4         9       608     0.839     0.465     0.606     0.598      3.32     0.626         0
   154/299     7.81G      1.25     0.207         0      1.46         7       608     0.856     0.474     0.635      0.61      3.31     0.623         0
   155/299     7.81G      1.17     0.207         0      1.38         4       608     0.911     0.487     0.647     0.635      3.28     0.639         0
   156/299     7.81G      1.15     0.208         0      1.36        14       608     0.911     0.482     0.631     0.631      3.22     0.651         0
   157/299     7.81G      1.12     0.223         0      1.34        10       608      0.85     0.477     0.605     0.611      3.27      0.65         0
   158/299     7.81G      1.14     0.218         0      1.36         4       608     0.815     0.465     0.575     0.592      3.39     0.638         0
   159/299     7.81G      1.18     0.198         0      1.38        11       608     0.776     0.437      0.57     0.559      3.37     0.649         0
   160/299     7.81G      1.19     0.207         0       1.4        12       608     0.831      0.44      0.61     0.576      3.34     0.644         0
   161/299     7.81G      1.19     0.225         0      1.41         4       608     0.848     0.411     0.608     0.554      3.38     0.642         0
   162/299     7.81G      1.04     0.211         0      1.25         7       608     0.848       0.4     0.598     0.543       3.4     0.648         0
   163/299     7.81G      1.01     0.197         0      1.21        11       608     0.842     0.458     0.603     0.593      3.37     0.614         0
   164/299     7.81G      1.11     0.197         0      1.31         3       608     0.801     0.467     0.602      0.59      3.37     0.607         0
   165/299     7.81G       1.1     0.193         0      1.29        12       608     0.797     0.475     0.609     0.595      3.34     0.622         0
   166/299     7.81G      1.11     0.191         0       1.3        12       608      0.81     0.463     0.616     0.589      3.33     0.643         0
   167/299     7.81G     0.943     0.203         0      1.15         4       608     0.842     0.478     0.625      0.61      3.32     0.648         0
   168/299     7.81G      1.04     0.183         0      1.22         8       608     0.809     0.511     0.624     0.626       3.3     0.623         0
   169/299     7.81G      1.04     0.182         0      1.22         7       608     0.857     0.479     0.625     0.615      3.31     0.647         0
   170/299     7.81G      1.14     0.226         0      1.36         5       608     0.849     0.447     0.594     0.586      3.39     0.692         0
   171/299     7.81G      1.13       0.2         0      1.33        10       608     0.867     0.453     0.597     0.595      3.39     0.695         0
   172/299     7.81G      1.11     0.208         0      1.32         8       608     0.868     0.485     0.598     0.622      3.39      0.68         0
   173/299     7.81G      1.07     0.195         0      1.27         4       608     0.859     0.514     0.613     0.643      3.39     0.645         0
   174/299     7.81G      1.03      0.18         0      1.21        13       608     0.822       0.5     0.585     0.622      3.44     0.642         0
   175/299     7.81G      1.03     0.187         0      1.22        13       608      0.83     0.488     0.579     0.615      3.42     0.647         0
   176/299     7.81G     0.976     0.213         0      1.19         4       608     0.844     0.512     0.603     0.637      3.44     0.636         0
   177/299     7.81G     0.951     0.188         0      1.14         9       608     0.815     0.547     0.626     0.655      3.37     0.613         0
   178/299     7.81G     0.889     0.201         0      1.09        13       608     0.805     0.564     0.657     0.663      3.37       0.6         0
   179/299     7.81G     0.915     0.209         0      1.12         4       608      0.81     0.563     0.653     0.664      3.37     0.596         0
   180/299     7.81G     0.894     0.184         0      1.08        13       608     0.808     0.577     0.644     0.673      3.39      0.59         0
   181/299     7.81G      1.01     0.197         0       1.2        10       608     0.812     0.558     0.638     0.661      3.38     0.596         0
   182/299     7.81G     0.959     0.181         0      1.14         3       608     0.832     0.553      0.63     0.664      3.41     0.608         0
   183/299     7.81G     0.989     0.182         0      1.17        11       608     0.863      0.53     0.623     0.657      3.37      0.63         0
   184/299     7.81G      1.04     0.192         0      1.24        10       608     0.887     0.498     0.635     0.638      3.39     0.634         0
   185/299     7.81G     0.923     0.179         0       1.1         5       608     0.866     0.512     0.644     0.643      3.35     0.626         0
   186/299     7.81G     0.991      0.19         0      1.18         9       608     0.868     0.505     0.639     0.639      3.28     0.627         0
   187/299     7.81G     0.888     0.185         0      1.07        10       608     0.881     0.547     0.649     0.675      3.21     0.631         0
   188/299     7.81G     0.975     0.194         0      1.17         6       608     0.834     0.529     0.621     0.647      3.25     0.636         0
   189/299     7.81G     0.952     0.196         0      1.15        11       608     0.843     0.505     0.617     0.632      3.26     0.641         0
   190/299     7.81G     0.935     0.182         0      1.12        11       608     0.842     0.495     0.612     0.623      3.31     0.646         0
   191/299     7.81G     0.949     0.192         0      1.14         4       608      0.88     0.503     0.646      0.64      3.31     0.642         0
   192/299     7.81G     0.899     0.188         0      1.09        12       608     0.864     0.468     0.617     0.608      3.32     0.667         0
   193/299     7.81G     0.955     0.182         0      1.14        12       608     0.887     0.458     0.627     0.604      3.33     0.679         0
   194/299     7.81G     0.867     0.171         0      1.04         3       608     0.906     0.456     0.617     0.607      3.34     0.695         0
   195/299     7.81G     0.852      0.16         0      1.01         9       608     0.847     0.432     0.584     0.572      3.36     0.706         0
   196/299     7.81G     0.799     0.159         0     0.958        17       608     0.843     0.423     0.568     0.563      3.35     0.723         0
   197/299     7.81G     0.887     0.161         0      1.05         4       608      0.84     0.442      0.57     0.579      3.34     0.708         0
   198/299     7.81G     0.852     0.166         0      1.02        10       608     0.832     0.444     0.569     0.579      3.32     0.713         0
   199/299     7.81G     0.946     0.165         0      1.11         7       608      0.83     0.488     0.615     0.614      3.24     0.681         0
   200/299     7.81G     0.931     0.177         0      1.11         3       608     0.816     0.505     0.615     0.624      3.24     0.688         0
   201/299     7.81G     0.793     0.179         0     0.972        15       608       0.8     0.505     0.606     0.619      3.26      0.68         0
   202/299     7.81G     0.785     0.175         0      0.96        13       608     0.798      0.54     0.618     0.644      3.29     0.659         0
   203/299     7.81G     0.794     0.155         0     0.949         4       608     0.758     0.542     0.601     0.632       3.3     0.645         0
   204/299     7.81G     0.836     0.154         0     0.989        10       608     0.765     0.553     0.597     0.642      3.28     0.634         0
   205/299     7.81G     0.751     0.165         0     0.916        10       608     0.775     0.532     0.589     0.631       3.3     0.632         0
   206/299     7.81G     0.844     0.158         0         1         2       608     0.839     0.523     0.612     0.645      3.31     0.646         0
   207/299     7.81G     0.856     0.169         0      1.02        12       608     0.836       0.5     0.602     0.626      3.33     0.659         0
   208/299     7.81G     0.841     0.162         0         1         9       608     0.854     0.484     0.608     0.618      3.33     0.687         0
   209/299     7.81G     0.844     0.193         0      1.04         4       608     0.845     0.474       0.6     0.607      3.32     0.687         0
   210/299     7.81G     0.778     0.184         0     0.962        11       608     0.831     0.493     0.605     0.619       3.3     0.677         0
   211/299     7.81G     0.759     0.182         0     0.941        13       608     0.806     0.495     0.599     0.613      3.32     0.667         0
   212/299     7.81G     0.803     0.176         0      0.98         4       608     0.792     0.489     0.596     0.605      3.36     0.667         0
   213/299     7.81G     0.737     0.166         0     0.903         9       608     0.813     0.504     0.613     0.622      3.37     0.655         0
   214/299     7.81G     0.781     0.158         0     0.939         9       608     0.782     0.489     0.585     0.602      3.42     0.655         0
   215/299     7.81G     0.731     0.151         0     0.882         4       608     0.821     0.505     0.608     0.626      3.43     0.656         0
   216/299     7.81G     0.788     0.153         0     0.941        12       608      0.79     0.476     0.574     0.594      3.46     0.664         0
   217/299     7.81G     0.792     0.162         0     0.954         9       608     0.815     0.484     0.591     0.607      3.45     0.666         0
   218/299     7.81G     0.734     0.167         0     0.901         4       608     0.824     0.467     0.563     0.596      3.45     0.704         0
   219/299     7.81G     0.715     0.154         0     0.869         8       608     0.823     0.464     0.577     0.593      3.43     0.711         0
   220/299     7.81G     0.723     0.167         0     0.891         8       608     0.837     0.479     0.583     0.609      3.42     0.705         0
   221/299     7.81G     0.695     0.135         0      0.83         6       608     0.815     0.474     0.582     0.599       3.4     0.696         0
   222/299     7.81G     0.735     0.151         0     0.886         9       608     0.802      0.47     0.591     0.593      3.36     0.693         0
   223/299     7.81G     0.766     0.159         0     0.925         8       608     0.825     0.489     0.608     0.614      3.33      0.68         0
   224/299     7.81G     0.753      0.17         0     0.923         5       608     0.822     0.509      0.63     0.629      3.31     0.664         0
   225/299     7.81G     0.744     0.145         0     0.889        11       608      0.81     0.516     0.638     0.631       3.3     0.658         0
   226/299     7.81G     0.695     0.166         0     0.861        12       608     0.823     0.511     0.635      0.63      3.29     0.662         0
   227/299     7.81G     0.676     0.139         0     0.815         4       608     0.822       0.5     0.615     0.622      3.31     0.675         0
   228/299     7.81G     0.713     0.152         0     0.866        10       608     0.794     0.488     0.596     0.604      3.34     0.682         0
   229/299     7.81G      0.72     0.158         0     0.878        10       608     0.799     0.479     0.601     0.599      3.38     0.681         0
   230/299     7.81G     0.692      0.15         0     0.842         6       608     0.803     0.494     0.597     0.612      3.37     0.677         0
   231/299     7.81G     0.714     0.175         0     0.889        10       608     0.812     0.501     0.613      0.62      3.35     0.669         0
   232/299     7.81G     0.678     0.163         0     0.841        13       608     0.806       0.5     0.616     0.617      3.33     0.673         0
   233/299     7.81G     0.619     0.127         0     0.746         2       608     0.811     0.505     0.612     0.623      3.32     0.675         0
   234/299     7.81G     0.659     0.162         0     0.821        11       608     0.833     0.523     0.625     0.643      3.31     0.677         0
   235/299     7.81G     0.657     0.138         0     0.795        11       608     0.837     0.513     0.614     0.636      3.35     0.683         0
   236/299     7.81G     0.712     0.149         0     0.861         4       608     0.836     0.509     0.615     0.632      3.34     0.685         0
   237/299     7.81G     0.628     0.145         0     0.773        13       608     0.826     0.501     0.603     0.624      3.35     0.691         0
   238/299     7.81G     0.645     0.155         0     0.801        12       608     0.829     0.489      0.59     0.616      3.37     0.696         0
   239/299     7.81G     0.601     0.147         0     0.748         4       608     0.838       0.5     0.597     0.626      3.38     0.694         0
   240/299     7.81G     0.627     0.138         0     0.765        11       608     0.827     0.505     0.601     0.627      3.35     0.689         0
   241/299     7.81G     0.608     0.136         0     0.744        13       608      0.82     0.505     0.612     0.625      3.32     0.683         0
   242/299     7.81G     0.642     0.144         0     0.786         3       608     0.825     0.505     0.626     0.627      3.32      0.68         0
   243/299     7.81G       0.7      0.14         0     0.839        12       608     0.819     0.505     0.615     0.625      3.32     0.678         0
   244/299     7.81G     0.658     0.151         0     0.809         9       608     0.813       0.5      0.61     0.619       3.3     0.681         0
   245/299     7.81G     0.588     0.132         0      0.72         3       608     0.809       0.5     0.616     0.618       3.3     0.684         0
   246/299     7.81G     0.683     0.141         0     0.823        10       608     0.823     0.514     0.625     0.633      3.31     0.688         0
   247/299     7.81G      0.63     0.149         0     0.779        11       608     0.827     0.502      0.61     0.625      3.32     0.691         0
   248/299     7.81G     0.588     0.127         0     0.715         3       608     0.836     0.495     0.607     0.622      3.35     0.696         0
   249/299     7.81G     0.601     0.159         0      0.76        11       608     0.817     0.495     0.597     0.616      3.35     0.699         0
   250/299     7.81G     0.587     0.127         0     0.714         8       608     0.805       0.5     0.591     0.617      3.36     0.696         0
   251/299     7.81G     0.618     0.122         0     0.741         2       608     0.803     0.494     0.593     0.612      3.35     0.687         0
   252/299     7.81G     0.614     0.143         0     0.757         9       608     0.811     0.484     0.598     0.606      3.33     0.688         0
   253/299     7.81G     0.601     0.136         0     0.737         7       608     0.805     0.484       0.6     0.605      3.33     0.684         0
   254/299     7.81G     0.627     0.141         0     0.768         5       608     0.813     0.489     0.591     0.611      3.36     0.691         0
   255/299     7.81G     0.606     0.135         0     0.741        10       608     0.814     0.483     0.587     0.606      3.38     0.688         0
   256/299     7.81G     0.611     0.134         0     0.745        11       608     0.854     0.495       0.6     0.627      3.36     0.692         0
   257/299     7.81G      0.62     0.134         0     0.754         4       608     0.816     0.491     0.598     0.613      3.33      0.69         0
   258/299     7.81G     0.618     0.136         0     0.754        11       608     0.803     0.505      0.61      0.62      3.31     0.692         0
   259/299     7.81G     0.611     0.134         0     0.745        13       608     0.806     0.511     0.606     0.625      3.29     0.693         0
   260/299     7.81G     0.632     0.141         0     0.773         3       608     0.819     0.511     0.604     0.629      3.29      0.69         0
   261/299     7.81G     0.575     0.127         0     0.702         9       608      0.82     0.511     0.604     0.629      3.29     0.691         0
   262/299     7.81G     0.589     0.141         0      0.73        11       608      0.82     0.505     0.613     0.625       3.3     0.692         0
   263/299     7.81G     0.547     0.151         0     0.698         3       608     0.824     0.511     0.613      0.63       3.3      0.69         0
   264/299     7.81G     0.613     0.134         0     0.746        11       608     0.838     0.518     0.629      0.64       3.3     0.688         0
   265/299     7.81G     0.584      0.13         0     0.713         8       608     0.829     0.516      0.62     0.636      3.29     0.694         0
   266/299     7.81G     0.608      0.13         0     0.738         3       608     0.836     0.509     0.614     0.633       3.3     0.697         0
   267/299     7.81G     0.568     0.133         0       0.7        15       608      0.84     0.495     0.601     0.623      3.32     0.709         0
   268/299     7.81G     0.538      0.12         0     0.659        11       608     0.851     0.495     0.605     0.626      3.33     0.712         0
   269/299     7.81G     0.605     0.132         0     0.737         6       608     0.842     0.489     0.595     0.619      3.35     0.711         0
   270/299     7.81G     0.531     0.131         0     0.662        13       608     0.858     0.495     0.599     0.628      3.36     0.712         0
   271/299     7.81G     0.548      0.14         0     0.687        11       608     0.853     0.495       0.6     0.626      3.36     0.716         0
   272/299     7.81G     0.576      0.14         0     0.716         5       608     0.824     0.495     0.601     0.618      3.34     0.716         0
   273/299     7.81G     0.544     0.117         0      0.66        11       608     0.819     0.495     0.593     0.617      3.32     0.711         0
   274/299     7.81G      0.55     0.125         0     0.675        10       608     0.819     0.499       0.6      0.62      3.31     0.705         0
   275/299     7.81G     0.601      0.11         0     0.711         5       608     0.819     0.499     0.602      0.62       3.3     0.703         0
   276/299     7.81G     0.605     0.124         0     0.729        15       608     0.821     0.507     0.603     0.627       3.3     0.701         0
   277/299     7.81G     0.619     0.135         0     0.755         8       608     0.823     0.512     0.606     0.631       3.3     0.696         0
   278/299     7.81G     0.563     0.127         0      0.69         3       608     0.832      0.52     0.621      0.64       3.3     0.697         0
   279/299     7.81G     0.507     0.105         0     0.612         8       608     0.817     0.505     0.609     0.624      3.32     0.706         0
   280/299     7.81G     0.554     0.115         0     0.669        12       608     0.815     0.505     0.603     0.624      3.34     0.704         0
   281/299     7.81G     0.505     0.115         0      0.62         3       608     0.831       0.5       0.6     0.624      3.34     0.709         0
   282/299     7.81G     0.553     0.131         0     0.685         9       608     0.833       0.5     0.598     0.625      3.35     0.712         0
   283/299     7.81G     0.597     0.129         0     0.726        10       608     0.826       0.5     0.599     0.623      3.36     0.713         0
   284/299     7.81G     0.562     0.132         0     0.694         5       608     0.807       0.5     0.598     0.618      3.36      0.71         0
   285/299     7.81G     0.594     0.133         0     0.728         7       608     0.814     0.506     0.603     0.624      3.35     0.708         0
   286/299     7.81G     0.621     0.119         0      0.74         7       608      0.82     0.504     0.608     0.624      3.34     0.708         0
   287/299     7.81G     0.582     0.124         0     0.706         4       608     0.826       0.5     0.615     0.623      3.34     0.712         0
   288/299     7.81G     0.543     0.124         0     0.667        11       608     0.827       0.5     0.614     0.623      3.34     0.708         0
   289/299     7.81G     0.558     0.125         0     0.683        13       608     0.832       0.5     0.613     0.625      3.35     0.712         0
   290/299     7.81G     0.608     0.151         0     0.759         6       608     0.826     0.499     0.615     0.622      3.35     0.713         0
   291/299     7.81G     0.551     0.117         0     0.667         7       608     0.814       0.5     0.622     0.619      3.34     0.706         0
   292/299     7.81G     0.521     0.118         0     0.639        11       608     0.812     0.502     0.621      0.62      3.32     0.699         0
   293/299     7.81G     0.585     0.112         0     0.696         5       608     0.805     0.505     0.624     0.621      3.33       0.7         0
   294/299     7.81G     0.532     0.133         0     0.666        15       608     0.801     0.495      0.62     0.612      3.32     0.704         0
   295/299     7.81G      0.52      0.12         0      0.64         7       608     0.813       0.5      0.63     0.619      3.32     0.709         0
   296/299     7.81G     0.544      0.11         0     0.655         2       608     0.813       0.5     0.625     0.619      3.32      0.71         0
   297/299     7.81G     0.519     0.115         0     0.635        14       608     0.808     0.509     0.623     0.625      3.32      0.71         0
   298/299     7.81G     0.536     0.117         0     0.654        13       608     0.804     0.498     0.612     0.615      3.33     0.712         0
   299/299     7.81G     0.581     0.125         0     0.705         4       608     0.803     0.495     0.611     0.612      3.33     0.719         0
