[          1]
[          1]
[          1]
[          1]
[          1]
[          1]
[          1]
[          1]
[          1]
[          1]
[          1]
[          1]
[          1]
[          1]
[    0.93333]
[     0.9375]
[    0.88235]
[    0.88889]
[    0.89474]
[        0.9]
[    0.85714]
[    0.86364]
[    0.86957]
[      0.875]
[       0.88]
[    0.88462]
[    0.88889]
[    0.89286]
[    0.89655]
[        0.9]
[    0.90323]
[    0.90625]
[    0.90909]
[    0.91176]
[    0.91429]
[    0.91667]
[    0.91892]
[    0.89474]
[    0.89744]
[        0.9]
[    0.90244]
[    0.90476]
[    0.90698]
[    0.90909]
[    0.91111]
[    0.91304]
[    0.91489]
[    0.91667]
[    0.91837]
[       0.92]
[    0.92157]
[    0.92308]
[    0.92453]
[    0.92593]
[    0.92727]
[    0.92857]
[    0.92982]
[    0.93103]
[    0.91525]
[    0.91667]
[    0.91803]
[    0.91935]
[    0.92063]
[    0.92188]
[    0.92308]
[    0.92424]
[    0.92537]
[    0.91176]
[    0.91304]
[    0.91429]
[    0.91549]
[    0.91667]
[    0.91781]
[    0.90541]
[    0.90667]
[    0.90789]
[    0.90909]
[    0.91026]
[    0.91139]
[     0.9125]
[    0.91358]
[    0.91463]
[    0.91566]
[    0.91667]
[    0.91765]
[     0.9186]
[    0.91954]
[    0.92045]
[    0.92135]
[    0.92222]
[    0.91209]
[    0.91304]
[    0.91398]
[    0.91489]
[    0.90526]
[    0.90625]
[    0.90722]
[    0.90816]
[    0.90909]
[       0.91]
[    0.91089]
[    0.91176]
[    0.91262]
[    0.91346]
[    0.90476]
[    0.90566]
[    0.90654]
[    0.90741]
[    0.89908]
[        0.9]
[     0.9009]
[    0.90179]
[    0.90265]
[    0.89474]
[    0.89565]
[    0.89655]
[    0.89744]
[    0.89831]
[    0.89916]
[    0.89167]
[    0.89256]
[    0.89344]
[    0.89431]
[    0.89516]
[      0.896]
[    0.88889]
[    0.88976]
[    0.89062]
[    0.89147]
[    0.89231]
[    0.89313]
[    0.89394]
[    0.89474]
[    0.89552]
[     0.8963]
[    0.89706]
[    0.89781]
[    0.89855]
[    0.89928]
[        0.9]
[    0.90071]
[    0.90141]
[     0.9021]
[    0.90278]
[    0.90345]
[    0.90411]
[    0.89796]
[    0.89189]
[    0.89262]
[    0.89333]
[    0.89404]
[    0.88816]
[    0.88889]
[    0.88961]
[    0.89032]
[    0.88462]
[    0.87898]
[    0.87975]
[     0.8805]
[    0.88125]
[    0.88199]
[    0.88272]
[    0.88344]
[    0.88415]
[    0.88485]
[    0.88554]
[    0.88623]
[     0.8869]
[    0.88757]
[    0.88824]
[    0.88889]
[    0.88953]
[    0.89017]
[     0.8908]
[    0.89143]
[    0.89205]
[    0.89266]
[    0.89326]
[    0.89385]
[    0.88889]
[     0.8895]
[    0.89011]
[    0.89071]
[     0.8913]
[    0.88649]
[     0.8871]
[     0.8877]
[     0.8883]
[    0.88889]
[    0.88947]
[    0.89005]
[    0.89062]
[    0.89119]
[    0.89175]
[    0.89231]
[    0.89286]
[     0.8934]
[    0.89394]
[    0.89447]
[      0.895]
[    0.89552]
[    0.89604]
[    0.89655]
[    0.89706]
[    0.89756]
[    0.89806]
[    0.89372]
[    0.89423]
[    0.89474]
[    0.89524]
[      0.891]
[    0.89151]
[    0.89202]
[    0.89252]
[    0.88837]
[    0.88889]
[     0.8894]
[    0.88991]
[    0.88584]
[    0.88182]
[    0.87783]
[    0.87838]
[    0.87444]
[    0.87054]
[    0.87111]
[    0.86726]
[    0.86784]
[    0.86842]
[      0.869]
[    0.86957]
[    0.87013]
[    0.87069]
[    0.87124]
[    0.86752]
[    0.86383]
[    0.86017]
[    0.85654]
[    0.85294]
[    0.85356]
[    0.85417]
[    0.85477]
[    0.85124]
[    0.84774]
[    0.84836]
[    0.84898]
[    0.84959]
[    0.84615]
[    0.84677]
[    0.84739]
[      0.848]
[    0.84861]
[    0.84921]
[     0.8498]
[    0.85039]
[    0.85098]
[    0.84766]
[    0.84825]
[    0.84884]
[    0.84942]
[    0.84615]
[    0.84291]
[    0.84351]
[     0.8403]
[    0.83712]
[    0.83774]
[    0.83459]
[    0.83146]
[    0.83209]
[      0.829]
[    0.82593]
[    0.82288]
[    0.81985]
[    0.81685]
[    0.81387]
[    0.81455]
[    0.81159]
[    0.81227]
[    0.80935]
[    0.81004]
[    0.81071]
[    0.80783]
[    0.80496]
[    0.80212]
[    0.80282]
[        0.8]
[     0.7972]
[    0.79443]
[    0.79514]
[    0.79585]
[     0.7931]
[    0.79038]
[     0.7911]
[     0.7884]
[    0.78912]
[    0.78644]
[    0.78378]
[    0.78114]
[    0.77852]
[    0.77926]
[    0.77667]
[    0.77409]
[    0.77152]
[    0.76898]
[    0.76645]
[    0.76393]
[    0.76144]
[    0.75896]
[    0.75649]
[    0.75405]
[    0.75161]
[     0.7492]
[    0.74679]
[    0.74441]
[    0.74204]
[    0.73968]
[    0.73734]
[    0.73502]
[     0.7327]
[    0.73041]
[    0.72813]
[    0.72586]
[     0.7236]
[    0.72446]
[    0.72222]
[       0.72]
[    0.72086]
[    0.71865]
[    0.71646]
[    0.71429]
[    0.71212]
[    0.70997]
[    0.70783]
[    0.70571]
[    0.70359]
[    0.70448]
[    0.70238]
[     0.7003]
[    0.69822]
[    0.69617]
[    0.69412]
[    0.69501]
[    0.69298]
[    0.69096]
[    0.68895]
[    0.68696]
[    0.68497]
[      0.683]
[    0.68103]
[    0.67908]
[       0.68]
[    0.67806]
[    0.67898]
[    0.67705]
[    0.67514]
[    0.67606]
[    0.67697]
[    0.67507]
[    0.67598]
[    0.67409]
[    0.67222]
[    0.67036]
[    0.66851]
[    0.66667]
[    0.66484]
[    0.66301]
[     0.6612]
[     0.6594]
[    0.65761]
[    0.65583]
[    0.65405]
[    0.65229]
[    0.65054]
[    0.64879]
[    0.64706]
[    0.64533]
[    0.64362]
[    0.64191]
[    0.64021]
[    0.63852]
[    0.63684]
[    0.63517]
[    0.63351]
[    0.63185]
[    0.63021]
[    0.62857]
[    0.62694]
[    0.62532]
[    0.62371]
[    0.62211]
[    0.62051]
[    0.61893]
[    0.61735]
[    0.61578]
[    0.61675]
[    0.61519]
[    0.61364]
[    0.61209]
[    0.61055]
[    0.60902]
[     0.6075]
[    0.60848]
[    0.60697]
[    0.60546]
[    0.60396]
[    0.60247]
[    0.60345]
[    0.60197]
[    0.60049]
[    0.59902]
[    0.59756]
[    0.59611]
[    0.59466]
[    0.59322]
[    0.59179]
[    0.59036]
[    0.59135]
[    0.58993]
[    0.58852]
[    0.58711]
[    0.58571]
[    0.58432]
[    0.58294]
[    0.58156]
[    0.58019]
[    0.57882]
[    0.57746]
[    0.57611]
[    0.57477]
[    0.57343]
[    0.57209]
[    0.57309]
[    0.57176]
[    0.57044]
[    0.56912]
[    0.56782]
[    0.56651]
[    0.56522]
[    0.56393]
[    0.56264]
[    0.56136]
[    0.56009]
[    0.55882]
[    0.55756]
[    0.55631]
[    0.55506]
[    0.55381]
[    0.55257]
[    0.55134]
[    0.55011]
[    0.54889]
[    0.54767]
[    0.54646]
[    0.54525]
[    0.54626]
[    0.54505]
[    0.54386]
[    0.54267]
[    0.54148]
[    0.54031]
[    0.53913]
[    0.53796]
[     0.5368]
[    0.53564]
[    0.53448]
[    0.53333]
[    0.53219]
[    0.53105]
[    0.52991]
[    0.52878]
[    0.52766]
[    0.52654]
[    0.52542]
[    0.52431]
[    0.52321]
[    0.52211]
[    0.52101]
[    0.51992]
[    0.51883]
[    0.51775]
[    0.51667]
[    0.51559]
[    0.51452]
[    0.51346]
[     0.5124]
[    0.51134]
[    0.51029]
[    0.50924]
[     0.5082]
[    0.50716]
[    0.50612]
[    0.50509]
[    0.50407]
[    0.50304]
[    0.50202]
[    0.50101]
[        0.5]
[    0.49899]
[    0.49799]
[    0.49699]
[      0.496]
[    0.49501]
[    0.49402]
[    0.49304]
[    0.49206]
[    0.49109]
[    0.49012]
[    0.48915]
[    0.48819]
[    0.48723]
[    0.48627]
[    0.48532]
[    0.48438]
[    0.48343]
[    0.48249]
[    0.48155]
[    0.48062]
[    0.47969]
[    0.47876]
[    0.47784]
[    0.47692]
[    0.47601]
[     0.4751]
[    0.47419]
[    0.47328]
[    0.47238]
[    0.47148]
[    0.47059]
[     0.4697]
[     0.4707]
[    0.46981]
[    0.46893]
[    0.46805]
[    0.46717]
[    0.46629]
[    0.46542]
[    0.46455]
[    0.46369]
[    0.46283]
[    0.46197]
[    0.46111]
[    0.46026]
[    0.45941]
[    0.45856]
[    0.45772]
[    0.45688]
[    0.45604]
[    0.45521]
[    0.45438]
[    0.45355]
[    0.45273]
[    0.45191]
[    0.45109]
[    0.45027]
[    0.44946]
[    0.44865]
[    0.44784]
[    0.44704]
[    0.44624]
[    0.44544]
[    0.44464]
[    0.44385]
[    0.44484]
[    0.44405]
[    0.44326]
[    0.44248]
[     0.4417]
[    0.44092]
[    0.44014]
[    0.43937]
[     0.4386]
[    0.43783]
[    0.43706]
[     0.4363]
[    0.43554]
[    0.43478]
[    0.43403]
[    0.43328]
[    0.43253]
[    0.43178]
[    0.43103]
[    0.43029]
[    0.42955]
[    0.42882]
[    0.42808]
[    0.42735]
[    0.42662]
[    0.42589]
[    0.42517]
[    0.42445]
[    0.42373]
[    0.42301]
[     0.4223]
[    0.42159]
[    0.42088]
[    0.42017]
[    0.41946]
[    0.41876]
[    0.41806]
[    0.41736]
[    0.41667]
[    0.41597]
[    0.41528]
[    0.41459]
[    0.41391]
[    0.41322]
[    0.41254]
[    0.41186]
[    0.41118]
[    0.41051]
[    0.40984]
[    0.40917]
[     0.4085]
[    0.40783]
[    0.40717]
[     0.4065]
[    0.40584]
[    0.40519]
[    0.40453]
[    0.40388]
[    0.40323]
[    0.40258]
[    0.40193]
[    0.40128]
[    0.40064]
[        0.4]
[    0.39936]
[    0.39872]
[    0.39968]
[    0.39905]
[    0.39841]
[    0.39778]
[    0.39715]
[    0.39652]
[     0.3959]
[    0.39528]
[    0.39465]
[    0.39403]
[    0.39342]
[     0.3928]
[    0.39219]
[    0.39158]
[    0.39097]
[    0.39036]
[    0.38975]
[    0.38915]
[    0.38854]
[    0.38794]
[    0.38735]
[    0.38675]
[    0.38615]
[    0.38556]
[    0.38497]
[    0.38591]
[    0.38532]
[    0.38473]
[    0.38415]
[    0.38356]
[    0.38298]
[     0.3824]
[    0.38182]
[    0.38124]
[    0.38066]
[    0.38009]
[    0.37952]
[    0.37895]
[    0.37838]
[    0.37781]
[    0.37725]
[    0.37668]
[    0.37612]
[    0.37556]
[      0.375]
[    0.37444]
[    0.37389]
[    0.37333]
[    0.37278]
[    0.37223]
[    0.37168]
[    0.37113]
[    0.37059]
[    0.37004]
[     0.3695]
[    0.36896]
[    0.36842]
[    0.36788]
[    0.36735]
[    0.36681]
[    0.36628]
[    0.36575]
[    0.36522]
[    0.36469]
[    0.36416]
[    0.36364]
[    0.36311]
[    0.36259]
[    0.36207]
[    0.36155]
[    0.36103]
[    0.36052]
[       0.36]
[    0.35949]
[    0.35897]
[    0.35846]
[    0.35795]
[    0.35745]
[    0.35694]
[    0.35644]
[    0.35593]
[    0.35543]
[    0.35493]
[    0.35443]
[    0.35393]
[    0.35344]
[    0.35294]
[    0.35245]
[    0.35196]
[    0.35146]
[    0.35097]
[    0.35049]
[       0.35]
[    0.34951]
[    0.34903]
[    0.34855]
[    0.34807]
[    0.34759]
[    0.34711]
[    0.34663]
[    0.34615]
[    0.34568]
[    0.34521]
[    0.34473]
[    0.34426]
[    0.34379]
[    0.34332]
[    0.34286]
[    0.34239]
[    0.34193]
[    0.34146]
[      0.341]
[    0.34054]
[    0.34008]
[    0.33962]
[    0.33917]
[    0.33871]
[    0.33826]
[     0.3378]
[    0.33735]
[    0.33824]
[    0.33912]
[    0.33867]
[    0.33822]
[    0.33777]
[    0.33732]
[    0.33687]
[    0.33642]
[    0.33598]
[    0.33554]
[    0.33509]
[    0.33465]
[    0.33421]
[    0.33377]
[    0.33333]
[     0.3329]
[    0.33246]
[    0.33203]
[    0.33159]
[    0.33116]
[    0.33073]
[     0.3303]
[    0.32987]
[    0.32944]
[    0.32902]
[    0.32859]
[    0.32817]
[    0.32774]
[    0.32732]
[     0.3269]
[    0.32648]
[    0.32606]
[    0.32564]
[    0.32522]
[    0.32481]
[    0.32439]
[    0.32398]
[    0.32357]
[    0.32316]
[    0.32274]
[    0.32234]
[    0.32193]
[    0.32152]
[    0.32111]
[    0.32071]
[     0.3203]
[     0.3199]
[     0.3195]
[     0.3191]
[     0.3187]
[     0.3183]
[     0.3179]
[     0.3175]
[     0.3171]
[    0.31671]
[    0.31631]
[    0.31592]
[    0.31553]
[    0.31514]
[    0.31475]
[    0.31436]
[    0.31397]
[    0.31358]
[    0.31319]
[    0.31281]
[    0.31242]
[    0.31204]
[    0.31166]
[    0.31127]
[    0.31089]
[    0.31051]
[    0.31013]
[    0.30976]
[    0.30938]
[      0.309]
[    0.30863]
[    0.30825]
[    0.30788]
[    0.30751]
[    0.30713]
[    0.30676]
[    0.30639]
[    0.30602]
[    0.30566]
[    0.30529]
[    0.30492]
[    0.30456]
[    0.30419]
[    0.30383]
[    0.30346]
[     0.3031]
[    0.30274]
[    0.30238]
[    0.30202]
[    0.30166]
[     0.3013]
[    0.30095]
[    0.30059]
[    0.30024]
[    0.29988]
[    0.29953]
[    0.29918]
[    0.29882]
[    0.29847]
[    0.29812]
[    0.29777]
[    0.29742]
[    0.29708]
[    0.29673]
[    0.29638]
[    0.29604]
[    0.29569]
[    0.29535]
[    0.29501]
[    0.29466]
[    0.29432]
[    0.29398]
[    0.29364]
[     0.2933]
[    0.29296]
[    0.29263]
[    0.29229]
[    0.29195]
[    0.29162]
[    0.29128]
[    0.29095]
[    0.29062]
[    0.29029]
[    0.28995]
[    0.28962]
[    0.28929]
[    0.28896]
[    0.28864]
[    0.28831]
[    0.28798]
[    0.28766]
[    0.28733]
[    0.28701]
[    0.28668]
[    0.28636]
[    0.28604]
[    0.28571]
[    0.28539]
[    0.28507]
[    0.28475]
[    0.28443]
[    0.28412]
[     0.2838]
[    0.28348]
[    0.28317]
[    0.28285]
[    0.28254]
[    0.28222]
[    0.28191]
[     0.2816]
[    0.28128]
[    0.28097]
[    0.28066]
[    0.28035]
[    0.28004]
[    0.27974]
[    0.27943]
[    0.27912]
[    0.27881]
[    0.27851]
[     0.2782]
[     0.2779]
[     0.2776]
[    0.27729]
[    0.27699]
[    0.27669]
[    0.27639]
[    0.27609]
[    0.27579]
[    0.27549]
[    0.27519]
[    0.27489]
[    0.27459]
[     0.2743]
[      0.274]
[    0.27371]
[    0.27341]
[    0.27312]
[    0.27282]
[    0.27253]
[    0.27224]
[    0.27195]
[    0.27166]
[    0.27137]
[    0.27108]
[    0.27079]
[     0.2705]
[    0.27021]
[    0.26993]
[    0.26964]
[    0.26935]
[    0.26907]
[    0.26878]
[     0.2685]
[    0.26822]
[    0.26793]
[    0.26765]
[    0.26737]
[    0.26709]
[    0.26681]
[    0.26653]
[    0.26625]
[    0.26597]
[    0.26569]
[    0.26541]
[    0.26514]
[    0.26486]
[    0.26458]
[    0.26431]
[    0.26403]
[    0.26376]
[    0.26349]
[    0.26321]
[    0.26294]
[    0.26267]
[     0.2624]
[    0.26213]
[    0.26186]
[    0.26159]
[    0.26132]
[    0.26105]
[    0.26078]
[    0.26051]
[    0.26025]
[    0.25998]
[    0.25971]
[    0.25945]
[    0.25918]
[    0.25892]
[    0.25866]
[    0.25839]
[    0.25813]
[    0.25787]
[    0.25761]
[    0.25735]
[    0.25709]
[    0.25683]
[    0.25657]
[    0.25631]
[    0.25605]
[    0.25579]
[    0.25553]
[    0.25528]
[    0.25502]
[    0.25476]
[    0.25451]
[    0.25425]
[      0.254]
[    0.25375]
[    0.25349]
[    0.25324]
[    0.25299]
[    0.25274]
[    0.25249]
[    0.25223]
[    0.25198]
[    0.25173]
[    0.25149]
[    0.25124]
[    0.25099]
[    0.25074]
[    0.25049]
[    0.25025]
[       0.25]
[    0.24975]
[    0.24951]
[    0.24926]
[    0.24902]
[    0.24878]
[    0.24853]
[    0.24829]
[    0.24805]
[     0.2478]
[    0.24756]
[    0.24732]
[    0.24708]
[    0.24684]
[     0.2466]
[    0.24636]
[    0.24612]
[    0.24589]
[    0.24565]
[    0.24541]
[    0.24517]
[    0.24494]
[     0.2447]
[    0.24447]
[    0.24423]
[      0.244]
[    0.24376]
[    0.24353]
[     0.2433]
[    0.24306]
[    0.24283]
[     0.2426]
[    0.24237]
[    0.24214]
[     0.2419]
[    0.24167]
[    0.24144]
[    0.24122]
[    0.24099]
[    0.24076]
[    0.24053]
[     0.2403]
[    0.24008]
[    0.23985]
[    0.23962]
[     0.2394]
[    0.23917]
[    0.23895]
[    0.23872]
[     0.2385]
[    0.23827]
[    0.23805]
[    0.23783]
[    0.23761]
[    0.23738]
[    0.23716]
[    0.23694]
[    0.23672]
[     0.2365]
[    0.23628]
[    0.23606]
[    0.23584]
[    0.23562]
[     0.2354]
[    0.23519]
[    0.23497]
[    0.23567]
[    0.23546]
[    0.23524]
[    0.23502]
[    0.23481]
[    0.23459]
[    0.23438]
[    0.23416]
[    0.23394]
[    0.23373]
[    0.23352]
[     0.2333]
[      0.234]
[    0.23379]
[    0.23358]
[    0.23336]
[    0.23315]
[    0.23294]
[    0.23273]
[    0.23252]
[     0.2323]
[    0.23209]
[    0.23188]
[    0.23167]
[    0.23146]
[    0.23126]
[    0.23105]
[    0.23084]
[    0.23063]
[    0.23042]
[    0.23022]
[    0.23001]
[     0.2298]
[     0.2296]
[    0.22939]
[    0.22919]
[    0.22898]
[    0.22878]
[    0.22857]
[    0.22837]
[    0.22816]
[    0.22796]
[    0.22776]
[    0.22756]
[    0.22735]
[    0.22715]
[    0.22695]
[    0.22675]
[    0.22655]
[    0.22635]
[    0.22615]
[    0.22595]
[    0.22575]
[    0.22555]
[    0.22535]
[    0.22515]
[    0.22496]
[    0.22476]
[    0.22456]
[    0.22436]
[    0.22417]
[    0.22397]
[    0.22378]
[    0.22358]
[    0.22339]
[    0.22319]
[      0.223]
[     0.2228]
[    0.22261]
[    0.22242]
[    0.22222]
[    0.22203]
[    0.22184]
[    0.22165]
[    0.22145]
[    0.22126]
[    0.22107]
[    0.22088]
[    0.22069]
[     0.2205]
[    0.22031]
[    0.22012]
[    0.21993]
[    0.21974]
[    0.21955]
[    0.21937]
[    0.21918]
[    0.21899]
[     0.2188]
[    0.21862]
[    0.21843]
[    0.21824]
[    0.21806]
[    0.21787]
[    0.21769]
[     0.2175]
[    0.21732]
[    0.21713]
[    0.21695]
[    0.21677]
[    0.21658]
[     0.2164]
[    0.21622]
[    0.21603]
[    0.21585]
[    0.21567]
[    0.21549]
[    0.21531]
[    0.21513]
[    0.21495]
[    0.21477]
[    0.21459]
[    0.21441]
[    0.21423]
[    0.21405]
[    0.21387]
[    0.21369]
[    0.21351]
[    0.21333]
[    0.21316]
[    0.21298]
[     0.2128]
[    0.21262]
[    0.21245]
[    0.21227]
[     0.2121]
[    0.21192]
[    0.21175]
[    0.21157]
[     0.2114]
[    0.21122]
[    0.21105]
[    0.21087]
[     0.2107]
[    0.21053]
[    0.21035]
[    0.21018]
[    0.21001]
[    0.20984]
[    0.20966]
[    0.20949]
[    0.20932]
[    0.20915]
[    0.20898]
[    0.20881]
[    0.20864]
[    0.20847]
[     0.2083]
[    0.20813]
[    0.20796]
[    0.20779]
[    0.20762]
[    0.20746]
[    0.20729]
[    0.20712]
[    0.20695]
[    0.20679]
[    0.20662]
[    0.20645]
[    0.20629]
[    0.20612]
[    0.20595]
[    0.20579]
[    0.20562]
[    0.20546]
[    0.20529]
[    0.20513]
[    0.20496]
[     0.2048]
[    0.20464]
[    0.20447]
[    0.20431]
[    0.20415]
[    0.20398]
[    0.20382]
[    0.20366]
[     0.2035]
[    0.20334]
[    0.20317]
[    0.20301]
[    0.20285]
[    0.20269]
[    0.20253]
[    0.20237]
[    0.20221]
[    0.20205]
[    0.20189]
[    0.20173]
[    0.20157]
[    0.20142]
[    0.20126]
[     0.2011]
[    0.20094]
[    0.20078]
[    0.20063]
[    0.20047]
[    0.20031]
[    0.20016]
[        0.2]
[    0.19984]
[    0.19969]
[    0.19953]
[    0.19938]
[    0.19922]
[    0.19907]
[    0.19891]
[    0.19876]
[     0.1986]
[    0.19845]
[     0.1983]
[    0.19814]
[    0.19799]
[    0.19784]
[    0.19768]
[    0.19753]
[    0.19738]
[    0.19723]
[    0.19707]
[    0.19692]
[    0.19677]
[    0.19662]
[    0.19647]
[    0.19632]
[    0.19617]
[    0.19602]
[    0.19587]
[    0.19572]
[    0.19557]
[    0.19542]
[    0.19527]
[    0.19512]
[    0.19497]
[    0.19482]
[    0.19468]
[    0.19453]
[    0.19438]
[    0.19423]
[    0.19409]
[    0.19394]
[    0.19379]
[    0.19365]
[     0.1935]
[    0.19335]
[    0.19321]
[    0.19306]
[    0.19292]
[    0.19277]
[    0.19263]
[    0.19248]
[    0.19234]
[    0.19219]
[    0.19205]
[     0.1919]
[    0.19176]
[    0.19162]
[    0.19147]
[    0.19133]
[    0.19119]
[    0.19104]
[     0.1909]
[    0.19076]
[    0.19062]
[    0.19048]
[    0.19033]
[    0.19019]
[    0.19005]
[    0.18991]
[    0.18977]
[    0.18963]
[    0.18949]
[    0.18935]
[    0.18921]
[    0.18907]
[    0.18893]
[    0.18953]
[    0.18939]
[    0.18925]
[    0.18911]
[    0.18897]
[    0.18883]
[    0.18869]
[    0.18855]
[    0.18842]
[    0.18828]
[    0.18814]
[      0.188]
[    0.18787]
[    0.18773]
[    0.18759]
[    0.18745]
[    0.18732]
[    0.18718]
[    0.18705]
[    0.18691]
[    0.18677]
[    0.18664]
[     0.1865]
[    0.18637]
[    0.18623]
[     0.1861]
[    0.18596]
[    0.18583]
[    0.18569]
[    0.18556]
[    0.18543]
[    0.18529]
[    0.18516]
[    0.18503]
[    0.18489]
[    0.18476]
[    0.18463]
[    0.18449]
[    0.18436]
[    0.18423]
[     0.1841]
[    0.18397]
[    0.18383]
[     0.1837]
[    0.18357]
[    0.18344]
[    0.18331]
[    0.18318]
[    0.18305]
[    0.18292]
[    0.18279]
[    0.18266]
[    0.18253]
[     0.1824]
[    0.18227]
[    0.18214]
[    0.18201]
[    0.18188]
[    0.18175]
[    0.18163]
[     0.1815]
[    0.18137]
[    0.18124]
[    0.18111]
[    0.18099]
[    0.18086]
[    0.18073]
[     0.1806]
[    0.18048]
[    0.18035]
[    0.18022]
[     0.1801]
[    0.17997]
[    0.17985]
[    0.17972]
[    0.17959]
[    0.17947]
[    0.17934]
[    0.17922]
[    0.17909]
[    0.17897]
[    0.17884]
[    0.17872]
[     0.1786]
[    0.17847]
[    0.17835]
[    0.17822]
[     0.1781]
[    0.17798]
[    0.17785]
[    0.17773]
[    0.17761]
[    0.17749]
[    0.17736]
[    0.17724]
[    0.17712]
[      0.177]
[    0.17688]
[    0.17675]
[    0.17663]
[    0.17651]
[    0.17639]
[    0.17627]
[    0.17615]
[    0.17603]
[    0.17591]
[    0.17579]
[    0.17567]
[    0.17555]
[    0.17543]
[    0.17531]
[    0.17519]
[    0.17507]
[    0.17495]
[    0.17483]
[    0.17471]
[    0.17459]
[    0.17447]
[    0.17436]
[    0.17424]
[    0.17412]
[      0.174]
[    0.17388]
[    0.17377]
[    0.17365]
[    0.17353]
[    0.17341]
[     0.1733]
[    0.17318]
