[          1]
[          1]
[          1]
[          1]
[          1]
[          1]
[          1]
[          1]
[          1]
[          1]
[          1]
[          1]
[          1]
[          1]
[          1]
[          1]
[          1]
[          1]
[          1]
[          1]
[          1]
[          1]
[          1]
[          1]
[          1]
[          1]
[          1]
[          1]
[          1]
[          1]
[          1]
[          1]
[          1]
[          1]
[          1]
[          1]
[          1]
[          1]
[          1]
[          1]
[          1]
[          1]
[          1]
[          1]
[          1]
[          1]
[    0.97872]
[    0.97917]
[    0.97959]
[       0.98]
[    0.98039]
[    0.98077]
[    0.98113]
[    0.98148]
[    0.98182]
[    0.98214]
[    0.96491]
[    0.96552]
[     0.9661]
[    0.96667]
[    0.96721]
[    0.96774]
[    0.96825]
[    0.96875]
[    0.96923]
[     0.9697]
[    0.97015]
[    0.97059]
[    0.97101]
[    0.97143]
[    0.97183]
[    0.97222]
[     0.9726]
[    0.97297]
[    0.97333]
[    0.97368]
[    0.97403]
[    0.97436]
[    0.97468]
[     0.9625]
[    0.96296]
[    0.96341]
[    0.96386]
[    0.96429]
[    0.95294]
[    0.94186]
[    0.94253]
[    0.94318]
[    0.94382]
[    0.94444]
[    0.94505]
[    0.94565]
[    0.93548]
[    0.93617]
[    0.93684]
[     0.9375]
[    0.93814]
[    0.93878]
[    0.93939]
[       0.94]
[    0.94059]
[    0.94118]
[    0.94175]
[    0.94231]
[    0.94286]
[    0.93396]
[    0.93458]
[    0.93519]
[    0.93578]
[    0.93636]
[    0.93694]
[     0.9375]
[    0.93805]
[     0.9386]
[    0.93913]
[    0.93966]
[    0.94017]
[    0.94068]
[    0.94118]
[    0.94167]
[    0.94215]
[    0.94262]
[    0.94309]
[    0.94355]
[      0.936]
[    0.93651]
[    0.93701]
[    0.92969]
[    0.93023]
[    0.93077]
[     0.9313]
[    0.93182]
[    0.92481]
[    0.91791]
[    0.91111]
[    0.90441]
[    0.90511]
[     0.9058]
[    0.90647]
[    0.90714]
[     0.9078]
[    0.90845]
[     0.9021]
[    0.90278]
[    0.90345]
[    0.89726]
[    0.89796]
[    0.89865]
[    0.89933]
[    0.89333]
[    0.89404]
[    0.88816]
[    0.88235]
[    0.88312]
[    0.87742]
[    0.87179]
[    0.86624]
[    0.86076]
[    0.85535]
[    0.85625]
[    0.85093]
[    0.84568]
[    0.84663]
[    0.84756]
[    0.84242]
[    0.83735]
[    0.83234]
[    0.82738]
[    0.82249]
[    0.81765]
[    0.81287]
[    0.81395]
[    0.80925]
[    0.81034]
[    0.81143]
[     0.8125]
[    0.81356]
[    0.80899]
[    0.80447]
[    0.80556]
[    0.80663]
[     0.8022]
[    0.79781]
[    0.79348]
[    0.78919]
[    0.78495]
[    0.78075]
[     0.7766]
[    0.77249]
[    0.76842]
[    0.76963]
[    0.76562]
[    0.76684]
[    0.76289]
[    0.75897]
[     0.7551]
[    0.75635]
[    0.75253]
[    0.74874]
[      0.745]
[    0.74129]
[    0.73762]
[    0.73399]
[    0.73039]
[    0.72683]
[     0.7233]
[    0.71981]
[    0.71635]
[    0.71292]
[    0.70952]
[    0.70616]
[    0.70283]
[    0.69953]
[    0.69626]
[    0.69302]
[    0.68981]
[    0.68664]
[    0.68807]
[    0.68493]
[    0.68182]
[    0.67873]
[    0.67568]
[    0.67265]
[    0.66964]
[    0.66667]
[    0.66372]
[    0.66079]
[    0.65789]
[    0.65502]
[    0.65217]
[    0.64935]
[    0.64655]
[    0.64378]
[    0.64103]
[     0.6383]
[    0.63559]
[    0.63291]
[    0.63445]
[     0.6318]
[    0.62917]
[    0.62656]
[    0.62397]
[     0.6214]
[    0.61885]
[    0.61633]
[    0.61382]
[    0.61134]
[    0.60887]
[    0.60643]
[      0.604]
[    0.60159]
[    0.59921]
[    0.59684]
[    0.59449]
[    0.59216]
[    0.58984]
[    0.59144]
[    0.58915]
[    0.58687]
[    0.58462]
[    0.58621]
[    0.58397]
[    0.58175]
[    0.57955]
[    0.57736]
[    0.57519]
[    0.57303]
[     0.5709]
[    0.56877]
[    0.56667]
[    0.56458]
[     0.5625]
[     0.5641]
[    0.56204]
[    0.56364]
[    0.56522]
[    0.56318]
[    0.56115]
[    0.55914]
[    0.55714]
[    0.55516]
[    0.55674]
[     0.5583]
[    0.55634]
[    0.55439]
[    0.55245]
[    0.55052]
[    0.54861]
[    0.54671]
[    0.54483]
[    0.54296]
[     0.5411]
[    0.53925]
[    0.53741]
[    0.53559]
[    0.53378]
[    0.53199]
[     0.5302]
[    0.52843]
[    0.52667]
[    0.52492]
[    0.52318]
[    0.52145]
[    0.51974]
[    0.51803]
[    0.51634]
[    0.51466]
[    0.51299]
[    0.51133]
[    0.50968]
[    0.50804]
[    0.50641]
[    0.50479]
[    0.50318]
[    0.50159]
[        0.5]
[    0.49842]
[    0.49686]
[     0.4953]
[    0.49375]
[    0.49221]
[    0.49068]
[    0.48916]
[    0.48765]
[    0.48615]
[    0.48466]
[    0.48318]
[    0.48171]
[    0.48024]
[    0.47879]
[    0.47734]
[     0.4759]
[    0.47447]
[    0.47305]
[    0.47164]
[    0.47024]
[    0.46884]
[    0.46746]
[    0.46608]
[    0.46471]
[    0.46334]
[    0.46199]
[    0.46064]
[     0.4593]
[    0.45797]
[    0.45665]
[    0.45533]
[    0.45402]
[    0.45272]
[    0.45143]
[    0.45014]
[    0.44886]
[    0.44759]
[    0.44633]
[    0.44507]
[    0.44382]
[    0.44258]
[    0.44134]
[    0.44011]
[    0.43889]
[    0.43767]
[    0.43646]
[    0.43526]
[    0.43407]
[    0.43288]
[    0.43169]
[    0.43052]
[    0.42935]
[    0.42818]
[    0.42703]
[    0.42588]
[    0.42473]
[    0.42359]
[    0.42246]
[    0.42133]
[    0.42287]
[    0.42175]
[    0.42063]
[    0.41953]
[    0.41842]
[    0.41732]
[    0.41623]
[    0.41514]
[    0.41406]
[    0.41299]
[    0.41192]
[    0.41085]
[    0.40979]
[    0.40874]
[    0.40769]
[    0.40665]
[    0.40561]
[    0.40458]
[    0.40355]
[    0.40253]
[    0.40152]
[     0.4005]
[    0.40201]
[      0.401]
[        0.4]
[      0.399]
[    0.39801]
[    0.39702]
[    0.39604]
[    0.39506]
[    0.39409]
[    0.39312]
[    0.39216]
[     0.3912]
[    0.39024]
[    0.38929]
[    0.38835]
[    0.38741]
[    0.38647]
[    0.38554]
[    0.38462]
[    0.38369]
