[     0.5312      0.6837      0.8138     0.52099     0.50216     0.40812     0.83985           0     0.47982           0     0.30006           0           0           0           0           0     0.50303    0.028748           0           0           0           0           0]
[     0.7938     0.60138      0.5806     0.73444           0           0           0           0]
[    0.76363     0.75854     0.83155     0.61878     0.69113           0     0.56189     0.48876     0.47573     0.61905           0     0.40956     0.49077    0.030424     0.32193     0.29258           0     0.65619     0.62619           0     0.85512    0.028629           0     0.65489     0.68073     0.80343
     0.36051     0.72361     0.57324]
[    0.84516     0.10467     0.53749     0.56694           0           0           0           0           0           0     0.80421           0     0.12391     0.62483     0.19189           0           0           0           0           0           0     0.54495     0.52098           0           0           0
           0           0]
[    0.76777     0.85465     0.58489           0           0           0           0           0           0           0     0.77039           0   0.0038745           0]
[    0.60455     0.56654     0.53396     0.47252      0.1265           0           0     0.48447         0.6           0           0           0           0     0.92913           0           0           0           0           0]
[    0.91009           0           0           0           0           0           0           0           0           0           0           0           0           0           0           0           0           0           0           0           0           0           0]
[    0.63661     0.74114     0.82387           0           0           0     0.75528     0.67001           0     0.66495]
[     0.8124     0.78261           0           0           0           0           0           0           0           0   0.0057612     0.72821]
[    0.89098     0.45459           0           0     0.27439           0           0     0.14288           0           0     0.54554     0.24189           0     0.73526]
[    0.60577           0           0           0           0           0           0     0.52993           0           0           0     0.42283           0           0           0]
[    0.58541      0.7471     0.67601     0.43276     0.65316     0.44723           0     0.43487           0     0.71022           0           0     0.44384           0     0.64364           0           0           0           0]
[     0.7652     0.92911      0.8716     0.83691    0.015927     0.74307           0           0           0     0.56719           0           0     0.58928      0.4441           0     0.73465           0     0.59299           0           0           0           0           0           0           0           0
           0]
[    0.50582     0.37796     0.38771      0.6871     0.49982           0     0.42629           0     0.47649           0      0.3339           0           0     0.35028     0.42375           0           0           0           0           0           0    0.068358           0           0           0     0.51769]
[    0.44965     0.42547     0.39778           0           0     0.35364     0.32925      0.3881           0           0     0.18299           0           0     0.14439           0           0           0     0.36946           0           0           0]
[    0.57896     0.87956     0.76936     0.49267     0.40761           0    0.001482     0.56365           0   0.0001209   0.0062228           0           0     0.64488           0           0]
[    0.67433      0.6457     0.51926     0.40299     0.33796     0.39506     0.53458     0.70872           0    0.096037           0     0.32508     0.27816           0     0.26316           0     0.17929     0.36408     0.10066           0           0           0    0.049047      0.4469     0.49918           0
           0     0.10222           0     0.43175     0.11887      0.1478]
[    0.69549     0.73227     0.67777     0.84526     0.71688     0.17351     0.05207           0           0     0.53096           0           0           0           0     0.18984     0.58099     0.69556     0.38035     0.74405           0     0.42886           0     0.15597           0]
[     0.7134     0.71234     0.60743     0.54725      0.7775     0.35306     0.73215     0.25858     0.79383     0.33049     0.64328     0.48921     0.25207     0.58471     0.62295     0.31059     0.77964           0     0.55559           0           0           0           0           0           0           0
     0.23111     0.62659     0.82388     0.62447     0.29492     0.33233     0.69453     0.63295     0.47248           0           0           0           0    0.035415     0.62154     0.30135]
[    0.79817           0           0           0      0.6311     0.28947     0.67379           0           0           0]
[    0.61981           0           0           0           0           0      0.7276           0     0.67613           0]
[    0.68728     0.71331           0           0           0           0           0           0           0     0.79428           0]
[     0.7421     0.60717     0.67022     0.57878      0.6088           0     0.31435      0.5874     0.35589           0           0     0.71642      0.4496     0.16952           0      0.2811     0.10813]
[    0.81408           0           0           0     0.51613           0]
[    0.83239     0.87135    0.015793           0           0     0.71181           0]
[    0.90738           0     0.78001           0           0           0]
[    0.85749     0.68133     0.61098     0.72692     0.33469     0.30122     0.84405     0.45244     0.63321     0.40854           0     0.53619     0.60144]
[    0.81885           0           0           0           0           0           0           0           0           0           0     0.67813           0           0]
[    0.59006     0.50507     0.56596     0.49745     0.57989     0.53657           0           0     0.47292           0           0     0.44858]
[    0.87097     0.75118     0.88064     0.63219     0.72761           0     0.86957           0]
[     0.7237           0    0.031897     0.56783           0]
[     0.7456           0           0           0           0     0.77344]
[    0.67306     0.62816           0     0.30805           0           0           0     0.52195           0           0     0.22172     0.50152           0           0           0           0           0     0.19264]
[    0.85396     0.66932     0.89479     0.56198     0.31938     0.88019     0.53017     0.53195           0     0.92022           0           0           0     0.24877      0.5117           0     0.26719           0     0.81843           0     0.27152     0.57429     0.72371           0           0]
[     0.7848     0.78948           0           0           0           0           0     0.71013     0.42602           0           0           0           0           0]
[          0     0.27499           0           0           0     0.57616           0           0     0.30824           0           0           0           0           0           0           0           0           0]
[    0.88606     0.68661     0.83087           0           0           0           0           0           0           0           0           0           0           0     0.73162           0           0           0           0           0           0           0     0.79889           0           0           0]
[    0.84491     0.83273     0.89157     0.48019     0.70671           0           0           0     0.53523      0.1567     0.50299     0.75151     0.40535           0           0    0.012558     0.65205     0.53305      0.2511           0    0.038298           0      0.7771           0     0.43935     0.11526
           0     0.25146]
[     0.7615     0.87357     0.54655           0     0.58724           0           0           0           0           0           0           0           0     0.56281           0           0     0.63822           0           0           0]
[    0.59541     0.51995     0.58829     0.47107           0           0]
[    0.74921     0.87742     0.66912           0           0]
[    0.64693     0.73784     0.71684           0           0           0     0.73819     0.56634           0]
[    0.66145           0           0           0           0           0           0           0           0]
[    0.74175     0.82041     0.86934           0     0.79317     0.37927           0           0           0           0     0.83691      0.6809           0           0           0           0           0           0           0]
[    0.86883     0.74132     0.80909     0.88511     0.66127     0.76804           0           0     0.69759      0.7243    0.023524           0     0.27051           0     0.73808     0.21521     0.89184    0.081536]
[    0.88346     0.61497     0.60386     0.56691      0.6754           0     0.45217           0     0.70385     0.62389     0.62492     0.48843     0.52267     0.88319           0     0.39487     0.54629]
[    0.54076     0.58065     0.55201     0.58226     0.28957     0.67282     0.19218     0.56231     0.48347           0     0.15048           0     0.58593     0.17637    0.075914           0     0.67445     0.21459           0]
[    0.66056     0.37737    0.098745     0.53773      0.6846           0     0.32052           0     0.11471           0    0.065845           0           0           0]
[    0.85723     0.86169     0.80571           0           0     0.45605     0.15567           0     0.78284           0           0           0     0.83564           0           0     0.75118           0     0.20474     0.13822           0     0.58919    0.074765     0.78842           0    0.011903]
[    0.84932     0.80775     0.83525     0.79105     0.61073     0.69005     0.45845     0.81481           0           0     0.69534    0.065577]
[    0.72672     0.46188     0.32548           0           0           0           0           0     0.31436           0           0           0     0.55133           0           0           0     0.28785           0           0     0.42828     0.72329           0           0]
[    0.85637     0.88537     0.78709           0           0           0           0           0     0.27521     0.66833           0           0           0     0.84314           0           0           0     0.29445           0]
[    0.87214     0.83618           0     0.66601           0           0           0]
[    0.45971     0.45082     0.70425    0.015894     0.57517       0.828     0.26862           0           0     0.21686           0     0.42063           0    0.054879     0.40303           0           0     0.33851   0.0010592]
[    0.85872      0.7322      0.6962     0.52453           0           0           0           0     0.39146           0     0.30461     0.62744           0           0]
[    0.53551     0.43054     0.79726     0.41819     0.48291     0.27595     0.51848     0.33439     0.51794     0.52914     0.54507     0.57374           0     0.39935           0     0.73614           0     0.56282]
[    0.70113     0.86446           0           0           0     0.80415     0.71281           0           0           0           0           0           0           0]
[    0.79534     0.82151     0.59483     0.52182     0.76216     0.65187     0.54643     0.54318     0.52706           0     0.29402           0           0     0.56583]
[    0.65151           0      0.6211           0           0     0.68731           0           0     0.65074     0.65877           0           0      0.6497]
[    0.89329     0.58613     0.47607      0.8036           0           0           0           0           0           0     0.57682           0           0     0.56921           0           0     0.43981     0.46485     0.62424           0           0           0           0]
[    0.79869     0.71499     0.79766     0.70059     0.17458     0.59532     0.43809    0.065212     0.60843     0.43831           0     0.77667           0      0.7432]
[    0.67307     0.90752           0      0.7827           0           0     0.21781    0.081463           0           0     0.57632           0     0.56937           0     0.70586           0           0           0           0           0           0           0]
[    0.85751     0.79401     0.73922      0.7285           0           0           0           0     0.31104      0.8112           0     0.43206           0           0     0.82287     0.73179     0.81514     0.03643           0           0]
[    0.37429      0.6052           0           0           0           0           0           0           0     0.43429           0           0     0.30253           0           0           0     0.18941     0.76013           0           0           0           0]
[    0.69799     0.60347           0     0.18506           0           0           0           0           0           0           0           0           0]
[    0.77447           0           0     0.69876           0     0.70112           0           0           0           0           0]
[     0.6651     0.82896     0.80156           0           0     0.73365     0.36305           0           0     0.70091]
[    0.75924           0     0.84142     0.74296     0.55164           0           0      0.8127           0     0.45846     0.23102     0.71608     0.61705     0.94317           0           0           0           0]
[    0.53184     0.50834     0.72769     0.42095     0.54602    0.087067           0     0.49411    0.054235           0           0           0     0.41238     0.57715     0.35353     0.58477     0.54387     0.63586           0           0]
[    0.61885     0.72871     0.28511     0.16262     0.69798     0.84779           0     0.48863           0     0.82486           0           0           0           0           0           0           0]
[    0.85441     0.86348     0.68264]
[    0.57726     0.70973           0           0           0     0.58407           0           0           0     0.65228]
[    0.83746     0.77207     0.81566      0.6642     0.44926     0.47599     0.60726     0.75611     0.68645]
[    0.80853     0.80873     0.68323     0.77485     0.43488     0.66563     0.63168     0.55107     0.49739     0.41846     0.43101           0     0.51417     0.68461    0.021019           0     0.89153     0.43326     0.57555     0.63296   0.0012469      0.2664           0]
[    0.82932           0           0           0           0           0           0           0           0           0           0           0           0           0           0           0           0           0           0           0           0           0           0           0           0           0
           0     0.37695           0           0           0           0           0]
[    0.63634     0.65992      0.6841     0.73043           0           0     0.62344   0.0047301     0.77246           0           0           0           0     0.56926     0.53675           0     0.52863           0           0           0           0           0]
[     0.4522      0.4792     0.64032     0.86444      0.7799           0     0.74816  0.00048226           0           0     0.38152           0           0   0.0012695     0.63616     0.21524           0           0]
[    0.90949     0.85422     0.81702     0.69507           0           0           0           0           0    0.058507           0           0     0.53548     0.31121           0           0           0           0           0     0.73909    0.034629           0           0           0           0           0]
[    0.69996     0.80581           0           0     0.69177           0     0.71265           0           0           0           0           0     0.61025           0           0           0]
[    0.82759     0.84005     0.74026           0           0     0.68264           0           0           0     0.67758    0.018194     0.63804           0           0           0           0           0           0]
[    0.81161     0.71992     0.90621     0.86299     0.84854     0.40898     0.17344     0.67575]
[    0.70199     0.55558           0     0.22409     0.57022           0     0.46901     0.54748     0.35615           0     0.35621     0.59335           0           0           0           0     0.68151           0           0           0           0           0           0           0           0           0
     0.32662           0           0           0]
[    0.77586     0.83244     0.89376     0.88159           0     0.72266           0           0           0           0     0.87752           0           0           0]
[    0.63863     0.83627     0.86068           0     0.53291           0     0.47718     0.57222]
[    0.78084     0.75685     0.79039     0.66032           0           0           0     0.74121           0           0]
[    0.90001     0.73646     0.64932     0.81641     0.72641     0.71422      0.6579     0.80233     0.50471]
[    0.75437     0.66877           0     0.63918           0     0.60123     0.59899           0           0           0           0           0     0.44037]
[    0.54498     0.69956     0.68636           0      0.4433     0.61101           0           0           0     0.67506           0           0           0    0.088015           0     0.63751    0.083368           0     0.44484    0.072475           0           0           0]
[    0.37957           0           0           0           0     0.47216           0           0           0           0           0           0           0           0           0]
[    0.75981     0.72726     0.86314      0.5873     0.69515           0           0     0.73715           0     0.82645]
[    0.48741      0.5395     0.15731     0.23285     0.24472     0.38108           0     0.03256    0.094181     0.41051           0]
[    0.86537     0.60953     0.82553           0           0           0     0.81988     0.69786     0.62852     0.35453           0           0     0.25612           0     0.15373           0           0]
[     0.8196     0.85373     0.87795     0.77683           0     0.61137           0           0           0       0.789           0           0]
[    0.63992      0.2475     0.58647     0.40574    0.072766     0.59098      0.1118           0           0     0.55374     0.24658           0           0     0.63096      0.5424           0           0]
[    0.85679     0.92769     0.85655     0.83173     0.91598     0.36633     0.70728     0.67438     0.64877     0.78135     0.74924     0.82519     0.77444     0.38477     0.72203     0.58784     0.29864     0.47616     0.17493      0.8253     0.27519           0     0.32303     0.57473     0.70328           0
     0.79175     0.44819]
[    0.94169     0.79912     0.88891           0     0.50011      0.8061    0.026908           0           0           0           0]
[    0.74518           0           0           0           0           0     0.80116           0           0           0           0           0           0]
[    0.75525     0.75041      0.7607           0     0.80562     0.57522           0           0]
[    0.63938      0.8781     0.78189     0.74774     0.86422           0           0           0]
[    0.85201     0.91917     0.84192           0           0     0.65636           0           0           0]
