[          1]
[          1]
[          1]
[          1]
[          1]
[          1]
[    0.85714]
[      0.875]
[    0.88889]
[        0.9]
[    0.90909]
[    0.91667]
[    0.92308]
[    0.92857]
[    0.93333]
[     0.9375]
[    0.94118]
[    0.94444]
[    0.94737]
[       0.95]
[    0.95238]
[    0.95455]
[    0.95652]
[    0.95833]
[       0.96]
[    0.96154]
[    0.96296]
[    0.96429]
[    0.96552]
[    0.96667]
[    0.96774]
[    0.96875]
[     0.9697]
[    0.97059]
[    0.97143]
[    0.97222]
[    0.97297]
[    0.94737]
[    0.94872]
[       0.95]
[    0.95122]
[    0.95238]
[    0.95349]
[    0.95455]
[    0.95556]
[    0.95652]
[    0.95745]
[    0.95833]
[    0.95918]
[       0.96]
[    0.96078]
[    0.96154]
[    0.96226]
[    0.96296]
[    0.94545]
[    0.94643]
[    0.94737]
[    0.94828]
[    0.94915]
[       0.95]
[    0.95082]
[    0.95161]
[    0.93651]
[     0.9375]
[    0.93846]
[    0.93939]
[     0.9403]
[    0.94118]
[    0.94203]
[    0.94286]
[    0.94366]
[    0.94444]
[    0.94521]
[    0.94595]
[    0.94667]
[    0.94737]
[    0.94805]
[    0.94872]
[    0.94937]
[       0.95]
[    0.95062]
[    0.95122]
[    0.95181]
[    0.95238]
[    0.95294]
[    0.95349]
[    0.95402]
[    0.95455]
[    0.95506]
[    0.95556]
[    0.95604]
[    0.95652]
[    0.95699]
[    0.95745]
[    0.95789]
[    0.95833]
[    0.95876]
[    0.95918]
[     0.9596]
[       0.96]
[     0.9604]
[    0.96078]
[    0.96117]
[    0.96154]
[     0.9619]
[    0.96226]
[    0.96262]
[    0.96296]
[     0.9633]
[    0.96364]
[    0.96396]
[    0.96429]
[     0.9646]
[    0.96491]
[    0.96522]
[    0.96552]
[    0.96581]
[     0.9661]
[    0.96639]
[    0.96667]
[    0.96694]
[    0.96721]
[    0.96748]
[    0.96774]
[      0.968]
[    0.96032]
[    0.96063]
[    0.95312]
[    0.94574]
[    0.94615]
[    0.94656]
[    0.94697]
[    0.94737]
[    0.94776]
[    0.94815]
[    0.94853]
[    0.94891]
[    0.94928]
[    0.94964]
[       0.95]
[    0.95035]
[     0.9507]
[    0.95105]
[    0.95139]
[    0.95172]
[    0.95205]
[    0.95238]
[     0.9527]
[    0.95302]
[    0.95333]
[    0.95364]
[    0.95395]
[    0.95425]
[    0.95455]
[    0.95484]
[    0.95513]
[    0.95541]
[     0.9557]
[    0.95597]
[    0.95625]
[    0.95652]
[    0.95679]
[    0.95706]
[    0.95732]
[    0.95152]
[    0.94578]
[    0.94611]
[    0.94643]
[    0.94675]
[    0.94706]
[    0.94737]
[    0.94767]
[    0.94798]
[    0.94828]
[    0.94857]
[    0.94886]
[    0.94915]
[    0.94382]
[    0.94413]
[    0.94444]
[    0.93923]
[    0.93407]
[    0.93443]
[    0.93478]
[    0.92973]
[    0.93011]
[    0.93048]
[    0.92553]
[    0.92593]
[    0.92632]
[     0.9267]
[    0.92188]
[    0.92228]
[    0.92268]
[    0.91795]
[    0.91837]
[    0.91878]
[    0.91919]
[     0.9196]
[       0.92]
[     0.9204]
[    0.91584]
[    0.91133]
[    0.90686]
[    0.90732]
[    0.90777]
[    0.90821]
[    0.90865]
[    0.90431]
[    0.90476]
[    0.90521]
[    0.90566]
[     0.9061]
[    0.90654]
[    0.90698]
[    0.90741]
[    0.90323]
[    0.89908]
[    0.89954]
[        0.9]
[    0.90045]
[     0.9009]
[    0.90135]
[    0.90179]
[    0.90222]
[    0.90265]
[    0.90308]
[    0.89912]
[     0.8952]
[     0.8913]
[    0.89177]
[    0.89224]
[     0.8927]
[    0.89316]
[    0.89362]
[    0.89407]
[    0.89451]
[    0.89496]
[     0.8954]
[    0.89583]
[    0.89212]
[    0.88843]
[    0.88477]
[    0.88525]
[    0.88163]
[    0.88211]
[    0.88259]
[    0.88306]
[    0.88353]
[       0.88]
[    0.88048]
[    0.88095]
[    0.87747]
[    0.87795]
[    0.87843]
[      0.875]
[    0.87549]
[    0.87209]
[    0.86873]
[    0.86538]
[     0.8659]
[     0.8626]
[    0.85932]
[    0.85985]
[     0.8566]
[    0.85714]
[    0.85768]
[    0.85821]
[    0.85874]
[    0.85556]
[    0.85609]
[    0.85662]
[    0.85348]
[    0.85036]
[    0.84727]
[     0.8442]
[    0.84477]
[    0.84532]
[    0.84229]
[    0.83929]
[     0.8363]
[    0.83333]
[    0.83039]
[    0.82746]
[    0.82456]
[    0.82517]
[     0.8223]
[    0.82292]
[    0.82007]
[    0.81724]
[    0.81443]
[    0.81164]
[    0.81229]
[    0.80952]
[    0.80678]
[    0.80405]
[    0.80135]
[    0.79866]
[    0.79599]
[    0.79333]
[     0.7907]
[    0.78808]
[    0.78548]
[    0.78618]
[    0.78361]
[    0.78105]
[    0.78176]
[    0.77922]
[     0.7767]
[    0.77419]
[     0.7717]
[    0.77244]
[    0.76997]
[    0.76752]
[    0.76508]
[    0.76266]
[    0.76025]
[    0.76101]
[    0.75862]
[    0.75938]
[    0.75701]
[    0.75466]
[    0.75232]
[       0.75]
[    0.74769]
[     0.7454]
[    0.74312]
[    0.74085]
[     0.7386]
[    0.73636]
[    0.73414]
[    0.73193]
[    0.72973]
[    0.72754]
[    0.72836]
[    0.72619]
[    0.72404]
[    0.72189]
[    0.71976]
[    0.71765]
[    0.71554]
[    0.71345]
[    0.71137]
[     0.7093]
[    0.70725]
[    0.70809]
[    0.70605]
[    0.70402]
[    0.70201]
[        0.7]
[    0.69801]
[    0.69602]
[    0.69405]
[    0.69209]
[    0.69014]
[     0.6882]
[    0.68627]
[    0.68436]
[    0.68245]
[    0.68056]
[    0.67867]
[     0.6768]
[    0.67493]
[    0.67308]
[    0.67123]
[     0.6694]
[    0.66757]
[    0.66576]
[    0.66396]
[    0.66216]
[    0.66038]
[     0.6586]
[    0.65684]
[    0.65508]
[    0.65333]
[     0.6516]
[    0.64987]
[    0.64815]
[    0.64644]
[    0.64474]
[    0.64304]
[    0.64136]
[    0.63969]
[    0.64062]
[    0.63896]
[    0.63731]
[    0.63566]
[    0.63402]
[    0.63239]
[    0.63077]
[    0.62916]
[    0.62755]
[    0.62595]
[    0.62437]
[    0.62278]
[    0.62121]
[    0.61965]
[    0.61809]
[    0.61654]
[      0.615]
[    0.61347]
[    0.61194]
[    0.61042]
[    0.61139]
[    0.61235]
[    0.61084]
[    0.60934]
[    0.60784]
[    0.60636]
[    0.60488]
[    0.60341]
[    0.60194]
[    0.60048]
[    0.59903]
[    0.59759]
[    0.59615]
[    0.59472]
[     0.5933]
[    0.59189]
[    0.59048]
[    0.58907]
[    0.58768]
[    0.58865]
[    0.58726]
[    0.58588]
[    0.58451]
[    0.58548]
[    0.58411]
[    0.58275]
[     0.5814]
[    0.58005]
[     0.5787]
[    0.57737]
[    0.57604]
[    0.57471]
[    0.57339]
[    0.57208]
[    0.57078]
[    0.56948]
[    0.56818]
[    0.56689]
[    0.56561]
[    0.56433]
[    0.56306]
[     0.5618]
[    0.56054]
[    0.55928]
[    0.55804]
[    0.55679]
[    0.55556]
[    0.55432]
[     0.5531]
[    0.55188]
[    0.55066]
[    0.54945]
[    0.54825]
[    0.54705]
[    0.54585]
[    0.54466]
[    0.54348]
[     0.5423]
[    0.54113]
[    0.53996]
[    0.53879]
[    0.53763]
[    0.53648]
[    0.53533]
[    0.53419]
[    0.53305]
[    0.53191]
[    0.53079]
[    0.52966]
[    0.52854]
[    0.52743]
[    0.52632]
[    0.52521]
[    0.52411]
[    0.52301]
[    0.52192]
[    0.52083]
[    0.51975]
[    0.51867]
[     0.5176]
[    0.51653]
[    0.51546]
[     0.5144]
[    0.51335]
[    0.51434]
[    0.51329]
[    0.51224]
[     0.5112]
[    0.51016]
[    0.50913]
[     0.5081]
[    0.50707]
[    0.50605]
[    0.50503]
[    0.50402]
[    0.50301]
[      0.502]
[      0.501]
[        0.5]
[    0.49901]
[    0.49802]
[    0.49703]
[    0.49605]
[    0.49507]
[    0.49409]
[    0.49312]
[    0.49216]
[    0.49119]
[    0.49023]
[    0.48928]
[    0.48833]
[    0.48738]
[    0.48643]
[    0.48549]
[    0.48456]
[    0.48555]
[    0.48462]
[    0.48369]
[    0.48276]
[    0.48184]
[    0.48092]
[       0.48]
[    0.47909]
[    0.47818]
[    0.47727]
[    0.47637]
[    0.47547]
[    0.47458]
[    0.47368]
[     0.4728]
[    0.47191]
[    0.47103]
[    0.47015]
[    0.46927]
[     0.4684]
[    0.46753]
[    0.46667]
[     0.4658]
[    0.46494]
[    0.46409]
[    0.46324]
[    0.46239]
[    0.46154]
[    0.46069]
[    0.45985]
[    0.45902]
[    0.45818]
[    0.45735]
[    0.45652]
[     0.4557]
[    0.45487]
[    0.45405]
[    0.45324]
[    0.45242]
[    0.45161]
[    0.45081]
[       0.45]
[     0.4492]
[     0.4484]
[     0.4476]
[    0.44681]
[    0.44602]
[    0.44523]
[    0.44444]
[    0.44366]
[    0.44288]
[    0.44211]
[    0.44133]
[    0.44056]
[    0.43979]
[    0.43902]
[    0.43826]
[     0.4375]
[    0.43674]
[    0.43599]
[    0.43523]
[    0.43448]
[    0.43373]
[    0.43299]
[    0.43225]
[    0.43151]
[    0.43077]
[    0.43003]
[     0.4293]
[    0.42857]
[    0.42784]
[    0.42712]
[     0.4264]
[    0.42568]
[    0.42496]
[    0.42424]
[    0.42353]
[    0.42282]
[    0.42211]
[     0.4214]
[     0.4207]
[       0.42]
[     0.4193]
[     0.4186]
[    0.41791]
[    0.41722]
[    0.41653]
[    0.41584]
[    0.41516]
[    0.41447]
[    0.41379]
[    0.41311]
[    0.41244]
[    0.41176]
[    0.41109]
[    0.41042]
[    0.40976]
[    0.40909]
[    0.40843]
[    0.40777]
[    0.40711]
[    0.40645]
[     0.4058]
[    0.40514]
[    0.40449]
[    0.40385]
[     0.4032]
[    0.40256]
[    0.40191]
[    0.40127]
[    0.40064]
[        0.4]
[    0.40095]
[     0.4019]
[    0.40126]
[    0.40063]
[        0.4]
[    0.39937]
[    0.39874]
[    0.39812]
[     0.3975]
[    0.39687]
[    0.39626]
[    0.39564]
[    0.39502]
[    0.39441]
[     0.3938]
[    0.39319]
[    0.39258]
[    0.39198]
[    0.39137]
[    0.39077]
[    0.39017]
[    0.38957]
[    0.38897]
[    0.38838]
[    0.38779]
[     0.3872]
[    0.38661]
[    0.38602]
[    0.38543]
[    0.38485]
[    0.38427]
[    0.38369]
[    0.38311]
[    0.38253]
[    0.38195]
[    0.38138]
[    0.38081]
[    0.38024]
[    0.37967]
[     0.3791]
[    0.37854]
[    0.37798]
[    0.37741]
[    0.37685]
[     0.3763]
[    0.37574]
[    0.37518]
[    0.37463]
[    0.37408]
[    0.37353]
[    0.37445]
[     0.3739]
[    0.37335]
[    0.37427]
[    0.37372]
[    0.37318]
[    0.37263]
[    0.37209]
[    0.37155]
[    0.37101]
[    0.37048]
[    0.36994]
[    0.36941]
[    0.36888]
[    0.36835]
[    0.36782]
[    0.36729]
[    0.36676]
[    0.36624]
[    0.36571]
[    0.36519]
[    0.36467]
[    0.36415]
[    0.36364]
[    0.36312]
[    0.36261]
[    0.36209]
[    0.36158]
[    0.36107]
[    0.36056]
[    0.36006]
[    0.35955]
[    0.35905]
[    0.35854]
[    0.35944]
[    0.35894]
[    0.35844]
[    0.35794]
[    0.35744]
[    0.35694]
[    0.35645]
[    0.35596]
[    0.35546]
[    0.35497]
[    0.35448]
[    0.35399]
[    0.35351]
[    0.35302]
[    0.35254]
[    0.35205]
[    0.35157]
[    0.35109]
[    0.35061]
[    0.35014]
[    0.34966]
[    0.34918]
[    0.34871]
[    0.34824]
[    0.34777]
[     0.3473]
[    0.34683]
[    0.34636]
[     0.3459]
[    0.34543]
[    0.34497]
[     0.3445]
[    0.34404]
[    0.34358]
[    0.34312]
[      0.344]
[    0.34354]
[    0.34309]
[    0.34263]
[    0.34218]
[    0.34172]
[    0.34127]
[    0.34082]
[    0.34037]
[    0.33992]
[    0.33947]
[    0.33903]
[    0.33858]
[    0.33814]
[     0.3377]
[    0.33725]
[    0.33681]
[    0.33638]
[    0.33594]
[     0.3355]
[    0.33506]
[    0.33463]
[     0.3342]
[    0.33376]
[    0.33333]
[     0.3329]
[    0.33247]
[    0.33205]
[    0.33162]
[    0.33119]
[    0.33077]
[    0.33035]
[    0.32992]
[     0.3295]
[    0.32908]
[    0.32866]
[    0.32952]
[     0.3291]
[    0.32868]
[    0.32826]
[    0.32785]
[    0.32743]
[    0.32702]
[    0.32661]
[     0.3262]
[    0.32579]
[    0.32538]
[    0.32497]
[    0.32456]
[    0.32416]
[    0.32375]
[    0.32335]
[    0.32294]
[    0.32254]
[    0.32214]
[    0.32174]
[    0.32134]
[    0.32094]
[    0.32054]
[    0.32015]
[    0.31975]
[    0.31936]
[    0.31897]
[    0.31857]
[    0.31818]
[    0.31779]
[     0.3174]
[    0.31701]
[    0.31663]
[    0.31624]
[    0.31585]
[    0.31547]
[    0.31509]
[     0.3147]
[    0.31432]
[    0.31394]
[    0.31356]
[    0.31318]
[     0.3128]
[    0.31242]
[    0.31205]
[    0.31167]
[     0.3113]
[    0.31092]
[    0.31055]
[    0.31018]
[    0.30981]
[    0.30944]
[    0.30907]
[     0.3087]
[    0.30833]
[    0.30797]
[     0.3076]
[    0.30724]
[    0.30687]
[    0.30651]
[    0.30615]
[    0.30579]
[    0.30542]
[    0.30506]
[    0.30471]
[    0.30435]
[    0.30399]
[    0.30363]
[    0.30328]
[    0.30292]
[    0.30257]
[    0.30222]
[    0.30186]
[    0.30151]
[    0.30116]
[    0.30081]
[    0.30046]
[    0.30012]
[    0.29977]
[    0.29942]
[    0.29908]
[    0.29873]
[    0.29839]
[    0.29804]
[     0.2977]
[    0.29736]
[    0.29702]
[    0.29668]
[    0.29634]
[      0.296]
[    0.29566]
[    0.29532]
[    0.29499]
[    0.29465]
[    0.29432]
[    0.29398]
[    0.29365]
[    0.29332]
[    0.29299]
[    0.29266]
[    0.29233]
[      0.292]
[    0.29167]
[    0.29134]
[    0.29101]
[    0.29068]
[    0.29036]
[    0.29003]
[    0.28971]
[    0.28939]
[    0.28906]
[    0.28874]
[    0.28842]
[     0.2881]
[    0.28778]
[    0.28746]
[    0.28714]
[    0.28682]
[     0.2865]
[    0.28619]
[    0.28587]
[    0.28556]
[    0.28524]
[    0.28493]
[    0.28462]
[     0.2843]
[    0.28399]
[    0.28368]
[    0.28337]
[    0.28306]
[    0.28275]
[    0.28244]
[    0.28214]
[    0.28183]
[    0.28152]
[    0.28122]
[    0.28091]
[    0.28061]
[     0.2803]
[       0.28]
[     0.2797]
[     0.2794]
[    0.27909]
[    0.27879]
[    0.27849]
[     0.2782]
[     0.2779]
[     0.2776]
[     0.2773]
[    0.27701]
[    0.27671]
[    0.27641]
[    0.27612]
[    0.27583]
[    0.27553]
[    0.27524]
[    0.27495]
[    0.27466]
[    0.27436]
[    0.27407]
[    0.27378]
[     0.2735]
[    0.27321]
[    0.27397]
[    0.27368]
[     0.2734]
[    0.27311]
[    0.27282]
[    0.27254]
[    0.27225]
[    0.27197]
[    0.27168]
[     0.2714]
[    0.27112]
[    0.27083]
[    0.27055]
[    0.27027]
[    0.26999]
[    0.26971]
[    0.26943]
[    0.26915]
[    0.26887]
[     0.2686]
[    0.26832]
[    0.26804]
[    0.26777]
[    0.26749]
[    0.26721]
[    0.26694]
[    0.26667]
[    0.26639]
[    0.26612]
[    0.26585]
[    0.26558]
[    0.26531]
[    0.26504]
[    0.26477]
[     0.2645]
[    0.26423]
[    0.26396]
[    0.26369]
[    0.26342]
[    0.26316]
[    0.26289]
[    0.26263]
[    0.26236]
[     0.2621]
[    0.26183]
[    0.26157]
[    0.26131]
[    0.26104]
[    0.26078]
[    0.26052]
[    0.26026]
[       0.26]
[    0.25974]
[    0.25948]
[    0.25922]
[    0.25896]
[    0.25871]
[    0.25845]
[    0.25819]
[    0.25794]
[    0.25768]
[    0.25743]
[    0.25717]
[    0.25692]
[    0.25666]
[    0.25641]
[    0.25616]
[    0.25591]
[    0.25565]
[     0.2554]
[    0.25515]
[     0.2549]
[    0.25465]
[     0.2544]
[    0.25415]
[    0.25391]
[    0.25366]
[    0.25341]
[    0.25316]
[    0.25292]
[    0.25267]
[    0.25243]
[    0.25218]
[    0.25194]
[    0.25169]
[    0.25145]
[    0.25121]
[    0.25097]
[    0.25072]
[    0.25048]
[    0.25024]
[       0.25]
[    0.24976]
[    0.24952]
[    0.24928]
[    0.24904]
[     0.2488]
[    0.24857]
[    0.24833]
[    0.24809]
[    0.24786]
[    0.24762]
[    0.24738]
[    0.24715]
[    0.24691]
[    0.24668]
[    0.24645]
[    0.24621]
[    0.24598]
[    0.24575]
[    0.24551]
[    0.24528]
[    0.24505]
[    0.24482]
[    0.24459]
[    0.24436]
[    0.24413]
[     0.2439]
[    0.24367]
[    0.24345]
[    0.24322]
[    0.24299]
[    0.24276]
[    0.24254]
[    0.24231]
[    0.24209]
[    0.24186]
[    0.24164]
[    0.24141]
[    0.24119]
[    0.24096]
[    0.24074]
[    0.24052]
[     0.2403]
[    0.24007]
[    0.23985]
[    0.23963]
[    0.23941]
[    0.23919]
[    0.23897]
[    0.23875]
[    0.23853]
[    0.23831]
[     0.2381]
[    0.23788]
[    0.23766]
[    0.23744]
[    0.23723]
[    0.23701]
[    0.23679]
[    0.23658]
[    0.23636]
[    0.23615]
[    0.23593]
[    0.23572]
[    0.23551]
[    0.23529]
[    0.23508]
[    0.23487]
[    0.23466]
[    0.23445]
[    0.23423]
[    0.23402]
[    0.23381]
[     0.2336]
[    0.23339]
[    0.23318]
[    0.23297]
[    0.23277]
[    0.23256]
[    0.23235]
[    0.23214]
[    0.23194]
[    0.23173]
[    0.23152]
[    0.23132]
[    0.23111]
[    0.23091]
[     0.2307]
[     0.2305]
[    0.23029]
[    0.23009]
[    0.22989]
[    0.22968]
[    0.22948]
[    0.22928]
[    0.22907]
[    0.22887]
[    0.22867]
[    0.22847]
[    0.22827]
[    0.22807]
[    0.22787]
[    0.22767]
[    0.22747]
[    0.22727]
[    0.22707]
[    0.22688]
[    0.22668]
[    0.22648]
[    0.22628]
[    0.22609]
[    0.22589]
[    0.22569]
[     0.2255]
[     0.2253]
[    0.22511]
[    0.22491]
[    0.22472]
[    0.22453]
[    0.22433]
[    0.22414]
[    0.22394]
[    0.22375]
[    0.22356]
[    0.22337]
[    0.22318]
[    0.22298]
[    0.22279]
[     0.2226]
[    0.22241]
[    0.22222]
[    0.22203]
[    0.22184]
[    0.22165]
[    0.22147]
[    0.22128]
[    0.22109]
[     0.2209]
[    0.22071]
[    0.22053]
[    0.22034]
[    0.22015]
[    0.21997]
[    0.21978]
[    0.21959]
[    0.21941]
[    0.21922]
[    0.21904]
[    0.21886]
[    0.21867]
[    0.21849]
[     0.2183]
[    0.21812]
[    0.21794]
[    0.21776]
[    0.21757]
[    0.21739]
[    0.21721]
[    0.21703]
[    0.21685]
[    0.21667]
[    0.21649]
[    0.21631]
[    0.21613]
[    0.21595]
[    0.21577]
[    0.21559]
[    0.21541]
[    0.21523]
[    0.21505]
[    0.21488]
[     0.2147]
[    0.21452]
[    0.21434]
[    0.21417]
[    0.21399]
[    0.21382]
[    0.21364]
[    0.21346]
[    0.21329]
[    0.21311]
[    0.21294]
[    0.21277]
[    0.21259]
[    0.21242]
[    0.21224]
[    0.21207]
[     0.2119]
[    0.21173]
[    0.21155]
[    0.21138]
[    0.21121]
[    0.21104]
[    0.21087]
[     0.2107]
[    0.21053]
[    0.21036]
[    0.21019]
[    0.21002]
[    0.20985]
[    0.20968]
[    0.20951]
[    0.20934]
[    0.20917]
[      0.209]
[    0.20884]
[    0.20867]
[     0.2085]
[    0.20833]
[    0.20817]
[      0.208]
[    0.20783]
[    0.20767]
[     0.2075]
[    0.20734]
[    0.20717]
[    0.20701]
[    0.20684]
[    0.20668]
[    0.20651]
[    0.20635]
[    0.20619]
[    0.20602]
[    0.20586]
[     0.2057]
[    0.20553]
[    0.20537]
[    0.20521]
[    0.20505]
[    0.20489]
[    0.20472]
[    0.20456]
[     0.2044]
[    0.20424]
[    0.20408]
[    0.20392]
[    0.20376]
[     0.2036]
[    0.20344]
[    0.20328]
[    0.20312]
[    0.20297]
[    0.20281]
[    0.20265]
[    0.20249]
[    0.20233]
[    0.20218]
[    0.20202]
[    0.20186]
[    0.20171]
[    0.20155]
[    0.20139]
[    0.20124]
[    0.20108]
[    0.20093]
[    0.20077]
[    0.20062]
[    0.20046]
[    0.20031]
[    0.20015]
[        0.2]
[    0.19985]
[    0.19969]
[    0.19954]
[    0.19939]
[    0.19923]
[    0.19908]
[    0.19893]
[    0.19878]
[    0.19862]
[    0.19847]
[    0.19832]
[    0.19817]
[    0.19802]
[    0.19787]
[    0.19772]
[    0.19757]
[    0.19742]
[    0.19727]
[    0.19712]
[    0.19697]
[    0.19682]
[    0.19667]
[    0.19652]
[    0.19637]
[    0.19623]
[    0.19608]
[    0.19593]
[    0.19578]
[    0.19564]
[    0.19549]
[    0.19534]
[     0.1952]
[    0.19505]
[     0.1949]
[    0.19476]
[    0.19461]
[    0.19447]
[    0.19432]
[    0.19417]
[    0.19403]
[    0.19389]
[    0.19374]
[     0.1936]
[    0.19345]
[    0.19331]
[    0.19316]
[    0.19302]
[    0.19288]
[    0.19274]
[    0.19259]
[    0.19245]
[    0.19231]
[    0.19217]
[    0.19202]
[    0.19188]
[    0.19174]
[     0.1916]
[    0.19146]
[    0.19132]
[    0.19118]
[    0.19104]
[     0.1909]
[    0.19076]
[    0.19062]
[    0.19048]
[    0.19034]
[     0.1902]
[    0.19006]
[    0.18992]
[    0.18978]
[    0.18964]
[     0.1895]
[    0.18937]
[    0.18923]
[    0.18909]
[    0.18895]
[    0.18882]
[    0.18868]
[    0.18854]
[    0.18841]
[    0.18827]
[    0.18813]
[      0.188]
[    0.18786]
[    0.18773]
[    0.18759]
[    0.18745]
[    0.18732]
[    0.18719]
[    0.18705]
[    0.18692]
[    0.18678]
[    0.18665]
[    0.18651]
[    0.18638]
[    0.18625]
[    0.18611]
[    0.18598]
[    0.18585]
[    0.18571]
[    0.18558]
[    0.18545]
[    0.18532]
[    0.18519]
[    0.18505]
[    0.18492]
[    0.18479]
[    0.18466]
[    0.18453]
[     0.1844]
[    0.18427]
[    0.18414]
[    0.18401]
[    0.18388]
[    0.18375]
[    0.18362]
[    0.18349]
[    0.18336]
[    0.18323]
[     0.1831]
[    0.18297]
[    0.18284]
[    0.18271]
[    0.18258]
[    0.18246]
[    0.18233]
[     0.1822]
[    0.18207]
[    0.18195]
[    0.18182]
[    0.18169]
[    0.18156]
[    0.18144]
[    0.18131]
[    0.18118]
[    0.18106]
[    0.18093]
[    0.18081]
[    0.18068]
[    0.18056]
[    0.18043]
[    0.18031]
[    0.18018]
[    0.18006]
[    0.17993]
[    0.17981]
[    0.17968]
[    0.17956]
[    0.17943]
[    0.17931]
[    0.17919]
[    0.17906]
[    0.17894]
[    0.17882]
[    0.17869]
[    0.17857]
[    0.17845]
[    0.17833]
[     0.1782]
[    0.17808]
[    0.17796]
[    0.17784]
[    0.17772]
[     0.1776]
[    0.17747]
[    0.17735]
[    0.17723]
[    0.17711]
[    0.17699]
[    0.17687]
[    0.17675]
[    0.17663]
[    0.17651]
[    0.17639]
[    0.17627]
[    0.17615]
[    0.17603]
[    0.17591]
[    0.17579]
[    0.17568]
[    0.17556]
[    0.17544]
[    0.17532]
[     0.1752]
[    0.17508]
[    0.17497]
[    0.17485]
[    0.17473]
[    0.17461]
[     0.1745]
[    0.17438]
[    0.17426]
[    0.17415]
[    0.17403]
[    0.17391]
[     0.1738]
[    0.17368]
[    0.17356]
[    0.17345]
[    0.17333]
[    0.17322]
[     0.1731]
[    0.17299]
[    0.17287]
[    0.17276]
[    0.17264]
[    0.17253]
[    0.17241]
[     0.1723]
[    0.17219]
[    0.17207]
[    0.17196]
[    0.17184]
[    0.17173]
[    0.17162]
[     0.1715]
[    0.17139]
[    0.17128]
[    0.17117]
[    0.17105]
[    0.17094]
[    0.17083]
[    0.17072]
[     0.1706]
[    0.17049]
[    0.17038]
[    0.17027]
[    0.17016]
[    0.17005]
[    0.16993]
[    0.16982]
[    0.16971]
[     0.1696]
[    0.16949]
[    0.16938]
[    0.16927]
[    0.16916]
[    0.16905]
[    0.16894]
[    0.16883]
[    0.16872]
[    0.16861]
[     0.1685]
[    0.16839]
[    0.16828]
[    0.16818]
[    0.16807]
[    0.16796]
[    0.16785]
[    0.16774]
[    0.16763]
[    0.16753]
[    0.16742]
[    0.16731]
[     0.1672]
[     0.1671]
[    0.16699]
[    0.16688]
[    0.16677]
[    0.16667]
[    0.16656]
[    0.16645]
[    0.16635]
[    0.16624]
[    0.16613]
[    0.16603]
[    0.16592]
[    0.16582]
[    0.16571]
[    0.16561]
[     0.1655]
[    0.16539]
[    0.16529]
[    0.16518]
[    0.16508]
[    0.16497]
[    0.16487]
[    0.16477]
[    0.16466]
[    0.16456]
[    0.16445]
[    0.16435]
[    0.16425]
[    0.16414]
[    0.16404]
[    0.16393]
[    0.16383]
[    0.16373]
[    0.16362]
[    0.16352]
[    0.16342]
[    0.16332]
[    0.16321]
[    0.16311]
[    0.16301]
[    0.16291]
[    0.16281]
[     0.1627]
[     0.1626]
[    0.16312]
[    0.16302]
[    0.16292]
[    0.16282]
[    0.16272]
[    0.16262]
[    0.16252]
[    0.16241]
[    0.16231]
[    0.16221]
[    0.16211]
[    0.16201]
[    0.16191]
