[          1]
[          1]
[          1]
[          1]
[          1]
[          1]
[          1]
[          1]
[          1]
[          1]
[    0.90909]
[    0.91667]
[    0.92308]
[    0.92857]
[    0.93333]
[     0.9375]
[    0.94118]
[    0.94444]
[    0.94737]
[       0.95]
[    0.95238]
[    0.95455]
[    0.95652]
[    0.95833]
[       0.96]
[    0.96154]
[    0.96296]
[    0.96429]
[    0.96552]
[    0.96667]
[    0.96774]
[    0.96875]
[     0.9697]
[    0.97059]
[    0.97143]
[    0.97222]
[    0.97297]
[    0.97368]
[    0.97436]
[      0.975]
[    0.95122]
[    0.95238]
[    0.95349]
[    0.95455]
[    0.95556]
[    0.95652]
[    0.95745]
[    0.95833]
[    0.95918]
[       0.96]
[    0.96078]
[    0.94231]
[     0.9434]
[    0.94444]
[    0.94545]
[    0.94643]
[    0.94737]
[    0.94828]
[    0.94915]
[    0.93333]
[    0.93443]
[    0.93548]
[    0.93651]
[     0.9375]
[    0.92308]
[    0.90909]
[    0.91045]
[    0.91176]
[    0.91304]
[    0.91429]
[    0.91549]
[    0.91667]
[    0.91781]
[    0.91892]
[       0.92]
[    0.92105]
[    0.92208]
[    0.92308]
[    0.92405]
[      0.925]
[    0.92593]
[    0.91463]
[    0.91566]
[    0.91667]
[    0.91765]
[     0.9186]
[    0.90805]
[    0.90909]
[    0.91011]
[    0.91111]
[    0.91209]
[    0.91304]
[    0.90323]
[    0.90426]
[    0.90526]
[    0.89583]
[    0.89691]
[    0.89796]
[    0.89899]
[        0.9]
[    0.89109]
[    0.88235]
[     0.8835]
[    0.88462]
[    0.87619]
[    0.87736]
[     0.8785]
[    0.87963]
[    0.88073]
[    0.87273]
[    0.86486]
[    0.86607]
[    0.86726]
[    0.86842]
[    0.86087]
[    0.86207]
[    0.86325]
[    0.86441]
[    0.86555]
[    0.85833]
[     0.8595]
[    0.86066]
[    0.86179]
[    0.85484]
[      0.856]
[    0.85714]
[    0.85827]
[    0.85938]
[    0.85271]
[    0.85385]
[    0.85496]
[    0.85606]
[    0.85714]
[    0.85075]
[    0.85185]
[    0.84559]
[    0.83942]
[    0.83333]
[    0.83453]
[    0.83571]
[    0.83688]
[    0.83803]
[    0.83217]
[    0.83333]
[    0.82759]
[    0.82877]
[    0.82993]
[    0.82432]
[     0.8255]
[    0.82667]
[    0.82119]
[    0.82237]
[    0.81699]
[    0.81169]
[    0.80645]
[    0.80769]
[    0.80892]
[     0.8038]
[    0.79874]
[        0.8]
[    0.80124]
[     0.7963]
[    0.79755]
[    0.79268]
[    0.78788]
[    0.78916]
[    0.78443]
[    0.77976]
[    0.77515]
[    0.77059]
[    0.76608]
[    0.76744]
[    0.76301]
[    0.75862]
[    0.75429]
[    0.75568]
[    0.75141]
[    0.75281]
[    0.75419]
[    0.75556]
[    0.75691]
[    0.75824]
[     0.7541]
[       0.75]
[    0.74595]
[    0.74194]
[    0.73797]
[    0.73404]
[    0.73016]
[    0.72632]
[    0.72251]
[    0.71875]
[    0.71503]
[    0.71134]
[    0.71282]
[    0.70918]
[    0.70558]
[    0.70202]
[    0.69849]
[      0.695]
[    0.69154]
[    0.68812]
[    0.68473]
[    0.68137]
[    0.67805]
[    0.67476]
[     0.6715]
[    0.66827]
[    0.66986]
[    0.66667]
[    0.66351]
[    0.66509]
[    0.66667]
[    0.66355]
[    0.66047]
[    0.65741]
[    0.65438]
[    0.65138]
[     0.6484]
[    0.64545]
[    0.64253]
[    0.63964]
[    0.63677]
[    0.63393]
[    0.63111]
[    0.62832]
[    0.62555]
[    0.62719]
[    0.62882]
[    0.62609]
[    0.62338]
[    0.62069]
[    0.61803]
[    0.61538]
[    0.61277]
[    0.61017]
[    0.60759]
[    0.60924]
[    0.60669]
[    0.60417]
[    0.60166]
[    0.59917]
[    0.59671]
[    0.59426]
[    0.59184]
[    0.58943]
[    0.59109]
[    0.58871]
[    0.58635]
[      0.584]
[    0.58167]
[    0.57937]
[    0.57708]
[     0.5748]
[    0.57255]
[    0.57031]
[    0.56809]
[    0.56977]
[    0.56757]
[    0.56538]
[    0.56322]
[    0.56107]
[    0.55894]
[    0.55682]
[    0.55472]
[    0.55263]
[    0.55056]
[    0.54851]
[    0.55019]
[    0.54815]
[    0.54613]
[    0.54412]
[    0.54212]
[    0.54015]
[    0.54182]
[    0.53986]
[    0.53791]
[    0.53597]
[    0.53405]
[    0.53214]
[    0.53025]
[    0.53191]
[    0.53004]
[    0.52817]
[    0.52632]
[    0.52448]
[    0.52265]
[    0.52083]
[    0.51903]
[    0.51724]
[    0.51546]
[     0.5137]
[    0.51195]
[     0.5102]
[    0.50847]
[    0.50676]
[    0.50505]
[    0.50336]
[    0.50502]
[    0.50333]
[    0.50166]
[        0.5]
[    0.49835]
[    0.49671]
[    0.49508]
[    0.49346]
[    0.49186]
[    0.49026]
[    0.48867]
[     0.4871]
[    0.48553]
[    0.48397]
[    0.48243]
[    0.48089]
[    0.47937]
[    0.47785]
[    0.47634]
[    0.47484]
[    0.47335]
[    0.47187]
[     0.4704]
[    0.46894]
[    0.46749]
[    0.46605]
[    0.46462]
[    0.46319]
[    0.46177]
[    0.46037]
[    0.45897]
[    0.45758]
[    0.45619]
[    0.45482]
[    0.45345]
[     0.4521]
[    0.45373]
[    0.45238]
[    0.45104]
[     0.4497]
[    0.44838]
[    0.44706]
[    0.44575]
[    0.44444]
[    0.44315]
[    0.44186]
[    0.44058]
[    0.43931]
[    0.43804]
[    0.43678]
[    0.43553]
[    0.43429]
[    0.43305]
[    0.43466]
[    0.43343]
[     0.4322]
[    0.43099]
[    0.42978]
[    0.42857]
[    0.42737]
[    0.42897]
[    0.42778]
[    0.42659]
[    0.42541]
[    0.42424]
[    0.42308]
[    0.42192]
[    0.42077]
[    0.41962]
[    0.41848]
[    0.41734]
[    0.41622]
[    0.41509]
[    0.41398]
[    0.41287]
[    0.41176]
[    0.41067]
[    0.40957]
[    0.40849]
[    0.40741]
[    0.40633]
[    0.40526]
[     0.4042]
[    0.40314]
[    0.40209]
[    0.40104]
[        0.4]
[    0.39896]
[    0.39793]
[    0.39691]
[    0.39589]
[    0.39487]
[    0.39386]
[    0.39286]
[    0.39186]
[    0.39086]
[    0.38987]
[    0.38889]
[    0.38791]
[    0.38693]
[    0.38596]
[      0.385]
[    0.38404]
[    0.38308]
[    0.38213]
[    0.38119]
[    0.38025]
[    0.37931]
[    0.37838]
[    0.37745]
[    0.37653]
[    0.37561]
[     0.3747]
[    0.37379]
[    0.37288]
[    0.37198]
[    0.37108]
[    0.37019]
[     0.3693]
[    0.36842]
[    0.36754]
[    0.36905]
[    0.36817]
[     0.3673]
[    0.36879]
[    0.36792]
[    0.36706]
[     0.3662]
[    0.36534]
[    0.36449]
[    0.36364]
[    0.36279]
[    0.36195]
[    0.36111]
[    0.36028]
[    0.35945]
[    0.35862]
[     0.3578]
[    0.35698]
[    0.35616]
[    0.35535]
[    0.35455]
[    0.35374]
[    0.35294]
[    0.35214]
[    0.35135]
[    0.35056]
[    0.34978]
[    0.34899]
[    0.34821]
[    0.34744]
[    0.34667]
[     0.3459]
[    0.34513]
[    0.34437]
[    0.34361]
[    0.34286]
[    0.34211]
[    0.34136]
[    0.34061]
[    0.33987]
[    0.33913]
[    0.33839]
[    0.33983]
[    0.34125]
[    0.34052]
[    0.33978]
[    0.33906]
[    0.33833]
[    0.33761]
[    0.33689]
[    0.33617]
[    0.33546]
[    0.33475]
[    0.33404]
[    0.33333]
[    0.33263]
[    0.33193]
[    0.33124]
[    0.33054]
[    0.32985]
[    0.32917]
[    0.32848]
[     0.3278]
[    0.32712]
[    0.32645]
[    0.32577]
[     0.3251]
[    0.32444]
[    0.32377]
[    0.32311]
[    0.32245]
[    0.32179]
[    0.32114]
[    0.32049]
[    0.31984]
[    0.31919]
[    0.31855]
[    0.31791]
[    0.31727]
[    0.31864]
[      0.318]
[    0.31737]
[    0.31673]
[     0.3161]
[    0.31548]
[    0.31683]
[    0.31621]
[    0.31558]
[    0.31496]
[    0.31434]
[    0.31373]
[    0.31311]
[     0.3125]
[    0.31189]
[    0.31128]
[    0.31068]
[    0.31008]
[    0.30948]
[    0.30888]
[    0.30829]
[    0.30769]
[     0.3071]
[    0.30651]
[    0.30593]
[    0.30534]
[    0.30476]
[    0.30418]
[    0.30361]
[    0.30303]
[    0.30246]
[    0.30189]
[    0.30132]
[    0.30075]
[    0.30019]
[    0.29963]
[    0.29907]
[    0.29851]
[    0.29795]
[     0.2974]
[    0.29685]
[     0.2963]
[    0.29575]
[     0.2952]
[    0.29466]
[    0.29412]
[    0.29358]
[    0.29304]
[     0.2925]
[    0.29197]
[    0.29144]
[    0.29091]
[    0.29038]
[    0.28986]
[    0.28933]
[    0.28881]
[    0.28829]
[    0.28777]
[    0.28725]
[    0.28674]
[    0.28623]
[    0.28571]
[     0.2852]
[     0.2847]
[    0.28419]
[    0.28369]
[    0.28319]
[    0.28269]
[    0.28219]
[    0.28169]
[     0.2812]
[     0.2807]
[    0.28021]
[    0.27972]
[    0.27923]
[    0.27875]
[    0.27826]
[    0.27778]
[     0.2773]
[    0.27682]
[    0.27634]
[    0.27586]
[    0.27539]
[    0.27491]
[    0.27444]
[    0.27397]
[     0.2735]
[    0.27304]
[    0.27257]
[    0.27211]
[    0.27165]
[    0.27119]
[    0.27073]
[    0.27027]
[    0.26981]
[    0.26936]
[    0.26891]
[    0.26846]
[    0.26801]
[    0.26756]
[    0.26711]
[    0.26667]
[    0.26622]
[    0.26578]
[    0.26534]
[     0.2649]
[    0.26446]
[    0.26403]
[    0.26359]
[    0.26316]
[    0.26273]
[     0.2623]
[    0.26187]
[    0.26144]
[    0.26101]
[    0.26059]
[    0.26016]
[    0.25974]
[    0.25932]
[     0.2589]
[    0.25848]
[    0.25806]
[    0.25765]
[    0.25723]
[    0.25682]
[    0.25641]
[      0.256]
[    0.25719]
[    0.25678]
[    0.25637]
[    0.25596]
[    0.25556]
[    0.25515]
[    0.25475]
[    0.25434]
[    0.25394]
[    0.25354]
[    0.25314]
[    0.25275]
[    0.25235]
[    0.25196]
[    0.25156]
[    0.25117]
[    0.25078]
[    0.25039]
[       0.25]
[    0.24961]
[    0.24923]
[    0.24884]
[    0.24846]
[    0.24807]
[    0.24769]
[    0.24731]
[    0.24693]
[    0.24655]
[    0.24618]
[     0.2458]
[    0.24543]
[    0.24505]
[    0.24468]
[    0.24431]
[    0.24394]
[    0.24357]
[     0.2432]
[    0.24284]
[    0.24247]
[    0.24211]
[    0.24174]
[    0.24288]
[    0.24251]
[    0.24215]
[    0.24179]
[    0.24143]
[    0.24107]
[    0.24071]
[    0.24036]
[       0.24]
[    0.23964]
[    0.23929]
[    0.23894]
[    0.23859]
[    0.23824]
[    0.23789]
[    0.23754]
[    0.23719]
[    0.23684]
[     0.2365]
[    0.23615]
[    0.23581]
[    0.23547]
[    0.23512]
[    0.23478]
[    0.23444]
[     0.2341]
[    0.23377]
[    0.23343]
[    0.23309]
[    0.23276]
[    0.23242]
[    0.23209]
[    0.23176]
[    0.23143]
[     0.2311]
[    0.23077]
[    0.23044]
[    0.23011]
[    0.22979]
[    0.22946]
[    0.22914]
[    0.22881]
[    0.22849]
[    0.22817]
[    0.22785]
[    0.22753]
[    0.22721]
[    0.22689]
[    0.22657]
[    0.22626]
[    0.22594]
[    0.22563]
[    0.22531]
[      0.225]
[    0.22469]
[    0.22438]
[    0.22407]
[    0.22376]
[    0.22345]
[    0.22314]
[    0.22283]
[    0.22253]
[    0.22222]
[    0.22192]
[    0.22161]
[    0.22131]
[    0.22101]
[    0.22071]
[    0.22041]
[    0.22011]
[    0.21981]
[    0.21951]
[    0.21922]
[    0.21892]
[    0.21862]
[    0.21833]
[    0.21803]
[    0.21774]
[    0.21745]
[    0.21716]
[    0.21687]
[    0.21658]
[    0.21629]
[      0.216]
[    0.21571]
[    0.21543]
[    0.21514]
[    0.21485]
[    0.21457]
[    0.21429]
[      0.214]
[    0.21372]
[    0.21344]
[    0.21316]
[    0.21288]
[     0.2126]
[    0.21232]
[    0.21204]
[    0.21176]
[    0.21149]
[    0.21121]
[    0.21094]
[    0.21066]
[    0.21039]
[    0.21141]
[    0.21114]
[    0.21087]
[    0.21059]
[    0.21032]
[    0.21005]
[    0.20978]
[    0.20951]
[    0.20924]
[    0.20897]
[    0.20871]
[    0.20844]
[    0.20817]
[    0.20791]
[    0.20764]
[    0.20738]
[    0.20712]
[    0.20685]
[    0.20659]
[    0.20633]
[    0.20607]
[    0.20581]
[    0.20555]
[    0.20529]
[    0.20503]
[    0.20477]
[    0.20452]
[    0.20426]
[    0.20401]
[    0.20375]
[     0.2035]
[    0.20324]
[    0.20299]
[    0.20274]
[    0.20248]
[    0.20223]
[    0.20322]
[    0.20297]
[    0.20272]
[    0.20247]
[    0.20222]
[    0.20197]
[    0.20172]
[    0.20147]
[    0.20123]
[    0.20098]
[    0.20073]
[    0.20049]
[    0.20024]
[        0.2]
[    0.19976]
[    0.19951]
[    0.19927]
[    0.19903]
[    0.19879]
[    0.19855]
[    0.19831]
[    0.19807]
[    0.19783]
[    0.19759]
[    0.19735]
[    0.19712]
[    0.19688]
[    0.19664]
[    0.19641]
[    0.19617]
[    0.19594]
[     0.1957]
[    0.19547]
[    0.19524]
[    0.19501]
[    0.19477]
[    0.19454]
[    0.19431]
[    0.19408]
[    0.19385]
[    0.19362]
[     0.1934]
[    0.19317]
[    0.19294]
[    0.19271]
[    0.19249]
[    0.19226]
[    0.19204]
[    0.19181]
[    0.19159]
[    0.19137]
[    0.19114]
[    0.19092]
[     0.1907]
[    0.19048]
[    0.19026]
[    0.19003]
[    0.18981]
[     0.1896]
[    0.18938]
[    0.18916]
[    0.18894]
[    0.18872]
[    0.18851]
[    0.18829]
[    0.18807]
[    0.18786]
[    0.18764]
[    0.18743]
[    0.18721]
[      0.187]
[    0.18679]
[    0.18658]
[    0.18636]
[    0.18615]
[    0.18594]
[    0.18573]
[    0.18552]
[    0.18531]
[     0.1851]
[    0.18489]
[    0.18468]
[    0.18448]
[    0.18427]
[    0.18406]
[    0.18386]
[    0.18365]
[    0.18345]
[    0.18324]
[    0.18304]
[    0.18283]
[    0.18263]
[    0.18242]
[    0.18222]
[    0.18202]
[    0.18182]
[    0.18162]
[    0.18142]
[    0.18122]
[    0.18102]
[    0.18082]
[    0.18062]
[    0.18042]
[    0.18022]
[    0.18002]
[    0.17982]
[    0.17963]
[    0.17943]
[    0.17923]
[    0.17904]
[    0.17884]
[    0.17865]
[    0.17845]
[    0.17826]
[    0.17807]
[    0.17787]
[    0.17768]
[    0.17857]
[    0.17838]
[    0.17819]
[    0.17799]
[     0.1778]
[    0.17761]
[    0.17742]
[    0.17723]
[    0.17704]
[    0.17685]
[    0.17666]
[    0.17647]
[    0.17628]
[    0.17609]
[    0.17591]
[    0.17572]
[    0.17553]
[    0.17535]
[    0.17516]
[    0.17497]
[    0.17479]
[     0.1746]
[    0.17442]
[    0.17423]
[    0.17405]
[    0.17387]
[    0.17368]
[     0.1735]
[    0.17332]
[    0.17314]
[    0.17296]
[    0.17277]
[    0.17259]
[    0.17241]
[    0.17223]
[    0.17205]
[    0.17188]
[     0.1717]
[    0.17152]
[    0.17134]
[    0.17116]
[    0.17098]
[    0.17081]
[    0.17063]
[    0.17045]
[    0.17028]
[     0.1701]
[    0.16993]
[    0.16975]
[    0.16958]
[     0.1694]
[    0.16923]
[    0.16906]
[    0.16888]
[    0.16871]
[    0.16854]
[    0.16837]
[     0.1682]
[    0.16802]
[    0.16785]
[    0.16768]
[    0.16751]
[    0.16734]
[    0.16717]
[      0.167]
[    0.16684]
[    0.16667]
[     0.1665]
[    0.16633]
[    0.16616]
[      0.166]
[    0.16583]
[    0.16566]
[     0.1655]
[    0.16533]
[    0.16517]
[      0.165]
[    0.16484]
[    0.16467]
[    0.16451]
[    0.16434]
[    0.16418]
[    0.16402]
[    0.16385]
[    0.16369]
[    0.16353]
[    0.16337]
[     0.1632]
[    0.16304]
[    0.16288]
[    0.16272]
[    0.16256]
[     0.1624]
[    0.16224]
[    0.16208]
[    0.16192]
[    0.16176]
[    0.16161]
[    0.16145]
[    0.16129]
[    0.16113]
[    0.16098]
[    0.16082]
[    0.16066]
[    0.16051]
[    0.16035]
[    0.16019]
[    0.16004]
[    0.15988]
[    0.15973]
[    0.15957]
[    0.15942]
[    0.15927]
[    0.15911]
[    0.15896]
[    0.15881]
[    0.15865]
[     0.1585]
[    0.15835]
[     0.1582]
[    0.15805]
[    0.15789]
[    0.15774]
[    0.15759]
[    0.15744]
[    0.15729]
[    0.15714]
[    0.15699]
[    0.15684]
[     0.1567]
[    0.15655]
[     0.1564]
[    0.15625]
[     0.1561]
[    0.15595]
[    0.15581]
[    0.15566]
[    0.15551]
[    0.15537]
[    0.15522]
[    0.15508]
[    0.15493]
[    0.15478]
[    0.15464]
[    0.15449]
[    0.15435]
[    0.15421]
[    0.15406]
[    0.15392]
[    0.15377]
[    0.15363]
[    0.15349]
[    0.15335]
[     0.1532]
[    0.15306]
[    0.15292]
[    0.15278]
[    0.15264]
[     0.1525]
[    0.15235]
[    0.15221]
[    0.15207]
[    0.15193]
[    0.15179]
[    0.15165]
[    0.15152]
[    0.15138]
[    0.15124]
[     0.1511]
[    0.15096]
[    0.15082]
[    0.15068]
[    0.15055]
[    0.15041]
[    0.15027]
[    0.15014]
[       0.15]
[    0.14986]
[    0.14973]
[    0.14959]
[    0.14946]
[    0.14932]
[    0.14919]
[    0.14905]
[    0.14892]
[    0.14878]
[    0.14865]
[    0.14851]
[    0.14838]
[    0.14825]
[    0.14811]
[    0.14798]
[    0.14785]
[    0.14772]
[    0.14758]
[    0.14745]
[    0.14732]
[    0.14719]
[    0.14706]
[    0.14693]
[     0.1468]
[    0.14667]
[    0.14654]
[    0.14641]
[    0.14628]
[    0.14615]
[    0.14602]
[    0.14589]
[    0.14576]
[    0.14563]
[     0.1455]
[    0.14537]
[    0.14525]
[    0.14512]
[    0.14499]
[    0.14486]
[    0.14474]
[    0.14461]
[    0.14448]
[    0.14436]
[    0.14423]
[     0.1441]
[    0.14398]
[    0.14385]
[    0.14373]
[     0.1436]
[    0.14348]
[    0.14335]
[    0.14323]
[     0.1431]
[    0.14298]
[    0.14286]
[    0.14273]
[    0.14261]
[    0.14249]
[    0.14236]
[    0.14224]
[    0.14212]
[      0.142]
[    0.14187]
[    0.14175]
[    0.14163]
[    0.14151]
[    0.14139]
[    0.14127]
[    0.14115]
[    0.14103]
[    0.14091]
[    0.14078]
[    0.14066]
[    0.14055]
[    0.14043]
[    0.14031]
[    0.14019]
[    0.14007]
[    0.13995]
[    0.13983]
[    0.13971]
[    0.13959]
[    0.13948]
[    0.13936]
[    0.13924]
[    0.13912]
[    0.13901]
[    0.13889]
[    0.13877]
[    0.13866]
[    0.13854]
[    0.13842]
[    0.13831]
[    0.13819]
[    0.13808]
[    0.13796]
[    0.13784]
[    0.13773]
[    0.13761]
[     0.1375]
[    0.13822]
[     0.1381]
[    0.13799]
[    0.13787]
[    0.13776]
[    0.13765]
[    0.13753]
[    0.13742]
[     0.1373]
[    0.13719]
[    0.13708]
[    0.13696]
[    0.13685]
[    0.13674]
[    0.13663]
[    0.13651]
[     0.1364]
[    0.13629]
[    0.13618]
[    0.13607]
[    0.13595]
[    0.13584]
[    0.13573]
[    0.13562]
[    0.13551]
[     0.1354]
[    0.13529]
[    0.13518]
[    0.13507]
[    0.13496]
[    0.13485]
[    0.13474]
[    0.13463]
[    0.13452]
[    0.13441]
[     0.1343]
[     0.1342]
[    0.13409]
[    0.13398]
[    0.13387]
[    0.13376]
[    0.13366]
[    0.13355]
[    0.13344]
[    0.13333]
[    0.13323]
[    0.13312]
[    0.13301]
[    0.13291]
[     0.1328]
[    0.13269]
[    0.13259]
[    0.13248]
[    0.13238]
[    0.13227]
[    0.13217]
[    0.13206]
[    0.13196]
[    0.13185]
[    0.13175]
[    0.13164]
[    0.13154]
[    0.13143]
[    0.13133]
[    0.13123]
[    0.13112]
[    0.13102]
[    0.13091]
[    0.13081]
[    0.13071]
[    0.13061]
[     0.1305]
[     0.1304]
[     0.1303]
[     0.1302]
[    0.13009]
[    0.12999]
[    0.12989]
[    0.12979]
[    0.12969]
[    0.12959]
[    0.12949]
[    0.12938]
[    0.12928]
[    0.12918]
[    0.12908]
[    0.12898]
[    0.12888]
[    0.12878]
[    0.12868]
[    0.12858]
[    0.12848]
[    0.12838]
[    0.12828]
[    0.12819]
[    0.12809]
[    0.12799]
[    0.12789]
[    0.12779]
[    0.12769]
[    0.12759]
[     0.1275]
[     0.1274]
[     0.1273]
[     0.1272]
[    0.12711]
[    0.12701]
[    0.12691]
[    0.12681]
[    0.12672]
[    0.12662]
[    0.12652]
[    0.12643]
[    0.12633]
[    0.12624]
[    0.12614]
[    0.12604]
[    0.12595]
[    0.12585]
[    0.12576]
[    0.12566]
[    0.12557]
[    0.12547]
[    0.12538]
[    0.12528]
[    0.12519]
[    0.12509]
[      0.125]
[    0.12491]
[    0.12481]
[    0.12472]
[    0.12462]
[    0.12453]
[    0.12444]
[    0.12434]
[    0.12425]
[    0.12416]
[    0.12407]
[    0.12397]
[    0.12388]
[    0.12379]
[     0.1237]
[     0.1236]
[    0.12351]
[    0.12342]
[    0.12333]
[    0.12324]
[    0.12315]
[    0.12305]
[    0.12296]
[    0.12287]
[    0.12278]
[    0.12269]
[     0.1226]
[    0.12251]
[    0.12242]
[    0.12233]
[    0.12224]
[    0.12215]
[    0.12206]
[    0.12197]
[    0.12188]
[    0.12179]
[     0.1217]
[    0.12161]
[    0.12152]
[    0.12143]
[    0.12135]
[    0.12126]
[    0.12117]
[    0.12108]
[    0.12099]
[     0.1209]
[    0.12082]
[    0.12073]
[    0.12064]
[    0.12055]
[    0.12046]
[    0.12038]
[    0.12029]
[     0.1202]
[    0.12012]
[    0.12003]
[    0.11994]
[    0.11986]
[    0.11977]
[    0.11968]
[     0.1196]
[    0.11951]
[    0.11942]
[    0.11934]
[    0.11925]
[    0.11917]
[    0.11908]
[      0.119]
[    0.11891]
[    0.11883]
[    0.11874]
[    0.11866]
[    0.11857]
[    0.11849]
[     0.1184]
[    0.11832]
[    0.11823]
[    0.11815]
[    0.11807]
[    0.11798]
[     0.1179]
[    0.11781]
[    0.11773]
[    0.11765]
[    0.11756]
[    0.11748]
[     0.1174]
[    0.11731]
[    0.11723]
[    0.11715]
[    0.11707]
[    0.11698]
[     0.1169]
[    0.11682]
[    0.11674]
[    0.11665]
[    0.11657]
[    0.11649]
[    0.11641]
[    0.11633]
[    0.11625]
[    0.11617]
[    0.11608]
[      0.116]
[    0.11592]
[    0.11584]
[    0.11576]
[    0.11568]
[     0.1156]
[    0.11552]
[    0.11544]
[    0.11536]
[    0.11528]
[     0.1152]
[    0.11512]
[    0.11504]
[    0.11496]
[    0.11488]
[     0.1148]
[    0.11472]
[    0.11464]
[    0.11456]
[    0.11448]
[     0.1144]
[    0.11433]
[    0.11425]
[    0.11417]
[    0.11409]
[    0.11401]
[    0.11393]
[    0.11385]
[    0.11378]
[     0.1137]
[    0.11362]
[    0.11354]
[    0.11347]
[    0.11339]
[    0.11331]
[    0.11323]
[    0.11316]
[    0.11308]
[      0.113]
[    0.11293]
[    0.11285]
[    0.11277]
[     0.1127]
[    0.11262]
[    0.11254]
[    0.11247]
[    0.11239]
[    0.11231]
[    0.11224]
[    0.11216]
[    0.11209]
[    0.11201]
[    0.11194]
[    0.11186]
[    0.11178]
[    0.11171]
[    0.11163]
[    0.11156]
[    0.11148]
[    0.11141]
[    0.11133]
[    0.11126]
[    0.11119]
[    0.11111]
[    0.11104]
[    0.11096]
[    0.11089]
[    0.11081]
[    0.11074]
[    0.11067]
[    0.11059]
[    0.11052]
[    0.11045]
[    0.11037]
[     0.1103]
[    0.11023]
[    0.11015]
[    0.11008]
[    0.11001]
[    0.10993]
[    0.10986]
[    0.10979]
[    0.10972]
[    0.10964]
[    0.10957]
[     0.1095]
[    0.10943]
[    0.10935]
[    0.10928]
[    0.10921]
[    0.10914]
[    0.10907]
[      0.109]
[    0.10892]
[    0.10885]
[    0.10878]
[    0.10871]
[    0.10864]
[    0.10857]
[     0.1085]
[    0.10843]
[    0.10836]
[    0.10828]
[    0.10821]
[    0.10814]
[    0.10807]
[      0.108]
[    0.10793]
[    0.10786]
[    0.10779]
[    0.10772]
[    0.10765]
[    0.10758]
[    0.10751]
[    0.10744]
[    0.10737]
[     0.1073]
[    0.10724]
[    0.10717]
[     0.1071]
[    0.10703]
[    0.10696]
[    0.10689]
[    0.10682]
[    0.10675]
[    0.10668]
[    0.10662]
[    0.10655]
[    0.10648]
[    0.10641]
[    0.10634]
[    0.10627]
[    0.10621]
[    0.10614]
[    0.10607]
[      0.106]
[    0.10593]
[    0.10587]
[     0.1058]
[    0.10573]
[    0.10567]
[     0.1056]
[    0.10553]
[    0.10546]
[     0.1054]
[    0.10533]
[    0.10526]
[     0.1052]
[    0.10513]
[    0.10506]
[      0.105]
[    0.10493]
[    0.10486]
[     0.1048]
[    0.10473]
[    0.10467]
[     0.1046]
[    0.10453]
[    0.10447]
[     0.1044]
[    0.10434]
[    0.10427]
[    0.10421]
[    0.10414]
[    0.10408]
[    0.10401]
[    0.10394]
[    0.10388]
[    0.10381]
[    0.10375]
[    0.10369]
[    0.10362]
[    0.10356]
[    0.10349]
[    0.10343]
[    0.10336]
[     0.1033]
[    0.10323]
[    0.10317]
[    0.10311]
[    0.10304]
[    0.10298]
[    0.10291]
[    0.10285]
[    0.10279]
[    0.10272]
[    0.10266]
[     0.1026]
[    0.10253]
[    0.10247]
[    0.10241]
[    0.10234]
[    0.10228]
[    0.10222]
[    0.10215]
[    0.10209]
[    0.10203]
[    0.10197]
[     0.1019]
[    0.10184]
[    0.10178]
[    0.10172]
[    0.10165]
[    0.10159]
[    0.10153]
[    0.10147]
[    0.10141]
[    0.10134]
[    0.10128]
[    0.10122]
[    0.10116]
[     0.1011]
[    0.10103]
[    0.10097]
[    0.10091]
[    0.10085]
[    0.10079]
[    0.10073]
[    0.10067]
[    0.10061]
[    0.10055]
[    0.10048]
[    0.10042]
[    0.10036]
[     0.1003]
[    0.10024]
[    0.10018]
[    0.10012]
[    0.10006]
[        0.1]
[    0.09994]
[    0.09988]
[    0.09982]
[    0.09976]
[     0.0997]
[    0.09964]
[    0.09958]
[    0.09952]
[   0.099461]
[   0.099401]
[   0.099342]
[   0.099282]
[   0.099223]
[   0.099164]
[   0.099104]
[   0.099045]
[   0.098986]
[   0.098927]
[   0.098868]
[    0.09881]
[   0.098751]
[   0.098692]
[   0.098633]
[   0.098575]
[   0.098516]
[   0.098458]
[     0.0984]
[   0.098341]
[   0.098283]
[   0.098225]
[   0.098167]
[   0.098109]
[   0.098051]
[   0.097993]
[   0.097935]
[   0.097877]
[    0.09782]
[   0.097762]
[   0.097705]
[   0.097647]
[    0.09759]
[   0.097532]
[   0.097475]
[   0.097418]
[   0.097361]
[   0.097304]
[   0.097247]
[    0.09719]
[   0.097133]
[   0.097076]
[   0.097019]
[   0.096963]
[   0.096906]
[   0.096849]
[   0.096793]
[   0.096737]
[    0.09668]
[   0.096624]
[   0.096568]
[   0.096512]
[   0.096456]
[     0.0964]
[   0.096344]
[   0.096288]
[   0.096232]
[   0.096176]
[    0.09612]
[   0.096065]
[   0.096009]
[   0.095954]
[   0.095898]
[   0.095843]
[   0.095788]
[   0.095732]
[   0.095677]
[   0.095622]
[   0.095567]
[   0.095512]
[   0.095457]
[   0.095402]
[   0.095348]
[   0.095293]
[   0.095238]
[   0.095183]
[   0.095129]
[   0.095074]
[    0.09502]
[   0.094966]
[   0.094911]
[   0.094857]
[   0.094803]
[   0.094749]
[   0.094695]
[   0.094641]
[   0.094587]
[   0.094533]
[   0.094479]
[   0.094425]
[   0.094372]
[   0.094318]
[   0.094265]
[   0.094211]
[   0.094158]
[   0.094104]
[   0.094051]
[   0.093998]
[   0.093945]
[   0.093891]
[   0.093838]
[   0.093785]
[   0.093732]
[   0.093679]
[   0.093627]
[   0.093574]
[   0.093521]
[   0.093468]
[   0.093416]
[   0.093363]
[   0.093311]
[   0.093258]
[   0.093206]
[   0.093154]
[   0.093102]
[   0.093049]
[   0.092997]
[   0.092945]
[   0.092893]
[   0.092841]
[   0.092789]
[   0.092737]
[   0.092686]
[   0.092634]
[   0.092582]
[   0.092531]
[   0.092479]
[   0.092428]
[   0.092376]
[   0.092325]
[   0.092273]
[   0.092222]
[   0.092171]
[    0.09212]
[   0.092069]
[   0.092018]
[   0.091967]
[   0.091916]
[   0.091865]
[   0.091814]
[   0.091763]
[   0.091713]
[   0.091662]
[   0.091611]
[   0.091561]
[    0.09151]
[    0.09146]
[    0.09141]
[   0.091359]
[   0.091309]
[   0.091259]
[   0.091209]
[   0.091159]
[   0.091109]
[   0.091059]
[   0.091009]
[   0.090959]
[   0.090909]
[   0.090859]
[    0.09081]
[    0.09076]
[    0.09071]
[   0.090661]
[   0.090611]
[   0.090562]
[   0.090513]
[   0.090463]
[   0.090414]
[   0.090365]
[   0.090316]
[   0.090266]
[   0.090217]
[   0.090168]
[   0.090119]
[   0.090071]
[   0.090022]
[   0.090515]
[   0.090466]
[   0.090417]
[   0.090368]
[   0.090319]
[    0.09027]
[   0.090222]
[   0.090173]
[   0.090124]
[   0.090076]
[   0.090027]
[   0.089978]
[    0.08993]
[   0.089882]
[   0.089833]
[   0.089785]
[   0.089737]
[   0.089689]
[    0.08964]
[   0.089592]
[   0.089544]
[   0.089496]
[   0.089448]
[     0.0894]
[   0.089353]
[   0.089305]
[   0.089257]
[   0.089209]
[   0.089162]
[   0.089114]
[   0.089067]
[   0.089019]
[   0.088972]
[   0.088924]
[   0.088877]
[    0.08883]
[   0.088783]
[   0.088735]
[   0.088688]
[   0.088641]
[   0.088594]
[   0.088547]
[     0.0885]
[   0.088453]
[   0.088407]
[    0.08836]
[   0.088313]
[   0.088266]
[    0.08822]
[   0.088173]
[   0.088127]
[    0.08808]
[   0.088034]
[   0.087987]
[   0.087941]
[   0.087895]
[   0.087849]
[   0.087802]
[   0.087756]
[    0.08771]
[   0.087664]
[   0.087618]
[   0.087572]
[   0.087526]
[    0.08748]
[   0.087435]
[   0.087389]
[   0.087343]
[   0.087297]
[   0.087252]
[   0.087206]
[   0.087161]
[   0.087115]
[    0.08707]
[   0.087024]
[   0.086979]
[   0.086934]
[   0.086889]
[   0.086843]
[   0.086798]
[   0.086753]
[   0.086708]
[   0.086663]
[   0.086618]
[   0.086573]
[   0.086528]
[   0.086484]
[   0.086439]
[   0.086394]
[    0.08635]
[   0.086305]
[    0.08626]
[   0.086216]
[   0.086171]
[   0.086127]
[   0.086082]
[   0.086038]
[   0.085994]
[    0.08595]
[   0.085905]
[   0.085861]
[   0.085817]
[   0.085773]
[   0.085729]
[   0.085685]
[   0.085641]
[   0.085597]
[   0.085553]
[   0.086022]
[   0.085977]
[   0.085934]
[    0.08589]
[   0.085846]
[   0.085802]
[   0.085758]
[   0.085714]
[   0.085671]
[   0.085627]
[   0.085583]
[    0.08554]
[   0.085496]
[   0.085453]
[   0.085409]
[   0.085366]
[   0.085322]
[   0.085279]
[   0.085236]
[   0.085193]
[    0.08515]
[   0.085106]
[   0.085063]
[    0.08502]
[   0.084977]
[   0.084934]
[   0.084891]
[   0.084848]
[   0.084806]
[   0.084763]
[    0.08472]
[   0.084677]
[   0.084635]
[   0.084592]
[    0.08455]
[   0.084507]
[   0.084465]
[   0.084422]
[    0.08438]
[   0.084337]
[   0.084295]
[   0.084253]
[   0.084211]
[   0.084168]
[   0.084126]
[   0.084084]
[   0.084042]
[      0.084]
[   0.083958]
[   0.083916]
[   0.083874]
[   0.083832]
[   0.083791]
[   0.083749]
[   0.083707]
[   0.083665]
[   0.083624]
[   0.083582]
[   0.083541]
[   0.083499]
[   0.083458]
[   0.083416]
[   0.083375]
[   0.083333]
[   0.083292]
[   0.083251]
[    0.08321]
[   0.083168]
[   0.083127]
[   0.083086]
[   0.083045]
[   0.083004]
[   0.082963]
[   0.082922]
[   0.082881]
[    0.08284]
[   0.082799]
[   0.082759]
[   0.082718]
[   0.082677]
[   0.082636]
[   0.082596]
[   0.082555]
[   0.082515]
[   0.082474]
[   0.082434]
[   0.082393]
[   0.082353]
[   0.082313]
[   0.082272]
[   0.082232]
[   0.082192]
[   0.082152]
[   0.082111]
[   0.082071]
[   0.082031]
[   0.082479]
[   0.082439]
[   0.082399]
[   0.082359]
[   0.082319]
[   0.082278]
[   0.082238]
[   0.082198]
[   0.082158]
[   0.082119]
[   0.082079]
[   0.082039]
[   0.081999]
[   0.081959]
[    0.08192]
[   0.082364]
[   0.082324]
[   0.082285]
[   0.082245]
[   0.082205]
[   0.082165]
[   0.082126]
[   0.082086]
[   0.082046]
[   0.082007]
[   0.081967]
[   0.081928]
[   0.081888]
[   0.081849]
[   0.081809]
[    0.08177]
[   0.081731]
[   0.081691]
[   0.081652]
[   0.081613]
[   0.081574]
[   0.081535]
[   0.081496]
[   0.081457]
[   0.081418]
[   0.081379]
[    0.08134]
[   0.081301]
[   0.081262]
[   0.081223]
[   0.081184]
[   0.081146]
[   0.081107]
[   0.081068]
[    0.08103]
[   0.080991]
[   0.080952]
[   0.080914]
[   0.080875]
[   0.080837]
[   0.080798]
[    0.08076]
[   0.080722]
[   0.080683]
[   0.080645]
[   0.080607]
[   0.080569]
[   0.080531]
[   0.080492]
[   0.080454]
[   0.080416]
[   0.080378]
[    0.08034]
[   0.080302]
[   0.080264]
[   0.080227]
[   0.080189]
[   0.080151]
[   0.080113]
[   0.080075]
[   0.080038]
[       0.08]
[   0.079962]
[   0.079925]
[   0.079887]
[    0.07985]
[   0.079812]
[   0.079775]
[   0.079737]
[     0.0797]
[   0.079663]
[   0.079625]
[   0.079588]
[   0.079551]
[   0.079514]
[   0.079476]
[   0.079439]
[   0.079402]
[   0.079365]
[   0.079328]
[   0.079291]
[   0.079254]
[   0.079217]
[    0.07918]
[   0.079143]
[   0.079107]
[    0.07907]
[   0.079033]
[   0.078996]
[    0.07896]
[   0.078923]
[   0.078886]
[    0.07885]
[   0.078813]
[   0.078777]
[    0.07874]
[   0.078704]
[   0.078667]
[   0.078631]
[   0.078595]
[   0.078558]
[   0.078522]
[   0.078486]
[   0.078449]
[   0.078413]
[   0.078377]
[   0.078341]
[   0.078305]
[   0.078269]
[   0.078233]
[   0.078197]
[   0.078161]
[   0.078125]
[   0.078089]
[   0.078053]
[   0.078017]
[   0.077982]
[   0.077946]
[    0.07791]
[   0.077874]
[   0.077839]
[   0.077803]
[   0.077768]
[   0.077732]
[   0.077697]
[   0.077661]
[   0.077626]
[    0.07759]
[   0.077555]
[   0.077519]
[   0.077484]
[   0.077449]
[   0.077413]
[   0.077378]
[   0.077343]
[   0.077308]
[   0.077273]
[   0.077238]
[   0.077203]
[   0.077167]
[   0.077132]
[   0.077098]
[   0.077063]
[   0.077028]
[   0.076993]
[   0.076958]
[   0.076923]
[   0.076888]
[   0.076854]
[   0.076819]
[   0.076784]
[   0.076749]
[   0.076715]
[    0.07668]
[   0.076646]
[   0.076611]
[   0.076577]
[   0.076542]
[   0.076508]
[   0.076473]
[   0.076439]
[   0.076404]
[    0.07637]
[   0.076336]
[   0.076302]
[   0.076267]
[   0.076233]
[   0.076199]
[   0.076165]
[   0.076131]
[   0.076097]
[   0.076063]
[   0.076029]
[   0.075995]
[   0.075961]
[   0.075927]
[   0.075893]
[   0.075859]
[   0.075825]
[   0.075791]
[   0.075758]
[   0.075724]
[    0.07569]
[   0.075656]
[   0.075623]
[   0.075589]
[   0.075556]
[   0.075522]
[   0.075488]
[   0.075455]
[   0.075421]
[   0.075388]
[   0.075355]
[   0.075321]
[   0.075288]
[   0.075255]
[   0.075221]
[   0.075188]
[   0.075155]
[   0.075122]
[   0.075088]
[   0.075055]
[   0.075022]
[   0.074989]
[   0.074956]
[   0.074923]
[    0.07489]
[   0.074857]
[   0.074824]
[   0.074791]
[   0.074758]
[   0.074725]
[   0.074692]
[    0.07466]
[   0.074627]
[   0.074594]
[   0.074561]
[   0.074529]
[   0.074496]
[   0.074463]
[   0.074431]
[   0.074398]
[   0.074366]
[   0.074333]
[   0.074301]
[   0.074268]
[   0.074236]
[   0.074203]
[   0.074171]
[   0.074139]
[   0.074106]
[   0.074074]
[   0.074042]
[    0.07401]
[   0.073977]
[   0.073945]
[   0.073913]
[   0.073881]
[   0.073849]
[   0.073817]
[   0.073785]
[   0.073753]
[   0.073721]
[   0.073689]
[   0.073657]
[   0.073625]
[   0.073593]
[   0.073561]
[   0.073529]
[   0.073498]
[   0.073466]
[   0.073434]
[   0.073402]
[   0.073371]
[   0.073339]
[   0.073307]
[   0.073276]
[   0.073244]
[   0.073213]
[   0.073181]
[    0.07315]
[   0.073118]
[   0.073087]
[   0.073055]
[   0.073024]
[   0.072993]
[   0.072961]
[    0.07293]
[   0.072899]
[   0.072868]
[   0.072836]
[   0.072805]
[   0.072774]
[   0.072743]
[   0.072712]
[   0.072681]
[    0.07265]
[   0.072619]
[   0.072588]
[   0.072557]
[   0.072526]
[   0.072495]
[   0.072464]
[   0.072433]
[   0.072402]
[   0.072371]
[    0.07234]
[    0.07231]
[   0.072279]
[   0.072248]
[   0.072218]
[   0.072187]
[   0.072156]
[   0.072126]
[   0.072095]
[   0.072064]
[   0.072034]
[   0.072003]
[   0.071973]
[   0.071942]
[   0.071912]
[   0.071882]
[   0.071851]
[   0.071821]
[   0.071791]
[    0.07176]
[    0.07173]
[     0.0717]
[   0.071669]
[   0.071639]
[   0.071609]
[   0.071579]
[   0.071549]
[   0.071519]
[   0.071489]
[   0.071459]
[   0.071429]
[   0.071399]
[   0.071369]
[   0.071339]
[   0.071309]
[   0.071279]
[   0.071249]
[   0.071219]
[   0.071189]
[   0.071159]
[    0.07113]
[     0.0711]
[    0.07107]
[   0.071041]
[   0.071011]
[   0.070981]
[   0.070952]
[   0.070922]
[   0.070892]
[   0.070863]
[   0.070833]
[   0.070804]
[   0.070774]
[   0.070745]
