[          1]
[          1]
[          1]
[          1]
[          1]
[          1]
[          1]
[          1]
[          1]
[          1]
[          1]
[          1]
[          1]
[          1]
[          1]
[          1]
[          1]
[          1]
[          1]
[          1]
[          1]
[          1]
[          1]
[          1]
[          1]
[          1]
[          1]
[          1]
[          1]
[          1]
[          1]
[          1]
[          1]
[          1]
[          1]
[          1]
[          1]
[          1]
[          1]
[          1]
[          1]
[          1]
[          1]
[          1]
[          1]
[          1]
[          1]
[          1]
[          1]
[          1]
[          1]
[          1]
[          1]
[          1]
[          1]
[          1]
[          1]
[          1]
[          1]
[          1]
[          1]
[          1]
[          1]
[          1]
[          1]
[          1]
[          1]
[          1]
[          1]
[          1]
[          1]
[          1]
[          1]
[          1]
[          1]
[          1]
[          1]
[          1]
[          1]
[          1]
[          1]
[          1]
[          1]
[          1]
[          1]
[          1]
[          1]
[          1]
[          1]
[          1]
[          1]
[          1]
[          1]
[          1]
[          1]
[          1]
[          1]
[          1]
[          1]
[          1]
[          1]
[          1]
[          1]
[          1]
[          1]
[          1]
[          1]
[          1]
[          1]
[          1]
[          1]
[          1]
[          1]
[          1]
[          1]
[          1]
[          1]
[          1]
[          1]
[          1]
[          1]
[          1]
[          1]
[          1]
[          1]
[          1]
[          1]
[          1]
[          1]
[          1]
[    0.99237]
[    0.99242]
[    0.99248]
[    0.99254]
[    0.99259]
[    0.99265]
[     0.9927]
[    0.99275]
[    0.99281]
[    0.99286]
[    0.99291]
[    0.99296]
[    0.99301]
[    0.99306]
[     0.9931]
[    0.99315]
[     0.9932]
[    0.99324]
[    0.99329]
[    0.99333]
[    0.98675]
[    0.98026]
[    0.98039]
[    0.98052]
[    0.98065]
[    0.98077]
[    0.97452]
[    0.97468]
[    0.97484]
[    0.96875]
[    0.96894]
[    0.96914]
[    0.96933]
[    0.96951]
[     0.9697]
[    0.96988]
[    0.97006]
[    0.97024]
[    0.97041]
[    0.97059]
[    0.97076]
[    0.97093]
[     0.9711]
[    0.97126]
[    0.97143]
[    0.97159]
[    0.97175]
[    0.97191]
[    0.97207]
[    0.97222]
[    0.97238]
[    0.97253]
[    0.96721]
[    0.96739]
[    0.96757]
[    0.96774]
[    0.96791]
[    0.96809]
[    0.96825]
[    0.96842]
[    0.96859]
[    0.96875]
[    0.96891]
[    0.96907]
[     0.9641]
[    0.96429]
[    0.95939]
[     0.9596]
[     0.9598]
[       0.96]
[     0.9602]
[     0.9604]
[    0.96059]
[    0.96078]
[    0.96098]
[    0.96117]
[    0.96135]
[    0.96154]
[    0.96172]
[     0.9619]
[    0.96209]
[    0.96226]
[    0.96244]
[    0.96262]
[    0.96279]
[    0.96296]
[    0.96313]
[    0.95872]
[     0.9589]
[    0.95909]
[    0.95928]
[    0.95946]
[    0.95964]
[    0.95982]
[       0.96]
[    0.96018]
[    0.96035]
[    0.96053]
[     0.9607]
[    0.95652]
[    0.95671]
[     0.9569]
[    0.95708]
[    0.95726]
[    0.95745]
[    0.95763]
[    0.95781]
[    0.95798]
[    0.95816]
[    0.95833]
[    0.95851]
[    0.95868]
[    0.95885]
[    0.95902]
[    0.95918]
[    0.95935]
[    0.95951]
[    0.95968]
[    0.95984]
[      0.956]
[    0.95618]
[    0.95635]
[    0.95652]
[    0.95669]
[    0.95686]
[    0.95703]
[    0.95331]
[    0.95349]
[    0.95367]
[    0.95385]
[    0.95402]
[     0.9542]
[    0.95437]
[    0.95076]
[    0.95094]
[    0.94737]
[    0.94382]
[    0.94403]
[    0.94052]
[    0.93704]
[    0.93358]
[    0.93015]
[     0.9304]
[    0.93066]
[    0.92727]
[    0.92391]
[    0.92058]
[    0.91727]
[    0.91756]
[    0.91786]
[    0.91459]
[    0.91489]
[    0.91166]
[    0.90845]
[    0.90526]
[     0.9021]
[    0.89895]
[    0.89583]
[    0.89273]
[    0.88966]
[     0.8866]
[    0.88699]
[    0.88396]
[    0.88095]
[    0.87797]
[      0.875]
[    0.87205]
[    0.86913]
[    0.86622]
[    0.86333]
[    0.86047]
[    0.85762]
[    0.85479]
[    0.85197]
[    0.84918]
[    0.84641]
[    0.84365]
[    0.84091]
[    0.83819]
[    0.83548]
[     0.8328]
[    0.83333]
[    0.83067]
[    0.82803]
[     0.8254]
[    0.82278]
[    0.82019]
[    0.81761]
[    0.81505]
[     0.8125]
[    0.80997]
[    0.81056]
[    0.80805]
[    0.80556]
[    0.80308]
[    0.80061]
[    0.79817]
[    0.79573]
[    0.79331]
[    0.79091]
[    0.78852]
[    0.78614]
[    0.78378]
[    0.78144]
[     0.7791]
[    0.77679]
[    0.77448]
[    0.77219]
[    0.76991]
[    0.77059]
[    0.76833]
[    0.76608]
[    0.76385]
[    0.76163]
[    0.75942]
[    0.75723]
[    0.75504]
[    0.75287]
[    0.75072]
[    0.74857]
[    0.74929]
[    0.74716]
[    0.74504]
[    0.74294]
[    0.74085]
[    0.74157]
[     0.7395]
[    0.74022]
[    0.73816]
[    0.73611]
[    0.73407]
[    0.73204]
[    0.73003]
[    0.72802]
[    0.72603]
[    0.72404]
[    0.72207]
[    0.72011]
[    0.71816]
[    0.71622]
[    0.71429]
[    0.71237]
[    0.71046]
[    0.70856]
[    0.70667]
[    0.70479]
[    0.70292]
[    0.70106]
[    0.69921]
[    0.69737]
[    0.69554]
[    0.69372]
[    0.69191]
[     0.6901]
[    0.68831]
[    0.68653]
[    0.68475]
[    0.68299]
[    0.68123]
[    0.67949]
[    0.67775]
[    0.67602]
[     0.6743]
[    0.67259]
[    0.67342]
[    0.67172]
[    0.67003]
[    0.66834]
[    0.66667]
[      0.665]
[    0.66334]
[    0.66169]
[    0.66005]
[    0.65842]
[    0.65679]
[    0.65517]
[    0.65356]
[    0.65196]
[    0.65037]
[    0.64878]
[     0.6472]
[    0.64563]
[    0.64407]
[    0.64251]
[    0.64096]
[    0.63942]
[    0.63789]
[    0.63636]
[    0.63484]
[    0.63333]
[    0.63183]
[    0.63033]
[    0.62884]
[    0.62736]
[    0.62588]
[    0.62441]
[    0.62295]
[    0.62383]
[    0.62238]
[    0.62093]
[    0.61949]
[    0.61806]
[    0.61663]
[    0.61521]
[    0.61379]
[    0.61239]
[    0.61098]
[    0.60959]
[     0.6082]
[    0.60682]
[    0.60544]
[    0.60407]
[    0.60271]
[    0.60135]
[        0.6]
[    0.59865]
[    0.59732]
[    0.59598]
[    0.59465]
[    0.59333]
[    0.59202]
[    0.59071]
[     0.5894]
[    0.58811]
[    0.58681]
[    0.58553]
[    0.58425]
[    0.58297]
[     0.5817]
[    0.58043]
[    0.57918]
[    0.57792]
[    0.57667]
[    0.57543]
[    0.57419]
[    0.57296]
[    0.57173]
[    0.57051]
[     0.5693]
[    0.56809]
[    0.56688]
[    0.56568]
[    0.56448]
[    0.56329]
[    0.56211]
[    0.56092]
[    0.55975]
[    0.55858]
[    0.55741]
[    0.55625]
[    0.55509]
[    0.55394]
[     0.5528]
[    0.55165]
[    0.55052]
[    0.54938]
[    0.54825]
[    0.54713]
[    0.54601]
[     0.5449]
[    0.54379]
[    0.54268]
[    0.54158]
[    0.54049]
[    0.53939]
[    0.53831]
[    0.53722]
[    0.53614]
[    0.53507]
[      0.534]
[    0.53293]
[    0.53187]
[    0.53082]
[    0.52976]
[    0.52871]
[    0.52767]
[    0.52663]
[    0.52559]
[    0.52456]
[    0.52353]
[     0.5225]
[    0.52148]
[    0.52047]
[    0.51946]
[    0.51845]
[    0.51744]
[    0.51644]
[    0.51544]
[    0.51445]
[    0.51346]
[    0.51248]
[    0.51149]
[    0.51052]
[    0.50954]
[    0.50857]
[     0.5076]
[    0.50664]
[    0.50568]
[    0.50473]
[    0.50377]
[    0.50282]
[    0.50188]
[    0.50094]
[        0.5]
[    0.49907]
[    0.49813]
[    0.49721]
[    0.49814]
[    0.49722]
[     0.4963]
[    0.49538]
[    0.49446]
[    0.49355]
[    0.49265]
[    0.49174]
[    0.49084]
[    0.48995]
[    0.48905]
[    0.48816]
[    0.48727]
[    0.48639]
[    0.48551]
[    0.48463]
[    0.48375]
[    0.48288]
[    0.48201]
[    0.48115]
[    0.48029]
[    0.47943]
[    0.47857]
[    0.47772]
[    0.47687]
[    0.47602]
[    0.47518]
[    0.47434]
[     0.4735]
[    0.47266]
[    0.47183]
[      0.471]
[    0.47018]
[    0.46935]
[    0.46853]
[    0.46771]
[     0.4669]
[    0.46609]
[    0.46528]
[    0.46447]
[    0.46367]
[    0.46287]
[    0.46207]
[    0.46127]
[    0.46048]
[    0.45969]
[     0.4589]
[    0.45812]
[    0.45734]
[    0.45656]
[    0.45578]
[    0.45501]
[    0.45424]
[    0.45347]
[     0.4527]
[    0.45194]
[    0.45118]
[    0.45042]
[    0.44966]
[    0.44891]
[    0.44816]
[    0.44741]
[    0.44667]
[    0.44592]
[    0.44684]
[     0.4461]
[    0.44536]
[    0.44463]
[    0.44389]
[    0.44316]
[    0.44243]
[    0.44171]
[    0.44098]
[    0.44026]
[    0.43954]
[    0.43883]
[    0.43811]
[     0.4374]
[    0.43669]
[    0.43598]
[    0.43528]
[    0.43457]
[    0.43387]
[    0.43317]
[    0.43248]
[    0.43178]
[    0.43109]
[     0.4304]
[    0.42971]
[    0.42903]
[    0.42834]
[    0.42766]
[    0.42698]
[    0.42631]
[    0.42563]
[    0.42496]
[    0.42429]
[    0.42362]
[    0.42296]
[    0.42229]
[    0.42163]
[    0.42097]
[    0.42031]
[    0.41966]
[      0.419]
[    0.41835]
[     0.4177]
[    0.41705]
[    0.41641]
[    0.41577]
[    0.41512]
[    0.41448]
[    0.41385]
[    0.41321]
[    0.41258]
[    0.41194]
[    0.41131]
[    0.41069]
[    0.41006]
[    0.40944]
[    0.40881]
[    0.40819]
[    0.40758]
[    0.40696]
[    0.40634]
[    0.40573]
[    0.40512]
[    0.40451]
[     0.4039]
[     0.4033]
[    0.40269]
[    0.40209]
[    0.40149]
[    0.40089]
[     0.4003]
[     0.3997]
[    0.39911]
[    0.39852]
[    0.39793]
[    0.39734]
[    0.39676]
[    0.39617]
[    0.39559]
[    0.39501]
[    0.39443]
[    0.39385]
[    0.39327]
[     0.3927]
[    0.39213]
[    0.39156]
[    0.39099]
[    0.39042]
[    0.38986]
[    0.38929]
[    0.38873]
[    0.38817]
[    0.38761]
[    0.38705]
[    0.38649]
[    0.38594]
[    0.38539]
[    0.38484]
[    0.38429]
[    0.38374]
[    0.38319]
[    0.38265]
[     0.3821]
[    0.38156]
[    0.38102]
[    0.38048]
[    0.37994]
[    0.37941]
[    0.37887]
[    0.37834]
[    0.37781]
[    0.37728]
[    0.37675]
[    0.37622]
[     0.3757]
[    0.37517]
[    0.37465]
[    0.37413]
[    0.37361]
[    0.37309]
[    0.37258]
[    0.37206]
[    0.37155]
[    0.37103]
[    0.37052]
[    0.37001]
[    0.36951]
[      0.369]
[    0.36849]
[    0.36799]
[    0.36749]
[    0.36698]
[    0.36649]
[    0.36599]
[    0.36549]
[    0.36499]
[     0.3645]
[    0.36401]
[    0.36351]
[    0.36302]
[    0.36253]
[    0.36205]
[    0.36156]
[    0.36107]
[    0.36059]
[    0.36011]
[    0.35963]
[    0.35915]
[    0.35867]
[    0.35819]
[    0.35771]
[    0.35724]
[    0.35676]
[    0.35629]
[    0.35582]
[    0.35535]
[    0.35488]
[    0.35441]
[    0.35395]
[    0.35348]
[    0.35302]
[    0.35256]
[    0.35209]
[    0.35163]
[    0.35117]
