[     0.5599     0.44398     0.35704      0.6549     0.68263     0.36094     0.57526     0.48556     0.42211     0.31162]
[    0.60309     0.83507           0]
[    0.76239     0.79772     0.76816           0     0.78574     0.74162     0.58422     0.69288     0.57677      0.4271     0.79036           0     0.51517      0.4488     0.35794     0.74153           0     0.72806      0.8097           0     0.54828     0.75288     0.29558     0.50482     0.56138]
[     0.9152     0.60463     0.60198           0           0     0.52161           0     0.41696     0.49159]
[    0.70268     0.68473     0.51284     0.58234     0.25913]
[    0.79069     0.70715     0.69145     0.64226]
[    0.87646           0           0]
[    0.60262     0.39467     0.59358]
[     0.8208     0.90335           0           0           0           0           0           0           0           0]
[    0.74448     0.54329     0.70125           0     0.24168     0.66354     0.55805           0     0.59452           0     0.75712           0     0.30886           0]
[    0.78865      0.5397           0           0           0]
[    0.59233      0.5508     0.76075     0.54745           0     0.68979     0.53218     0.76327     0.76137]
[     0.8526     0.92045     0.79035     0.55625     0.85016     0.51195     0.64153]
[    0.66502     0.39185     0.41399      0.6349     0.60411           0           0     0.57924           0]
[     0.5222     0.64499     0.66557           0      0.5223           0     0.38114     0.46085     0.52158]
[    0.90177     0.85554     0.66848     0.73604     0.67683     0.64349           0     0.61394           0           0]
[     0.6665      0.5799     0.23866     0.33128     0.33069     0.44962     0.39295     0.58483     0.33011           0     0.22726     0.25661     0.18643     0.42564     0.56806]
[    0.87161     0.70885     0.60309     0.75725      0.4981     0.73511           0           0     0.57741]
[    0.69686     0.56565     0.52301     0.36528     0.64346     0.39468     0.78393     0.48182     0.33851     0.22376     0.29048     0.48687           0     0.60038     0.24097     0.50451     0.50799    0.097935     0.24893     0.66269     0.26676     0.48444     0.33136     0.62161     0.70696]
[    0.79657           0           0           0]
[    0.66409           0           0           0           0]
[    0.91646     0.77098     0.59247     0.75318           0]
[    0.88625     0.77015     0.71009     0.38732     0.09053]
[    0.90735           0]
[    0.75719     0.86261      0.5984]
[    0.90369]
[    0.89372     0.92278     0.85554           0     0.73361           0           0     0.62957     0.26204]
[    0.66351       0.604     0.51665           0           0           0]
[    0.68593     0.71746     0.75083     0.72584     0.49151     0.60292     0.54293     0.57037           0     0.58147           0           0           0]
[    0.86057     0.85401     0.93669           0           0           0]
[     0.7468           0           0           0           0     0.56314           0           0]
[    0.78141           0           0           0           0]
[    0.54544     0.71364     0.54545     0.33884     0.28788           0     0.57723           0     0.50106      0.4744     0.72487           0]
[    0.77301      0.7313     0.87222     0.27948     0.51609     0.80675    0.067158     0.48517           0     0.65193           0     0.79886     0.16188]
[     0.8684     0.84978           0           0           0           0           0]
[    0.18437     0.56007           0           0           0]
[    0.86911     0.66499     0.64661           0           0]
[    0.77047     0.83238     0.73652     0.40559    0.063286]
[    0.74645     0.86057     0.47608     0.58242     0.51271]
[    0.75231     0.74273     0.65671     0.71257]
[    0.50141     0.78028     0.48113     0.45211]
[     0.7399     0.92715     0.61218     0.78647           0           0           0     0.61699     0.56698]
[    0.67081           0     0.46509     0.32068           0]
[     0.7212      0.7988     0.62769     0.52995           0           0           0           0     0.35177]
[    0.71622     0.69695     0.78989     0.66344     0.83418     0.69495     0.75317           0     0.57008      0.7226]
[    0.71498     0.70471     0.76462     0.73408     0.49538     0.43507      0.7011           0     0.55177           0     0.30197     0.67894     0.55729]
[    0.76915     0.68107     0.81902      0.7913           0     0.60021]
[    0.44947     0.50997    0.038499           0           0]
[    0.82547     0.80496      0.8503           0           0     0.79646           0]
[    0.59023     0.57491    0.066633     0.63644      0.1097           0]
[    0.78474           0     0.46062      0.5504           0     0.42095           0]
[    0.82309     0.80867     0.75829           0           0]
[    0.77115     0.77889     0.65752]
[    0.85876     0.86306     0.79179           0           0           0]
[     0.8026     0.81119     0.76956           0           0     0.81862           0     0.64776]
[    0.82114     0.64698     0.75357     0.67521     0.53844     0.44831     0.70336     0.56794     0.55853      0.5138]
[    0.73902     0.56967     0.69262     0.71758]
[    0.96993     0.86627           0     0.44501           0     0.76368           0]
[    0.71522     0.60819     0.59239     0.47051     0.49203      0.7978           0     0.70433]
[    0.74214     0.79077      0.6596     0.95798     0.60873]
[    0.55823     0.63094     0.49349     0.78475     0.67018     0.55406     0.57498     0.54007     0.57151     0.55818]
[    0.85558     0.68527     0.89248           0]
[    0.68388     0.61063     0.74473     0.86005     0.59288     0.72265     0.80535]
[    0.70982      0.2562    0.046133           0     0.60282           0     0.32433]
[    0.70794           0]
[    0.82671           0           0           0]
[    0.52846     0.66385      0.6899     0.83196     0.66333           0           0           0]
[          0     0.72264     0.67906     0.52891      0.7109     0.75648     0.29607           0     0.74529     0.49881     0.49754     0.48022      0.3416     0.51519           0]
[    0.67826      0.9079      0.6992     0.81421     0.50998     0.52491     0.65145     0.87529           0]
[    0.63689     0.51623     0.57434           0     0.33772     0.65941     0.54587]
[    0.76747     0.69284     0.51503]
[    0.70569     0.87539           0     0.47163           0      0.9192           0]
[    0.86739      0.8122     0.68936     0.73429     0.43018     0.41502     0.72538      0.1533     0.58783           0]
[    0.83886     0.86596     0.74692     0.77199     0.68853     0.89333     0.62164     0.61608     0.59117     0.53144     0.66309     0.66656     0.40493     0.48901           0     0.60493     0.76365           0     0.75859     0.61589     0.58373     0.79486]
[    0.72175    0.093513           0]
[    0.75292     0.62615     0.56532           0     0.60186     0.60289           0]
[    0.88014     0.84703     0.88596     0.75131     0.89986]
[    0.88511     0.75428     0.79458     0.83586     0.58651           0           0     0.73521           0     0.77248           0           0     0.45435           0]
[    0.66506     0.85046     0.70133           0     0.46403           0]
[    0.78403     0.87837      0.7577     0.56037           0           0]
[    0.88188     0.84999     0.65506      0.8609           0]
[    0.77963     0.70577     0.73035     0.91078     0.44578     0.68519     0.46659           0           0]
[    0.85933     0.90459     0.81855     0.74403           0           0           0           0     0.60225]
[    0.79175     0.75198     0.90711     0.85343           0     0.61081           0           0]
[    0.87748     0.74553     0.66956     0.69647           0     0.80978      0.8936]
[    0.85095     0.78355     0.79841     0.77587     0.82961     0.73351      0.9172      0.7753     0.52756           0     0.60282           0]
[    0.75234     0.59035     0.76386]
[     0.8426      0.7652     0.90685    0.099745     0.10242]
[     0.4427     0.50983           0     0.49039           0]
[    0.87306     0.78277     0.90079     0.77404     0.54817]
[    0.59053]
[     0.8237      0.8953     0.69792     0.48944     0.46889     0.95474           0]
[    0.84856     0.82292     0.84706     0.83576           0           0]
[    0.65182     0.72543     0.75333      0.7975      0.3538           0     0.59057]
[    0.84547     0.91698     0.88307     0.87776     0.42077     0.85221      0.9276     0.57127     0.51136     0.68555     0.55565     0.75386     0.56279     0.81241     0.48692     0.79926      0.7692     0.79228     0.52108     0.76586     0.59566     0.41716     0.42972      0.5382     0.59278     0.23496]
[    0.70625     0.74722     0.88004]
[    0.71532           0           0]
[    0.77994     0.82144     0.77952      0.3555     0.74145      0.4012     0.53224]
[     0.9246     0.71235     0.83637]
[    0.86236     0.85797     0.48078           0]
