[    0.92395           0           0           0]
[    0.86619           0]
[    0.65997     0.32197     0.54329     0.39587     0.23291     0.33208           0           0           0]
[          0     0.67918     0.88412           0           0           0           0           0           0]
[    0.49397           0           0           0           0           0           0           0           0           0           0     0.50099]
[    0.84629     0.64745     0.48548           0           0           0           0]
[    0.57635     0.56362           0           0]
[    0.63329     0.54459     0.10268]
[    0.65237]
[    0.46945           0]
[    0.91198           0]
[    0.66564           0           0           0           0           0           0           0           0           0           0           0           0           0           0           0]
[     0.7274           0           0]
[    0.87146           0           0           0           0           0           0           0           0           0           0           0     0.84636           0           0           0           0           0           0           0]
[    0.82097           0           0]
[    0.90461           0           0           0]
[    0.79577           0           0]
[    0.35022     0.24528           0           0           0           0]
[    0.97542           0]
[    0.86082           0           0     0.64135           0           0           0           0           0           0           0]
[    0.92017      0.9137           0]
[    0.84654     0.86699           0           0           0           0           0           0]
[    0.59584           0           0           0           0           0           0           0           0           0           0           0           0           0]
[    0.90104           0     0.85814           0           0]
[    0.65248     0.41363     0.40646     0.45568           0]
[    0.79439           0           0]
[    0.58634           0           0]
[    0.91795           0           0           0           0           0           0           0]
[    0.89472           0           0           0]
[    0.80163           0           0           0           0           0           0           0           0]
[    0.62073     0.23192]
[    0.92292           0           0           0           0           0           0           0           0           0           0           0]
[    0.59881     0.62721           0           0]
[    0.81501           0]
[    0.70623     0.72311]
[    0.91871           0           0]
[     0.7784           0           0           0           0           0           0           0           0           0           0]
[    0.51832           0]
[    0.86483]
[    0.85992           0     0.88271           0]
[     0.8851           0           0           0     0.53141           0           0           0           0           0           0           0           0           0           0           0           0           0]
[     0.9415           0           0]
[    0.80289     0.64941           0]
[    0.92913           0           0           0           0           0           0           0     0.82036           0           0           0           0           0           0           0           0           0           0]
[    0.71505           0           0           0           0           0           0           0           0           0           0           0           0           0           0           0           0           0           0           0           0           0           0           0           0     0.69168
           0           0           0           0           0           0]
[      0.755           0           0    0.056775     0.63347           0           0           0]
[    0.81818           0    0.030346           0]
[    0.52083           0           0           0           0           0           0           0           0           0           0           0           0           0           0           0           0           0]
[    0.64586           0           0           0           0]
[    0.64173     0.31966     0.43187]
[    0.77671           0           0]
[    0.84386     0.92241           0     0.68569           0]
[    0.91562     0.50668]
[      0.796           0           0           0    0.053667           0           0           0           0           0           0           0           0           0]
[     0.9428           0           0           0]
[    0.84437]
[    0.88196           0           0           0           0           0]
[     0.5715           0           0           0           0]
[    0.96923           0           0]
[    0.64373           0           0           0           0]
[    0.88904           0           0           0]
[       0.92     0.72402           0]
[    0.83858     0.57671           0           0           0           0           0]
[    0.81754     0.51945           0]
[    0.71588     0.78935     0.87541     0.86481]
[    0.86075           0           0           0           0           0           0           0     0.57567           0           0           0     0.37495       0.884           0]
[    0.79612     0.78741           0           0]
[    0.84022     0.41332           0           0]
[     0.9129           0           0]
[    0.64543           0           0           0]
[    0.82967           0]
[    0.93723]
[    0.91118           0           0]
[    0.85711    0.043167]
[    0.86024           0           0           0]
[    0.82418           0     0.41681           0           0]
[    0.53409           0           0           0           0           0           0           0]
[    0.78621           0     0.49148]
[    0.85772           0           0           0     0.11522           0           0     0.66935]
[    0.63931     0.54094           0           0           0           0]
[    0.78985           0           0           0           0           0           0           0           0           0           0           0           0           0           0           0           0           0           0]
[    0.63243           0           0]
[    0.81525           0           0]
[    0.75823     0.71208     0.71969     0.52644           0           0           0]
[    0.90054           0           0           0           0           0           0           0           0           0           0           0           0           0           0           0]
[    0.79829]
[    0.63525           0           0           0           0           0           0           0           0           0           0           0           0           0           0           0           0           0           0           0           0           0           0           0           0]
[    0.80738           0]
[    0.88984           0           0]
[    0.91843           0           0           0           0           0]
[    0.78158]
[    0.53038      0.5799        0.52]
[    0.80497     0.86695     0.54041     0.43488]
[    0.78352     0.81459     0.79974           0           0]
[    0.80264     0.95619           0           0           0           0           0           0           0           0           0           0     0.46928           0           0]
[    0.80303           0           0     0.78957]
[     0.6113           0           0           0           0           0           0           0           0           0           0           0           0           0           0           0           0           0     0.67102           0           0           0           0           0]
[     0.7355           0           0           0]
[    0.85042     0.85071]
[          0     0.64146           0           0           0           0           0]
