     0/299     7.81G      8.05      31.8         0      39.8        23       608         0         0  0.000764         0       7.2      2.14         0
     1/299     7.81G      6.45       2.3         0      8.74        19       608         0         0  0.000933         0      5.95      2.14         0
     2/299     7.81G      5.79      2.23         0      8.02        20       608         0         0    0.0245         0      5.39      1.72         0
     3/299     7.81G      5.03      1.83         0      6.87        18       608         0         0    0.0669         0      4.87      1.44         0
     4/299     7.81G      4.78      1.41         0      6.19        21       608    0.0969     0.126    0.0646      0.11      5.48      1.24         0
     5/299     7.81G      4.89      1.36         0      6.26        22       608     0.448   0.00472     0.128   0.00934      4.54      1.24         0
     6/299     7.81G      4.54       1.2         0      5.74        26       608     0.268     0.274     0.168     0.271      4.75       1.1         0
     7/299     7.81G      4.69       1.1         0      5.79        25       608    0.0307    0.0211    0.0962     0.025      5.35      1.09         0
     8/299     7.81G      4.52      1.07         0      5.59        25       608     0.805    0.0435     0.416    0.0826      4.03      1.01         0
     9/299     7.81G      4.38      1.06         0      5.44        18       608     0.533     0.121     0.264     0.197      4.86     0.901         0
    10/299     7.81G      4.66      1.04         0       5.7        21       608         1   0.00526      0.19    0.0105      4.78      1.14         0
    11/299     7.81G      4.27     0.995         0      5.26        26       608     0.792    0.0789     0.291     0.144      4.29     0.949         0
    12/299     7.81G      4.09     0.861         0      4.95        14       608      0.65     0.264     0.388     0.375      4.18     0.905         0
    13/299     7.81G      3.94     0.921         0      4.86        20       608     0.864     0.167      0.55     0.279      4.03     0.811         0
    14/299     7.81G      4.05     0.894         0      4.94        24       608     0.842     0.184     0.509     0.302      4.09     0.824         0
    15/299     7.81G      4.47     0.784         0      5.25        17       608         0         0     0.018         0      5.92      2.08         0
    16/299     7.81G      4.66     0.923         0      5.58        18       608         0         0    0.0182         0      6.28      0.98         0
    17/299     7.81G      4.02     0.948         0      4.96        16       608     0.683     0.159     0.343     0.258      4.78      0.69         0
    18/299     7.81G      4.15     0.811         0      4.96        22       608     0.619     0.105     0.276      0.18      4.35     0.821         0
    19/299     7.81G      3.86     0.849         0      4.71        21       608     0.167      0.13     0.204     0.146      4.67      1.36         0
    20/299     7.81G      4.54      0.73         0      5.27        19       608         1   0.00526     0.372    0.0105      4.87     0.745         0
    21/299     7.81G      4.06     0.799         0      4.85        18       608     0.936    0.0765     0.253     0.141      4.66     0.877         0
    22/299     7.81G      3.95     0.813         0      4.76        19       608     0.588    0.0895     0.227     0.155      4.86     0.767         0
    23/299     7.81G      3.54     0.832         0      4.38        21       608     0.896     0.182     0.575     0.302      3.69     0.795         0
    24/299     7.81G      3.73     0.675         0      4.41        18       608         1    0.0725     0.584     0.135      3.85     0.791         0
    25/299     7.81G       3.6     0.802         0       4.4        19       608     0.867     0.344     0.627     0.493      3.81      0.71         0
    26/299     7.81G      3.57     0.712         0      4.28        23       608     0.642     0.368     0.499     0.468      3.84     0.696         0
    27/299     7.81G      3.58     0.734         0      4.31        28       608     0.837     0.537     0.681     0.654      3.69     0.698         0
    28/299     7.81G      3.67     0.698         0      4.37        12       608      0.97     0.169     0.707     0.288      3.72     0.719         0
    29/299     7.81G      3.36      0.71         0      4.07        21       608      0.78     0.541     0.697     0.639      3.44     0.695         0
    30/299     7.81G      3.42     0.712         0      4.13        24       608     0.881      0.35     0.751     0.501      3.67     0.665         0
    31/299     7.81G      3.61     0.666         0      4.28        23       608         1     0.178       0.7     0.303      3.61     0.691         0
    32/299     7.81G      3.16     0.779         0      3.94        22       608     0.753     0.647     0.736     0.696      3.39     0.674         0
    33/299     7.81G      3.23     0.755         0      3.98        18       608     0.903     0.394     0.694     0.548      3.44     0.683         0
    34/299     7.81G      3.29     0.677         0      3.96        22       608     0.825     0.563     0.726     0.669      3.47     0.655         0
    35/299     7.81G      3.13     0.633         0      3.76        18       608     0.875     0.443     0.673     0.588      3.65     0.663         0
    36/299     7.81G      3.14      0.61         0      3.75        15       608     0.789     0.595      0.69     0.678      3.51     0.623         0
    37/299     7.81G      3.01     0.632         0      3.64        19       608     0.771     0.586     0.701     0.666      3.47     0.653         0
    38/299     7.81G      3.08     0.624         0      3.71        21       608     0.814     0.576     0.693     0.674      3.35     0.643         0
    39/299     7.81G      2.95     0.647         0       3.6        19       608     0.757     0.706     0.741      0.73      3.39     0.608         0
    40/299     7.81G      2.92     0.622         0      3.54        19       608     0.864     0.634     0.786     0.732       3.7      0.56         0
    41/299     7.81G      3.21     0.613         0      3.83        20       608     0.822      0.56     0.735     0.667      3.67     0.606         0
    42/299     7.81G      2.91     0.591         0       3.5        21       608       0.8     0.611     0.691     0.693      3.94     0.556         0
    43/299     7.81G      3.05     0.577         0      3.62        18       608     0.779     0.684     0.756     0.729      3.56     0.571         0
    44/299     7.81G      2.68      0.61         0      3.29        14       608     0.767     0.815     0.822     0.791      3.52     0.564         0
    45/299     7.81G      2.84     0.519         0      3.36        17       608     0.725     0.711     0.747     0.718      3.84     0.556         0
    46/299     7.81G      2.71     0.578         0      3.29        21       608     0.825      0.77     0.797     0.797      3.51     0.527         0
    47/299     7.81G      2.86     0.513         0      3.38        19       608     0.779     0.753     0.783     0.766      3.54     0.534         0
    48/299     7.81G      2.94      0.56         0       3.5        17       608      0.88      0.62     0.793     0.727       3.4     0.591         0
    49/299     7.81G      2.62     0.604         0      3.22        19       608     0.861     0.618     0.774      0.72      3.46     0.595         0
    50/299     7.81G      2.67     0.507         0      3.17        16       608     0.783     0.747     0.781     0.765      3.68     0.558         0
    51/299     7.81G      2.84     0.523         0      3.36        16       608     0.902      0.34     0.712     0.494      3.73     0.595         0
    52/299     7.81G      2.67     0.532         0       3.2        19       608     0.812     0.311     0.571     0.449      4.17      0.59         0
    53/299     7.81G      2.91     0.496         0      3.41        24       608     0.836     0.483     0.626     0.612      3.69     0.625         0
    54/299     7.81G      2.38     0.529         0      2.91        21       608     0.762     0.624     0.665     0.686      3.52     0.585         0
    55/299     7.81G      2.54      0.48         0      3.02        16       608     0.807     0.749     0.793     0.777      3.32     0.509         0
    56/299     7.81G      2.66     0.479         0      3.13        22       608     0.808     0.798     0.819     0.803      3.32     0.492         0
    57/299     7.81G      2.49     0.462         0      2.95        21       608     0.807     0.768     0.813     0.787      3.52     0.477         0
    58/299     7.81G      2.69      0.48         0      3.17        23       608     0.859     0.684     0.799     0.762      3.39     0.496         0
    59/299     7.81G      2.58     0.489         0      3.07        22       608     0.853     0.611     0.782     0.712       3.3     0.512         0
    60/299     7.81G      2.67     0.489         0      3.16        24       608     0.911     0.594     0.762      0.72      3.35     0.557         0
    61/299     7.81G      2.37     0.468         0      2.84        24       608      0.83     0.693     0.756     0.755      3.31     0.509         0
    62/299     7.81G      2.43     0.472         0      2.91        24       608     0.807     0.695     0.769     0.746      3.38     0.486         0
    63/299     7.81G      2.46     0.412         0      2.87        19       608     0.847     0.727     0.793     0.783      3.44     0.467         0
    64/299     7.81G      2.56     0.443         0         3        22       608     0.836     0.763     0.831     0.798      3.35     0.463         0
    65/299     7.81G      2.48     0.453         0      2.93        21       608     0.784     0.744     0.798     0.763      3.27     0.476         0
    66/299     7.81G      2.35      0.45         0       2.8        23       608     0.795     0.784     0.818      0.79      3.58     0.477         0
    67/299     7.81G      2.38     0.467         0      2.85        15       608     0.815     0.789     0.825     0.802      3.32     0.475         0
    68/299     7.81G       2.4     0.429         0      2.83        23       608     0.825     0.732     0.786     0.775      3.45     0.491         0
    69/299     7.81G      2.39     0.426         0      2.82        22       608      0.85     0.758     0.826     0.802      3.36     0.487         0
    70/299     7.81G      2.55     0.388         0      2.94        17       608     0.863     0.726     0.802     0.789      3.38     0.522         0
    71/299     7.81G      2.25     0.415         0      2.67        14       608     0.818     0.758     0.771     0.787      3.26     0.541         0
    72/299     7.81G      2.28     0.476         0      2.75        17       608     0.829     0.763     0.777     0.794      3.21     0.528         0
    73/299     7.81G      2.04     0.409         0      2.44        15       608     0.815     0.784     0.799     0.799      3.24     0.491         0
    74/299     7.81G       2.2     0.408         0      2.61        19       608     0.824     0.788     0.795     0.806      3.33     0.492         0
    75/299     7.81G      2.28     0.393         0      2.67        23       608     0.835     0.745     0.772     0.788      3.36     0.513         0
    76/299     7.81G      2.22     0.441         0      2.66        22       608     0.879     0.721     0.799     0.792      3.25     0.501         0
    77/299     7.81G      2.19     0.399         0      2.59        19       608     0.804     0.801      0.81     0.803      3.33     0.463         0
    78/299     7.81G      2.47     0.377         0      2.85        19       608     0.824     0.679     0.746     0.745      3.32     0.566         0
    79/299     7.81G      2.42     0.442         0      2.86        20       608     0.791     0.758     0.757     0.774      3.41     0.538         0
    80/299     7.81G      2.18     0.393         0      2.57        23       608     0.767     0.779     0.776     0.773      3.33     0.499         0
    81/299     7.81G      2.14     0.395         0      2.53        21       608     0.807     0.747     0.752     0.776      3.29     0.479         0
    82/299     7.81G      2.16     0.393         0      2.55        26       608     0.834     0.737     0.776     0.782      3.21     0.476         0
    83/299     7.81G      1.89     0.422         0      2.31        15       608     0.746     0.747     0.765     0.747      3.22     0.462         0
    84/299     7.81G      2.21     0.347         0      2.56        20       608     0.816     0.695     0.774      0.75      3.26     0.473         0
    85/299     7.81G      2.05     0.405         0      2.45        20       608     0.822     0.731     0.785     0.774      3.28     0.491         0
    86/299     7.81G      2.05     0.374         0      2.43        23       608     0.765     0.721     0.734     0.742      3.47     0.516         0
    87/299     7.81G      2.02     0.376         0      2.39        23       608     0.763      0.73     0.754     0.747       3.3     0.521         0
    88/299     7.81G      2.19     0.401         0      2.59        24       608     0.813     0.768      0.78      0.79      3.35     0.506         0
    89/299     7.81G      2.12     0.407         0      2.53        17       608     0.794     0.708     0.732     0.748      3.28     0.517         0
    90/299     7.81G      2.12     0.373         0       2.5        16       608     0.821     0.726     0.777     0.771      3.26     0.506         0
    91/299     7.81G      2.04     0.374         0      2.41        19       608     0.796     0.763     0.764     0.779       3.4     0.501         0
    92/299     7.81G      2.08     0.366         0      2.44        20       608     0.802     0.774     0.773     0.788       3.3     0.497         0
    93/299     7.81G      1.96      0.37         0      2.33        20       608     0.768     0.821     0.775     0.794      3.22     0.479         0
    94/299     7.81G      2.13     0.348         0      2.48        16       608     0.808     0.732     0.761     0.768      3.41     0.494         0
    95/299     7.81G      1.81     0.363         0      2.17        20       608     0.802     0.745     0.764     0.772      3.27     0.485         0
    96/299     7.81G      1.95     0.346         0      2.29        23       608     0.776     0.768     0.762     0.772       3.4      0.47         0
    97/299     7.81G      1.97      0.33         0       2.3        20       608     0.785     0.774     0.778     0.779      3.35     0.503         0
    98/299     7.81G      2.01     0.376         0      2.38        20       608     0.795     0.721     0.747     0.756      3.43     0.512         0
    99/299     7.81G      2.06     0.341         0       2.4        23       608      0.84     0.737     0.752     0.785       3.3     0.526         0
   100/299     7.81G      1.83     0.352         0      2.18        24       608     0.807     0.779     0.781     0.793      3.33     0.496         0
   101/299     7.81G      1.93     0.337         0      2.27        11       608     0.847     0.768     0.797     0.806      3.21     0.497         0
   102/299     7.81G       1.8     0.359         0      2.16        20       608     0.809     0.782     0.795     0.795      3.21     0.493         0
   103/299     7.81G      2.03     0.331         0      2.36        15       608     0.841     0.752     0.792     0.794      3.24     0.496         0
   104/299     7.81G      1.84     0.349         0      2.19        20       608     0.833     0.738       0.8     0.783      3.13      0.52         0
   105/299     7.81G      1.71     0.349         0      2.06        18       608     0.812      0.75     0.789      0.78      3.27     0.503         0
   106/299     7.81G      1.87     0.337         0       2.2        20       608     0.851     0.784     0.818     0.816       3.2      0.48         0
   107/299     7.81G      1.84     0.331         0      2.18        20       608     0.845     0.777     0.802      0.81      3.13     0.477         0
   108/299     7.81G      1.66     0.336         0         2        19       608      0.82     0.784     0.795     0.802      3.24     0.481         0
   109/299     7.81G      1.86     0.338         0       2.2        26       608     0.815     0.743     0.791     0.777      3.25     0.494         0
   110/299     7.81G      1.75      0.32         0      2.07        19       608     0.808     0.789     0.784     0.799      3.28     0.498         0
   111/299     7.81G      1.91     0.332         0      2.25        23       608     0.817     0.798      0.78     0.807      3.34     0.517         0
   112/299     7.81G      1.74     0.314         0      2.06        17       608     0.816     0.784     0.762       0.8      3.29     0.506         0
   113/299     7.81G      1.59     0.315         0       1.9        13       608     0.849     0.828     0.844     0.838      3.23     0.496         0
   114/299     7.81G      1.94     0.306         0      2.25        21       608     0.824      0.74     0.791      0.78      3.36     0.504         0
   115/299     7.81G      1.73     0.316         0      2.04        26       608     0.825     0.722     0.764      0.77      3.36     0.523         0
   116/299     7.81G      1.74     0.318         0      2.06        17       608     0.826     0.784     0.781     0.805      3.32     0.506         0
   117/299     7.81G      1.77     0.343         0      2.12        22       608     0.829     0.713     0.745     0.766      3.32     0.525         0
   118/299     7.81G       1.6     0.316         0      1.91        19       608     0.841     0.753     0.792     0.794      3.21     0.498         0
   119/299     7.81G      1.74     0.293         0      2.03        18       608     0.816     0.793     0.788     0.804      3.24     0.481         0
   120/299     7.81G      1.58     0.303         0      1.88        26       608     0.824     0.763     0.783     0.793      3.13     0.504         0
   121/299     7.81G      1.75     0.321         0      2.07        22       608     0.822     0.775     0.778     0.798      3.16      0.49         0
   122/299     7.81G      1.71     0.315         0      2.03        27       608     0.825     0.795     0.801      0.81      3.26     0.496         0
   123/299     7.81G      1.76     0.299         0      2.06        21       608     0.814       0.8     0.784     0.807      3.29     0.499         0
   124/299     7.81G      1.58     0.304         0      1.89        19       608     0.809     0.779     0.782     0.794      3.28     0.521         0
   125/299     7.81G      1.51     0.309         0      1.82        20       608     0.826     0.789     0.776     0.807      3.24     0.517         0
   126/299     7.81G      1.52     0.269         0      1.79        16       608     0.852     0.756     0.778     0.801      3.31     0.523         0
   127/299     7.81G      1.58     0.309         0      1.88        18       608     0.831     0.752     0.788      0.79      3.31     0.518         0
   128/299     7.81G       1.5     0.285         0      1.78        25       608     0.787     0.757     0.772     0.771      3.28     0.504         0
   129/299     7.81G      1.46     0.287         0      1.75        17       608     0.824     0.805     0.804     0.814      3.23     0.494         0
   130/299     7.81G      1.59     0.286         0      1.88        19       608     0.827      0.78      0.78     0.803      3.26     0.503         0
   131/299     7.81G      1.51     0.269         0      1.78        22       608     0.813     0.784     0.783     0.798      3.26     0.511         0
   132/299     7.81G      1.64     0.298         0      1.94        18       608     0.818     0.779     0.771     0.798      3.32     0.516         0
   133/299     7.81G      1.63     0.294         0      1.92        22       608     0.837     0.768      0.77     0.801      3.35     0.515         0
   134/299     7.81G      1.47     0.277         0      1.75        18       608     0.821     0.789      0.79     0.805      3.31     0.507         0
   135/299     7.81G       1.4     0.272         0      1.68        12       608     0.829     0.795     0.801     0.812      3.25     0.498         0
   136/299     7.81G      1.58      0.27         0      1.85        22       608     0.836      0.78     0.786     0.807      3.29     0.499         0
   137/299     7.81G      1.46     0.287         0      1.74        24       608     0.848     0.796     0.825     0.821      3.31     0.501         0
   138/299     7.81G      1.52     0.254         0      1.78        21       608     0.824     0.805     0.805     0.815       3.3      0.49         0
   139/299     7.81G      1.44     0.257         0       1.7        27       608     0.828     0.795     0.812     0.811      3.25     0.499         0
   140/299     7.81G      1.43     0.297         0      1.73        15       608     0.829     0.784     0.789     0.806      3.23     0.497         0
   141/299     7.81G      1.39      0.26         0      1.65        23       608     0.844     0.768     0.792     0.804      3.22     0.494         0
   142/299     7.81G      1.49     0.251         0      1.74        19       608     0.859     0.772     0.803     0.814      3.16     0.503         0
   143/299     7.81G      1.43     0.294         0      1.73        15       608     0.836     0.763     0.777     0.798       3.2     0.518         0
   144/299     7.81G      1.39     0.302         0      1.69        15       608     0.814     0.759     0.777     0.785      3.22     0.534         0
   145/299     7.81G      1.53      0.27         0       1.8        21       608     0.851     0.753     0.795     0.799       3.2     0.543         0
   146/299     7.81G      1.31     0.273         0      1.58        20       608     0.837     0.758     0.795     0.796      3.19     0.541         0
   147/299     7.81G      1.35     0.247         0       1.6        27       608      0.81     0.762     0.788     0.785      3.14     0.533         0
   148/299     7.81G      1.36     0.266         0      1.63        16       608     0.837     0.786     0.827     0.811      3.19     0.551         0
   149/299     7.81G      1.36     0.263         0      1.63        20       608     0.834     0.795     0.824     0.814      3.22     0.542         0
   150/299     7.81G      1.39     0.246         0      1.63        21       608     0.828     0.774     0.801       0.8      3.24     0.558         0
   151/299     7.81G      1.35     0.255         0       1.6        28       608     0.838     0.764      0.79       0.8      3.29      0.57         0
   152/299     7.81G      1.35     0.268         0      1.62        29       608     0.834     0.743     0.773     0.786      3.29      0.56         0
   153/299     7.81G      1.29     0.269         0      1.56        25       608     0.837     0.774     0.804     0.804      3.27     0.537         0
   154/299     7.81G      1.22     0.244         0      1.47        16       608     0.832       0.8     0.813     0.816      3.26      0.52         0
   155/299     7.81G       1.3     0.267         0      1.57        15       608     0.828       0.8     0.801     0.814       3.3     0.515         0
   156/299     7.81G      1.22     0.233         0      1.46        20       608     0.824     0.774     0.789     0.798       3.2     0.506         0
   157/299     7.81G      1.31     0.239         0      1.55        18       608      0.86     0.778     0.789     0.817      3.19     0.511         0
   158/299     7.81G      1.32     0.249         0      1.57        23       608     0.831     0.775     0.775     0.802      3.25     0.528         0
   159/299     7.81G       1.3     0.247         0      1.55        22       608     0.824     0.784     0.796     0.804      3.23     0.534         0
   160/299     7.81G      1.25     0.226         0      1.47        26       608     0.807     0.779     0.797     0.793      3.14     0.531         0
   161/299     7.81G      1.28     0.237         0      1.52        16       608     0.817     0.784     0.792       0.8      3.16      0.53         0
   162/299     7.81G      1.18     0.228         0      1.41        29       608     0.822     0.779     0.798       0.8      3.17     0.528         0
   163/299     7.81G       1.2     0.236         0      1.44        23       608     0.809     0.757     0.765     0.782      3.24      0.53         0
   164/299     7.81G       1.2     0.238         0      1.44        19       608     0.842     0.774     0.804     0.806      3.21     0.527         0
   165/299     7.81G      1.23     0.235         0      1.46        23       608     0.816     0.746     0.763     0.779      3.25     0.546         0
   166/299     7.81G      1.22     0.229         0      1.45        22       608     0.797     0.763     0.772     0.779      3.18     0.543         0
   167/299     7.81G      1.24     0.265         0      1.51        27       608     0.838     0.784     0.801      0.81      3.24     0.556         0
   168/299     7.81G      1.18     0.228         0      1.41        27       608     0.834     0.794     0.798     0.814      3.26     0.537         0
   169/299     7.81G       1.2     0.233         0      1.44        14       608       0.8     0.778     0.772     0.788      3.17     0.528         0
   170/299     7.81G      1.25     0.268         0      1.52        17       608     0.769     0.789     0.761     0.779      3.19      0.53         0
   171/299     7.81G      1.16     0.248         0      1.41        21       608     0.792     0.805     0.791     0.799      3.27     0.539         0
   172/299     7.81G      1.15      0.24         0      1.39        24       608     0.792     0.789     0.785     0.791      3.21     0.544         0
   173/299     7.81G      1.15     0.229         0      1.38        18       608     0.814     0.811     0.806     0.812      3.23     0.541         0
   174/299     7.81G      1.13     0.222         0      1.35        19       608     0.821     0.805     0.812     0.813      3.23     0.547         0
   175/299     7.81G      1.18     0.228         0       1.4        23       608     0.836     0.805     0.811      0.82      3.21     0.565         0
   176/299     7.81G      1.13     0.237         0      1.37        18       608     0.808     0.784     0.795     0.796       3.2     0.566         0
   177/299     7.81G       1.1     0.225         0      1.32        15       608     0.798     0.795     0.789     0.796      3.19     0.546         0
   178/299     7.81G      1.13     0.207         0      1.33        21       608     0.798     0.789     0.791     0.794      3.23     0.531         0
   179/299     7.81G      1.12     0.222         0      1.34        15       608     0.832     0.779     0.781     0.804      3.19     0.535         0
   180/299     7.81G      1.03     0.223         0      1.26        24       608     0.839     0.779     0.781     0.808      3.17     0.531         0
   181/299     7.81G      1.07     0.223         0      1.29        19       608     0.819     0.789     0.776     0.804      3.18     0.528         0
   182/299     7.81G      1.14     0.219         0      1.36        21       608     0.824       0.8     0.806     0.812      3.23     0.532         0
   183/299     7.81G      1.17     0.216         0      1.39        12       608      0.84     0.811      0.81     0.825      3.21     0.548         0
   184/299     7.81G      1.09     0.231         0      1.32        21       608     0.819     0.784     0.795     0.801      3.22     0.568         0
   185/299     7.81G      0.99     0.222         0      1.21        22       608     0.827     0.784     0.806     0.805      3.18     0.564         0
   186/299     7.81G      1.05     0.229         0      1.28        20       608     0.817     0.789     0.803     0.803      3.18     0.559         0
   187/299     7.81G      1.07     0.216         0      1.28        14       608     0.821     0.784     0.812     0.802      3.16     0.567         0
   188/299     7.81G      1.09     0.209         0       1.3        17       608     0.844     0.771       0.8     0.806      3.18     0.572         0
   189/299     7.81G      1.11      0.21         0      1.32        24       608      0.85     0.775     0.802     0.811      3.18     0.562         0
   190/299     7.81G      1.01     0.206         0      1.21        21       608     0.829     0.768     0.792     0.798      3.19      0.56         0
   191/299     7.81G      1.01     0.211         0      1.22        23       608     0.819     0.768     0.788     0.793      3.16      0.56         0
   192/299     7.81G      1.04     0.202         0      1.25        20       608     0.816     0.789     0.795     0.803      3.18     0.548         0
   193/299     7.81G         1     0.206         0      1.21        21       608     0.822     0.804     0.819     0.813      3.17     0.544         0
   194/299     7.81G     0.988     0.214         0       1.2        20       608     0.812     0.795     0.816     0.803      3.14     0.543         0
   195/299     7.81G         1     0.221         0      1.22        20       608     0.811     0.784     0.809     0.797      3.14     0.539         0
   196/299     7.81G     0.982      0.22         0       1.2        16       608     0.812     0.775     0.793     0.793      3.17     0.538         0
   197/299     7.81G         1     0.223         0      1.23        25       608     0.812     0.773     0.793     0.792      3.19     0.544         0
   198/299     7.81G     0.933      0.23         0      1.16        29       608     0.828     0.784     0.817     0.806      3.15     0.559         0
   199/299     7.81G     0.974     0.198         0      1.17        19       608     0.844     0.795     0.826     0.819      3.18     0.566         0
   200/299     7.81G      0.97     0.215         0      1.18        17       608     0.815       0.8     0.808     0.808       3.2     0.565         0
   201/299     7.81G     0.943     0.186         0      1.13        20       608     0.829     0.811     0.815      0.82      3.23     0.564         0
   202/299     7.81G      0.98     0.193         0      1.17        23       608     0.828       0.8     0.809     0.814      3.19     0.564         0
   203/299     7.81G     0.963     0.192         0      1.16        20       608     0.811     0.816     0.827     0.813       3.2     0.569         0
   204/299     7.81G     0.874     0.188         0      1.06        24       608     0.824     0.826     0.839     0.825      3.19     0.572         0
   205/299     7.81G     0.955     0.193         0      1.15        24       608     0.806     0.816     0.816     0.811      3.19     0.576         0
   206/299     7.81G     0.959     0.194         0      1.15        19       608     0.821     0.811     0.818     0.816      3.19      0.58         0
   207/299     7.81G     0.892     0.193         0      1.08        20       608     0.835     0.799     0.799     0.817      3.18     0.577         0
   208/299     7.81G     0.901     0.191         0      1.09        19       608     0.822     0.805     0.793     0.813      3.19     0.573         0
   209/299     7.81G     0.936     0.195         0      1.13        23       608     0.836     0.795     0.795     0.815      3.14     0.581         0
   210/299     7.81G      0.88       0.2         0      1.08        17       608     0.838     0.805     0.813     0.821      3.15      0.58         0
   211/299     7.81G      0.89     0.201         0      1.09        19       608     0.834       0.8     0.809     0.816      3.15     0.571         0
   212/299     7.81G     0.845     0.184         0      1.03        20       608     0.828     0.805     0.806     0.817      3.16     0.564         0
   213/299     7.81G     0.841     0.181         0      1.02        18       608     0.809     0.816     0.813     0.812      3.15     0.566         0
   214/299     7.81G     0.875      0.18         0      1.06        16       608     0.815     0.821      0.82     0.818      3.16     0.572         0
   215/299     7.81G     0.876     0.197         0      1.07        18       608     0.808     0.816     0.811     0.812      3.15     0.581         0
   216/299     7.81G      0.89     0.207         0       1.1        23       608       0.8       0.8     0.789       0.8      3.19     0.587         0
   217/299     7.81G     0.866     0.186         0      1.05        17       608     0.816     0.811     0.804     0.813      3.23     0.588         0
   218/299     7.81G     0.842      0.19         0      1.03        19       608     0.832     0.807     0.824     0.819      3.25     0.592         0
   219/299     7.81G     0.836     0.197         0      1.03        15       608     0.839     0.793     0.828     0.815      3.24     0.592         0
   220/299     7.81G     0.861     0.193         0      1.05        20       608     0.849     0.799     0.831     0.823      3.24      0.59         0
   221/299     7.81G     0.837     0.172         0      1.01        19       608      0.82     0.795     0.808     0.807      3.24     0.585         0
   222/299     7.81G     0.846     0.176         0      1.02        22       608     0.802     0.789     0.798     0.795      3.24     0.583         0
   223/299     7.81G     0.821     0.193         0      1.01        20       608     0.799     0.784     0.795     0.792      3.27     0.587         0
   224/299     7.81G     0.812     0.168         0     0.981        15       608     0.805     0.789     0.799     0.797      3.25     0.591         0
   225/299     7.81G     0.831     0.173         0         1        17       608     0.801     0.795     0.802     0.798      3.26     0.588         0
   226/299     7.81G     0.812     0.189         0         1        24       608     0.812     0.795     0.802     0.803      3.24     0.587         0
   227/299     7.81G     0.798     0.176         0     0.974        18       608     0.793     0.795     0.806     0.794      3.21     0.585         0
   228/299     7.81G     0.812     0.167         0     0.979        22       608     0.818     0.804     0.818     0.811      3.21     0.588         0
   229/299     7.81G     0.813     0.171         0     0.985        18       608     0.811     0.789     0.813       0.8      3.21     0.596         0
   230/299     7.81G     0.794     0.175         0     0.968        22       608     0.831     0.795      0.82     0.812      3.19     0.602         0
   231/299     7.81G     0.786     0.185         0     0.972        22       608     0.821     0.805     0.818     0.813       3.2      0.61         0
   232/299     7.81G     0.823     0.181         0         1        22       608     0.805     0.789     0.807     0.797       3.2     0.615         0
   233/299     7.81G     0.818      0.19         0      1.01        16       608      0.79     0.789     0.799      0.79      3.18     0.612         0
   234/299     7.81G     0.784     0.175         0     0.959        18       608     0.784     0.811     0.812     0.797      3.18     0.604         0
   235/299     7.81G     0.817     0.185         0         1        37       608      0.79     0.816     0.813     0.803      3.19     0.601         0
   236/299     7.81G     0.753     0.162         0     0.915        16       608     0.798     0.816     0.825     0.807       3.2     0.597         0
   237/299     7.81G     0.831     0.176         0      1.01        12       608     0.799     0.816     0.836     0.807      3.21     0.596         0
   238/299     7.81G      0.79     0.172         0     0.963        12       608     0.805     0.816     0.836      0.81      3.22     0.596         0
   239/299     7.81G     0.729     0.159         0     0.888        19       608     0.826     0.811     0.831     0.818      3.22     0.596         0
   240/299     7.81G     0.781     0.173         0     0.954        17       608     0.831     0.805     0.821     0.818      3.24     0.596         0
   241/299     7.81G     0.744     0.176         0     0.921        16       608     0.834     0.795      0.81     0.814      3.24     0.596         0
   242/299     7.81G     0.727     0.164         0     0.891        15       608     0.824     0.788     0.818     0.805      3.24     0.598         0
   243/299     7.81G     0.769     0.157         0     0.926        21       608     0.815      0.79     0.807     0.802      3.24     0.602         0
   244/299     7.81G     0.747     0.185         0     0.932        22       608     0.816     0.805     0.822      0.81      3.26     0.604         0
   245/299     7.81G      0.74     0.176         0     0.917        17       608     0.815      0.81     0.825     0.812      3.26     0.604         0
   246/299     7.81G     0.761     0.171         0     0.932        21       608     0.804     0.805     0.817     0.805      3.27      0.61         0
   247/299     7.81G     0.764      0.17         0     0.934        17       608      0.81     0.816     0.823     0.813      3.26      0.61         0
   248/299     7.81G     0.758     0.166         0     0.925        25       608     0.796     0.789     0.802     0.793      3.26     0.606         0
   249/299     7.81G     0.787     0.183         0     0.969        18       608       0.8     0.795     0.803     0.797      3.26     0.605         0
   250/299     7.81G     0.741     0.163         0     0.905        16       608     0.805     0.801     0.805     0.803      3.26     0.605         0
   251/299     7.81G     0.776     0.188         0     0.964        26       608     0.809     0.811     0.815      0.81      3.25     0.606         0
   252/299     7.81G     0.718     0.151         0     0.869        20       608     0.814     0.816     0.819     0.815      3.23     0.605         0
   253/299     7.81G     0.706     0.144         0      0.85        20       608     0.811     0.805     0.821     0.808      3.23     0.607         0
   254/299     7.81G     0.766     0.166         0     0.933        22       608      0.81     0.811      0.82      0.81      3.25     0.608         0
   255/299     7.81G     0.726     0.154         0      0.88        19       608     0.804     0.805     0.818     0.804      3.27     0.606         0
   256/299     7.81G     0.728     0.181         0     0.909        20       608     0.802     0.805     0.814     0.804      3.28     0.605         0
   257/299     7.81G     0.737     0.172         0     0.909        18       608     0.806     0.816     0.817     0.811      3.27     0.602         0
   258/299     7.81G     0.746     0.168         0     0.914        20       608     0.812     0.819     0.824     0.816      3.27     0.602         0
   259/299     7.81G     0.682     0.162         0     0.844        22       608     0.812     0.816     0.824     0.814      3.24     0.603         0
   260/299     7.81G     0.713      0.17         0     0.883        20       608     0.817     0.821     0.825     0.819      3.23     0.609         0
   261/299     7.81G      0.72     0.154         0     0.874        14       608      0.82     0.805     0.819     0.812      3.21     0.614         0
   262/299     7.81G     0.705     0.162         0     0.868        17       608     0.825     0.811     0.822     0.818      3.21     0.617         0
   263/299     7.81G     0.673     0.152         0     0.825        17       608     0.811     0.811     0.809     0.811      3.22     0.616         0
   264/299     7.81G     0.722     0.174         0     0.896        24       608     0.805     0.811     0.803     0.808      3.22     0.615         0
   265/299     7.81G     0.709     0.166         0     0.874        20       608     0.805     0.804     0.815     0.805      3.23     0.612         0
   266/299     7.81G     0.718     0.161         0      0.88        22       608     0.809     0.805     0.815     0.807      3.24      0.61         0
   267/299     7.81G     0.715     0.164         0     0.878        18       608     0.801     0.806     0.816     0.804      3.25      0.61         0
   268/299     7.81G     0.688     0.167         0     0.855        15       608     0.796       0.8     0.806     0.798      3.27     0.609         0
   269/299     7.81G     0.723     0.161         0     0.884        27       608     0.797       0.8     0.805     0.799      3.25     0.606         0
   270/299     7.81G     0.716     0.177         0     0.893        20       608     0.805     0.805     0.807     0.805      3.24     0.606         0
   271/299     7.81G     0.742     0.162         0     0.904        21       608      0.82     0.811     0.811     0.815      3.22     0.607         0
   272/299     7.81G     0.692     0.158         0      0.85        22       608       0.8     0.798     0.799     0.799      3.22     0.609         0
   273/299     7.81G     0.698     0.155         0     0.853        19       608     0.813     0.805     0.817     0.809      3.22     0.612         0
   274/299     7.81G     0.739     0.174         0     0.913        25       608     0.811       0.8     0.804     0.806      3.23     0.617         0
   275/299     7.81G     0.668     0.157         0     0.825        18       608     0.817     0.805     0.818     0.811      3.23     0.619         0
   276/299     7.81G     0.672     0.165         0     0.837        18       608     0.807       0.8     0.805     0.804      3.25     0.623         0
   277/299     7.81G     0.695      0.15         0     0.845        17       608     0.818     0.805     0.801     0.811      3.25     0.623         0
   278/299     7.81G     0.638     0.145         0     0.784        22       608     0.822     0.805     0.808     0.814      3.24     0.621         0
   279/299     7.81G     0.715     0.168         0     0.883        18       608     0.827     0.805     0.807     0.816      3.24     0.624         0
   280/299     7.81G     0.694     0.163         0     0.857        21       608     0.818     0.811     0.821     0.814      3.21     0.622         0
   281/299     7.81G     0.638     0.164         0     0.803        15       608     0.824     0.814     0.824     0.819       3.2      0.62         0
   282/299     7.81G      0.66     0.149         0     0.809        20       608     0.824     0.816     0.824      0.82       3.2     0.617         0
   283/299     7.81G     0.691     0.172         0     0.863        24       608     0.818     0.816     0.824     0.817      3.21     0.613         0
   284/299     7.81G     0.698     0.174         0     0.872        15       608     0.826     0.816     0.823     0.821      3.23     0.615         0
   285/299     7.81G     0.695     0.172         0     0.866        22       608     0.804     0.811     0.817     0.807      3.24     0.617         0
   286/299     7.81G     0.677      0.18         0     0.857        21       608     0.804     0.811     0.818     0.807      3.23     0.617         0
   287/299     7.81G     0.695     0.158         0     0.853        18       608     0.813     0.811     0.813     0.812      3.22     0.617         0
   288/299     7.81G     0.639     0.136         0     0.775        23       608     0.821     0.816     0.827     0.818      3.21     0.616         0
   289/299     7.81G     0.636     0.162         0     0.798        17       608     0.824     0.821     0.827     0.823      3.19     0.614         0
   290/299     7.81G     0.641     0.149         0     0.789        19       608     0.821     0.821     0.829     0.821       3.2     0.616         0
   291/299     7.81G     0.691     0.166         0     0.857        25       608     0.828     0.821     0.827     0.824      3.21     0.615         0
   292/299     7.81G     0.653      0.15         0     0.803        19       608     0.816     0.811      0.81     0.813      3.21     0.614         0
   293/299     7.81G     0.692     0.159         0     0.851        19       608     0.815     0.811     0.807     0.813      3.22     0.617         0
   294/299     7.81G     0.637     0.167         0     0.804        21       608     0.817     0.811     0.807     0.814      3.22     0.616         0
   295/299     7.81G     0.686     0.191         0     0.877        23       608      0.82     0.816     0.823     0.818      3.23     0.617         0
   296/299     7.81G     0.647     0.151         0     0.798        18       608     0.818     0.805     0.808     0.811      3.22     0.619         0
   297/299     7.81G     0.645      0.15         0     0.795        15       608     0.817     0.805     0.807     0.811      3.22      0.62         0
   298/299     7.81G     0.642     0.161         0     0.804        20       608     0.824     0.811     0.822     0.817      3.22      0.62         0
   299/299     7.81G     0.637     0.163         0       0.8        21       608     0.824     0.816     0.823      0.82      3.22     0.621         0
