[    0.81902]
[    0.38604     0.52085           0           0           0           0     0.41481           0           0           0     0.50877]
[    0.72547     0.53805           0           0           0           0     0.14312           0]
[    0.74032           0           0           0           0           0     0.79437]
[    0.76869           0     0.78807           0]
[    0.54788           0           0     0.38348           0           0     0.25713           0           0]
[    0.68165     0.55188     0.60601      0.6022     0.68301]
[    0.72977     0.72516     0.71378           0]
[    0.80386           0]
[    0.37668           0     0.46932           0     0.32588    0.017354     0.44614     0.46349           0]
[    0.76064           0     0.64675           0           0           0           0           0]
[    0.82816]
[    0.72979           0           0           0     0.65234           0]
[    0.59139     0.47844           0           0           0]
[    0.55488     0.52195     0.48427           0           0           0           0           0           0]
[    0.83475     0.67278           0           0           0           0           0]
[    0.69357     0.51223     0.69037     0.60243           0     0.57235]
[    0.32532           0           0           0           0]
[     0.8531           0]
[    0.48202    0.048749     0.45842     0.64835           0           0           0     0.76161     0.22046           0]
[     0.6573     0.67043     0.75862     0.67564           0           0           0           0     0.72517           0           0     0.49021]
[    0.67918           0]
[    0.54632     0.25649      0.3247           0]
[    0.56037     0.61086     0.31209     0.73292           0           0     0.49499]
[    0.63254     0.32088     0.30297     0.58205           0           0           0           0           0           0     0.45993           0           0]
[    0.76287     0.39577           0     0.42605     0.47491           0           0           0     0.79506]
[    0.42861           0           0           0           0           0     0.43639]
[          0     0.64611           0           0           0           0           0           0           0           0           0           0           0]
[    0.81961     0.78943]
[    0.73057           0           0]
[    0.75471           0   0.0060661           0           0           0]
[    0.75137     0.80204           0     0.28063           0           0           0           0]
[    0.87143     0.73141     0.30879     0.43558      0.5743           0           0     0.26057     0.56848]
[    0.86376     0.86257           0           0     0.64753           0]
[    0.76404     0.66246           0           0           0           0           0]
[    0.73498           0           0           0           0           0]
[     0.5025     0.50171     0.73416     0.58595      0.3385           0           0     0.52603           0]
[    0.63112      0.5753           0           0           0]
[    0.85423     0.74299      0.7619     0.53445           0           0     0.63612]
[          0           0           0           0           0           0           0           0           0           0           0     0.37434     0.18827           0]
[    0.61529           0           0]
[    0.45322           0           0           0]
[    0.61311           0           0           0           0           0           0           0           0           0]
[    0.78819           0           0]
[    0.50517           0           0           0           0           0]
[     0.8957     0.62402     0.84452     0.26304           0     0.30826           0]
[    0.69059     0.31301     0.26712           0           0     0.50476           0           0]
[     0.6191]
[   0.053606           0           0           0           0           0]
[    0.67346     0.86867     0.78314           0     0.73184]
[     0.7482     0.70619     0.41649           0     0.61204]
[          0           0           0           0           0           0]
[    0.76119           0           0           0           0           0           0           0           0           0]
[    0.54739     0.59464           0]
[    0.75204     0.86126     0.68576           0]
[    0.69017           0     0.61625           0     0.69308           0           0           0           0           0           0           0           0]
[    0.56591           0           0     0.30811           0           0           0           0           0]
[    0.86015           0           0           0           0           0           0           0           0           0           0           0           0     0.48691           0           0           0]
[    0.81662      0.7445     0.82721     0.62417     0.49865           0     0.60616           0           0           0           0           0           0           0           0           0           0]
[    0.73636       0.443           0           0           0           0]
[    0.57617           0]
[    0.73395     0.68954     0.81637           0     0.61488     0.50089     0.44252     0.54835     0.70158]
[    0.55168           0           0           0           0           0]
[    0.55661      0.5333           0     0.59934]
[    0.74005    0.055866]
[    0.46263      0.6887           0     0.56608           0     0.57361           0      0.4978]
[    0.82904           0     0.66587]
[    0.54027]
[          0           0           0           0           0           0     0.35713           0           0           0           0           0           0           0           0]
[     0.2867     0.44769           0]
[    0.81207           0           0]
[    0.28872     0.33374     0.19231     0.60646      0.5507    0.025752     0.29596           0     0.61874     0.40188     0.23337     0.38244           0     0.39636      0.5493     0.41213     0.37601     0.60409     0.56997]
[    0.89265           0]
[      0.605           0]
[    0.69652           0           0           0           0           0]
[    0.50671     0.63323     0.59368]
[    0.65552           0           0           0]
[      0.882     0.84488     0.58435           0]
[    0.84454     0.84894     0.64588     0.67653      0.5049           0           0           0           0]
[    0.73765     0.78832     0.64547           0           0           0]
[          0           0           0           0     0.32354]
[    0.50517           0           0           0     0.70161           0]
[     0.8444      0.4289     0.67826           0           0]
[    0.93008     0.81409           0           0           0           0]
[    0.49759     0.40631           0     0.55478]
[     0.8733     0.79111     0.84322           0     0.75328]
[    0.54204     0.74012      0.5884     0.61645   0.0089165]
[    0.50327           0           0     0.44251     0.62325           0           0     0.51679           0     0.64423]
[     0.7617     0.74557     0.67744     0.76158     0.59738     0.48877     0.69084]
[    0.55255           0           0           0           0      0.6394           0           0           0           0           0]
[    0.90191     0.88998     0.79825     0.64322           0           0]
[    0.66348     0.76151     0.80669     0.86837     0.81305     0.73719           0]
[     0.5692     0.34442     0.60842     0.53034      0.5274     0.45639     0.50442     0.31687           0           0           0     0.65003           0     0.57059     0.42865           0]
[    0.79469     0.42051           0     0.59727]
[    0.56556           0     0.66866           0]
[    0.67736     0.59944     0.78225     0.68238     0.63672]
[    0.88222     0.78499           0      0.5083           0           0           0           0           0           0           0           0           0           0           0           0]
[    0.82289     0.72313     0.73706           0     0.76609      0.6421           0           0     0.71222           0           0]
[    0.76215     0.69331     0.52557           0     0.40332           0     0.25833           0           0     0.35006           0           0           0]
[     0.6753     0.19166     0.26131     0.23947           0     0.28211]
