     0/299      7.8G      7.86      32.8         0      40.6        26       608         0         0    0.0154         0      6.72      3.67         0
     1/299     7.81G      6.13      3.86         0      9.99        30       608         0         0     0.082         0      5.58      3.31         0
     2/299     7.81G      5.14      3.01         0      8.15        23       608         0         0     0.179         0      5.12      2.21         0
     3/299     7.81G      4.99      1.96         0      6.94        23       608    0.0462     0.866     0.122    0.0877      5.32      2.67         0
     4/299     7.81G      5.24      1.28         0      6.52        22       608      0.55     0.285     0.405     0.376      4.68      1.16         0
     5/299     7.81G       4.6      1.27         0      5.87        25       608     0.417     0.556     0.411     0.476      4.27      1.23         0
     6/299     7.81G      4.33       1.1         0      5.43        25       608     0.326     0.787     0.582     0.461      4.48      1.15         0
     7/299     7.81G      4.38      1.12         0       5.5        21       608     0.553      0.42      0.51     0.477       3.7      1.08         0
     8/299     7.81G      4.35      1.01         0      5.36        25       608     0.537     0.478     0.542     0.506      4.64     0.956         0
     9/299     7.81G      4.11      1.02         0      5.14        25       608     0.504     0.731     0.535     0.597      4.57     0.834         0
    10/299     7.81G      4.89      1.09         0      5.98        25       608         0         0     0.622         0      3.46         2         0
    11/299     7.81G      3.74      1.13         0      4.86        21       608     0.398     0.668     0.401     0.499      4.14     0.911         0
    12/299     7.81G      3.97     0.862         0      4.83        32       608     0.788     0.632     0.745     0.701       3.4     0.918         0
    13/299     7.81G      4.15     0.968         0      5.11        28       608     0.925     0.466     0.767      0.62      3.63     0.972         0
    14/299     7.81G      3.95     0.938         0      4.88        28       608     0.748     0.449     0.652     0.561      3.62      1.03         0
    15/299     7.81G      3.67      0.87         0      4.54        23       608     0.474     0.199     0.365      0.28      6.78     0.798         0
    16/299     7.81G      4.46      1.06         0      5.52        22       608     0.887     0.198     0.753     0.324      3.54      1.18         0
    17/299     7.81G      3.56     0.946         0      4.51        24       608     0.709      0.44     0.607     0.543      3.87     0.844         0
    18/299     7.81G      3.88     0.791         0      4.67        22       608     0.347     0.496     0.346     0.408      5.39     0.682         0
    19/299     7.81G       4.1     0.968         0      5.07        30       608     0.622     0.386     0.565     0.476      3.48       1.1         0
    20/299     7.81G      3.42     0.906         0      4.33        26       608     0.459     0.625      0.46     0.529      4.53     0.735         0
    21/299     7.81G      3.74     0.885         0      4.63        33       608     0.904     0.237     0.741     0.375      3.55     0.924         0
    22/299     7.81G      3.45     0.849         0       4.3        25       608     0.698     0.618     0.698     0.656      3.68     0.811         0
    23/299     7.81G       3.2      0.78         0      3.98        16       608     0.719     0.664     0.745     0.691      3.76     0.769         0
    24/299     7.81G      3.08      0.84         0      3.92        22       608     0.795     0.852     0.895     0.822      3.11     0.711         0
    25/299     7.81G      3.49     0.755         0      4.25        35       608     0.952     0.579     0.875      0.72      2.89      0.82         0
    26/299     7.81G      2.78     0.787         0      3.57        24       608     0.684     0.828     0.764     0.749      3.53      0.68         0
    27/299     7.81G      3.29     0.713         0         4        28       608      0.88     0.477     0.706     0.619      3.47     0.826         0
    28/299     7.81G      2.84     0.758         0      3.59        30       608     0.778     0.708     0.776     0.741       3.5     0.687         0
    29/299     7.81G      3.11     0.726         0      3.84        20       608      0.88     0.733     0.844       0.8      3.02     0.707         0
    30/299     7.81G      2.76       0.7         0      3.46        21       608     0.863     0.182     0.331     0.301      4.76       1.6         0
    31/299     7.81G      2.84     0.726         0      3.57        25       608     0.904     0.847     0.883     0.875      2.93     0.653         0
    32/299     7.81G      2.79      0.62         0      3.41        23       608     0.889     0.881     0.906     0.885      2.96      0.68         0
    33/299     7.81G      2.48     0.684         0      3.16        19       608     0.797     0.852     0.868     0.824      2.98     0.652         0
    34/299     7.81G      2.86     0.645         0       3.5        29       608     0.912     0.822     0.899     0.864      2.78     0.678         0
    35/299     7.81G       2.5     0.663         0      3.16        29       608     0.827     0.859     0.878     0.843      3.16     0.648         0
    36/299     7.81G      2.47     0.604         0      3.08        27       608     0.893     0.902     0.919     0.897      2.69     0.635         0
    37/299     7.81G      2.63     0.642         0      3.27        29       608     0.889      0.91     0.918     0.899      2.78     0.653         0
    38/299     7.81G      2.57     0.619         0      3.19        19       608     0.907     0.924     0.936     0.916      2.96     0.628         0
    39/299     7.81G      2.47     0.619         0      3.09        34       608      0.89     0.924     0.931     0.907      2.53     0.623         0
    40/299     7.81G      2.51     0.599         0      3.11        20       608     0.898     0.888      0.92     0.893      2.82     0.636         0
    41/299     7.81G      2.29     0.618         0      2.91        20       608     0.914     0.906     0.934      0.91      2.65      0.62         0
    42/299     7.81G      2.53     0.588         0      3.12        21       608     0.885     0.895     0.914      0.89      2.76     0.621         0
    43/299     7.81G      2.42     0.578         0         3        22       608     0.897     0.913     0.923     0.905      2.71      0.62         0
    44/299     7.81G      2.46     0.619         0      3.08        30       608     0.896     0.921     0.942     0.908      2.65     0.622         0
    45/299     7.81G      2.42     0.591         0      3.01        29       608     0.923     0.907     0.932     0.915      2.66     0.631         0
    46/299     7.81G      2.19     0.558         0      2.75        26       608     0.926     0.834     0.921     0.878      2.59      0.63         0
    47/299     7.81G      2.29     0.559         0      2.85        32       608     0.933     0.805       0.9     0.864      2.72     0.656         0
    48/299     7.81G      1.97     0.592         0      2.56        25       608     0.883     0.892     0.911     0.887      2.61     0.607         0
    49/299     7.81G      2.37     0.549         0      2.92        29       608      0.91     0.908     0.938     0.909       2.5     0.626         0
    50/299     7.81G      2.04      0.57         0      2.61        16       608     0.905     0.935     0.946      0.92      2.61      0.62         0
    51/299     7.81G      2.26     0.565         0      2.83        26       608     0.931     0.939     0.942     0.935      2.76     0.618         0
    52/299     7.81G      2.36     0.549         0      2.91        24       608     0.921     0.913     0.937     0.917      2.75     0.615         0
    53/299     7.81G      2.05     0.513         0      2.56        20       608      0.92     0.946     0.955     0.933      2.56     0.626         0
    54/299     7.81G      2.18     0.529         0      2.71        22       608     0.906     0.832     0.897     0.867      2.97     0.668         0
    55/299     7.81G      1.99     0.545         0      2.54        27       608      0.92     0.924     0.946     0.922      2.67     0.615         0
    56/299     7.81G      2.14     0.555         0      2.69        28       608     0.914     0.927     0.943     0.921      2.51     0.604         0
    57/299     7.81G         2     0.546         0      2.54        27       608     0.906     0.921     0.952     0.913      2.49     0.606         0
    58/299     7.81G      2.16     0.512         0      2.68        27       608      0.89     0.917     0.934     0.903      2.64     0.622         0
    59/299     7.81G      1.93     0.538         0      2.47        29       608     0.922     0.924     0.937     0.923      2.47     0.614         0
    60/299     7.81G      1.91     0.517         0      2.42        33       608       0.9     0.892     0.924     0.896      2.72     0.611         0
    61/299     7.81G      2.02     0.515         0      2.53        24       608      0.91     0.875     0.914     0.892      2.51     0.636         0
    62/299     7.81G      1.91     0.481         0      2.39        31       608     0.886     0.901     0.918     0.893      2.66     0.611         0
    63/299     7.81G      2.05     0.485         0      2.54        23       608     0.907     0.878     0.927     0.892      2.44     0.615         0
    64/299     7.81G      1.87     0.523         0      2.39        23       608     0.895     0.923     0.932     0.909      2.53     0.602         0
    65/299     7.81G      1.98     0.501         0      2.48        26       608     0.892     0.794     0.869      0.84      2.84     0.663         0
    66/299     7.81G      1.95     0.519         0      2.47        35       608      0.91     0.942     0.946     0.926      2.45     0.574         0
    67/299     7.81G      1.91     0.472         0      2.38        17       608     0.913     0.942     0.955     0.927      2.43     0.593         0
    68/299     7.81G      1.81     0.448         0      2.25        18       608     0.916     0.953     0.957     0.934      2.53     0.586         0
    69/299     7.81G      1.95     0.413         0      2.37        19       608     0.898     0.928     0.937     0.912      2.57     0.598         0
    70/299     7.81G      1.98     0.482         0      2.46        24       608     0.906     0.931     0.951     0.918      2.66      0.61         0
    71/299     7.81G      1.75     0.474         0      2.22        27       608       0.9     0.938     0.946     0.919      2.38     0.598         0
    72/299     7.81G      1.85     0.448         0       2.3        24       608     0.888     0.935     0.941     0.911      2.41     0.624         0
    73/299     7.81G      1.78      0.52         0       2.3        25       608     0.889     0.935     0.934     0.912      2.53     0.607         0
    74/299     7.81G      1.88     0.474         0      2.35        25       608     0.892     0.939     0.934     0.915      2.36     0.604         0
    75/299     7.81G      1.84     0.432         0      2.28        25       608     0.873     0.897     0.922     0.885      2.65     0.632         0
    76/299     7.81G      1.76     0.452         0      2.21        24       608     0.909     0.931     0.949      0.92      2.38       0.6         0
    77/299     7.81G      1.86     0.452         0      2.31        23       608     0.878     0.905     0.922     0.891      2.61     0.596         0
    78/299     7.81G      1.75     0.422         0      2.17        30       608     0.885     0.917     0.926     0.901      2.44     0.606         0
    79/299     7.81G      1.85     0.426         0      2.28        27       608     0.872     0.907     0.917     0.889      2.82     0.626         0
    80/299     7.81G      1.85     0.443         0      2.29        25       608     0.864     0.877     0.901     0.871      2.68     0.659         0
    81/299     7.81G      1.71     0.439         0      2.15        25       608     0.899     0.931     0.935     0.915      2.38     0.646         0
    82/299     7.81G      1.65      0.42         0      2.07        24       608      0.88     0.928     0.925     0.903      2.38     0.612         0
    83/299     7.81G      1.74     0.419         0      2.16        24       608     0.902     0.931     0.931     0.916      2.43     0.607         0
    84/299     7.81G      1.76     0.437         0       2.2        17       608     0.887     0.906      0.92     0.896      2.45     0.599         0
    85/299     7.81G      1.71     0.445         0      2.15        29       608     0.914     0.917     0.932     0.915       2.4     0.608         0
    86/299     7.81G      1.75     0.423         0      2.18        25       608     0.896     0.917     0.927     0.906      2.47     0.625         0
    87/299     7.81G      1.72     0.414         0      2.13        19       608     0.893     0.913     0.922     0.903      2.34     0.623         0
    88/299     7.81G      1.64     0.424         0      2.07        19       608     0.879     0.892     0.909     0.885      2.33     0.626         0
    89/299     7.81G      1.69     0.407         0       2.1        25       608     0.889     0.899     0.939     0.894      2.45     0.625         0
    90/299     7.81G      1.72     0.392         0      2.11        22       608     0.883     0.931     0.942     0.907      2.31     0.614         0
    91/299     7.81G      1.64     0.438         0      2.07        24       608     0.895     0.935     0.948     0.914      2.38     0.614         0
    92/299     7.81G      1.48      0.42         0       1.9        21       608     0.883      0.91     0.914     0.896      2.35     0.603         0
    93/299     7.81G      1.73     0.403         0      2.13        23       608     0.899     0.884     0.917     0.892      2.48     0.618         0
    94/299     7.81G      1.61     0.405         0      2.02        22       608     0.912     0.895     0.916     0.903      2.41     0.627         0
    95/299     7.81G      1.62     0.411         0      2.03        22       608     0.897     0.899     0.918     0.898      2.46     0.625         0
    96/299     7.81G      1.72     0.405         0      2.12        25       608     0.888     0.906     0.924     0.897      2.53      0.64         0
    97/299     7.81G      1.51     0.397         0      1.91        26       608      0.88     0.931     0.931     0.905      2.32     0.623         0
    98/299     7.81G      1.58     0.386         0      1.97        32       608     0.895     0.928     0.937     0.911       2.4     0.645         0
    99/299     7.81G      1.58     0.406         0      1.98        25       608     0.897     0.924     0.937      0.91      2.36     0.649         0
   100/299     7.81G      1.51     0.383         0      1.89        26       608      0.89     0.906     0.933     0.898      2.48     0.667         0
   101/299     7.81G      1.57     0.391         0      1.96        21       608     0.901     0.924     0.952     0.913       2.4     0.648         0
   102/299     7.81G      1.41     0.392         0       1.8        28       608     0.876     0.931     0.924     0.903      2.42     0.642         0
   103/299     7.81G      1.55     0.366         0      1.92        22       608     0.886     0.935     0.934      0.91      2.33     0.619         0
   104/299     7.81G      1.61     0.381         0         2        28       608     0.902     0.913      0.92     0.908      2.39     0.627         0
   105/299     7.81G      1.43     0.368         0       1.8        25       608     0.882     0.924     0.916     0.903      2.51     0.627         0
   106/299     7.81G      1.51     0.384         0      1.89        19       608     0.903     0.942     0.943     0.922      2.33     0.622         0
   107/299     7.81G      1.31     0.365         0      1.67        27       608     0.908     0.935     0.946     0.921      2.38     0.595         0
   108/299     7.81G      1.42     0.384         0       1.8        24       608     0.916     0.953     0.955     0.934      2.35     0.589         0
   109/299     7.81G      1.57     0.395         0      1.97        27       608     0.897     0.914     0.925     0.906      2.52     0.598         0
   110/299     7.81G      1.46      0.39         0      1.85        26       608     0.892     0.903     0.919     0.897      2.43     0.618         0
   111/299     7.81G      1.41      0.39         0       1.8        24       608     0.884     0.928     0.936     0.905      2.39     0.621         0
   112/299     7.81G       1.4     0.362         0      1.76        30       608     0.876     0.919     0.919     0.897      2.46     0.612         0
   113/299     7.81G      1.61     0.383         0      1.99        21       608     0.909     0.906     0.934     0.907      2.47     0.621         0
   114/299     7.81G      1.39      0.39         0      1.78        25       608     0.895     0.931     0.935     0.913      2.41      0.64         0
   115/299     7.81G      1.41      0.38         0      1.79        24       608     0.909     0.942     0.949     0.925      2.44     0.629         0
   116/299     7.81G      1.38     0.344         0      1.73        26       608     0.907     0.946     0.954     0.926      2.42     0.615         0
   117/299     7.81G      1.45     0.383         0      1.83        26       608     0.918     0.946     0.953     0.932      2.39     0.599         0
   118/299     7.81G      1.25     0.344         0      1.59        19       608     0.909     0.946     0.951     0.927      2.31     0.566         0
   119/299     7.81G      1.25     0.332         0      1.58        24       608     0.898     0.949     0.958     0.923      2.25     0.563         0
   120/299     7.81G      1.43     0.378         0      1.81        29       608     0.907     0.949     0.954     0.927      2.25     0.588         0
   121/299     7.81G      1.36     0.382         0      1.74        33       608     0.899     0.924     0.931     0.911      2.39     0.594         0
   122/299     7.81G      1.33     0.363         0      1.69        32       608     0.906     0.928     0.943     0.917      2.24     0.603         0
   123/299     7.81G       1.4     0.344         0      1.75        25       608     0.898     0.917     0.922     0.908      2.39     0.629         0
   124/299     7.81G      1.38     0.355         0      1.73        22       608     0.913     0.939     0.944     0.926      2.28     0.615         0
   125/299     7.81G      1.41     0.366         0      1.78        21       608     0.882     0.924     0.926     0.903       2.4     0.629         0
   126/299     7.81G      1.39     0.357         0      1.74        26       608     0.889     0.935     0.934     0.912      2.26     0.612         0
   127/299     7.81G      1.16      0.34         0       1.5        24       608     0.885     0.942     0.938     0.913       2.3     0.601         0
   128/299     7.81G      1.33     0.347         0      1.68        27       608     0.888     0.928     0.932     0.908      2.39     0.593         0
   129/299     7.81G      1.32     0.338         0      1.66        23       608     0.915     0.927     0.934     0.921      2.32      0.59         0
   130/299     7.81G      1.22     0.324         0      1.54        26       608     0.908     0.921     0.935     0.914      2.36     0.583         0
   131/299     7.81G      1.29     0.336         0      1.63        23       608     0.901     0.921     0.935     0.911      2.29     0.583         0
   132/299     7.81G      1.28     0.369         0      1.65        29       608     0.908     0.925     0.932     0.916      2.34     0.605         0
   133/299     7.81G      1.18     0.317         0      1.49        21       608     0.899     0.934     0.935     0.916      2.31     0.599         0
   134/299     7.81G      1.26     0.305         0      1.56        30       608     0.894     0.935     0.922     0.914      2.37     0.611         0
   135/299     7.81G      1.45     0.348         0       1.8        19       608     0.906     0.942     0.944     0.924      2.32     0.619         0
   136/299     7.81G      1.16     0.322         0      1.49        21       608     0.901     0.935     0.941     0.918      2.29     0.609         0
   137/299     7.81G      1.21     0.323         0      1.53        23       608     0.899     0.939     0.944     0.919      2.31      0.61         0
   138/299     7.81G      1.26     0.328         0      1.59        26       608     0.897     0.949     0.951     0.922      2.25      0.61         0
   139/299     7.81G      1.25     0.322         0      1.57        28       608     0.916     0.945     0.948     0.931      2.32     0.621         0
   140/299     7.81G      1.16     0.324         0      1.49        23       608     0.913     0.942     0.945     0.927      2.34     0.628         0
   141/299     7.81G      1.15     0.307         0      1.45        26       608     0.912     0.931     0.939     0.922      2.31     0.623         0
   142/299     7.81G      1.16     0.322         0      1.48        24       608     0.923     0.951     0.956     0.937      2.33      0.62         0
   143/299     7.81G      1.29      0.33         0      1.62        17       608     0.904     0.942     0.949     0.923      2.38     0.626         0
   144/299     7.81G      1.19     0.304         0       1.5        20       608     0.891     0.924      0.93     0.907      2.31     0.649         0
   145/299     7.81G      1.21     0.342         0      1.55        20       608     0.904     0.931     0.934     0.917      2.27      0.64         0
   146/299     7.81G      1.14     0.328         0      1.47        27       608     0.899     0.939     0.942     0.918      2.31     0.634         0
   147/299     7.81G      1.03      0.29         0      1.32        25       608     0.886     0.939     0.939     0.912      2.27     0.627         0
   148/299     7.81G       1.1     0.299         0       1.4        19       608     0.897     0.946     0.948     0.921      2.25     0.623         0
   149/299     7.81G      1.13     0.312         0      1.44        21       608     0.886     0.924     0.925     0.905      2.32      0.62         0
   150/299     7.81G      1.18     0.322         0       1.5        34       608     0.909     0.939     0.945     0.924      2.26      0.62         0
   151/299     7.81G      1.14     0.323         0      1.47        28       608      0.88     0.921      0.92       0.9      2.29     0.627         0
   152/299     7.81G      1.13     0.309         0      1.44        20       608     0.899     0.927     0.932     0.912      2.33     0.628         0
   153/299     7.81G      1.11     0.303         0      1.42        24       608      0.91     0.942     0.957     0.926      2.26     0.631         0
   154/299     7.81G      1.22     0.295         0      1.52        25       608     0.893     0.924     0.933     0.909       2.3     0.637         0
   155/299     7.81G      1.14      0.28         0      1.42        22       608     0.896     0.931      0.94     0.913      2.24     0.637         0
   156/299     7.81G       1.1     0.336         0      1.44        24       608     0.905     0.931      0.94     0.918      2.28     0.635         0
   157/299     7.81G      1.13     0.291         0      1.42        23       608     0.905     0.932     0.933     0.918      2.26      0.63         0
   158/299     7.81G      1.03     0.302         0      1.33        28       608     0.901     0.931     0.946     0.916      2.28     0.636         0
   159/299     7.81G      1.11     0.289         0       1.4        26       608     0.916     0.939     0.956     0.927      2.25     0.641         0
   160/299     7.81G     0.994     0.299         0      1.29        29       608     0.905     0.933     0.944     0.919      2.25     0.635         0
   161/299     7.81G      1.05     0.282         0      1.33        24       608     0.902     0.935     0.944     0.919      2.23     0.631         0
   162/299     7.81G     0.992     0.283         0      1.27        25       608     0.907     0.935     0.937     0.921      2.23     0.629         0
   163/299     7.81G      1.01     0.304         0      1.32        26       608     0.912     0.938     0.948     0.925      2.26     0.633         0
   164/299     7.81G      1.01     0.272         0      1.28        23       608     0.916     0.949     0.944     0.932      2.23     0.636         0
   165/299     7.81G      1.03     0.283         0      1.31        22       608     0.905     0.942     0.926     0.923      2.26     0.651         0
   166/299     7.81G     0.963     0.296         0      1.26        27       608     0.912     0.949     0.932      0.93      2.24     0.651         0
   167/299     7.81G      1.03     0.282         0      1.31        26       608     0.919     0.949     0.944     0.934      2.25     0.656         0
   168/299     7.81G     0.972       0.3         0      1.27        24       608     0.914     0.946     0.941      0.93      2.27     0.644         0
   169/299     7.81G     0.963     0.291         0      1.25        16       608     0.915     0.949     0.946     0.932      2.23     0.641         0
   170/299     7.81G     0.854     0.246         0       1.1        21       608     0.906     0.943     0.941     0.924      2.23     0.651         0
   171/299     7.81G     0.893      0.27         0      1.16        28       608     0.903     0.945     0.942     0.924      2.22     0.655         0
   172/299     7.81G     0.995     0.281         0      1.28        29       608     0.911     0.946     0.942     0.928      2.22     0.672         0
   173/299     7.81G     0.936     0.262         0       1.2        27       608     0.916     0.939     0.944     0.927      2.23     0.676         0
   174/299     7.81G     0.921     0.286         0      1.21        21       608     0.923     0.939      0.95     0.931      2.24     0.673         0
   175/299     7.81G     0.963     0.285         0      1.25        29       608     0.916     0.942     0.949     0.929      2.27     0.656         0
   176/299     7.81G     0.965     0.269         0      1.23        26       608     0.898     0.928     0.939     0.913      2.25     0.654         0
   177/299     7.81G     0.971     0.265         0      1.24        23       608     0.907     0.931     0.943     0.919      2.27     0.652         0
   178/299     7.81G     0.997     0.272         0      1.27        31       608     0.915     0.957     0.956     0.935      2.25     0.645         0
   179/299     7.81G     0.981      0.27         0      1.25        23       608     0.914     0.957     0.957     0.935      2.23     0.643         0
   180/299     7.81G     0.919     0.267         0      1.19        25       608     0.908     0.949     0.945     0.928      2.25     0.645         0
   181/299     7.81G     0.929     0.255         0      1.18        25       608     0.901     0.949     0.945     0.925      2.23     0.639         0
   182/299     7.81G     0.914     0.267         0      1.18        29       608     0.887     0.939     0.934     0.912      2.23     0.637         0
   183/299     7.81G     0.873     0.242         0      1.11        23       608     0.905     0.946     0.952     0.925      2.23     0.649         0
   184/299     7.81G     0.864     0.258         0      1.12        26       608     0.904     0.935     0.933     0.919      2.23     0.655         0
   185/299     7.81G     0.903     0.256         0      1.16        27       608     0.894     0.931     0.935     0.912      2.23     0.662         0
   186/299     7.81G     0.862     0.255         0      1.12        17       608     0.908     0.939     0.943     0.923       2.2      0.66         0
   187/299     7.81G     0.875     0.242         0      1.12        26       608     0.913     0.942     0.937     0.927      2.23     0.655         0
   188/299     7.81G     0.883      0.25         0      1.13        20       608     0.911     0.946     0.943     0.928      2.22     0.654         0
   189/299     7.81G     0.801     0.265         0      1.07        26       608     0.906     0.939     0.939     0.922      2.23     0.654         0
   190/299     7.81G     0.832     0.245         0      1.08        27       608     0.903     0.943     0.937     0.923      2.22     0.665         0
   191/299     7.81G     0.817     0.229         0      1.05        20       608     0.901     0.942     0.938     0.921      2.23     0.669         0
   192/299     7.81G     0.847     0.261         0      1.11        34       608     0.892     0.931     0.924     0.911      2.23     0.678         0
   193/299     7.81G     0.862     0.237         0       1.1        24       608     0.895     0.935     0.936     0.915      2.27     0.697         0
   194/299     7.81G     0.807     0.232         0      1.04        23       608     0.901     0.939     0.936     0.919      2.25     0.701         0
   195/299     7.81G      0.84      0.26         0       1.1        31       608     0.893     0.935     0.937     0.914      2.25     0.697         0
   196/299     7.81G     0.776     0.246         0      1.02        22       608     0.894     0.942     0.928     0.917      2.25     0.694         0
   197/299     7.81G     0.772     0.239         0      1.01        24       608     0.891     0.939     0.926     0.914      2.25     0.698         0
   198/299     7.81G     0.768     0.231         0     0.999        20       608     0.887     0.946     0.943     0.916      2.24     0.697         0
   199/299     7.81G     0.797      0.23         0      1.03        32       608     0.885     0.935     0.931     0.909      2.25     0.708         0
   200/299     7.81G     0.758     0.224         0     0.982        30       608     0.887     0.939     0.943     0.912      2.24     0.705         0
   201/299     7.81G     0.753     0.242         0     0.996        25       608     0.886     0.939     0.932     0.912      2.24       0.7         0
   202/299     7.81G     0.752     0.216         0     0.968        28       608     0.901     0.946     0.948     0.923      2.23     0.697         0
   203/299     7.81G     0.763     0.245         0      1.01        22       608     0.896     0.935     0.938     0.915      2.24     0.699         0
   204/299     7.81G     0.741     0.227         0     0.968        25       608     0.903     0.949      0.95     0.926      2.23     0.698         0
   205/299     7.81G     0.726     0.228         0     0.953        29       608     0.906     0.949     0.951     0.927      2.21     0.697         0
   206/299     7.81G     0.723     0.218         0     0.941        29       608     0.908     0.946     0.949     0.927      2.23     0.697         0
   207/299     7.81G      0.77     0.227         0     0.997        25       608     0.903     0.946     0.949     0.924      2.25     0.706         0
   208/299     7.81G      0.76     0.229         0      0.99        27       608     0.904     0.946     0.949     0.924      2.23     0.721         0
   209/299     7.81G     0.764     0.233         0     0.997        25       608     0.896     0.946     0.946      0.92      2.24     0.722         0
   210/299     7.81G      0.71     0.239         0      0.95        27       608     0.882     0.946     0.948     0.913      2.23     0.713         0
   211/299     7.81G      0.73     0.228         0     0.958        26       608     0.887     0.949      0.95     0.917      2.25      0.71         0
   212/299     7.81G      0.76     0.241         0         1        22       608       0.9     0.949     0.947     0.924      2.23     0.712         0
   213/299     7.81G     0.758     0.226         0     0.985        27       608     0.883     0.939     0.938      0.91      2.26     0.712         0
   214/299     7.81G     0.727     0.236         0     0.964        27       608     0.885     0.939     0.934     0.911      2.25      0.71         0
   215/299     7.81G     0.728     0.232         0      0.96        29       608     0.899     0.949     0.943     0.924      2.27     0.713         0
   216/299     7.81G     0.689     0.227         0     0.916        28       608     0.882      0.94     0.936      0.91      2.28     0.726         0
   217/299     7.81G     0.705     0.221         0     0.927        23       608     0.886     0.935     0.931      0.91      2.29      0.73         0
   218/299     7.81G     0.716      0.22         0     0.936        20       608     0.886     0.935     0.929      0.91      2.28     0.729         0
   219/299     7.81G     0.692     0.225         0     0.917        32       608      0.89     0.935     0.929     0.912      2.27     0.735         0
   220/299     7.81G     0.692     0.217         0      0.91        17       608      0.89     0.935      0.93     0.912      2.27     0.735         0
   221/299     7.81G     0.654     0.202         0     0.855        25       608     0.887     0.928     0.924     0.907      2.27      0.73         0
   222/299     7.81G     0.683     0.218         0     0.902        30       608     0.892     0.935     0.931     0.913      2.26     0.728         0
   223/299     7.81G     0.672     0.222         0     0.894        24       608     0.891     0.928     0.921     0.909      2.26     0.726         0
   224/299     7.81G     0.674     0.213         0     0.887        21       608     0.907     0.939      0.93     0.923      2.25     0.727         0
   225/299     7.81G     0.699     0.208         0     0.907        25       608      0.91     0.935     0.927     0.922      2.25     0.729         0
   226/299     7.81G     0.647     0.217         0     0.864        23       608     0.913     0.942     0.935     0.928      2.26     0.731         0
   227/299     7.81G     0.663     0.199         0     0.862        30       608     0.901     0.935     0.925     0.918      2.25     0.735         0
   228/299     7.81G     0.674     0.227         0     0.901        26       608       0.9     0.931     0.922     0.916      2.26     0.741         0
   229/299     7.81G     0.656     0.206         0     0.862        30       608     0.907     0.939     0.933     0.922      2.24     0.747         0
   230/299     7.81G     0.661     0.216         0     0.877        25       608     0.907     0.939     0.939     0.923      2.24     0.744         0
   231/299     7.81G     0.677     0.209         0     0.886        24       608     0.921     0.949     0.952     0.935      2.24     0.751         0
   232/299     7.81G     0.683      0.21         0     0.893        31       608     0.911     0.946     0.948     0.928      2.25     0.758         0
   233/299     7.81G     0.632     0.202         0     0.834        23       608     0.902     0.942     0.948     0.922      2.26     0.758         0
   234/299     7.81G     0.703     0.236         0     0.939        30       608     0.902     0.946     0.948     0.923      2.25     0.757         0
   235/299     7.81G     0.643     0.187         0     0.829        22       608     0.904      0.95     0.953     0.926      2.23     0.754         0
   236/299     7.81G     0.632     0.211         0     0.843        28       608     0.906     0.953     0.953     0.929      2.23     0.752         0
   237/299     7.81G     0.639     0.183         0     0.823        19       608       0.9     0.946     0.951     0.923      2.22      0.75         0
   238/299     7.81G     0.645     0.182         0     0.827        26       608     0.907     0.947     0.951     0.926      2.21      0.75         0
   239/299     7.81G     0.633     0.218         0     0.852        22       608     0.907     0.946     0.951     0.926       2.2     0.748         0
   240/299     7.81G     0.634      0.19         0     0.823        26       608     0.899     0.942      0.94      0.92       2.2      0.75         0
   241/299     7.81G     0.621     0.194         0     0.815        30       608     0.907     0.946     0.952     0.926       2.2     0.745         0
   242/299     7.81G     0.635     0.188         0     0.822        33       608     0.905     0.942     0.949     0.923       2.2     0.749         0
   243/299     7.81G     0.653     0.217         0      0.87        27       608     0.904     0.942     0.947     0.923      2.21     0.755         0
   244/299     7.81G     0.629     0.192         0     0.821        28       608     0.911     0.946      0.95     0.928      2.21     0.754         0
   245/299     7.81G      0.65     0.194         0     0.843        32       608     0.905     0.946      0.95     0.925      2.21     0.756         0
   246/299     7.81G     0.597     0.191         0     0.787        25       608       0.9     0.946     0.949     0.922      2.21     0.759         0
   247/299     7.81G     0.636     0.194         0      0.83        27       608     0.897     0.942     0.941     0.919       2.2     0.757         0
   248/299     7.81G     0.595     0.197         0     0.792        23       608     0.885     0.939     0.938     0.911       2.2     0.756         0
   249/299     7.81G     0.579     0.193         0     0.771        20       608     0.885     0.939     0.939     0.911       2.2     0.759         0
   250/299     7.81G     0.611     0.212         0     0.823        22       608     0.884     0.939     0.934      0.91      2.19     0.761         0
   251/299     7.81G     0.586     0.183         0     0.768        27       608     0.885     0.939     0.933     0.911       2.2     0.762         0
   252/299     7.81G     0.602       0.2         0     0.802        20       608      0.89     0.939     0.934     0.914       2.2     0.763         0
   253/299     7.81G     0.599     0.194         0     0.793        25       608     0.889     0.939     0.933     0.913       2.2     0.761         0
   254/299     7.81G     0.595       0.2         0     0.795        21       608     0.884     0.939     0.934     0.911       2.2     0.759         0
   255/299     7.81G     0.584      0.17         0     0.754        20       608     0.889     0.939     0.933     0.913      2.19     0.763         0
   256/299     7.81G     0.587     0.192         0     0.779        28       608     0.894     0.942      0.94     0.918       2.2     0.759         0
   257/299     7.81G     0.614     0.188         0     0.803        29       608     0.896     0.942     0.939     0.919      2.19     0.761         0
   258/299     7.81G     0.596     0.182         0     0.778        24       608     0.899     0.942     0.939      0.92      2.19     0.762         0
   259/299     7.81G     0.613     0.215         0     0.829        29       608     0.903     0.946     0.942     0.924       2.2     0.762         0
   260/299     7.81G     0.653     0.194         0     0.847        25       608     0.901     0.942     0.939     0.921       2.2     0.762         0
   261/299     7.81G     0.586     0.174         0     0.759        20       608       0.9     0.942     0.941     0.921      2.19      0.76         0
   262/299     7.81G     0.583     0.196         0     0.779        21       608     0.902     0.946     0.949     0.924       2.2     0.765         0
   263/299     7.81G     0.586     0.178         0     0.764        29       608     0.896     0.939     0.935     0.917       2.2     0.768         0
   264/299     7.81G     0.598     0.194         0     0.792        26       608     0.894     0.935     0.931     0.914       2.2     0.773         0
   265/299     7.81G     0.604     0.199         0     0.803        25       608     0.895     0.939     0.935     0.916      2.21     0.774         0
   266/299     7.81G     0.567     0.176         0     0.743        29       608     0.894     0.939     0.934     0.916       2.2     0.775         0
   267/299     7.81G     0.612     0.213         0     0.826        25       608     0.896     0.939     0.935     0.917      2.21     0.779         0
   268/299     7.81G     0.574     0.206         0      0.78        32       608     0.899     0.939     0.937     0.918      2.21     0.781         0
   269/299     7.81G     0.578     0.191         0     0.769        26       608     0.899     0.939     0.938     0.918      2.21     0.781         0
   270/299     7.81G     0.611       0.2         0     0.811        30       608       0.9     0.946     0.943     0.922      2.21     0.782         0
   271/299     7.81G      0.58     0.187         0     0.767        21       608     0.897     0.946     0.943     0.921      2.21     0.781         0
   272/299     7.81G     0.593     0.197         0     0.789        24       608     0.905     0.949     0.951     0.927      2.21     0.787         0
   273/299     7.81G     0.583     0.192         0     0.775        19       608     0.907     0.949     0.951     0.928      2.21     0.782         0
   274/299     7.81G     0.586     0.173         0      0.76        17       608     0.908     0.949     0.951     0.928      2.21     0.783         0
   275/299     7.81G     0.602     0.178         0      0.78        27       608     0.909     0.949     0.951     0.929      2.21     0.784         0
   276/299     7.81G     0.591     0.191         0     0.782        29       608      0.91     0.949      0.95     0.929      2.21     0.783         0
   277/299     7.81G      0.56     0.181         0     0.741        24       608      0.91     0.949     0.951     0.929      2.21     0.788         0
   278/299     7.81G     0.562     0.191         0     0.754        28       608     0.906     0.946      0.95     0.926      2.21     0.791         0
   279/299     7.81G     0.564     0.167         0     0.731        24       608     0.907     0.946      0.95     0.926      2.21      0.79         0
   280/299     7.81G     0.552     0.186         0     0.739        26       608      0.91     0.946      0.95     0.928      2.21     0.791         0
   281/299     7.81G     0.591       0.2         0     0.791        34       608     0.906     0.942     0.941     0.924      2.21     0.791         0
   282/299     7.81G     0.563     0.173         0     0.736        27       608     0.903     0.942     0.941     0.922      2.21     0.793         0
   283/299     7.81G      0.54     0.165         0     0.705        26       608     0.902     0.939     0.934      0.92      2.21     0.792         0
   284/299     7.81G     0.567     0.171         0     0.738        32       608     0.899     0.939     0.934     0.919       2.2     0.791         0
   285/299     7.81G     0.578     0.185         0     0.763        24       608     0.903     0.943     0.942     0.923       2.2     0.791         0
   286/299     7.81G     0.562     0.177         0     0.738        26       608     0.902     0.942     0.941     0.922       2.2     0.793         0
   287/299     7.81G     0.569     0.177         0     0.746        26       608     0.901     0.942     0.941     0.921      2.21     0.792         0
   288/299     7.81G     0.577     0.189         0     0.766        14       608     0.905     0.946     0.942     0.925       2.2     0.789         0
   289/299     7.81G     0.563     0.184         0     0.747        20       608     0.903     0.942     0.941     0.922       2.2      0.79         0
   290/299     7.81G      0.54     0.178         0     0.718        32       608     0.904     0.942      0.94     0.923      2.21     0.794         0
   291/299     7.81G      0.57     0.182         0     0.752        30       608     0.904     0.942     0.935     0.923      2.21     0.795         0
   292/299     7.81G     0.566     0.185         0     0.751        24       608     0.904     0.942     0.935     0.923      2.22     0.794         0
   293/299     7.81G      0.53     0.176         0     0.706        27       608     0.904     0.942     0.935     0.923      2.22     0.794         0
   294/299     7.81G     0.546     0.177         0     0.723        23       608     0.901     0.939     0.932     0.919      2.21     0.797         0
   295/299     7.81G     0.568     0.182         0     0.751        27       608     0.904     0.942     0.935     0.923      2.21     0.799         0
   296/299     7.81G     0.548     0.166         0     0.714        26       608     0.904     0.942     0.935     0.923      2.21     0.801         0
   297/299     7.81G     0.564     0.172         0     0.736        28       608     0.904     0.942     0.935     0.923       2.2     0.802         0
   298/299     7.81G     0.592     0.198         0      0.79        25       608     0.904     0.942     0.934     0.923       2.2     0.803         0
   299/299     7.81G     0.559     0.179         0     0.737        26       608     0.904     0.942     0.934     0.923       2.2     0.804         0
