     0/299     7.81G      7.92      31.9         0      39.8        18       608         0         0  0.000382         0      7.18      2.22         0
     1/299     7.81G      6.47       2.7         0      9.16        23       608         0         0   0.00299         0      6.19      2.18         0
     2/299     7.81G      5.99      2.38         0      8.37        26       608         0         0   0.00354         0      5.57      1.86         0
     3/299     7.81G      5.13      2.16         0      7.29        22       608         0         0    0.0345         0      5.61      1.43         0
     4/299     7.81G      4.87      1.73         0       6.6        22       608    0.0297    0.0789    0.0122    0.0431      5.34      1.43         0
     5/299     7.81G      4.93      1.55         0      6.48        19       608     0.139    0.0981     0.058     0.115      4.82      1.42         0
     6/299     7.81G      4.77      1.33         0       6.1        30       608  0.000326   0.00526   0.00719  0.000615      5.06       4.7         0
     7/299     7.81G      4.34      1.32         0      5.66        25       608     0.223    0.0316     0.147    0.0553       4.5      1.02         0
     8/299     7.81G      4.41      1.22         0      5.63        23       608     0.285     0.179     0.201      0.22      4.77     0.929         0
     9/299     7.81G      4.22      1.16         0      5.38        20       608         0         0  0.000496         0      7.22      80.6         0
    10/299     7.81G      4.29      1.16         0      5.45        21       608   0.00985     0.168   0.00803    0.0186      5.01      5.08         0
    11/299     7.81G      4.37      1.09         0      5.46        20       608     0.841    0.0526     0.249    0.0991      4.59     0.979         0
    12/299     7.81G      4.41     0.982         0       5.4        20       608     0.139   0.00147     0.214    0.0029      5.38     0.879         0
    13/299     7.81G      4.44      1.08         0      5.52        22       608     0.229     0.147    0.0909     0.179      5.43     0.988         0
    14/299     7.81G      4.44     0.998         0      5.44        26       608      0.68    0.0448     0.213     0.084      4.65     0.965         0
    15/299     7.81G      4.16     0.992         0      5.15        24       608    0.0807   0.00526    0.0475   0.00988      5.54     0.791         0
    16/299     7.81G      4.37      1.07         0      5.44        17       608         1   0.00526     0.274    0.0105      4.21     0.895         0
    17/299     7.81G      4.17     0.968         0      5.14        22       608     0.477    0.0962     0.268      0.16      4.65     0.758         0
    18/299     7.81G      4.04     0.915         0      4.95        17       608     0.525     0.197     0.342     0.287      4.65     0.723         0
    19/299     7.81G      3.91     0.931         0      4.84        29       608     0.545     0.132     0.359     0.212      4.42     0.707         0
    20/299     7.81G      3.91     0.871         0      4.78        22       608     0.304     0.237     0.191     0.267      5.45     0.795         0
    21/299     7.81G      4.35      0.85         0       5.2        26       608      0.64    0.0375     0.389    0.0709      4.12     0.771         0
    22/299     7.81G      3.64     0.912         0      4.55        23       608     0.499     0.404     0.389     0.446      4.22     0.713         0
    23/299     7.81G      4.15     0.881         0      5.03        21       608    0.0237   0.00526     0.142   0.00861      4.23     0.799         0
    24/299     7.81G      3.44     0.922         0      4.36        22       608     0.856     0.249     0.604     0.386      4.01     0.697         0
    25/299     7.81G      3.72     0.838         0      4.56        25       608         1     0.168     0.631     0.288      3.94     0.737         0
    26/299     7.81G       3.4     0.853         0      4.26        19       608     0.898     0.232     0.609     0.369      4.26     0.713         0
    27/299     7.81G      3.29     0.851         0      4.14        25       608     0.906     0.153     0.511     0.261      4.35      0.75         0
    28/299     7.81G      3.15     0.858         0      4.01        29       608      0.92     0.326     0.661     0.482      3.91     0.667         0
    29/299     7.81G      3.42     0.749         0      4.17        23       608     0.902     0.388     0.645     0.542      4.53     0.564         0
    30/299     7.81G      3.12     0.811         0      3.94        21       608     0.795     0.611     0.701     0.691      3.86     0.643         0
    31/299     7.81G      3.44     0.754         0      4.19        21       608     0.899     0.471     0.728     0.618      3.72     0.666         0
    32/299     7.81G      3.06     0.745         0       3.8        18       608     0.654     0.595     0.583     0.623       3.7     0.647         0
    33/299     7.81G      2.93     0.729         0      3.65        20       608     0.755     0.626     0.728     0.685      3.66     0.598         0
    34/299     7.81G      3.13     0.716         0      3.84        27       608      0.81     0.605     0.706     0.692      3.63      0.57         0
    35/299     7.81G      2.97     0.681         0      3.65        24       608     0.808     0.665     0.748     0.729      3.57     0.592         0
    36/299     7.81G      2.83     0.655         0      3.49        23       608     0.741     0.571     0.661     0.645      3.72     0.616         0
    37/299     7.81G      2.97     0.698         0      3.67        21       608     0.811     0.473     0.675     0.598      3.59     0.619         0
    38/299     7.81G      2.98     0.659         0      3.64        28       608     0.771     0.654     0.705     0.708      3.64     0.566         0
    39/299     7.81G      2.79     0.636         0      3.42        21       608     0.847     0.583     0.721     0.691       3.5     0.599         0
    40/299     7.81G      2.57     0.707         0      3.28        23       608     0.758     0.689     0.729     0.722      3.62     0.572         0
    41/299     7.81G      2.95      0.61         0      3.56        22       608     0.791     0.621     0.694     0.696      3.67     0.554         0
    42/299     7.81G      2.62     0.616         0      3.24        22       608     0.914     0.617     0.813     0.737      3.41     0.571         0
    43/299     7.81G      2.64     0.608         0      3.25        15       608     0.883     0.594     0.761      0.71      3.66     0.556         0
    44/299     7.81G      2.61      0.62         0      3.23        26       608     0.837     0.679     0.746      0.75      3.65     0.528         0
    45/299     7.81G      2.76     0.546         0      3.31        28       608     0.717     0.737     0.725     0.727      3.41     0.515         0
    46/299     7.81G      2.64      0.54         0      3.18        25       608     0.784     0.721     0.771     0.751      3.58     0.521         0
    47/299     7.81G       2.6     0.571         0      3.18        22       608     0.788     0.762     0.775     0.775      3.49     0.537         0
    48/299     7.81G      2.74     0.586         0      3.33        21       608     0.824     0.692     0.768     0.752      3.48     0.538         0
    49/299     7.81G      2.57     0.541         0      3.11        25       608     0.803     0.711     0.778     0.754      3.51     0.521         0
    50/299     7.81G      2.42     0.544         0      2.97        13       608     0.794     0.728     0.774      0.76      3.38     0.492         0
    51/299     7.81G      2.55     0.524         0      3.08        30       608     0.875      0.55     0.739     0.676      3.77     0.533         0
    52/299     7.81G      2.43     0.529         0      2.96        23       608     0.837     0.595     0.723     0.696      3.69     0.561         0
    53/299     7.81G      2.35     0.494         0      2.85        27       608     0.825     0.647      0.73     0.725      3.48     0.552         0
    54/299     7.81G      2.48     0.475         0      2.95        21       608     0.803     0.668     0.753      0.73      3.45     0.536         0
    55/299     7.81G      2.49      0.47         0      2.96        27       608     0.734     0.786     0.774     0.759      3.35     0.501         0
    56/299     7.81G      2.31     0.475         0      2.79        33       608      0.84     0.711     0.743      0.77      3.47      0.54         0
    57/299     7.81G      2.35     0.503         0      2.85        25       608     0.833     0.637      0.74     0.722      3.69     0.552         0
    58/299     7.81G      2.39     0.472         0      2.86        22       608     0.809     0.732     0.778     0.768      3.48     0.511         0
    59/299     7.81G      2.23      0.48         0      2.71        23       608     0.805     0.721     0.764     0.761      3.45       0.5         0
    60/299     7.81G      2.37      0.46         0      2.83        24       608     0.846     0.768     0.788     0.805      3.48     0.487         0
    61/299     7.81G      2.17     0.467         0      2.64        22       608     0.809     0.779     0.803     0.794      3.44     0.463         0
    62/299     7.81G      2.23     0.461         0       2.7        24       608     0.775     0.789      0.79     0.782      3.43     0.462         0
    63/299     7.81G      2.25     0.461         0      2.71        20       608     0.802     0.724     0.778     0.761      3.43     0.487         0
    64/299     7.81G      2.15     0.463         0      2.61        22       608     0.817     0.647     0.717     0.722      3.43     0.557         0
    65/299     7.81G       2.1     0.464         0      2.57        24       608     0.789     0.753     0.771      0.77       3.3     0.488         0
    66/299     7.81G      2.36     0.444         0       2.8        28       608     0.769     0.689     0.736     0.727      3.58     0.496         0
    67/299     7.81G      2.21     0.432         0      2.64        13       608      0.81     0.673     0.728     0.735      3.56     0.523         0
    68/299     7.81G      2.12     0.432         0      2.55        21       608      0.76     0.721     0.734      0.74       3.5     0.523         0
    69/299     7.81G      2.21     0.411         0      2.62        30       608     0.783     0.768     0.759     0.775      3.37     0.502         0
    70/299     7.81G      2.15     0.411         0      2.56        22       608     0.829     0.765     0.792     0.795      3.34     0.519         0
    71/299     7.81G      2.06     0.441         0       2.5        22       608     0.792     0.732      0.75     0.761       3.4     0.533         0
    72/299     7.81G      2.22     0.426         0      2.65        26       608     0.819     0.653     0.716     0.726      3.54     0.567         0
    73/299     7.81G      2.29     0.448         0      2.74        23       608     0.798     0.581     0.668     0.672       3.7     0.593         0
    74/299     7.81G      1.98     0.461         0      2.44        29       608     0.786     0.774     0.798      0.78      3.39     0.527         0
    75/299     7.81G      2.03     0.399         0      2.43        21       608     0.792     0.821     0.816     0.806      3.32     0.488         0
    76/299     7.81G      2.06     0.385         0      2.44        27       608     0.805     0.779     0.813     0.792      3.29     0.494         0
    77/299     7.81G      1.95     0.421         0      2.37        19       608     0.815     0.758     0.785     0.786      3.38     0.542         0
    78/299     7.81G      2.15     0.396         0      2.55        25       608     0.815     0.717     0.779     0.763       3.5      0.57         0
    79/299     7.81G      2.09     0.407         0      2.49        20       608     0.861     0.689      0.77     0.766      3.44       0.6         0
    80/299     7.81G       1.9     0.406         0       2.3        25       608     0.862     0.742     0.805     0.798      3.52     0.563         0
    81/299     7.81G      1.96     0.388         0      2.35        24       608     0.835     0.774     0.802     0.803      3.47     0.493         0
    82/299     7.81G      2.04     0.397         0      2.44        25       608      0.89     0.679     0.771      0.77      3.46     0.609         0
    83/299     7.81G      1.96      0.39         0      2.35        21       608     0.834     0.742     0.787     0.786      3.53     0.538         0
    84/299     7.81G      1.82      0.41         0      2.23        17       608     0.788     0.711     0.765     0.747       3.4     0.547         0
    85/299     7.81G      2.11      0.37         0      2.48        23       608     0.811     0.695     0.744     0.748      3.56     0.571         0
    86/299     7.81G      1.89     0.392         0      2.28        24       608     0.797     0.689     0.737     0.739      3.53     0.565         0
    87/299     7.81G      1.99     0.376         0      2.37        26       608      0.77     0.705     0.749     0.736      3.72     0.561         0
    88/299     7.81G      1.76     0.426         0      2.18        26       608     0.762     0.689     0.741     0.724      3.54     0.562         0
    89/299     7.81G       1.8     0.366         0      2.16        23       608     0.783     0.711     0.747     0.745      3.51     0.586         0
    90/299     7.81G      1.93     0.363         0       2.3        22       608       0.8     0.632     0.707     0.706      3.51     0.625         0
    91/299     7.81G      1.77     0.345         0      2.12        19       608     0.788     0.723     0.747     0.754      3.38     0.608         0
    92/299     7.81G      1.76     0.367         0      2.13        20       608     0.767     0.761      0.75     0.764      3.38     0.603         0
    93/299     7.81G      1.91     0.362         0      2.27        21       608     0.758       0.8     0.771     0.778      3.38     0.557         0
    94/299     7.81G      1.75      0.36         0      2.11        19       608     0.756     0.753     0.756     0.755      3.38     0.549         0
    95/299     7.81G      1.68     0.348         0      2.03        18       608     0.776     0.764     0.758      0.77      3.41     0.551         0
    96/299     7.81G      1.84     0.356         0       2.2        25       608     0.768     0.751     0.757      0.76      3.39     0.571         0
    97/299     7.81G      1.77     0.384         0      2.16        24       608     0.818     0.789     0.802     0.804      3.33     0.559         0
    98/299     7.81G      1.85     0.347         0       2.2        20       608     0.849       0.8     0.812     0.824      3.27     0.551         0
    99/299     7.81G      1.67     0.379         0      2.05        19       608     0.815     0.789     0.807     0.802      3.26     0.546         0
   100/299     7.81G      1.72     0.361         0      2.08        27       608     0.792     0.789     0.794     0.791      3.22      0.57         0
   101/299     7.81G      1.71     0.339         0      2.05        21       608     0.819     0.763     0.798      0.79      3.29       0.6         0
   102/299     7.81G      1.61     0.358         0      1.97        23       608     0.836     0.747     0.774     0.789      3.26     0.583         0
   103/299     7.81G      1.66      0.31         0      1.97        22       608     0.801       0.8     0.804       0.8      3.39     0.542         0
   104/299     7.81G      1.78     0.327         0       2.1        22       608     0.821     0.795     0.798     0.808      3.28     0.565         0
   105/299     7.81G      1.86     0.355         0      2.22        26       608     0.832     0.784     0.805     0.807      3.15     0.572         0
   106/299     7.81G      1.59      0.37         0      1.96        21       608     0.759     0.774     0.773     0.766      3.17     0.557         0
   107/299     7.81G      1.62     0.308         0      1.92        21       608     0.848     0.794     0.814      0.82       3.2     0.543         0
   108/299     7.81G      1.65     0.345         0         2        25       608     0.823     0.763     0.778     0.792      3.26     0.539         0
   109/299     7.81G      1.65     0.339         0      1.99        17       608     0.799     0.772     0.776     0.785       3.4      0.54         0
   110/299     7.81G      1.67     0.322         0      1.99        17       608     0.813     0.784     0.793     0.799      3.31     0.567         0
   111/299     7.81G      1.53     0.331         0      1.86        24       608     0.834     0.758     0.784     0.794      3.29      0.56         0
   112/299     7.81G      1.52     0.314         0      1.84        20       608     0.812     0.768     0.788     0.789      3.29     0.529         0
   113/299     7.81G      1.72      0.31         0      2.03        24       608      0.84     0.771     0.803     0.804      3.25     0.551         0
   114/299     7.81G      1.56     0.318         0      1.87        20       608     0.831       0.8     0.814     0.815      3.43     0.547         0
   115/299     7.81G      1.55     0.328         0      1.88        27       608     0.837     0.783     0.812     0.809      3.59      0.56         0
   116/299     7.81G      1.55     0.295         0      1.85        21       608     0.839     0.769     0.792     0.802      3.32     0.582         0
   117/299     7.81G      1.53     0.305         0      1.84        21       608     0.787     0.758     0.755     0.772      3.39     0.571         0
   118/299     7.81G      1.59     0.342         0      1.93        18       608      0.75     0.821       0.8     0.784      3.35     0.581         0
   119/299     7.81G       1.5     0.298         0       1.8        16       608     0.802     0.805     0.779     0.804      3.25     0.588         0
   120/299     7.81G      1.47     0.315         0      1.78        24       608     0.767     0.779     0.751     0.773      3.28     0.595         0
   121/299     7.81G      1.47     0.297         0      1.77        25       608     0.795     0.777     0.786     0.786      3.34     0.597         0
   122/299     7.81G      1.45     0.288         0      1.74        25       608     0.824     0.774     0.775     0.798      3.63     0.595         0
   123/299     7.81G      1.53      0.29         0      1.82        28       608     0.815     0.753     0.763     0.782      3.57     0.597         0
   124/299     7.81G      1.41     0.268         0      1.68        25       608     0.808     0.716      0.75     0.759      3.44     0.629         0
   125/299     7.81G      1.52     0.325         0      1.84        25       608     0.798     0.758     0.795     0.777      3.46      0.62         0
   126/299     7.81G      1.42     0.275         0       1.7        22       608     0.802     0.784     0.796     0.793      3.61     0.617         0
   127/299     7.81G      1.49     0.291         0      1.78        22       608     0.833     0.737     0.775     0.782       3.6     0.601         0
   128/299     7.81G      1.48     0.321         0       1.8        28       608      0.83     0.737     0.779     0.781      3.51     0.596         0
   129/299     7.81G      1.39     0.306         0       1.7        23       608     0.779     0.784     0.774     0.781      3.27     0.592         0
   130/299     7.81G      1.44     0.288         0      1.73        26       608      0.82     0.779     0.809     0.799      3.28     0.612         0
   131/299     7.81G      1.42     0.306         0      1.73        23       608     0.825       0.8     0.789     0.812      3.33     0.594         0
   132/299     7.81G       1.4       0.3         0       1.7        24       608     0.824     0.784     0.798     0.804      3.29     0.585         0
   133/299     7.81G      1.45     0.297         0      1.75        25       608     0.807     0.747     0.768     0.776      3.19      0.59         0
   134/299     7.81G      1.41     0.276         0      1.69        21       608     0.838     0.791     0.817     0.814      3.21     0.589         0
   135/299     7.81G      1.45     0.271         0      1.73        13       608     0.833     0.789     0.817     0.811      3.23     0.574         0
   136/299     7.81G      1.34     0.303         0      1.65        23       608      0.84     0.821     0.842      0.83      3.23     0.585         0
   137/299     7.81G      1.31     0.307         0      1.62        22       608     0.823     0.785     0.813     0.804      3.23     0.595         0
   138/299     7.81G      1.36     0.277         0      1.63        20       608     0.845     0.811     0.838     0.827       3.2     0.581         0
   139/299     7.81G      1.36     0.282         0      1.64        25       608     0.829     0.805     0.828     0.817      3.18     0.595         0
   140/299     7.81G       1.3     0.281         0      1.58        23       608     0.799     0.816     0.825     0.807      3.13     0.572         0
   141/299     7.81G      1.47     0.273         0      1.74        21       608     0.822     0.811     0.834     0.816      3.17     0.589         0
   142/299     7.81G      1.32     0.275         0       1.6        26       608     0.804     0.811     0.825     0.807      3.18     0.585         0
   143/299     7.81G      1.21     0.279         0      1.49        24       608     0.818     0.826     0.832     0.822       3.2     0.575         0
   144/299     7.81G      1.43     0.292         0      1.72        28       608     0.832     0.795     0.837     0.813      3.13     0.562         0
   145/299     7.81G      1.29     0.272         0      1.56        20       608     0.847       0.8     0.841     0.823      3.19      0.57         0
   146/299     7.81G      1.36      0.26         0      1.62        18       608     0.831     0.768     0.826     0.798       3.2     0.586         0
   147/299     7.81G      1.31      0.27         0      1.58        26       608     0.818     0.784     0.816     0.801      3.19     0.578         0
   148/299     7.81G      1.23     0.259         0      1.49        23       608     0.814     0.827     0.821      0.82      3.26     0.566         0
   149/299     7.81G      1.35     0.257         0       1.6        26       608      0.79       0.8     0.796     0.795      3.28     0.584         0
   150/299     7.81G      1.21     0.253         0      1.46        21       608     0.787     0.779     0.786     0.783      3.27     0.581         0
   151/299     7.81G      1.23      0.26         0      1.49        26       608     0.838     0.811     0.835     0.824      3.11     0.574         0
   152/299     7.81G       1.3     0.243         0      1.54        16       608     0.773     0.747      0.77      0.76      3.31     0.581         0
   153/299     7.81G      1.28     0.248         0      1.53        20       608     0.816       0.8     0.801     0.808      3.21     0.578         0
   154/299     7.81G      1.29     0.265         0      1.56        24       608     0.829     0.817      0.81     0.823      3.16     0.571         0
   155/299     7.81G      1.12     0.255         0      1.38        22       608     0.832     0.809     0.816      0.82      3.14     0.577         0
   156/299     7.81G      1.21     0.262         0      1.47        20       608     0.835       0.8     0.823     0.817      3.11     0.594         0
   157/299     7.81G      1.11     0.255         0      1.36        21       608     0.813     0.784     0.814     0.798      3.16     0.605         0
   158/299     7.81G      1.15     0.237         0      1.39        26       608     0.809     0.768       0.8     0.788      3.19     0.624         0
   159/299     7.81G      1.27     0.252         0      1.53        26       608     0.828     0.789     0.806     0.808      3.05     0.609         0
   160/299     7.81G      1.15     0.245         0      1.39        20       608     0.827     0.828     0.822     0.828      3.12     0.609         0
   161/299     7.81G      1.21     0.241         0      1.45        18       608     0.828      0.81     0.825     0.819       3.1     0.609         0
   162/299     7.81G      1.01     0.244         0      1.25        23       608     0.806     0.808     0.818     0.807      3.11     0.599         0
   163/299     7.81G      1.12     0.265         0      1.39        24       608     0.812     0.839     0.835     0.825      3.13     0.576         0
   164/299     7.81G      1.17     0.242         0      1.41        24       608     0.822     0.837     0.835      0.83      3.12     0.579         0
   165/299     7.81G      1.14     0.257         0       1.4        20       608     0.823     0.816     0.821     0.819      3.15     0.608         0
   166/299     7.81G      1.14     0.239         0      1.38        25       608     0.837     0.816     0.807     0.826      3.16      0.63         0
   167/299     7.81G      1.07     0.228         0       1.3        25       608     0.816     0.816     0.817     0.816      3.18     0.621         0
   168/299     7.81G     0.982      0.22         0       1.2        27       608     0.857       0.8     0.818     0.828      3.12     0.642         0
   169/299     7.81G      1.15     0.227         0      1.37        18       608     0.837     0.795     0.821     0.815      3.15     0.631         0
   170/299     7.81G      1.07     0.252         0      1.32        21       608     0.849     0.832     0.834      0.84      3.13     0.595         0
   171/299     7.81G      1.17     0.238         0      1.41        20       608     0.814     0.808     0.829     0.811      3.12     0.591         0
   172/299     7.81G      1.11     0.228         0      1.34        23       608      0.83     0.846      0.84     0.838      3.15     0.574         0
   173/299     7.81G       1.1     0.212         0      1.31        27       608     0.816       0.8      0.81     0.808      3.15     0.582         0
   174/299     7.81G       1.1     0.241         0      1.34        19       608     0.816     0.795      0.81     0.805      3.17     0.599         0
   175/299     7.81G      1.03     0.247         0      1.28        23       608     0.779     0.774     0.782     0.776      3.19     0.626         0
   176/299     7.81G      1.04     0.238         0      1.28        28       608     0.804     0.821     0.823     0.812      3.12     0.603         0
   177/299     7.81G      1.05     0.216         0      1.27        23       608     0.815     0.837     0.833     0.826       3.1     0.599         0
   178/299     7.81G      1.05     0.233         0      1.28        26       608     0.809     0.823     0.835     0.816      3.14     0.608         0
   179/299     7.81G      1.05     0.232         0      1.28        18       608     0.837     0.808     0.837     0.822      3.18     0.618         0
   180/299     7.81G         1     0.226         0      1.23        28       608     0.821     0.811     0.841     0.816       3.2     0.618         0
   181/299     7.81G     0.959     0.219         0      1.18        26       608     0.801     0.805     0.822     0.803      3.18     0.624         0
   182/299     7.81G     0.973     0.243         0      1.22        26       608     0.804     0.778     0.796     0.791      3.23     0.634         0
   183/299     7.81G     0.988     0.224         0      1.21        21       608     0.805      0.76     0.791     0.782      3.27     0.634         0
   184/299     7.81G     0.979     0.208         0      1.19        24       608     0.823     0.779     0.808       0.8      3.24     0.618         0
   185/299     7.81G      1.01     0.227         0      1.23        25       608     0.817     0.776     0.815     0.796      3.21     0.623         0
   186/299     7.81G      1.02     0.235         0      1.26        15       608     0.811     0.768     0.819     0.789      3.16     0.631         0
   187/299     7.81G     0.922     0.192         0      1.11        19       608     0.806     0.795     0.819     0.801      3.17     0.623         0
   188/299     7.81G     0.966     0.222         0      1.19        24       608     0.813     0.811     0.833     0.812      3.18     0.622         0
   189/299     7.81G     0.909      0.21         0      1.12        25       608     0.804     0.818     0.826     0.811      3.18     0.622         0
   190/299     7.81G     0.936     0.216         0      1.15        23       608     0.784     0.805     0.814     0.794      3.16     0.634         0
   191/299     7.81G     0.953     0.211         0      1.16        23       608     0.804     0.816     0.836      0.81      3.14     0.642         0
   192/299     7.81G     0.896     0.209         0      1.11        24       608     0.815     0.826     0.831      0.82      3.16     0.632         0
   193/299     7.81G     0.926     0.219         0      1.15        24       608     0.808     0.819     0.829     0.814      3.16     0.632         0
   194/299     7.81G     0.908     0.214         0      1.12        29       608       0.8     0.821     0.824      0.81      3.13     0.635         0
   195/299     7.81G     0.875     0.209         0      1.08        28       608      0.81     0.837     0.827     0.823      3.13     0.634         0
   196/299     7.81G     0.923     0.193         0      1.12        22       608     0.802     0.821     0.823     0.811      3.12     0.641         0
   197/299     7.81G     0.869       0.2         0      1.07        23       608      0.83     0.826     0.837     0.828      3.12     0.642         0
   198/299     7.81G     0.843     0.191         0      1.03        27       608     0.828     0.813     0.836     0.821      3.13     0.642         0
   199/299     7.81G     0.872      0.19         0      1.06        34       608     0.837     0.811     0.829     0.823      3.17     0.649         0
   200/299     7.81G     0.943      0.21         0      1.15        28       608     0.832     0.784      0.81     0.807      3.16     0.661         0
   201/299     7.81G     0.882     0.185         0      1.07        21       608     0.828     0.783     0.833     0.805      3.19     0.657         0
   202/299     7.81G     0.845     0.187         0      1.03        24       608     0.817     0.774     0.824     0.795      3.18      0.66         0
   203/299     7.81G     0.864     0.201         0      1.06        18       608     0.826       0.8      0.83     0.813      3.19     0.662         0
   204/299     7.81G     0.854     0.195         0      1.05        22       608     0.815       0.8     0.819     0.807       3.2      0.67         0
   205/299     7.81G     0.895     0.187         0      1.08        27       608     0.813     0.811     0.819     0.812      3.22     0.678         0
   206/299     7.81G     0.832     0.203         0      1.04        29       608     0.829     0.805     0.827     0.817      3.22     0.679         0
   207/299     7.81G     0.877     0.182         0      1.06        18       608     0.825       0.8     0.825     0.812      3.19     0.676         0
   208/299     7.81G     0.822      0.22         0      1.04        23       608     0.814       0.8     0.818     0.807       3.2     0.662         0
   209/299     7.81G     0.823     0.192         0      1.02        27       608     0.824     0.826     0.825     0.825      3.17     0.651         0
   210/299     7.81G     0.816     0.205         0      1.02        33       608     0.822     0.821     0.827     0.822      3.18     0.651         0
   211/299     7.81G     0.813     0.186         0     0.999        23       608     0.813     0.795     0.802     0.804      3.16     0.655         0
   212/299     7.81G     0.878     0.196         0      1.07        23       608     0.811     0.784     0.809     0.797      3.17     0.674         0
   213/299     7.81G     0.791     0.182         0     0.974        24       608     0.818     0.789     0.818     0.803       3.2     0.674         0
   214/299     7.81G     0.817     0.183         0         1        26       608     0.821     0.805     0.822     0.813      3.17     0.668         0
   215/299     7.81G     0.799     0.193         0     0.993        26       608     0.811     0.812     0.814     0.811      3.16     0.673         0
   216/299     7.81G       0.8     0.218         0      1.02        25       608     0.811     0.805     0.817     0.808      3.18     0.666         0
   217/299     7.81G     0.807     0.192         0     0.999        21       608     0.815     0.816     0.827     0.815      3.15     0.662         0
   218/299     7.81G     0.792     0.181         0     0.973        22       608      0.81     0.811     0.832      0.81      3.13     0.665         0
   219/299     7.81G     0.786     0.191         0     0.977        25       608     0.805     0.816     0.833      0.81      3.16     0.669         0
   220/299     7.81G     0.776     0.188         0     0.964        16       608     0.803     0.816     0.816     0.809      3.18      0.67         0
   221/299     7.81G     0.791     0.193         0     0.984        23       608     0.798     0.805     0.812     0.802      3.17     0.661         0
   222/299     7.81G     0.755      0.18         0     0.935        26       608     0.799     0.815     0.814     0.807      3.14      0.66         0
   223/299     7.81G     0.765     0.176         0      0.94        22       608       0.8     0.826     0.834     0.813      3.14     0.659         0
   224/299     7.81G     0.732     0.174         0     0.907        23       608       0.8     0.826     0.826     0.813      3.13      0.66         0
   225/299     7.81G     0.764     0.181         0     0.944        25       608     0.822     0.832     0.828     0.827      3.15     0.654         0
   226/299     7.81G     0.759     0.174         0     0.932        25       608     0.813     0.821     0.829     0.817      3.16     0.659         0
   227/299     7.81G     0.773     0.182         0     0.955        27       608     0.816     0.819     0.823     0.818      3.17     0.662         0
   228/299     7.81G     0.718     0.163         0     0.881        24       608     0.804     0.819      0.82     0.811       3.2     0.662         0
   229/299     7.81G     0.749     0.176         0     0.925        24       608     0.821     0.816     0.812     0.819      3.19     0.665         0
   230/299     7.81G     0.749     0.188         0     0.936        25       608     0.812     0.817     0.814     0.814      3.23     0.662         0
   231/299     7.81G     0.776     0.182         0     0.958        18       608     0.804     0.811     0.821     0.807      3.22     0.669         0
   232/299     7.81G     0.751     0.187         0     0.938        26       608     0.792     0.811     0.815     0.801      3.18     0.678         0
   233/299     7.81G      0.73     0.194         0     0.924        20       608     0.799     0.816     0.817     0.807      3.16     0.684         0
   234/299     7.81G     0.737     0.187         0     0.925        19       608     0.791     0.821     0.815     0.806      3.13     0.688         0
   235/299     7.81G     0.759     0.174         0     0.933        25       608     0.798     0.821     0.818     0.809      3.13     0.688         0
   236/299     7.81G     0.711     0.179         0      0.89        27       608     0.803     0.811     0.818     0.807      3.13     0.691         0
   237/299     7.81G     0.728     0.192         0     0.921        19       608     0.805     0.805     0.818     0.805      3.16     0.695         0
   238/299     7.81G     0.698     0.162         0      0.86        30       608     0.819      0.81     0.816     0.814      3.17     0.694         0
   239/299     7.81G     0.716     0.179         0     0.895        24       608     0.797     0.805     0.816     0.801      3.16     0.692         0
   240/299     7.81G     0.675     0.171         0     0.846        25       608     0.805     0.811     0.824     0.808      3.15     0.685         0
   241/299     7.81G     0.676     0.166         0     0.842        18       608      0.82     0.814     0.824     0.817      3.15     0.684         0
   242/299     7.81G     0.733     0.171         0     0.904        28       608     0.812     0.811     0.819     0.811      3.16     0.685         0
   243/299     7.81G     0.683     0.162         0     0.846        22       608     0.822     0.816     0.819     0.819      3.16     0.682         0
   244/299     7.81G     0.681     0.174         0     0.855        20       608     0.824     0.811     0.817     0.817      3.16     0.685         0
   245/299     7.81G     0.723     0.173         0     0.896        22       608     0.829     0.816     0.817     0.822      3.16      0.69         0
   246/299     7.81G     0.657      0.18         0     0.836        25       608     0.824     0.816     0.818      0.82      3.16     0.697         0
   247/299     7.81G     0.718     0.166         0     0.884        23       608     0.825     0.818     0.817     0.822      3.18     0.699         0
   248/299     7.81G     0.684     0.168         0     0.852        25       608     0.825     0.817     0.819     0.821      3.19     0.701         0
   249/299     7.81G     0.657     0.165         0     0.822        30       608     0.825     0.821     0.823     0.823      3.19     0.693         0
   250/299     7.81G     0.659     0.173         0     0.831        26       608      0.83     0.824     0.834     0.827      3.18     0.691         0
   251/299     7.81G     0.646      0.16         0     0.806        21       608     0.826     0.826     0.827     0.826      3.19     0.694         0
   252/299     7.81G     0.636     0.176         0     0.812        20       608     0.822     0.832     0.838     0.827      3.19     0.695         0
   253/299     7.81G     0.705     0.172         0     0.877        24       608     0.829     0.832     0.831      0.83      3.19     0.696         0
   254/299     7.81G     0.669     0.169         0     0.837        17       608     0.826     0.826     0.829     0.826       3.2     0.694         0
   255/299     7.81G     0.667     0.158         0     0.825        22       608     0.815     0.821     0.824     0.818      3.21     0.695         0
   256/299     7.81G     0.699     0.166         0     0.865        20       608     0.817     0.821     0.835     0.819      3.21     0.692         0
   257/299     7.81G      0.66     0.141         0     0.802        21       608     0.811     0.821     0.834     0.816      3.21     0.689         0
   258/299     7.81G     0.653     0.166         0      0.82        23       608     0.812     0.817     0.834     0.814      3.21     0.691         0
   259/299     7.81G     0.682     0.176         0     0.858        26       608     0.807     0.811     0.823     0.809       3.2     0.688         0
   260/299     7.81G     0.638     0.148         0     0.787        22       608     0.824     0.814      0.82     0.819      3.19     0.687         0
   261/299     7.81G     0.652     0.149         0     0.802        24       608     0.824     0.816      0.82      0.82      3.17     0.692         0
   262/299     7.81G     0.655     0.156         0     0.811        19       608     0.826     0.816     0.823     0.821      3.16     0.695         0
   263/299     7.81G     0.683     0.144         0     0.827        21       608     0.819     0.811      0.82     0.815      3.17     0.696         0
   264/299     7.81G     0.621     0.163         0     0.783        21       608     0.826     0.824     0.836     0.825      3.17     0.692         0
   265/299     7.81G     0.659     0.165         0     0.824        20       608     0.817     0.816     0.832     0.817      3.18     0.693         0
   266/299     7.81G     0.644     0.155         0     0.799        21       608      0.81     0.811     0.821      0.81      3.18     0.695         0
   267/299     7.81G     0.664     0.166         0      0.83        23       608     0.805     0.805     0.812     0.805      3.18     0.697         0
   268/299     7.81G     0.618     0.176         0     0.794        25       608     0.808     0.811     0.821     0.809      3.18     0.692         0
   269/299     7.81G     0.646     0.167         0     0.814        23       608      0.81     0.816     0.818     0.813      3.18     0.688         0
   270/299     7.81G      0.62     0.145         0     0.765        24       608     0.821     0.826     0.839     0.824      3.19     0.687         0
   271/299     7.81G     0.648     0.161         0     0.809        17       608     0.817     0.826     0.831     0.822      3.18      0.69         0
   272/299     7.81G     0.674     0.168         0     0.843        25       608     0.818     0.828     0.831     0.823      3.18     0.691         0
   273/299     7.81G     0.632     0.156         0     0.788        24       608     0.819     0.826      0.83     0.822      3.18     0.696         0
   274/299     7.81G     0.628     0.145         0     0.773        22       608     0.817     0.824      0.83      0.82      3.18       0.7         0
   275/299     7.81G     0.652     0.144         0     0.795        25       608     0.818     0.829      0.84     0.824      3.18     0.702         0
   276/299     7.81G     0.611     0.172         0     0.782        23       608     0.822     0.826     0.838     0.824      3.18     0.705         0
   277/299     7.81G     0.626     0.171         0     0.796        24       608     0.819     0.826     0.837     0.823      3.19     0.706         0
   278/299     7.81G     0.621     0.158         0     0.779        30       608     0.819     0.821     0.831      0.82      3.19     0.705         0
   279/299     7.81G      0.63     0.148         0     0.778        22       608     0.825     0.821     0.837     0.823      3.18     0.707         0
   280/299     7.81G     0.661     0.159         0      0.82        26       608     0.822     0.821     0.839     0.822      3.18      0.71         0
   281/299     7.81G     0.615     0.172         0     0.787        18       608     0.826     0.821      0.84     0.823      3.17     0.711         0
   282/299     7.81G     0.599     0.142         0     0.741        21       608     0.826     0.826     0.841     0.826      3.16      0.71         0
   283/299     7.81G     0.619     0.152         0     0.772        22       608      0.82     0.826     0.836     0.823      3.16     0.706         0
   284/299     7.81G     0.645     0.178         0     0.822        20       608      0.83     0.832     0.837     0.831      3.15     0.699         0
   285/299     7.81G     0.604     0.143         0     0.748        26       608     0.832     0.832     0.836     0.832      3.15     0.697         0
   286/299     7.81G     0.642     0.146         0     0.788        25       608      0.83     0.826     0.827     0.828      3.16     0.697         0
   287/299     7.81G     0.625     0.171         0     0.797        23       608     0.824     0.816     0.827      0.82      3.16     0.699         0
   288/299     7.81G      0.63     0.168         0     0.798        13       608     0.827     0.821     0.834     0.824      3.17     0.705         0
   289/299     7.81G     0.587     0.144         0      0.73        20       608      0.83     0.826     0.833     0.828      3.17     0.705         0
   290/299     7.81G     0.624     0.164         0     0.789        28       608     0.831     0.825     0.833     0.828      3.16     0.708         0
   291/299     7.81G     0.613     0.159         0     0.772        27       608     0.826     0.821     0.835     0.824      3.17     0.711         0
   292/299     7.81G     0.591      0.15         0     0.741        25       608     0.826     0.821     0.835     0.823      3.17      0.71         0
   293/299     7.81G     0.603     0.159         0     0.762        23       608     0.829     0.826     0.834     0.828      3.17     0.711         0
   294/299     7.81G     0.611     0.147         0     0.758        23       608      0.82     0.826     0.836     0.823      3.17     0.709         0
   295/299     7.81G     0.585     0.149         0     0.733        26       608     0.821     0.826     0.836     0.824      3.17     0.711         0
   296/299     7.81G     0.662     0.187         0     0.848        25       608     0.824     0.826      0.83     0.825      3.18     0.709         0
   297/299     7.81G     0.638     0.149         0     0.788        22       608     0.826     0.825     0.829     0.825      3.17     0.704         0
   298/299     7.81G     0.608     0.153         0     0.761        20       608     0.823     0.826     0.829     0.825      3.17     0.701         0
   299/299     7.81G     0.604     0.145         0     0.749        17       608     0.814     0.826     0.829      0.82      3.18     0.702         0
