[    0.67776           0           0           0           0           0     0.66304           0           0]
[          0           0     0.42503           0           0           0    0.033566           0           0     0.59081           0    0.015234           0]
[          0     0.65317     0.64547           0           0      0.6642           0           0           0           0     0.31239     0.44168]
[    0.69097           0           0           0           0           0           0           0           0           0    0.067189           0     0.67496           0           0    0.015854           0           0           0]
[    0.57068     0.65421           0           0           0           0]
[          0     0.38353     0.59842           0           0           0           0     0.56279           0      0.1714           0     0.47246           0           0           0           0]
[    0.53673     0.56217     0.66841      0.6472     0.51262           0           0     0.60893     0.58866]
[     0.4995           0           0           0     0.18276           0     0.57343     0.67215           0           0           0]
[     0.5751]
[    0.30282           0     0.19454           0           0           0           0     0.35085     0.22268]
[    0.70115           0           0           0           0           0           0           0           0           0           0           0     0.54866]
[    0.72667     0.35641           0]
[    0.81954           0           0           0           0           0           0           0     0.11485           0           0]
[    0.27162           0           0           0           0           0           0    0.028762           0           0           0           0           0]
[          0           0           0           0           0     0.62371           0     0.32011           0           0           0           0]
[          0   0.0018296           0     0.91138           0           0     0.13131           0           0           0           0    0.012547           0           0    0.014475]
[    0.58918     0.57099     0.48951           0]
[          0           0     0.48529    0.084054     0.32626           0           0     0.49655           0           0           0           0           0]
[     0.7858           0     0.63673           0           0           0           0           0           0           0           0           0           0]
[    0.38293     0.40993           0           0     0.38911           0           0           0           0           0           0           0           0           0]
[    0.54868           0     0.72308           0     0.42214           0           0     0.15391     0.56233           0     0.35496    0.089253           0           0]
[    0.18805           0      0.7873     0.10367           0     0.26697     0.59235           0           0           0           0      0.1492]
[          0     0.35576     0.43905           0     0.29686           0           0           0     0.46413           0]
[     0.5604     0.55939           0           0           0           0           0           0           0     0.32355    0.069436           0     0.26179     0.57857           0           0]
[    0.39192      0.7055           0           0           0           0           0           0           0           0           0           0     0.68639     0.71803           0]
[    0.68601           0     0.54831           0     0.15053           0           0           0]
[    0.55471           0           0     0.51955           0           0           0           0           0           0           0           0           0           0           0           0           0           0           0           0           0]
[  0.0099917           0           0           0           0           0           0    0.033966           0     0.53064           0           0           0           0    0.017632           0           0    0.024735           0           0           0           0    0.039269           0]
[    0.84135           0           0           0     0.35493           0           0           0           0]
[     0.6309           0           0           0           0           0           0           0           0]
[    0.70283           0           0           0           0           0           0           0           0           0           0           0           0]
[    0.61188     0.80625           0           0           0           0     0.33867           0           0           0           0           0           0           0]
[      0.881     0.52661     0.42847     0.11811           0           0     0.51101     0.56688           0     0.10676     0.72697           0           0           0     0.38015           0           0]
[    0.80586     0.92631           0     0.81962           0           0     0.50533           0           0           0]
[    0.68079     0.67825     0.80127           0     0.68977           0           0           0           0     0.39003]
[    0.71803           0           0           0           0           0]
[    0.61911      0.4404           0    0.051251           0           0     0.21408           0           0     0.29835           0           0           0      0.6159           0     0.19739           0           0    0.076675    0.058907]
[     0.4557           0           0           0           0           0           0    0.012995           0           0           0           0     0.48492    0.010352           0           0           0      0.3422     0.41255]
[    0.67735     0.90858      0.8351     0.52589     0.17215]
[    0.12357           0           0           0           0     0.18376           0           0           0           0           0           0     0.18271           0           0]
[    0.28114      0.4848           0     0.57906           0           0           0           0           0]
[ 0.00072132           0           0           0           0           0           0           0           0           0           0]
[    0.75269           0           0           0           0           0           0           0           0           0           0           0           0           0           0           0]
[    0.79079]
[     0.5196           0           0           0           0           0           0]
[    0.82823     0.43579     0.40483           0     0.89522           0     0.27112           0]
[     0.5534           0     0.55907           0           0           0           0           0   0.0082663     0.62842           0           0           0           0           0           0           0           0           0           0           0           0     0.33682           0           0]
[    0.47371     0.33975]
[    0.49977    0.060571           0           0           0           0     0.50919]
[    0.71027           0     0.83705     0.68328           0           0     0.65797     0.82164]
[     0.6647     0.14558     0.79227     0.79858           0     0.70035           0     0.44454]
[          0     0.53977           0           0           0           0           0           0           0           0           0           0           0           0           0           0           0           0     0.42235           0           0     0.12851           0           0]
[     0.7742           0           0           0           0           0           0           0]
[    0.60577           0     0.72727           0     0.58169           0]
[    0.72143     0.58396     0.72222           0           0           0     0.63445]
[    0.66731     0.61117           0           0           0           0           0           0           0           0           0           0           0           0           0           0           0           0      0.3783    0.053275           0]
[   0.044528           0           0           0           0           0     0.21275           0]
[    0.68082           0           0]
[    0.48434     0.77252     0.70687     0.79289     0.86856     0.42366           0           0      0.7095     0.55973           0           0           0           0           0           0           0           0     0.25607           0           0]
[    0.75576           0           0           0           0           0           0           0]
[    0.74721           0           0]
[      0.767     0.67249           0     0.51474           0           0           0    0.064194           0           0     0.75965]
[          0           0           0           0           0           0           0           0           0    0.089443           0     0.45199           0           0           0           0           0           0           0           0           0           0           0           0           0           0
           0           0           0           0           0           0    0.016579           0           0           0           0    0.077705           0           0           0           0           0           0           0           0           0           0           0           0           0           0
           0           0           0           0     0.49153           0           0           0           0           0           0           0           0           0           0           0           0           0           0           0]
[    0.49612     0.40691           0     0.24408     0.05234           0           0     0.12783     0.13764]
[    0.65717     0.71553           0           0           0           0]
[    0.50813     0.69904           0           0     0.41788     0.56115           0           0           0      0.4298           0]
[     0.8257     0.57003           0]
[    0.84847           0           0           0]
[    0.41492           0           0           0           0           0           0           0           0           0           0]
[   0.080979           0           0           0    0.067154           0]
[    0.83459           0     0.56925           0           0           0]
[    0.37191     0.48699    0.095657           0      0.4343     0.32027     0.51346     0.45477           0     0.16539     0.50945           0           0      0.2934           0           0           0     0.39557           0     0.32537     0.54189]
[    0.88949     0.78711     0.47773]
[     0.2265           0           0           0     0.17376           0     0.27659           0           0           0]
[    0.57803           0           0           0           0           0           0           0           0           0]
[    0.29257           0           0           0           0           0           0]
[    0.83176           0           0]
[    0.82291     0.66887      0.6398           0           0           0     0.73943           0           0           0           0           0           0           0           0     0.50875]
[    0.61449     0.85575     0.74313           0           0     0.67655           0     0.77024           0           0           0           0     0.69915           0           0           0           0]
[    0.83738           0    0.065402           0    0.095727           0     0.51453           0     0.53992           0     0.48458]
[          0           0           0           0           0           0           0           0           0]
[    0.49592           0           0     0.28987     0.49609           0           0           0           0           0           0           0     0.24667           0           0           0           0           0    0.082812           0           0           0           0           0           0           0
           0]
[    0.79002           0     0.57023     0.64629           0           0           0           0           0     0.55045     0.39196           0           0   0.0048383           0           0           0           0           0           0           0     0.55192           0           0           0           0
           0           0]
[    0.63583     0.58877     0.03139           0           0           0           0]
[          0           0           0     0.36517      0.1416           0           0           0]
[    0.70305     0.94768     0.42293           0     0.64046           0           0]
[          0           0           0           0           0     0.33678           0           0           0           0     0.06582           0           0           0     0.63135           0]
[    0.46812           0     0.63495           0           0           0           0     0.39091]
[     0.7613     0.54001           0     0.71152           0           0           0     0.33546           0           0     0.73546     0.45115           0           0           0           0]
[    0.64918           0           0           0           0           0           0           0           0           0           0           0]
[    0.83466     0.82241      0.7063     0.65608           0       0.491           0     0.51921     0.40277]
[    0.57169     0.77051     0.87282     0.81967     0.68549           0     0.43509     0.86567     0.59695     0.70637     0.57735           0           0     0.28899           0]
[    0.50555     0.56059     0.48637           0           0      0.4445     0.20955      0.3711           0           0     0.58145           0           0           0           0]
[    0.76403           0      0.4998           0           0     0.50718           0     0.45472]
[    0.46306           0     0.42001           0           0           0           0           0           0           0           0           0           0           0           0           0]
[    0.57887     0.61024       0.485           0           0           0]
[    0.86197           0           0     0.62369     0.79989]
[    0.58952      0.6328      0.7053           0    0.030108           0]
[    0.78451     0.56441     0.65298           0           0           0           0           0           0           0     0.63482           0           0           0           0           0           0           0]
[    0.20552     0.29587     0.47722           0     0.24679     0.39902     0.54962           0           0     0.52776     0.42206           0           0           0]
