     0/299     7.81G         8      31.5         0      39.5        14       608         0         0   0.00257         0      7.08      3.76         0
     1/299     7.81G      6.35      1.95         0       8.3        16       608         0         0  0.000179         0      6.04      3.79         0
     2/299     7.81G      5.42      1.72         0      7.14         9       608         0         0  3.83e-06         0       8.5      10.5         0
     3/299     7.81G      5.05      1.65         0      6.69        15       608         0         0    0.0296         0      5.22      2.92         0
     4/299     7.81G      4.79      1.41         0       6.2        16       608         1   0.00361     0.191   0.00719      4.98      2.44         0
     5/299     7.81G      4.62      1.21         0      5.84         6       608     0.163     0.318     0.105     0.215      4.87      2.28         0
     6/299     7.81G      4.85     0.993         0      5.84        17       608         0         0     0.326         0      4.59      2.16         0
     7/299     7.81G      4.86      1.08         0      5.94        14       608         1   0.00361      0.27   0.00719      4.95      2.06         0
     8/299     7.81G       4.1      1.07         0      5.17         5       608     0.144    0.0188     0.139    0.0333      4.81      2.03         0
     9/299     7.81G      4.14      1.05         0      5.19        20       608     0.338   0.00738     0.339    0.0144       4.3      1.86         0
    10/299     7.81G      4.51     0.882         0      5.39        17       608         1   0.00361     0.253   0.00719      4.38      2.13         0
    11/299     7.81G      3.95      1.04         0      4.99         6       608         1   0.00361     0.463   0.00719      3.98      2.02         0
    12/299     7.81G      4.05     0.842         0      4.89        17       608     0.845    0.0785      0.57     0.144      3.68      1.81         0
    13/299     7.81G       4.1     0.895         0      4.99        14       608     0.644    0.0457      0.41    0.0854      3.91      1.72         0
    14/299     7.81G      3.96     0.861         0      4.82         6       608     0.409     0.126     0.279     0.193      4.84      1.45         0
    15/299     7.81G      3.87     0.853         0      4.73        14       608     0.119    0.0433     0.088    0.0636      4.93      1.46         0
    16/299     7.81G      3.91     0.802         0      4.71        17       608         1   0.00361     0.384   0.00719      4.05      1.63         0
    17/299     7.81G      3.86     0.776         0      4.64         4       608     0.691    0.0794     0.346     0.142      4.16      1.45         0
    18/299     7.81G      3.81      0.66         0      4.47        14       608         1   0.00361     0.502   0.00719      4.11      1.43         0
    19/299     7.81G      3.87     0.765         0      4.64        16       608         1   0.00361      0.61   0.00719      4.26       1.3         0
    20/299     7.81G      4.03     0.696         0      4.72         4       608      0.87     0.144     0.667     0.248      3.94      1.38         0
    21/299     7.81G      3.74     0.749         0      4.49        15       608      0.59     0.116     0.464     0.193      4.06      1.44         0
    22/299     7.81G      3.29     0.712         0         4        20       608      0.78     0.179     0.565     0.291      3.66      1.48         0
    23/299     7.81G       3.6     0.632         0      4.23         5       608     0.756     0.332     0.572     0.461      4.01      1.28         0
    24/299     7.81G      3.42     0.674         0       4.1        15       608     0.835     0.311      0.62     0.453       3.9      1.35         0
    25/299     7.81G      3.58     0.686         0      4.27        16       608     0.894     0.243     0.653     0.382      3.55      1.43         0
    26/299     7.81G      3.37     0.646         0      4.01         5       608     0.718     0.634     0.688     0.673         4       1.2         0
    27/299     7.81G      3.38     0.648         0      4.02        17       608         1    0.0872     0.651      0.16      4.16      1.27         0
    28/299     7.81G      3.12     0.728         0      3.84        15       608     0.843     0.272     0.645     0.411      3.71      1.33         0
    29/299     7.81G       3.4     0.616         0      4.01         6       608     0.819     0.294     0.624     0.433      3.79      1.31         0
    30/299     7.81G      3.26     0.646         0       3.9         9       608      0.84     0.114     0.567       0.2       3.7      1.39         0
    31/299     7.81G      3.11     0.675         0      3.79        20       608     0.769     0.204     0.448     0.323      4.12      1.31         0
    32/299     7.81G      3.34      0.65         0      3.99         6       608     0.772      0.33      0.54     0.463       4.5      1.22         0
    33/299     7.81G      3.34     0.642         0      3.98        17       608     0.625      0.31     0.357     0.415       5.6      1.06         0
    34/299     7.81G      3.24     0.704         0      3.94        22       608      0.74     0.386     0.532     0.508      4.53      1.17         0
    35/299     7.81G      3.05     0.696         0      3.75         7       608      0.63     0.332     0.425     0.435      4.39      1.26         0
    36/299     7.81G      3.23     0.591         0      3.82        16       608     0.723    0.0755     0.139     0.137      7.17      1.47         0
    37/299     7.81G      3.28     0.526         0       3.8        20       608     0.692    0.0505     0.199    0.0942      5.73      1.34         0
    38/299     7.81G      3.24     0.621         0      3.86         8       608     0.686     0.444     0.527     0.539      3.92      1.22         0
    39/299     7.81G      3.29     0.562         0      3.85        12       608     0.845     0.176     0.474     0.292       4.3      1.42         0
    40/299     7.81G      3.16     0.534         0      3.69        13       608     0.822       0.4     0.627     0.538       3.7      1.23         0
    41/299     7.81G      2.79     0.567         0      3.36         5       608     0.806     0.354     0.603     0.492      3.55      1.23         0
    42/299     7.81G      2.82     0.592         0      3.41        20       608     0.813     0.645     0.747     0.719      3.29      1.19         0
    43/299     7.81G      2.82     0.594         0      3.41        12       608      0.86     0.556     0.738     0.676      3.52      1.14         0
    44/299     7.81G      2.92     0.563         0      3.48         4       608     0.871      0.56     0.749     0.681       3.6      1.05         0
    45/299     7.81G      2.86     0.575         0      3.44        19       608     0.813     0.606     0.707     0.695      3.38      1.19         0
    46/299     7.81G       2.8     0.536         0      3.34        15       608     0.834     0.563     0.684     0.672      3.41       1.2         0
    47/299     7.81G       2.9     0.494         0       3.4         4       608     0.813     0.424      0.65     0.557      3.64      1.14         0
    48/299     7.81G      2.75     0.513         0      3.26        10       608     0.806     0.691     0.758     0.744      3.39       1.1         0
    49/299     7.81G      2.81     0.496         0      3.31        15       608     0.818     0.568     0.735      0.67      3.66         1         0
    50/299     7.81G      2.68     0.531         0      3.21         8       608     0.814     0.718     0.773     0.763      3.42      0.99         0
    51/299     7.81G      2.87     0.504         0      3.38        17       608     0.881     0.562     0.731     0.686      3.29      1.04         0
    52/299     7.81G      2.62     0.448         0      3.07        15       608     0.831      0.57     0.697     0.676      3.66     0.955         0
    53/299     7.81G      2.69     0.486         0      3.17         7       608     0.847     0.541     0.711     0.661      3.47      1.05         0
    54/299     7.81G      3.01     0.493         0      3.51        10       608     0.836     0.496     0.682     0.623      3.54      1.08         0
    55/299     7.81G      2.57     0.543         0      3.11        17       608     0.779     0.597     0.645     0.676      3.55      1.09         0
    56/299     7.81G      2.47     0.497         0      2.97         6       608     0.732     0.512     0.604     0.602      3.72      1.03         0
    57/299     7.81G      2.48      0.49         0      2.97        20       608     0.813     0.711     0.771     0.759      3.16     0.935         0
    58/299     7.81G      2.53     0.437         0      2.97        19       608     0.833      0.52      0.72      0.64      3.53     0.903         0
    59/299     7.81G      2.42     0.409         0      2.83         7       608     0.848     0.706     0.808     0.771      3.36     0.872         0
    60/299     7.81G      2.46     0.438         0       2.9        15       608      0.82     0.704     0.763     0.758      3.43     0.886         0
    61/299     7.81G      2.69     0.446         0      3.13        15       608     0.855      0.62     0.759     0.719      3.42     0.924         0
    62/299     7.81G      2.45     0.463         0      2.91        10       608     0.798     0.629     0.689     0.703      3.62     0.965         0
    63/299     7.81G      2.42     0.391         0      2.81        19       608     0.868      0.64     0.763     0.737       3.4     0.946         0
    64/299     7.81G      2.51     0.415         0      2.93        18       608     0.852     0.657     0.768     0.742      3.24      1.03         0
    65/299     7.81G      2.37     0.444         0      2.81         5       608     0.833     0.661     0.758     0.737      3.16     0.984         0
    66/299     7.81G      2.28     0.436         0      2.72        14       608     0.836     0.553     0.735     0.666      3.41     0.921         0
    67/299     7.81G      2.42     0.397         0      2.82        15       608     0.836     0.644     0.757     0.728      3.15     0.939         0
    68/299     7.81G      2.25     0.412         0      2.66         6       608     0.841     0.643     0.746     0.729      3.33     0.982         0
    69/299     7.81G      2.09     0.443         0      2.53        22       608     0.801      0.61     0.714     0.693      3.34     0.976         0
    70/299     7.81G      2.21     0.378         0      2.59        20       608      0.85     0.635     0.756     0.727      3.26     0.962         0
    71/299     7.81G      2.14     0.398         0      2.53         4       608     0.822     0.603     0.704     0.696      3.33     0.904         0
    72/299     7.81G      2.51     0.363         0      2.87        23       608     0.797     0.617     0.707     0.696       3.4     0.888         0
    73/299     7.81G      2.23      0.37         0       2.6        22       608     0.853     0.691     0.759     0.763      3.21     0.895         0
    74/299     7.81G      2.39     0.373         0      2.76         5       608     0.821     0.681     0.747     0.745       3.4     0.872         0
    75/299     7.81G      2.13     0.385         0      2.51        24       608     0.824     0.675      0.73     0.742      3.24     0.884         0
    76/299     7.81G       2.1     0.383         0      2.48        19       608     0.765     0.552     0.634     0.641      3.77     0.924         0
    77/299     7.81G       2.1     0.388         0      2.49        10       608     0.828      0.66     0.721     0.734      3.46     0.894         0
    78/299     7.81G      2.29     0.356         0      2.65        13       608     0.885      0.61     0.741     0.722       3.2     0.943         0
    79/299     7.81G      2.11     0.378         0      2.49        13       608     0.838     0.654     0.746     0.735       3.3     0.902         0
    80/299     7.81G      2.01     0.335         0      2.34         4       608     0.853     0.653     0.745      0.74      3.15      0.93         0
    81/299     7.81G      2.11     0.356         0      2.47        15       608     0.871      0.65     0.758     0.744      3.36     0.882         0
    82/299     7.81G      2.03     0.353         0      2.39        13       608     0.853     0.712     0.763     0.776      3.28     0.845         0
    83/299     7.81G      2.16     0.317         0      2.47         6       608     0.875     0.608     0.733     0.717      3.36     0.914         0
    84/299     7.81G      1.97     0.327         0      2.29        16       608      0.85     0.654     0.752     0.739      3.25     0.897         0
    85/299     7.81G      1.84     0.326         0      2.17        15       608     0.815     0.693     0.746     0.749      3.07     0.887         0
    86/299     7.81G      1.92     0.321         0      2.24         6       608     0.855     0.708     0.774     0.774      3.23     0.882         0
    87/299     7.81G      2.06     0.355         0      2.42        23       608      0.86     0.689     0.779     0.765      3.22      0.88         0
    88/299     7.81G      1.96     0.354         0      2.31        21       608      0.85     0.739     0.781     0.791      3.12     0.913         0
    89/299     7.81G      1.86      0.35         0      2.21         8       608     0.869     0.721       0.8     0.788      3.36     0.861         0
    90/299     7.81G      2.09     0.381         0      2.47        16       608     0.853     0.675     0.769     0.754      3.29     0.908         0
    91/299     7.81G      2.02      0.35         0      2.37        14       608     0.838     0.614     0.734     0.709      3.48     0.924         0
    92/299     7.81G      1.85     0.325         0      2.18         6       608     0.861     0.704     0.778     0.775      3.21     0.929         0
    93/299     7.81G       1.9     0.329         0      2.23        21       608     0.855     0.646     0.759     0.736       3.3     0.893         0
    94/299     7.81G      1.81     0.333         0      2.14        26       608     0.889     0.606     0.761     0.721      3.12     0.906         0
    95/299     7.81G      1.87     0.325         0      2.19         5       608     0.836     0.617     0.738      0.71      3.35     0.878         0
    96/299     7.81G      1.86     0.314         0      2.17        19       608     0.805     0.655     0.732     0.722       3.3      0.89         0
    97/299     7.81G      1.91     0.331         0      2.24        16       608     0.874     0.617     0.754     0.724      3.26     0.964         0
    98/299     7.81G      1.82     0.322         0      2.14         9       608     0.873     0.622     0.747     0.727      3.33      0.99         0
    99/299     7.81G      1.81     0.338         0      2.15        16       608     0.897     0.628     0.771     0.739      3.13      1.03         0
   100/299     7.81G      1.77     0.304         0      2.07        18       608     0.891     0.677     0.801     0.769      3.12     0.967         0
   101/299     7.81G      1.84     0.318         0      2.16         8       608     0.886     0.646     0.801     0.747      3.14     0.909         0
   102/299     7.81G      1.82     0.284         0      2.11        12       608     0.867       0.7     0.794     0.775      3.06     0.872         0
   103/299     7.81G      1.81     0.309         0      2.12        20       608     0.845     0.668     0.786     0.746      3.23      0.89         0
   104/299     7.81G      1.68     0.319         0         2         5       608     0.863     0.639     0.778     0.735      3.22     0.888         0
   105/299     7.81G       1.8     0.309         0      2.11        22       608     0.892     0.679     0.817     0.771      3.05     0.859         0
   106/299     7.81G      1.75     0.302         0      2.05        16       608     0.886     0.661     0.785     0.757      3.29     0.861         0
   107/299     7.81G      1.62     0.311         0      1.93         5       608     0.881      0.72     0.822     0.792      3.04     0.841         0
   108/299     7.81G      1.76     0.307         0      2.07        17       608     0.873     0.742     0.809     0.802      3.05     0.845         0
   109/299     7.81G      1.78     0.308         0      2.09        21       608     0.869     0.693     0.801     0.771      3.14     0.831         0
   110/299     7.81G      1.64     0.297         0      1.94         6       608     0.871     0.747     0.819     0.804      2.96     0.802         0
   111/299     7.81G      1.78     0.271         0      2.05        14       608     0.875      0.76     0.815     0.814      3.08     0.828         0
   112/299     7.81G      1.66     0.299         0      1.96        18       608     0.898     0.731     0.819     0.806      2.93     0.879         0
   113/299     7.81G      1.61     0.282         0      1.89         7       608     0.838     0.709     0.776     0.768      3.07      0.87         0
   114/299     7.81G      1.62     0.292         0      1.91        15       608     0.833     0.697     0.762     0.759      3.08     0.883         0
   115/299     7.81G      1.55     0.264         0      1.81        17       608     0.862     0.698     0.786     0.771      3.04     0.859         0
   116/299     7.81G      1.78     0.279         0      2.06         7       608      0.91      0.69     0.824     0.785      3.03     0.858         0
   117/299     7.81G       1.6     0.296         0       1.9        19       608     0.885      0.67      0.79     0.763      3.15     0.891         0
   118/299     7.81G      1.43     0.282         0      1.71        16       608      0.86     0.675     0.787     0.757      3.05     0.925         0
   119/299     7.81G      1.56     0.276         0      1.83         9       608     0.847     0.643     0.745     0.731       3.1     0.965         0
   120/299     7.81G      1.51     0.277         0      1.78        13       608     0.836     0.665     0.731     0.741      3.07     0.941         0
   121/299     7.81G      1.52     0.284         0       1.8        10       608     0.829     0.698     0.736     0.758      3.17     0.925         0
   122/299     7.81G      1.56     0.271         0      1.83         5       608     0.831      0.69     0.744     0.754       3.1     0.931         0
   123/299     7.81G      1.47     0.253         0      1.72        18       608     0.831      0.69     0.758     0.754      3.14     0.942         0
   124/299     7.81G      1.45     0.272         0      1.72        12       608     0.841     0.727     0.783      0.78      3.06     0.929         0
   125/299     7.81G      1.55     0.281         0      1.83         7       608     0.849     0.793     0.802      0.82      2.99     0.899         0
   126/299     7.81G      1.65     0.264         0      1.92        11       608     0.864     0.777     0.805     0.818      3.13     0.882         0
   127/299     7.81G      1.65     0.265         0      1.92        17       608     0.873     0.718     0.793     0.788      3.14      0.92         0
   128/299     7.81G      1.56     0.278         0      1.83         5       608     0.858     0.722     0.787     0.784      3.11     0.916         0
   129/299     7.81G      1.51     0.251         0      1.76        22       608     0.859      0.74     0.796     0.795      3.17     0.903         0
   130/299     7.81G      1.58      0.29         0      1.87        16       608     0.857     0.694     0.766     0.767      3.12      0.92         0
   131/299     7.81G      1.39     0.261         0      1.65         7       608     0.879     0.711     0.778     0.786      3.09     0.891         0
   132/299     7.81G      1.47     0.252         0      1.72        19       608     0.876     0.738     0.812     0.801      3.01     0.873         0
   133/299     7.81G       1.5     0.278         0      1.78        19       608     0.877     0.755     0.807     0.811      3.06     0.885         0
   134/299     7.81G      1.52     0.249         0      1.76         4       608     0.853     0.686      0.76     0.761      3.15     0.945         0
   135/299     7.81G      1.48     0.269         0      1.75        22       608     0.882     0.701     0.787     0.781      3.12     0.947         0
   136/299     7.81G       1.4     0.264         0      1.67        18       608     0.859     0.703     0.771     0.773      3.09     0.954         0
   137/299     7.81G      1.51     0.258         0      1.77         4       608     0.864     0.711     0.768      0.78      3.16     0.933         0
   138/299     7.81G      1.38     0.237         0      1.62        22       608     0.857     0.711     0.757     0.777      3.14     0.916         0
   139/299     7.81G      1.42     0.237         0      1.66        13       608      0.85     0.757     0.785     0.801       3.1     0.883         0
   140/299     7.81G      1.46     0.248         0      1.71         7       608     0.878     0.753     0.789     0.811      3.14     0.877         0
   141/299     7.81G      1.39     0.217         0      1.61        15       608      0.87     0.762     0.771     0.812      3.15     0.884         0
   142/299     7.81G      1.43     0.254         0      1.68        13       608     0.863     0.783     0.796     0.821      3.09     0.871         0
   143/299     7.81G      1.23      0.23         0      1.46         7       608      0.84     0.775     0.787     0.806      3.11     0.874         0
   144/299     7.81G      1.23     0.251         0      1.49        18       608     0.839     0.816      0.81     0.827      3.06     0.851         0
   145/299     7.81G      1.47     0.229         0       1.7        21       608      0.87     0.809     0.824     0.838      3.07     0.842         0
   146/299     7.81G      1.38     0.235         0      1.62         8       608     0.873     0.805     0.827     0.838      3.06     0.842         0
   147/299     7.81G      1.23     0.248         0      1.48        18       608     0.874     0.777     0.823     0.823      3.05     0.853         0
   148/299     7.81G      1.35      0.22         0      1.57        16       608     0.871     0.778     0.796     0.822       3.1     0.868         0
   149/299     7.81G      1.42     0.245         0      1.66         8       608     0.888     0.745     0.812      0.81      3.06     0.909         0
   150/299     7.81G       1.3     0.238         0      1.54        15       608     0.864     0.737     0.784     0.795      3.07     0.915         0
   151/299     7.81G      1.22     0.246         0      1.47        19       608      0.87     0.747     0.793     0.804      3.12      0.92         0
   152/299     7.81G      1.28     0.238         0      1.52         4       608     0.865     0.755     0.782     0.806      3.13     0.894         0
   153/299     7.81G      1.36     0.229         0      1.59        23       608     0.869     0.697     0.764     0.773      3.13     0.931         0
   154/299     7.81G      1.27     0.219         0      1.49        15       608      0.86     0.686     0.763     0.763      3.19     0.942         0
   155/299     7.81G      1.32     0.203         0      1.52         7       608     0.873     0.719     0.779     0.789      3.12     0.963         0
   156/299     7.81G      1.22     0.245         0      1.46        14       608     0.872      0.71     0.773     0.783      3.21     0.991         0
   157/299     7.81G      1.19     0.218         0       1.4        11       608     0.856      0.73     0.761     0.788      3.18      1.01         0
   158/299     7.81G      1.26     0.248         0       1.5         6       608     0.846     0.717     0.749     0.776      3.16      1.02         0
   159/299     7.81G      1.19     0.198         0      1.39        19       608     0.866     0.721     0.769     0.786      3.22     0.991         0
   160/299     7.81G      1.19     0.203         0      1.39        15       608     0.863      0.73     0.773     0.791      3.16     0.987         0
   161/299     7.81G      1.27     0.225         0      1.49         6       608     0.854     0.711     0.772     0.776      3.18     0.982         0
   162/299     7.81G      1.22     0.226         0      1.44        17       608     0.864      0.76     0.805     0.809       3.1      0.96         0
   163/299     7.81G      1.16     0.215         0      1.37        17       608     0.849     0.752     0.787     0.798      3.13     0.949         0
   164/299     7.81G      1.19       0.2         0      1.39        11       608     0.857     0.736     0.788     0.792      3.13     0.956         0
   165/299     7.81G      1.22     0.225         0      1.44        13       608     0.839     0.675     0.756     0.748      3.12     0.987         0
   166/299     7.81G      1.13      0.24         0      1.37        17       608      0.87     0.697      0.78     0.774      3.14     0.987         0
   167/299     7.81G       1.1     0.219         0      1.32         6       608     0.865     0.717      0.78     0.784      3.14     0.963         0
   168/299     7.81G      1.12     0.198         0      1.32        15       608     0.879     0.762     0.805     0.816      3.05     0.922         0
   169/299     7.81G      1.06     0.195         0      1.25        14       608     0.854     0.758     0.788     0.803      3.05     0.924         0
   170/299     7.81G      1.15     0.203         0      1.36         4       608     0.887     0.762     0.803     0.819      3.07     0.958         0
   171/299     7.81G      1.04      0.21         0      1.25        26       608      0.88     0.768     0.789      0.82      3.08      0.96         0
   172/299     7.81G      1.16     0.194         0      1.35        12       608     0.883     0.787     0.816     0.832      2.97     0.939         0
   173/299     7.81G      1.16      0.21         0      1.37         8       608     0.884     0.762     0.781     0.818       3.1     0.953         0
   174/299     7.81G      1.05     0.215         0      1.27        19       608     0.904     0.758     0.812     0.825      3.03     0.958         0
   175/299     7.81G      1.18     0.226         0       1.4        18       608     0.873     0.755     0.795     0.809      3.11     0.926         0
   176/299     7.81G      1.05     0.166         0      1.21         5       608     0.874     0.773     0.804      0.82      3.08     0.901         0
   177/299     7.81G      1.14     0.184         0      1.32        10       608     0.897     0.798     0.832     0.845         3     0.888         0
   178/299     7.81G      1.16     0.197         0      1.35        18       608     0.894     0.783     0.824     0.835      3.02     0.892         0
   179/299     7.81G      1.02     0.203         0      1.22         6       608     0.872     0.783     0.801     0.825      3.05     0.898         0
   180/299     7.81G      1.06     0.196         0      1.26        13       608     0.898     0.797     0.822     0.845      3.01     0.885         0
   181/299     7.81G     0.999       0.2         0       1.2        21       608     0.903     0.776     0.822     0.835      3.05     0.897         0
   182/299     7.81G      1.07     0.196         0      1.26         7       608     0.885     0.754     0.795     0.814      2.94     0.905         0
   183/299     7.81G      1.01     0.196         0      1.21        15       608     0.901     0.759     0.815     0.824         3      0.92         0
   184/299     7.81G      1.03     0.192         0      1.23        15       608     0.897     0.756     0.816     0.821      3.07     0.942         0
   185/299     7.81G      1.05     0.201         0      1.25         4       608      0.88     0.762     0.803     0.816      3.05     0.951         0
   186/299     7.81G      1.03     0.193         0      1.22        11       608     0.865     0.773     0.807     0.816      3.03     0.952         0
   187/299     7.81G      1.02     0.173         0      1.19        13       608      0.86     0.778     0.791     0.817      3.06     0.963         0
   188/299     7.81G     0.991     0.188         0      1.18         4       608     0.852     0.776     0.785     0.812      3.08     0.962         0
   189/299     7.81G      1.03     0.199         0      1.23        15       608     0.877     0.775       0.8     0.823      3.05     0.955         0
   190/299     7.81G     0.983     0.176         0      1.16        22       608     0.863     0.744     0.794     0.799      3.03     0.955         0
   191/299     7.81G      0.93     0.173         0       1.1         7       608     0.871     0.747     0.801     0.804      3.03     0.953         0
   192/299     7.81G     0.994     0.183         0      1.18        13       608     0.881     0.776     0.814     0.825      3.02     0.945         0
   193/299     7.81G     0.921     0.205         0      1.13        15       608      0.87     0.772     0.797     0.818      3.05     0.945         0
   194/299     7.81G     0.847     0.174         0      1.02         5       608     0.865     0.761     0.794      0.81      3.07     0.947         0
   195/299     7.81G     0.929     0.188         0      1.12        15       608     0.856     0.753     0.777     0.801      3.07     0.956         0
   196/299     7.81G     0.982      0.17         0      1.15        17       608     0.867     0.755     0.792     0.808      3.08     0.962         0
   197/299     7.81G     0.925     0.182         0      1.11         6       608     0.871     0.756     0.792     0.809      3.03     0.958         0
   198/299     7.81G     0.918      0.19         0      1.11        19       608     0.863     0.752     0.785     0.804      3.07     0.957         0
   199/299     7.81G     0.884     0.177         0      1.06        15       608     0.873     0.791     0.814      0.83      3.08     0.945         0
   200/299     7.81G     0.913     0.165         0      1.08         7       608     0.853     0.776     0.798     0.813      3.06      0.93         0
   201/299     7.81G      0.86     0.177         0      1.04        10       608     0.868     0.787     0.809     0.825      3.03     0.934         0
   202/299     7.81G     0.932     0.197         0      1.13        18       608     0.854      0.78     0.796     0.815      3.07     0.943         0
   203/299     7.81G     0.868     0.185         0      1.05         7       608     0.857     0.798     0.801     0.826      3.04     0.947         0
   204/299     7.81G     0.933     0.191         0      1.12        16       608     0.855     0.786       0.8     0.819      3.04     0.945         0
   205/299     7.81G      0.91     0.166         0      1.08        14       608     0.861     0.784     0.802     0.821      3.08     0.949         0
   206/299     7.81G     0.878     0.166         0      1.04         4       608     0.865     0.765     0.803     0.812      3.08     0.961         0
   207/299     7.81G     0.866     0.168         0      1.03        14       608     0.867     0.765       0.8     0.813      3.06     0.956         0
   208/299     7.81G     0.852     0.178         0      1.03        17       608     0.878      0.78     0.804     0.826      3.01     0.951         0
   209/299     7.81G     0.838     0.171         0      1.01         8       608     0.872     0.788       0.8     0.828      3.02     0.951         0
   210/299     7.81G     0.848      0.17         0      1.02        20       608     0.872     0.785     0.796     0.826      3.03     0.967         0
   211/299     7.81G     0.886     0.177         0      1.06        15       608      0.87      0.78     0.806     0.822      3.08     0.979         0
   212/299     7.81G     0.853     0.166         0      1.02         6       608     0.873      0.77     0.802     0.818      3.07     0.988         0
   213/299     7.81G     0.784     0.158         0     0.942        18       608     0.872     0.761     0.798     0.813      3.07     0.988         0
   214/299     7.81G     0.916      0.17         0      1.09        19       608     0.871     0.756     0.794      0.81      3.12     0.978         0
   215/299     7.81G     0.775     0.149         0     0.925         3       608     0.871     0.754     0.795     0.808      3.11     0.962         0
   216/299     7.81G     0.811     0.152         0     0.963        18       608     0.873     0.769     0.798     0.818      3.12     0.948         0
   217/299     7.81G     0.812     0.177         0      0.99        12       608     0.878     0.782     0.815     0.828      3.06     0.936         0
   218/299     7.81G      0.76     0.165         0     0.925         4       608     0.882     0.779      0.82     0.827      3.05     0.944         0
   219/299     7.81G     0.876     0.165         0      1.04        15       608     0.883     0.762     0.814     0.818      3.04     0.961         0
   220/299     7.81G      0.79     0.172         0     0.963        18       608      0.88     0.758     0.812     0.814      3.04      0.98         0
   221/299     7.81G     0.816     0.161         0     0.977         4       608     0.891     0.769     0.822     0.826      3.04      0.99         0
   222/299     7.81G     0.852     0.162         0      1.01        16       608     0.885     0.765     0.816     0.821      3.06         1         0
   223/299     7.81G     0.768     0.147         0     0.915        18       608     0.885     0.762     0.815     0.819      3.02      1.01         0
   224/299     7.81G     0.821     0.171         0     0.992         6       608     0.866     0.773     0.811     0.817      3.02      1.01         0
   225/299     7.81G     0.814     0.173         0     0.987        20       608     0.863     0.772     0.796     0.815      3.01      1.02         0
   226/299     7.81G     0.772     0.141         0     0.913        17       608     0.864     0.779     0.797     0.819      3.02      1.01         0
   227/299     7.81G      0.78     0.164         0     0.944         3       608     0.856     0.771     0.795     0.811      3.01      1.01         0
   228/299     7.81G     0.808     0.178         0     0.987        18       608     0.854      0.76     0.784     0.805      3.04      1.02         0
   229/299     7.81G     0.743     0.153         0     0.896        18       608      0.86     0.753     0.792     0.803      3.03      1.03         0
   230/299     7.81G     0.701     0.152         0     0.854         5       608     0.856     0.752     0.789     0.801      3.05      1.02         0
   231/299     7.81G     0.789     0.153         0     0.941        13       608     0.846     0.756      0.79     0.799      3.06      1.02         0
   232/299     7.81G     0.766     0.171         0     0.937        23       608     0.852     0.771     0.798     0.809      3.07      1.01         0
   233/299     7.81G     0.739     0.159         0     0.898         8       608     0.841     0.764     0.793     0.801      3.05      1.02         0
   234/299     7.81G     0.733     0.143         0     0.876        17       608     0.842     0.772     0.794     0.806      3.04      1.02         0
   235/299     7.81G     0.696     0.166         0     0.862        20       608     0.847      0.78     0.792     0.812      3.05      1.01         0
   236/299     7.81G     0.704     0.147         0     0.851         6       608     0.846     0.795     0.799      0.82      3.01      1.01         0
   237/299     7.81G     0.757     0.165         0     0.922        17       608     0.852     0.808     0.806     0.829      3.02         1         0
   238/299     7.81G     0.776     0.171         0     0.947        16       608     0.844     0.798     0.799      0.82      3.02      1.01         0
   239/299     7.81G     0.774     0.159         0     0.933         7       608     0.845     0.798     0.793     0.821      3.03      1.01         0
   240/299     7.81G     0.737     0.171         0     0.908        19       608     0.843     0.794     0.802     0.818      3.07      1.03         0
   241/299     7.81G     0.692     0.128         0      0.82        15       608     0.852     0.773     0.796      0.81      3.11      1.05         0
   242/299     7.81G     0.702     0.142         0     0.844         8       608     0.858     0.765     0.795     0.809       3.1      1.06         0
   243/299     7.81G     0.715     0.142         0     0.856        18       608     0.862     0.769     0.799     0.813      3.08      1.06         0
   244/299     7.81G       0.7     0.144         0     0.843        10       608      0.86     0.773     0.801     0.814      3.05      1.05         0
   245/299     7.81G     0.761     0.176         0     0.938         7       608      0.86     0.775     0.801     0.815      3.05      1.04         0
   246/299     7.81G     0.692     0.164         0     0.856        15       608     0.862     0.769     0.806     0.813      3.02      1.04         0
   247/299     7.81G     0.697     0.163         0      0.86        22       608      0.87     0.774     0.805     0.819         3      1.05         0
   248/299     7.81G     0.678     0.156         0     0.834         9       608     0.874     0.778      0.81     0.823      3.04      1.05         0
   249/299     7.81G     0.681     0.145         0     0.827        13       608     0.873     0.776     0.811     0.822      3.05      1.06         0
   250/299     7.81G       0.7     0.145         0     0.845        17       608      0.87     0.774     0.813     0.819      3.05      1.06         0
   251/299     7.81G     0.627     0.122         0     0.749         6       608     0.874     0.773     0.811      0.82      3.08      1.06         0
   252/299     7.81G     0.645     0.127         0     0.773        20       608     0.875     0.784     0.812     0.827      3.08      1.06         0
   253/299     7.81G     0.719     0.156         0     0.874        21       608     0.876     0.791     0.813     0.831      3.08      1.06         0
   254/299     7.81G     0.653     0.137         0      0.79         6       608     0.894     0.787     0.818     0.837      3.09      1.05         0
   255/299     7.81G     0.656     0.136         0     0.792        24       608     0.888     0.791     0.817     0.837      3.08      1.05         0
   256/299     7.81G     0.687     0.136         0     0.823        23       608     0.875     0.791     0.811     0.831      3.05      1.06         0
   257/299     7.81G     0.675      0.14         0     0.815         5       608     0.878     0.791     0.812     0.832      3.07      1.06         0
   258/299     7.81G     0.716     0.136         0     0.852        15       608     0.872     0.789     0.807     0.828      3.08      1.07         0
   259/299     7.81G     0.629     0.144         0     0.773        13       608     0.871     0.787     0.804     0.827      3.08      1.08         0
   260/299     7.81G     0.647     0.138         0     0.784         7       608     0.868      0.78     0.796     0.821       3.1      1.09         0
   261/299     7.81G     0.672     0.137         0     0.809        20       608     0.859     0.773     0.793     0.814      3.08      1.09         0
   262/299     7.81G     0.739     0.167         0     0.906        19       608     0.863     0.775     0.795     0.817      3.08      1.08         0
   263/299     7.81G     0.674     0.153         0     0.827        12       608      0.87     0.783     0.801     0.824      3.07      1.08         0
   264/299     7.81G     0.646     0.141         0     0.787        17       608     0.872     0.785     0.807     0.826      3.06      1.08         0
   265/299     7.81G     0.684     0.125         0     0.809        26       608     0.868     0.787     0.807     0.826      3.06      1.07         0
   266/299     7.81G     0.699     0.143         0     0.841         9       608     0.868      0.78     0.806     0.821       3.1      1.08         0
   267/299     7.81G     0.618     0.125         0     0.742        16       608     0.871     0.773     0.801     0.819      3.08      1.09         0
   268/299     7.81G     0.645      0.13         0     0.775        15       608     0.871     0.769     0.799     0.817      3.08      1.09         0
   269/299     7.81G      0.65     0.138         0     0.788         6       608     0.872     0.769     0.798     0.817      3.08       1.1         0
   270/299     7.81G      0.67     0.143         0     0.813        15       608     0.873      0.77     0.806     0.818      3.06       1.1         0
   271/299     7.81G      0.62     0.135         0     0.754        15       608     0.866     0.762     0.799     0.811      3.06      1.09         0
   272/299     7.81G     0.604      0.14         0     0.744         6       608      0.87     0.773     0.799     0.818      3.06      1.09         0
   273/299     7.81G      0.63     0.152         0     0.782        19       608     0.878     0.778     0.801     0.825      3.08       1.1         0
   274/299     7.81G      0.63     0.149         0     0.779        17       608     0.869      0.77     0.797     0.816      3.08      1.11         0
   275/299     7.81G     0.636     0.136         0     0.771        11       608     0.877     0.773     0.798     0.821      3.08      1.11         0
   276/299     7.81G     0.586     0.138         0     0.724        19       608     0.877     0.771       0.8      0.82      3.07       1.1         0
   277/299     7.81G     0.644     0.146         0      0.79        20       608     0.873     0.776     0.802     0.822      3.07       1.1         0
   278/299     7.81G     0.662     0.154         0     0.816         8       608     0.873     0.768       0.8     0.817      3.07       1.1         0
   279/299     7.81G     0.614     0.137         0     0.751        21       608     0.874     0.774     0.801     0.821      3.07       1.1         0
   280/299     7.81G     0.631     0.147         0     0.778        13       608      0.88     0.768      0.81      0.82      3.04       1.1         0
   281/299     7.81G      0.64     0.139         0     0.779         4       608     0.878     0.773     0.812     0.822      3.05      1.09         0
   282/299     7.81G     0.608     0.145         0     0.753        12       608     0.884     0.769     0.813     0.822      3.05       1.1         0
   283/299     7.81G     0.623      0.13         0     0.753        20       608     0.884     0.772     0.814     0.824      3.04      1.09         0
   284/299     7.81G     0.633     0.153         0     0.786         6       608     0.889     0.791     0.817     0.837      3.04      1.08         0
   285/299     7.81G     0.625     0.146         0     0.771        12       608     0.883     0.789     0.813     0.834      3.05      1.08         0
   286/299     7.81G     0.639     0.161         0       0.8        22       608     0.874     0.783     0.806     0.826      3.05      1.08         0
   287/299     7.81G     0.602     0.141         0     0.744        10       608     0.877     0.774     0.805     0.822      3.04      1.08         0
   288/299     7.81G     0.629     0.138         0     0.766        16       608     0.873     0.795     0.807     0.832      3.03      1.07         0
   289/299     7.81G     0.607      0.15         0     0.757        20       608     0.865      0.78     0.801      0.82      3.04      1.07         0
   290/299     7.81G      0.59     0.125         0     0.714         8       608     0.869     0.787     0.806     0.826      3.03      1.06         0
   291/299     7.81G     0.604     0.161         0     0.766        22       608     0.872     0.787     0.814     0.827      3.05      1.06         0
   292/299     7.81G     0.596      0.14         0     0.736        21       608     0.877     0.795     0.815     0.834      3.05      1.06         0
   293/299     7.81G     0.633     0.165         0     0.798         5       608     0.868     0.783     0.809     0.824      3.05      1.07         0
   294/299     7.81G     0.594     0.129         0     0.723        15       608     0.865     0.784     0.803     0.822      3.06      1.08         0
   295/299     7.81G     0.639     0.149         0     0.788        20       608     0.872     0.787     0.809     0.827      3.06      1.08         0
   296/299     7.81G     0.596     0.128         0     0.724         7       608     0.869      0.79     0.812     0.828      3.08      1.08         0
   297/299     7.81G     0.579     0.125         0     0.703        15       608     0.866     0.783     0.803     0.823      3.06      1.08         0
   298/299     7.81G      0.61     0.139         0     0.748        15       608     0.868     0.781     0.802     0.822      3.06      1.09         0
   299/299     7.81G     0.594     0.138         0     0.732         4       608     0.867      0.78     0.802     0.821      3.05      1.09         0
