     0/299     7.81G      7.99      32.7         0      40.7        25       608         0         0   0.00413         0      6.96      3.64         0
     1/299     7.81G       6.1      3.82         0      9.93        28       608         0         0         0         0       5.6      3.52         0
     2/299     7.81G      5.26      3.11         0      8.37         6       608         1   0.00361     0.194   0.00719      4.94      2.51         0
     3/299     7.81G       4.8      2.15         0      6.94        18       608     0.193     0.751       0.4     0.307      4.94      1.32         0
     4/299     7.81G      5.43      1.33         0      6.75        23       608     0.468     0.126     0.356     0.199      4.23      1.42         0
     5/299     7.81G      4.61      1.24         0      5.85         6       608     0.458     0.527     0.428      0.49      4.67      1.08         0
     6/299     7.81G      4.31       1.2         0       5.5        20       608     0.453      0.57     0.457     0.505      4.99     0.988         0
     7/299     7.81G      4.54      1.05         0      5.59        24       608     0.364     0.177     0.353     0.238      4.76      1.01         0
     8/299     7.81G       4.5      1.05         0      5.55         9       608    0.0101      0.26   0.00706    0.0195       5.7      84.1         0
     9/299     7.81G      4.13     0.972         0       5.1        27       608      0.13     0.473    0.0998     0.204      4.18       8.9         0
    10/299     7.81G      4.73      1.09         0      5.83        24       608    0.0101     0.162   0.00794     0.019      5.77      60.6         0
    11/299     7.81G       4.4      1.13         0      5.54        10       608     0.518     0.004    0.0744   0.00793      5.64      2.32         0
    12/299     7.81G      4.39      1.05         0      5.45        24       608     0.784     0.118      0.38     0.205      4.62      1.35         0
    13/299     7.81G      4.18      1.03         0      5.21        28       608     0.838     0.123     0.537     0.214      4.18      1.27         0
    14/299     7.81G      3.87     0.992         0      4.86         9       608     0.668     0.284     0.469     0.398      4.36      1.04         0
    15/299     7.81G      4.08     0.836         0      4.92        13       608     0.291     0.141     0.163      0.19      5.72      1.14         0
    16/299     7.81G      4.47      1.18         0      5.65        20       608         1   0.00612     0.461    0.0122      4.06      1.39         0
    17/299     7.81G      3.96     0.894         0      4.85         9       608         1     0.131     0.671     0.232      3.89      1.04         0
    18/299     7.81G      3.74     0.995         0      4.73        25       608     0.898     0.191     0.663     0.314      3.97     0.987         0
    19/299     7.81G      3.64     0.975         0      4.62        22       608      0.84     0.253     0.676     0.389      3.69     0.936         0
    20/299     7.81G      4.11     0.883         0      4.99        13       608     0.977     0.157     0.629      0.27      3.66         1         0
    21/299     7.81G       3.6      0.82         0      4.42        23       608     0.784     0.585     0.721      0.67      3.69     0.734         0
    22/299     7.81G      3.55     0.859         0      4.41        24       608     0.872     0.123     0.526     0.216      3.87      1.13         0
    23/299     7.81G      3.57     0.771         0      4.34         9       608      0.78      0.23     0.556     0.355      3.82     0.956         0
    24/299     7.81G      2.99     0.835         0      3.83        28       608     0.699     0.549     0.597     0.615      3.85     0.791         0
    25/299     7.81G       3.6     0.694         0      4.29        21       608     0.922     0.386     0.739     0.544      4.09     0.794         0
    26/299     7.81G      3.39     0.797         0      4.19         9       608      0.93     0.769     0.908     0.842      3.31     0.699         0
    27/299     7.81G      3.32     0.752         0      4.07        24       608     0.912     0.707     0.871     0.796      3.05     0.713         0
    28/299     7.81G         3     0.743         0      3.75        32       608     0.791     0.698     0.763     0.741      3.89     0.664         0
    29/299     7.81G      3.04     0.721         0      3.76        13       608     0.889     0.762     0.891      0.82      3.12     0.685         0
    30/299     7.81G      2.98     0.684         0      3.67        19       608     0.783     0.783     0.841     0.783       3.2     0.664         0
    31/299     7.81G      2.87     0.721         0      3.59        21       608     0.888     0.833     0.902      0.86      2.92     0.643         0
    32/299     7.81G      2.83     0.637         0      3.46        11       608       0.8     0.607     0.778      0.69      3.47     0.692         0
    33/299     7.81G      2.76     0.643         0       3.4        25       608      0.86     0.726      0.85     0.787      3.04     0.706         0
    34/299     7.81G       2.8     0.722         0      3.52        24       608     0.815     0.795     0.838     0.805      3.99     0.611         0
    35/299     7.81G      2.84     0.688         0      3.53         7       608     0.918     0.848     0.936     0.882      2.78     0.645         0
    36/299     7.81G      2.74     0.652         0      3.39        19       608     0.885     0.809     0.894     0.845      3.04     0.642         0
    37/299     7.81G      2.76     0.688         0      3.45        25       608     0.916     0.773     0.888     0.838       2.7     0.729         0
    38/299     7.81G      2.66      0.67         0      3.33        14       608     0.876     0.893     0.927     0.884      2.98     0.633         0
    39/299     7.81G      2.45     0.631         0      3.08        25       608     0.915     0.776     0.876      0.84      2.78     0.745         0
    40/299     7.81G      2.63     0.625         0      3.26        28       608     0.939     0.892     0.945     0.915      2.78     0.611         0
    41/299     7.81G      2.52       0.6         0      3.12        10       608     0.897     0.863     0.912      0.88      2.82     0.616         0
    42/299     7.81G      2.41     0.573         0      2.98        20       608     0.904     0.852     0.897     0.877      2.72     0.645         0
    43/299     7.81G       2.4     0.585         0      2.98        14       608     0.836     0.771     0.845     0.802      2.88     0.684         0
    44/299     7.81G      2.52     0.586         0       3.1        12       608     0.899     0.801     0.895     0.847      2.78     0.675         0
    45/299     7.81G      2.38     0.579         0      2.96        21       608     0.899      0.91     0.917     0.905      2.69     0.645         0
    46/299     7.81G      2.56     0.603         0      3.16        23       608     0.895     0.796     0.902     0.842      2.88     0.653         0
    47/299     7.81G      2.42     0.568         0      2.99         7       608     0.886     0.924     0.924     0.904       2.7     0.618         0
    48/299     7.81G      2.34      0.55         0      2.89        16       608     0.867     0.899     0.928     0.882      2.66     0.612         0
    49/299     7.81G      2.35     0.579         0      2.93        32       608     0.908      0.91     0.939     0.909      2.64       0.6         0
    50/299     7.81G      2.25      0.55         0       2.8        10       608     0.899     0.859     0.917     0.879      2.73     0.624         0
    51/299     7.81G      2.22     0.567         0      2.78        32       608     0.935     0.825     0.907     0.877      2.77      0.63         0
    52/299     7.81G      2.26     0.545         0       2.8        24       608     0.909     0.905     0.936     0.907      2.68     0.613         0
    53/299     7.81G       2.2     0.604         0       2.8         9       608     0.878     0.939     0.935     0.907      2.62     0.591         0
    54/299     7.81G      1.98     0.586         0      2.56        31       608     0.875     0.934     0.933     0.904      2.43     0.595         0
    55/299     7.81G      1.98     0.547         0      2.53        32       608     0.877     0.931     0.942     0.903      2.64     0.596         0
    56/299     7.81G       2.2     0.519         0      2.72        14       608     0.876     0.918     0.929     0.896      2.68     0.595         0
    57/299     7.81G       2.3     0.531         0      2.84        25       608      0.89     0.935     0.943     0.912      2.54     0.592         0
    58/299     7.81G       2.1     0.525         0      2.62        33       608     0.891     0.942     0.952     0.916      2.58     0.575         0
    59/299     7.81G      2.19     0.521         0      2.71         7       608     0.868      0.95     0.947     0.907      2.68     0.582         0
    60/299     7.81G      2.06     0.501         0      2.57        20       608     0.894     0.953     0.954     0.922      2.46     0.584         0
    61/299     7.81G      2.16     0.561         0      2.72        29       608       0.9     0.935     0.933     0.917      2.95     0.578         0
    62/299     7.81G      2.02     0.524         0      2.54        10       608     0.908     0.929     0.926     0.919      2.47     0.586         0
    63/299     7.81G      2.11     0.515         0      2.63        28       608      0.87     0.921     0.921     0.895      2.81     0.615         0
    64/299     7.81G      2.09     0.492         0      2.58        25       608     0.906     0.931     0.931     0.918      2.63     0.598         0
    65/299     7.81G      2.12     0.458         0      2.58        10       608     0.904     0.953     0.952     0.928       2.4     0.598         0
    66/299     7.81G      2.04     0.496         0      2.54        22       608      0.89     0.859     0.913     0.874      2.72     0.637         0
    67/299     7.81G      2.08     0.509         0      2.59        23       608     0.919     0.924     0.939     0.921      2.47     0.592         0
    68/299     7.81G      2.04     0.512         0      2.55        14       608     0.913     0.913     0.927     0.913      2.76     0.602         0
    69/299     7.81G      2.02     0.489         0      2.51        21       608     0.927     0.939     0.959     0.933      2.47     0.603         0
    70/299     7.81G      1.99     0.491         0      2.48        28       608     0.906     0.866     0.929     0.886      2.64     0.602         0
    71/299     7.81G      1.96     0.477         0      2.43         9       608      0.91     0.913     0.945     0.911      2.51      0.59         0
    72/299     7.81G      2.08     0.505         0      2.59        23       608     0.903     0.921     0.924     0.912      2.38     0.587         0
    73/299     7.81G      1.86     0.456         0      2.32        24       608     0.888     0.931      0.93     0.909       2.6     0.591         0
    74/299     7.81G      1.95     0.488         0      2.43         9       608      0.91     0.949     0.945     0.929      2.57     0.592         0
    75/299     7.81G      2.03     0.497         0      2.53        16       608      0.93     0.949     0.945      0.94      2.52     0.595         0
    76/299     7.81G      2.02     0.491         0      2.52        30       608     0.926     0.913     0.933     0.919      2.67     0.619         0
    77/299     7.81G      1.97     0.467         0      2.44         7       608     0.913     0.904     0.931     0.908      2.57     0.614         0
    78/299     7.81G      1.99     0.445         0      2.43        26       608      0.86     0.921     0.932     0.889      2.64     0.592         0
    79/299     7.81G      1.87       0.5         0      2.37        33       608     0.906     0.913     0.927     0.909      2.73     0.597         0
    80/299     7.81G      1.84     0.434         0      2.27        11       608      0.89     0.931     0.948      0.91       2.6     0.592         0
    81/299     7.81G      1.83      0.43         0      2.26        29       608      0.89     0.907     0.922     0.898      2.45     0.596         0
    82/299     7.81G      1.92     0.464         0      2.39        21       608     0.896     0.931     0.946     0.913      2.45     0.574         0
    83/299     7.81G      1.74     0.464         0      2.21         9       608     0.893     0.932     0.933     0.912      2.41     0.579         0
    84/299     7.81G         2     0.459         0      2.46        30       608     0.919     0.941     0.945      0.93      2.52     0.589         0
    85/299     7.81G      1.74     0.463         0      2.21        23       608     0.906     0.941     0.946     0.923       2.4     0.588         0
    86/299     7.81G      1.67     0.415         0      2.08        10       608     0.878     0.949     0.953     0.913      2.48     0.586         0
    87/299     7.81G      1.74     0.461         0      2.21        27       608     0.878     0.935     0.935     0.905      2.39     0.589         0
    88/299     7.81G      1.74     0.428         0      2.17        21       608     0.897     0.949      0.95     0.922      2.38     0.589         0
    89/299     7.81G      1.78     0.431         0      2.21         6       608     0.897     0.947     0.948     0.922      2.47     0.606         0
    90/299     7.81G      1.76     0.439         0       2.2        29       608     0.889     0.917     0.938     0.903      2.41     0.602         0
    91/299     7.81G      1.82     0.457         0      2.28        20       608     0.897     0.928     0.943     0.912      2.45     0.596         0
    92/299     7.81G       1.9     0.448         0      2.35         8       608     0.909      0.94     0.944     0.924      2.44     0.607         0
    93/299     7.81G      1.71     0.446         0      2.15        20       608     0.917     0.928     0.946     0.923      2.45     0.613         0
    94/299     7.81G      1.76     0.408         0      2.17        16       608     0.935     0.932     0.947     0.934      2.37     0.611         0
    95/299     7.81G      1.63     0.419         0      2.05         6       608     0.926     0.943     0.952     0.934      2.47     0.608         0
    96/299     7.81G      1.72     0.454         0      2.17        27       608      0.92      0.95      0.96     0.935      2.48     0.584         0
    97/299     7.81G      1.64     0.421         0      2.06        27       608      0.91     0.946     0.956     0.927      2.43     0.586         0
    98/299     7.81G      1.82     0.401         0      2.22         9       608     0.907     0.924     0.946     0.915      2.54     0.608         0
    99/299     7.81G      1.67     0.411         0      2.08        19       608     0.915     0.898     0.926     0.907      2.57     0.626         0
   100/299     7.81G       1.5      0.41         0      1.91        23       608     0.884     0.928      0.94     0.906      2.54     0.612         0
   101/299     7.81G      1.53     0.414         0      1.94         8       608     0.902     0.953     0.951     0.927      2.38     0.608         0
   102/299     7.81G      1.48     0.417         0       1.9        24       608     0.916     0.953      0.96     0.934      2.37     0.594         0
   103/299     7.81G      1.63     0.387         0      2.02        24       608     0.906     0.939     0.956     0.922       2.4     0.611         0
   104/299     7.81G      1.64     0.387         0      2.03        11       608     0.921     0.953     0.952     0.937       2.3     0.608         0
   105/299     7.81G      1.63     0.397         0      2.02        18       608      0.92      0.95     0.962     0.934      2.38     0.602         0
   106/299     7.81G      1.63     0.383         0      2.02        22       608     0.936     0.947     0.965     0.942      2.35      0.59         0
   107/299     7.81G      1.47     0.419         0      1.89         9       608     0.916     0.942     0.957     0.929      2.37     0.584         0
   108/299     7.81G      1.58     0.399         0      1.98        24       608     0.912     0.949     0.949     0.931      2.33     0.581         0
   109/299     7.81G      1.57     0.383         0      1.95        22       608      0.93     0.931     0.961      0.93      2.26     0.598         0
   110/299     7.81G      1.47     0.422         0      1.89        15       608     0.899     0.932     0.946     0.915      2.37     0.594         0
   111/299     7.81G      1.39     0.327         0      1.72        16       608     0.902     0.949     0.953     0.925      2.37     0.582         0
   112/299     7.81G      1.62     0.369         0      1.99        12       608     0.937     0.946      0.96     0.941      2.37     0.589         0
   113/299     7.81G      1.54     0.375         0      1.91         9       608     0.919     0.924      0.94     0.922      2.39     0.588         0
   114/299     7.81G      1.54     0.369         0      1.91        21       608     0.919     0.953     0.953     0.936      2.37      0.59         0
   115/299     7.81G      1.57     0.366         0      1.94        13       608      0.92     0.955      0.96     0.937      2.34     0.589         0
   116/299     7.81G      1.44     0.378         0      1.81         7       608      0.92     0.939      0.94     0.929      2.37     0.593         0
   117/299     7.81G      1.44      0.37         0      1.82        22       608     0.921      0.96      0.96      0.94      2.31     0.573         0
   118/299     7.81G      1.48     0.367         0      1.85        24       608     0.927     0.956     0.957     0.941      2.31     0.557         0
   119/299     7.81G      1.41     0.387         0       1.8         9       608     0.924     0.957     0.961      0.94      2.27     0.554         0
   120/299     7.81G      1.47     0.369         0      1.84        19       608     0.899     0.928     0.935     0.913      2.34      0.58         0
   121/299     7.81G      1.49     0.366         0      1.86        22       608     0.903      0.94     0.944     0.921      2.38     0.596         0
   122/299     7.81G      1.55     0.385         0      1.93         8       608      0.89     0.942      0.95     0.916      2.28     0.618         0
   123/299     7.81G      1.51     0.364         0      1.88        22       608     0.914     0.955     0.956     0.934      2.28     0.632         0
   124/299     7.81G      1.42     0.388         0      1.81        19       608      0.91     0.968     0.957     0.938      2.36     0.623         0
   125/299     7.81G      1.48     0.383         0      1.86        15       608     0.912     0.968     0.962     0.939      2.27     0.613         0
   126/299     7.81G      1.43     0.333         0      1.76        21       608     0.913     0.964     0.966     0.938      2.32     0.607         0
   127/299     7.81G      1.44     0.375         0      1.82        27       608     0.897     0.946     0.958     0.921      2.24     0.598         0
   128/299     7.81G      1.29     0.349         0      1.64         6       608     0.915     0.933     0.949     0.924      2.28     0.592         0
   129/299     7.81G      1.46     0.354         0      1.81        26       608     0.916     0.928     0.955     0.922      2.35     0.596         0
   130/299     7.81G      1.35     0.373         0      1.72        22       608     0.926     0.924     0.958     0.925      2.22     0.604         0
   131/299     7.81G      1.39      0.36         0      1.75        17       608     0.898     0.921      0.94     0.909      2.33     0.613         0
   132/299     7.81G      1.35     0.349         0       1.7        22       608     0.902     0.933     0.938     0.918      2.25     0.605         0
   133/299     7.81G      1.38     0.381         0      1.76        21       608     0.897     0.928     0.933     0.912      2.38      0.62         0
   134/299     7.81G       1.3     0.343         0      1.65         6       608     0.887     0.921     0.934     0.904      2.34     0.624         0
   135/299     7.81G      1.29     0.345         0      1.64        20       608     0.893      0.93     0.947     0.911      2.41      0.62         0
   136/299     7.81G      1.18     0.331         0      1.51        23       608     0.895     0.946     0.954      0.92       2.4     0.615         0
   137/299     7.81G      1.37      0.35         0      1.72         7       608     0.891     0.942     0.951     0.916      2.32     0.619         0
   138/299     7.81G      1.36     0.334         0      1.69        23       608     0.886     0.921     0.936     0.903      2.45     0.624         0
   139/299     7.81G      1.33     0.327         0      1.65        26       608     0.896     0.928     0.935     0.911      2.35     0.631         0
   140/299     7.81G      1.23     0.317         0      1.55         7       608     0.903     0.939     0.954     0.921      2.35     0.637         0
   141/299     7.81G      1.21     0.366         0      1.57        34       608     0.913     0.949     0.952     0.931      2.29     0.611         0
   142/299     7.81G      1.36     0.337         0       1.7        23       608     0.911     0.928      0.94     0.919      2.36     0.594         0
   143/299     7.81G      1.23     0.314         0      1.54        10       608     0.911     0.931     0.945     0.921      2.33     0.599         0
   144/299     7.81G      1.23      0.33         0      1.56        15       608     0.915     0.931     0.945     0.923       2.3     0.611         0
   145/299     7.81G      1.29     0.352         0      1.64        20       608     0.915     0.928      0.94     0.921      2.27     0.624         0
   146/299     7.81G       1.2     0.307         0      1.51        11       608     0.914     0.935     0.954     0.925      2.24     0.607         0
   147/299     7.81G      1.13     0.327         0      1.46        22       608       0.9     0.935     0.938     0.917      2.29     0.616         0
   148/299     7.81G      1.25     0.312         0      1.56        28       608     0.897     0.946     0.942     0.921      2.23     0.616         0
   149/299     7.81G      1.34     0.331         0      1.67         9       608     0.911     0.953     0.953     0.932      2.28     0.621         0
   150/299     7.81G      1.19      0.33         0      1.52        23       608      0.93     0.953     0.952     0.941      2.25     0.616         0
   151/299     7.81G      1.22     0.341         0      1.57        20       608     0.917     0.961     0.964     0.939      2.26     0.609         0
   152/299     7.81G      1.14     0.302         0      1.45         8       608     0.909     0.968     0.964     0.937      2.31     0.614         0
   153/299     7.81G      1.12     0.328         0      1.45        24       608       0.9      0.96     0.949     0.929      2.25      0.61         0
   154/299     7.81G      1.15     0.294         0      1.45        25       608     0.917     0.954     0.947     0.935      2.31     0.608         0
   155/299     7.81G      1.12      0.29         0      1.41         3       608     0.918     0.949     0.948     0.933      2.24     0.612         0
   156/299     7.81G      1.15     0.297         0      1.45        20       608     0.912     0.935     0.945     0.923      2.31      0.62         0
   157/299     7.81G      1.18     0.292         0      1.48        19       608     0.929      0.96     0.961     0.945      2.29     0.622         0
   158/299     7.81G      1.26     0.339         0       1.6        10       608     0.932     0.946     0.951     0.939      2.33     0.627         0
   159/299     7.81G      1.06     0.324         0      1.38        25       608     0.933     0.957     0.954     0.945      2.26     0.631         0
   160/299     7.81G      1.13     0.312         0      1.44        30       608     0.924     0.946     0.957     0.935      2.33     0.636         0
   161/299     7.81G      1.19     0.307         0      1.49         7       608     0.925     0.946     0.951     0.935      2.27     0.636         0
   162/299     7.81G      1.11     0.293         0      1.41        34       608     0.909     0.942      0.95     0.926      2.33     0.627         0
   163/299     7.81G      1.07     0.292         0      1.36        32       608     0.904     0.946     0.947     0.924      2.31     0.617         0
   164/299     7.81G      1.13     0.301         0      1.43         8       608     0.915     0.953     0.961     0.934      2.35     0.623         0
   165/299     7.81G      1.09     0.289         0      1.38        20       608     0.927     0.957     0.963     0.942      2.31     0.621         0
   166/299     7.81G     0.974     0.293         0      1.27        20       608     0.929     0.957     0.962     0.942      2.31     0.625         0
   167/299     7.81G      1.01     0.299         0      1.31         8       608     0.915     0.957     0.961     0.935       2.3     0.626         0
   168/299     7.81G      1.06     0.287         0      1.35        18       608     0.901     0.946     0.949     0.923       2.3     0.628         0
   169/299     7.81G       1.1     0.308         0      1.41        24       608     0.894     0.931     0.932     0.912      2.33     0.635         0
   170/299     7.81G      1.04       0.3         0      1.34        10       608     0.897      0.94      0.94     0.918      2.34     0.628         0
   171/299     7.81G     0.967     0.285         0      1.25        22       608     0.898     0.942     0.946      0.92      2.31     0.626         0
   172/299     7.81G      1.02     0.289         0       1.3        22       608     0.921     0.953     0.963     0.937      2.27     0.629         0
   173/299     7.81G      1.06     0.304         0      1.37        11       608      0.92     0.953     0.963     0.936      2.23     0.635         0
   174/299     7.81G      1.04     0.273         0      1.31        20       608     0.912     0.957      0.97     0.934      2.22     0.639         0
   175/299     7.81G      1.02     0.286         0      1.31        21       608     0.914      0.96     0.971     0.937      2.22     0.638         0
   176/299     7.81G      1.02     0.295         0      1.32        10       608     0.899     0.949     0.963     0.923      2.22     0.637         0
   177/299     7.81G      1.01     0.294         0       1.3        15       608     0.905      0.96     0.967     0.931      2.26     0.639         0
   178/299     7.81G      1.03     0.279         0      1.31        30       608     0.891     0.948     0.951     0.919      2.26     0.647         0
   179/299     7.81G      1.04     0.276         0      1.31         8       608     0.892     0.946      0.95     0.918      2.23     0.645         0
   180/299     7.81G     0.919     0.268         0      1.19        21       608     0.896     0.942     0.946     0.919      2.21     0.648         0
   181/299     7.81G     0.996     0.289         0      1.29        26       608     0.899     0.946     0.953     0.922      2.24     0.655         0
   182/299     7.81G     0.949     0.255         0       1.2         6       608     0.894     0.942     0.949     0.917      2.23     0.658         0
   183/299     7.81G      0.96     0.257         0      1.22        23       608     0.895     0.939     0.943     0.916      2.27     0.665         0
   184/299     7.81G     0.932     0.232         0      1.16        18       608      0.91     0.946     0.953     0.928      2.23     0.674         0
   185/299     7.81G     0.931     0.267         0       1.2         8       608     0.922     0.946     0.952     0.934      2.25     0.682         0
   186/299     7.81G     0.968     0.253         0      1.22        27       608     0.911     0.946     0.948     0.928      2.25     0.669         0
   187/299     7.81G     0.924     0.281         0      1.21        21       608     0.895     0.939     0.935     0.917      2.27     0.671         0
   188/299     7.81G     0.977     0.257         0      1.23         7       608     0.906     0.953      0.95     0.929      2.25     0.673         0
   189/299     7.81G     0.953      0.27         0      1.22        25       608     0.903     0.953     0.955     0.928      2.22     0.676         0
   190/299     7.81G     0.995     0.253         0      1.25        23       608      0.91     0.953      0.95     0.931      2.26     0.682         0
   191/299     7.81G     0.899     0.289         0      1.19        14       608     0.903      0.96      0.95     0.931      2.22     0.671         0
   192/299     7.81G     0.898     0.262         0      1.16        26       608     0.904      0.96     0.951     0.931      2.23     0.672         0
   193/299     7.81G     0.879     0.229         0      1.11        22       608     0.897     0.953     0.947     0.924       2.2     0.676         0
   194/299     7.81G     0.892     0.221         0      1.11         9       608     0.899     0.953     0.947     0.925      2.23     0.687         0
   195/299     7.81G     0.897     0.275         0      1.17        23       608      0.91     0.953     0.948     0.931      2.22     0.696         0
   196/299     7.81G     0.941     0.272         0      1.21        18       608     0.891     0.953     0.947     0.921      2.25     0.702         0
   197/299     7.81G     0.871     0.247         0      1.12        11       608     0.895     0.953     0.947     0.923      2.24     0.712         0
   198/299     7.81G     0.838     0.252         0      1.09        29       608     0.891     0.946     0.945     0.917      2.25     0.716         0
   199/299     7.81G      0.89     0.274         0      1.16        25       608     0.902     0.949     0.947     0.925      2.24     0.714         0
   200/299     7.81G     0.914      0.23         0      1.14         9       608     0.896     0.942     0.943     0.919      2.23     0.707         0
   201/299     7.81G     0.859      0.29         0      1.15        25       608     0.902     0.946     0.951     0.924      2.25      0.71         0
   202/299     7.81G     0.809     0.254         0      1.06        22       608     0.896     0.953     0.952     0.923      2.23     0.715         0
   203/299     7.81G     0.878     0.243         0      1.12        10       608       0.9     0.953     0.947     0.926      2.23     0.716         0
   204/299     7.81G     0.794     0.239         0      1.03        21       608     0.906     0.953     0.948     0.929      2.22     0.712         0
   205/299     7.81G     0.796     0.222         0      1.02        26       608     0.914     0.953     0.955     0.933      2.22     0.706         0
   206/299     7.81G     0.831      0.24         0      1.07         8       608     0.913     0.952     0.947     0.932      2.23     0.699         0
   207/299     7.81G     0.823     0.258         0      1.08        20       608     0.919     0.957     0.956     0.938      2.22     0.696         0
   208/299     7.81G     0.823     0.241         0      1.06        29       608     0.921     0.949     0.955     0.935      2.25     0.693         0
   209/299     7.81G     0.838     0.246         0      1.08         7       608     0.917     0.946     0.954     0.931      2.23     0.694         0
   210/299     7.81G     0.851     0.236         0      1.09        22       608     0.909     0.939     0.946     0.924      2.27     0.703         0
   211/299     7.81G     0.831     0.249         0      1.08        17       608      0.91     0.939     0.945     0.924      2.25     0.703         0
   212/299     7.81G     0.763     0.257         0      1.02         9       608     0.903     0.949     0.944     0.925      2.25     0.705         0
   213/299     7.81G     0.763     0.218         0     0.981        13       608     0.897     0.949     0.946     0.923      2.26     0.712         0
   214/299     7.81G     0.766     0.228         0     0.995        22       608      0.91     0.949     0.947     0.929      2.25     0.713         0
   215/299     7.81G     0.775     0.226         0         1        13       608     0.913     0.953     0.949     0.933      2.23     0.709         0
   216/299     7.81G     0.798     0.237         0      1.04        19       608     0.914     0.949     0.957     0.931      2.23     0.711         0
   217/299     7.81G     0.802     0.237         0      1.04        29       608     0.911     0.949     0.957      0.93      2.22     0.712         0
   218/299     7.81G     0.759     0.236         0     0.995         3       608     0.907     0.949     0.957     0.928      2.24     0.723         0
   219/299     7.81G     0.763     0.218         0     0.981        20       608      0.91     0.949     0.956     0.929      2.23     0.723         0
   220/299     7.81G     0.743     0.193         0     0.936        20       608      0.91     0.946     0.945     0.928      2.23     0.721         0
   221/299     7.81G     0.766     0.239         0         1        12       608     0.911     0.949     0.945      0.93      2.25     0.726         0
   222/299     7.81G     0.743     0.229         0     0.973        18       608     0.903     0.953     0.948     0.927      2.24     0.727         0
   223/299     7.81G      0.78     0.204         0     0.984        22       608     0.895     0.942     0.952     0.918      2.25     0.728         0
   224/299     7.81G     0.758     0.241         0     0.999         8       608     0.913     0.957     0.956     0.934      2.22     0.726         0
   225/299     7.81G     0.714     0.223         0     0.937        37       608      0.91     0.957     0.956     0.933      2.22     0.732         0
   226/299     7.81G     0.761     0.243         0         1        21       608     0.909     0.946     0.955     0.927      2.21      0.73         0
   227/299     7.81G     0.756     0.225         0     0.981        11       608     0.913     0.948     0.955      0.93      2.22     0.731         0
   228/299     7.81G     0.758     0.233         0     0.992        23       608     0.916     0.946      0.95     0.931      2.23     0.731         0
   229/299     7.81G     0.757     0.217         0     0.973        20       608     0.925     0.949     0.958     0.937      2.23     0.723         0
   230/299     7.81G     0.706     0.199         0     0.905         7       608     0.921     0.946     0.949     0.933      2.21     0.722         0
   231/299     7.81G     0.787     0.217         0         1        27       608     0.914     0.946      0.95      0.93      2.22     0.724         0
   232/299     7.81G     0.743     0.217         0     0.959        24       608     0.921     0.957     0.959     0.938      2.22     0.725         0
   233/299     7.81G     0.781     0.236         0      1.02         8       608     0.911     0.953     0.955     0.932      2.21     0.731         0
   234/299     7.81G     0.756     0.209         0     0.965        24       608     0.903     0.953     0.955     0.927      2.21     0.733         0
   235/299     7.81G     0.692     0.206         0     0.899        27       608     0.902     0.953      0.95     0.927      2.23     0.732         0
   236/299     7.81G     0.687     0.212         0     0.899        10       608     0.904     0.957     0.958      0.93      2.22     0.729         0
   237/299     7.81G     0.687     0.211         0     0.898        33       608      0.91     0.957     0.958     0.933      2.22      0.73         0
   238/299     7.81G     0.724     0.212         0     0.936        23       608     0.909     0.957     0.958     0.932      2.22      0.73         0
   239/299     7.81G     0.719     0.227         0     0.946         8       608     0.908     0.957     0.958     0.932      2.21     0.726         0
   240/299     7.81G       0.7     0.232         0     0.932        40       608     0.899     0.957     0.956     0.927      2.22     0.724         0
   241/299     7.81G     0.711      0.21         0     0.921        16       608     0.906      0.96      0.96     0.932      2.21     0.723         0
   242/299     7.81G     0.673     0.204         0     0.876         9       608     0.905      0.96      0.96     0.932      2.22      0.72         0
   243/299     7.81G     0.695     0.212         0     0.907        27       608     0.905     0.964     0.961     0.933      2.21     0.719         0
   244/299     7.81G     0.744     0.215         0     0.959        29       608     0.914     0.964     0.961     0.938       2.2     0.716         0
   245/299     7.81G     0.674     0.208         0     0.881         5       608     0.918     0.964     0.961     0.941      2.19     0.717         0
   246/299     7.81G     0.667     0.215         0     0.883        23       608     0.919      0.96     0.958     0.939       2.2      0.72         0
   247/299     7.81G     0.661     0.192         0     0.853        22       608      0.92     0.964      0.96     0.942       2.2     0.723         0
   248/299     7.81G     0.695     0.221         0     0.915        16       608     0.917     0.954      0.96     0.935      2.21     0.729         0
   249/299     7.81G     0.636     0.194         0      0.83        24       608     0.914     0.955      0.96     0.934      2.22     0.733         0
   250/299     7.81G     0.721     0.229         0     0.951        29       608     0.906      0.96     0.957     0.933      2.22     0.734         0
   251/299     7.81G     0.683     0.207         0      0.89         4       608     0.903     0.957     0.954     0.929      2.23     0.737         0
   252/299     7.81G     0.676     0.202         0     0.878        26       608     0.902     0.957     0.953     0.928      2.23     0.739         0
   253/299     7.81G     0.721     0.189         0     0.909        20       608     0.891     0.953      0.94     0.921      2.23     0.739         0
   254/299     7.81G     0.657     0.216         0     0.873        10       608     0.896     0.957     0.949     0.925      2.23     0.742         0
   255/299     7.81G     0.693     0.199         0     0.892        24       608     0.907      0.96      0.95     0.933      2.23     0.746         0
   256/299     7.81G     0.632     0.211         0     0.843        27       608     0.909     0.957     0.954     0.932      2.22     0.746         0
   257/299     7.81G     0.641     0.239         0      0.88        12       608     0.912      0.96     0.955     0.936      2.23     0.743         0
   258/299     7.81G      0.65     0.203         0     0.853        20       608     0.914      0.96     0.955     0.936      2.22     0.741         0
   259/299     7.81G     0.661     0.203         0     0.864        23       608     0.909      0.96     0.955     0.934      2.22     0.741         0
   260/299     7.81G      0.66     0.187         0     0.847        10       608     0.908      0.96     0.956     0.933      2.23     0.744         0
   261/299     7.81G     0.625     0.215         0      0.84        28       608     0.905     0.958     0.956     0.931      2.22     0.742         0
   262/299     7.81G     0.703     0.215         0     0.917        28       608     0.905     0.957     0.956      0.93      2.22     0.741         0
   263/299     7.81G     0.616      0.19         0     0.806        14       608     0.911     0.957     0.957     0.933      2.22     0.741         0
   264/299     7.81G     0.624     0.207         0      0.83        21       608     0.913     0.957      0.95     0.934      2.21     0.742         0
   265/299     7.81G     0.636     0.208         0     0.844        31       608     0.912     0.957      0.95     0.934      2.21     0.748         0
   266/299     7.81G     0.592     0.186         0     0.778        14       608     0.917     0.957     0.955     0.937      2.22     0.754         0
   267/299     7.81G     0.658     0.208         0     0.866        22       608     0.921     0.957     0.956     0.938      2.22     0.761         0
   268/299     7.81G     0.668     0.197         0     0.865        23       608      0.92     0.957     0.956     0.938      2.21     0.762         0
   269/299     7.81G     0.678     0.215         0     0.893        11       608     0.918     0.957     0.956     0.937      2.21     0.763         0
   270/299     7.81G     0.671      0.21         0      0.88        25       608     0.915     0.957     0.956     0.935      2.21     0.762         0
   271/299     7.81G     0.654     0.207         0     0.861        17       608     0.915      0.96     0.957     0.937      2.22     0.763         0
   272/299     7.81G     0.621     0.206         0     0.827        10       608     0.912     0.957     0.955     0.934      2.21     0.762         0
   273/299     7.81G     0.636     0.217         0     0.853        27       608     0.904     0.949     0.951     0.926      2.22     0.764         0
   274/299     7.81G     0.654     0.206         0      0.86        27       608      0.91     0.957     0.953     0.933      2.22     0.766         0
   275/299     7.81G     0.646     0.193         0     0.839        11       608     0.904     0.957     0.953      0.93      2.22     0.768         0
   276/299     7.81G     0.633      0.21         0     0.842        28       608     0.911      0.96     0.957     0.935      2.22     0.768         0
   277/299     7.81G     0.629     0.217         0     0.846        21       608     0.912      0.96     0.957     0.935      2.21      0.77         0
   278/299     7.81G     0.656     0.212         0     0.868        10       608     0.909      0.96     0.956     0.934      2.22     0.771         0
   279/299     7.81G     0.634     0.194         0     0.828        27       608     0.907      0.96     0.956     0.933      2.22      0.77         0
   280/299     7.81G     0.647     0.219         0     0.866        23       608      0.91     0.957     0.956     0.933      2.22     0.769         0
   281/299     7.81G     0.629     0.183         0     0.812         9       608     0.906     0.953     0.951     0.929      2.22     0.769         0
   282/299     7.81G     0.667     0.185         0     0.852        24       608     0.904     0.957     0.951      0.93      2.22     0.768         0
   283/299     7.81G      0.66     0.211         0     0.871        25       608     0.908      0.96     0.957     0.933      2.21     0.767         0
   284/299     7.81G     0.631     0.201         0     0.832        12       608     0.912     0.957     0.956     0.934      2.22     0.763         0
   285/299     7.81G     0.605     0.198         0     0.803        17       608     0.917     0.959     0.957     0.937      2.22     0.766         0
   286/299     7.81G     0.631     0.199         0     0.831        31       608     0.917     0.958     0.957     0.937      2.22     0.766         0
   287/299     7.81G     0.611     0.183         0     0.794        11       608     0.917     0.958     0.957     0.937      2.22     0.768         0
   288/299     7.81G      0.59     0.196         0     0.786        29       608     0.918      0.96     0.957     0.939      2.22     0.767         0
   289/299     7.81G     0.621      0.22         0     0.841        27       608     0.919      0.96     0.957     0.939      2.22     0.769         0
   290/299     7.81G     0.657     0.199         0     0.856         7       608     0.917      0.96     0.954     0.938      2.22     0.768         0
   291/299     7.81G     0.634     0.196         0      0.83        19       608     0.915      0.96     0.953     0.937      2.22     0.769         0
   292/299     7.81G     0.641     0.196         0     0.837        22       608     0.914      0.96     0.953     0.937      2.22      0.77         0
   293/299     7.81G     0.639     0.181         0      0.82         7       608     0.914      0.96     0.956     0.937      2.22     0.772         0
   294/299     7.81G     0.606     0.182         0     0.788        28       608     0.912      0.96     0.956     0.936      2.22     0.771         0
   295/299     7.81G     0.601     0.212         0     0.813        22       608     0.917      0.96     0.956     0.938      2.21     0.768         0
   296/299     7.81G     0.644     0.187         0     0.831        13       608     0.913      0.96     0.956     0.936      2.21     0.772         0
   297/299     7.81G      0.62     0.216         0     0.837        20       608     0.914      0.96     0.956     0.936      2.22     0.772         0
   298/299     7.81G     0.645     0.207         0     0.852        20       608     0.916      0.96     0.956     0.937      2.21      0.77         0
   299/299     7.81G     0.624     0.197         0     0.821         9       608     0.915      0.96     0.956     0.937      2.22     0.772         0
