     0/299      7.8G      7.85      31.6         0      39.4        17       608         0         0   0.00837         0      7.29      2.13         0
     1/299     7.81G      5.95      1.99         0      7.94        12       608         1   0.00526   0.00767    0.0105      6.33      2.14         0
     2/299     7.81G      4.94      1.75         0       6.7        11       608         0         0  0.000379         0      6.29      1.85         0
     3/299     7.81G      4.49      1.39         0      5.88         9       608         0         0    0.0002         0      6.09      1.72         0
     4/299     7.81G      4.81      1.19         0         6         8       608         0         0  6.74e-05         0      7.08      4.33         0
     5/299     7.81G      4.17      1.22         0      5.38        12       608         0         0   0.00558         0      5.39      2.19         0
     6/299     7.81G      4.22     0.854         0      5.07        10       608         0         0     0.019         0      5.52      1.14         0
     7/299     7.81G      4.31     0.966         0      5.28         8       608   0.00177   0.00526    0.0134   0.00265      4.78      1.62         0
     8/299     7.81G      4.25      0.85         0       5.1        16       608         0         0    0.0371         0      5.11      1.19         0
     9/299     7.81G      4.07     0.839         0      4.91        13       608         1   0.00526     0.103    0.0105      4.94      1.01         0
    10/299     7.81G      4.07     0.812         0      4.88        12       608         1   0.00526     0.177    0.0105      4.36     0.945         0
    11/299     7.81G      3.85     0.759         0      4.61         9       608         0         0    0.0707         0      5.45     0.866         0
    12/299     7.81G      3.54      0.83         0      4.37         4       608         1   0.00526     0.182    0.0105      4.61         1         0
    13/299     7.81G      4.03     0.685         0      4.72        13       608     0.122   0.00526    0.0443    0.0101      5.42     0.856         0
    14/299     7.81G      3.88     0.651         0      4.53         8       608         0         0     0.156         0      4.67     0.889         0
    15/299     7.81G      3.87     0.715         0      4.58         8       608         0         0    0.0513         0      5.55     0.796         0
    16/299     7.81G      4.37     0.739         0      5.11        12       608         1   0.00526    0.0263    0.0105      5.29      1.01         0
    17/299     7.81G      4.02     0.688         0      4.71        10       608         0         0    0.0298         0      5.38     0.903         0
    18/299     7.81G      3.72     0.779         0       4.5        10       608         0         0    0.0151         0      5.16      1.19         0
    19/299     7.81G      3.79      0.73         0      4.52        11       608     0.719    0.0138     0.101    0.0271      5.17     0.805         0
    20/299     7.81G      3.92     0.609         0      4.52         8       608         0         0   9.8e-05         0      7.16     0.924         0
    21/299     7.81G      3.85     0.689         0      4.54        13       608         0         0    0.0104         0      6.12      1.13         0
    22/299     7.81G      3.52     0.748         0      4.27        14       608         0         0  0.000183         0       6.6      1.09         0
    23/299     7.81G      3.39     0.628         0      4.02         8       608     0.388   0.00526     0.106    0.0104      5.42     0.741         0
    24/299     7.81G      3.44     0.641         0      4.08        11       608         1    0.0117     0.176    0.0231      4.84     0.724         0
    25/299     7.81G      3.51     0.665         0      4.17         4       608         1    0.0157     0.355    0.0309      4.11     0.743         0
    26/299     7.81G      3.09     0.597         0      3.68         7       608     0.911    0.0543     0.299     0.102      4.52     0.719         0
    27/299     7.81G      3.33     0.562         0      3.89        12       608     0.462    0.0138     0.151    0.0267      5.37       0.7         0
    28/299     7.81G      2.87       0.6         0      3.47         9       608     0.783     0.171     0.307     0.281      4.77     0.625         0
    29/299     7.81G      3.22     0.561         0      3.79        13       608     0.744     0.153     0.452     0.254      4.23     0.598         0
    30/299     7.81G      3.04     0.498         0      3.54         9       608     0.882     0.121     0.496     0.213       4.2     0.625         0
    31/299     7.81G      2.72      0.51         0      3.23        11       608     0.912     0.109     0.351     0.195      4.64     0.821         0
    32/299     7.81G      3.34     0.493         0      3.83         9       608     0.795    0.0206      0.24    0.0401      5.23     0.793         0
    33/299     7.81G      2.85      0.54         0      3.39        12       608      0.79     0.138     0.368     0.235      4.27     0.699         0
    34/299     7.81G      2.98     0.498         0      3.48        16       608     0.908     0.147     0.425     0.254      3.97     0.653         0
    35/299     7.81G      3.06     0.484         0      3.54         8       608     0.912      0.11     0.382     0.196      4.48     0.686         0
    36/299     7.81G      3.07     0.528         0       3.6        11       608     0.696    0.0895     0.261     0.159      4.61     0.703         0
    37/299     7.81G      2.82     0.496         0      3.32        11       608     0.706     0.126     0.303     0.214      4.39     0.636         0
    38/299     7.81G      2.96     0.459         0      3.42         5       608      0.89     0.158      0.41     0.268      4.13     0.609         0
    39/299     7.81G      2.73     0.515         0      3.25        11       608     0.938    0.0799     0.418     0.147         4     0.707         0
    40/299     7.81G      2.54     0.433         0      2.97        10       608     0.851     0.174     0.481     0.288      3.97     0.619         0
    41/299     7.81G      2.52     0.448         0      2.97        12       608     0.895     0.134     0.493     0.234      3.88     0.639         0
    42/299     7.81G      2.86     0.424         0      3.29        12       608     0.884    0.0803     0.522     0.147      3.75     0.682         0
    43/299     7.81G      2.51     0.472         0      2.98         8       608     0.963     0.138     0.555     0.242      3.66     0.686         0
    44/299     7.81G      2.21     0.386         0       2.6         8       608     0.951     0.203     0.488     0.335      3.87     0.681         0
    45/299     7.81G      2.55     0.376         0      2.93         9       608     0.929     0.138     0.457      0.24         4     0.767         0
    46/299     7.81G      2.39     0.403         0       2.8         9       608     0.925     0.193     0.552      0.32      3.94     0.664         0
    47/299     7.81G      2.54     0.386         0      2.93        10       608     0.888     0.249     0.522     0.389      3.97     0.631         0
    48/299     7.81G      2.35     0.387         0      2.73        15       608     0.856     0.258     0.532     0.396      3.75     0.602         0
    49/299     7.81G      2.37     0.415         0      2.78        11       608     0.829     0.204     0.456     0.327      4.02     0.596         0
    50/299     7.81G      2.32     0.388         0      2.71        10       608     0.899     0.234     0.515     0.372      3.72     0.625         0
    51/299     7.81G      2.47     0.372         0      2.84         4       608     0.922     0.249     0.523     0.392       3.7     0.644         0
    52/299     7.81G      2.18     0.386         0      2.57        10       608     0.852     0.363     0.623     0.509       3.7     0.554         0
    53/299     7.81G      2.04     0.375         0      2.42         7       608      0.83     0.411     0.597     0.549      3.64     0.539         0
    54/299     7.81G      2.23     0.348         0      2.58        16       608     0.826     0.251     0.487     0.385      3.86     0.646         0
    55/299     7.81G      2.15     0.376         0      2.52        14       608     0.896     0.273     0.552     0.418      3.81     0.635         0
    56/299     7.81G      2.24     0.398         0      2.64        11       608     0.846     0.232     0.506     0.364      4.18     0.742         0
    57/299     7.81G      2.14     0.367         0      2.51        13       608     0.824     0.411     0.612     0.548      3.75     0.557         0
    58/299     7.81G      2.28     0.361         0      2.64        11       608     0.899     0.327      0.54     0.479      3.79     0.603         0
    59/299     7.81G      1.97     0.377         0      2.35         9       608     0.798     0.312     0.474     0.448      3.88      0.63         0
    60/299     7.81G      2.32     0.358         0      2.67        12       608     0.974     0.198     0.464      0.33      3.87     0.703         0
    61/299     7.81G      1.95      0.41         0      2.36        12       608     0.871     0.284     0.504     0.428      3.71     0.632         0
    62/299     7.81G      2.05     0.319         0      2.37         9       608     0.834     0.317     0.503      0.46      3.87      0.61         0
    63/299     7.81G      2.13     0.347         0      2.47        10       608     0.859     0.224     0.478     0.356      3.83     0.667         0
    64/299     7.81G      2.02     0.383         0       2.4         7       608     0.859     0.289     0.525     0.433      3.75     0.653         0
    65/299     7.81G       1.9     0.339         0      2.24        12       608     0.905     0.351     0.605     0.505      3.65     0.627         0
    66/299     7.81G      1.97     0.302         0      2.27        14       608     0.886     0.326     0.596     0.476      3.64     0.645         0
    67/299     7.81G      2.11      0.31         0      2.42         8       608     0.937     0.233     0.567     0.373       3.8       0.7         0
    68/299     7.81G      2.14     0.341         0      2.48        17       608     0.874     0.255     0.558     0.394      3.93     0.675         0
    69/299     7.81G      2.01     0.325         0      2.34         8       608     0.876      0.26     0.579     0.401      3.77     0.629         0
    70/299     7.81G      2.03     0.317         0      2.34        11       608      0.89     0.297     0.544     0.446      3.95     0.624         0
    71/299     7.81G      1.99     0.313         0       2.3         7       608       0.9     0.236     0.548     0.373      4.01     0.669         0
    72/299     7.81G      2.25     0.334         0      2.58        12       608     0.863     0.158     0.442     0.267      3.95     0.741         0
    73/299     7.81G         2     0.361         0      2.36        13       608     0.862     0.197     0.405     0.321      4.07     0.689         0
    74/299     7.81G      1.78     0.328         0      2.11        11       608     0.851      0.27     0.462      0.41      3.92      0.66         0
    75/299     7.81G      1.94     0.308         0      2.25        11       608      0.86     0.258     0.483     0.397      3.91     0.673         0
    76/299     7.81G      1.87     0.293         0      2.16        11       608     0.874     0.291     0.493     0.437      3.93     0.682         0
    77/299     7.81G      1.82     0.334         0      2.16         7       608      0.84     0.284     0.467     0.425      3.78     0.708         0
    78/299     7.81G      1.99     0.314         0       2.3        10       608     0.821     0.218     0.443     0.344      3.79     0.749         0
    79/299     7.81G      1.85     0.298         0      2.15         9       608     0.821     0.193     0.401     0.313      3.65     0.838         0
    80/299     7.81G      1.83     0.313         0      2.14        10       608     0.769      0.28     0.481      0.41      3.58     0.773         0
    81/299     7.81G      1.79     0.292         0      2.08        10       608     0.838     0.245     0.518     0.379      3.76     0.817         0
    82/299     7.81G      1.85     0.331         0      2.18        12       608     0.833     0.262     0.534     0.399      3.73     0.819         0
    83/299     7.81G      1.86     0.307         0      2.17        11       608     0.888     0.268     0.482     0.412      3.84     0.773         0
    84/299     7.81G      1.76     0.298         0      2.06        16       608      0.89     0.326     0.518     0.478      3.79     0.691         0
    85/299     7.81G      1.71     0.267         0      1.98        11       608     0.836     0.376     0.551     0.519      3.79     0.615         0
    86/299     7.81G      1.76     0.297         0      2.06        11       608      0.86     0.357      0.54     0.504      3.79     0.614         0
    87/299     7.81G      1.74     0.282         0      2.02        15       608      0.84     0.416     0.546     0.556      3.88      0.58         0
    88/299     7.81G      1.72     0.312         0      2.03         7       608     0.796     0.391     0.562     0.524      3.65     0.597         0
    89/299     7.81G      1.77      0.29         0      2.06        16       608     0.894       0.4     0.597     0.552       3.7     0.594         0
    90/299     7.81G      1.64     0.279         0      1.92         6       608     0.881     0.391     0.602     0.542      3.73     0.597         0
    91/299     7.81G      1.69     0.276         0      1.96        11       608     0.903     0.442     0.631     0.593      3.62     0.596         0
    92/299     7.81G      1.63     0.281         0      1.91        11       608     0.887     0.373     0.593     0.525       3.9     0.613         0
    93/299     7.81G      1.74     0.313         0      2.05        10       608     0.875     0.405     0.609     0.554      3.77     0.607         0
    94/299     7.81G      1.52     0.293         0      1.81        11       608     0.844     0.455     0.619     0.591      3.68     0.588         0
    95/299     7.81G       1.6     0.303         0       1.9        14       608     0.822     0.453     0.594     0.584      3.74     0.593         0
    96/299     7.81G      1.66     0.284         0      1.95        11       608     0.832     0.447     0.608     0.582      3.63     0.596         0
    97/299     7.81G      1.61     0.301         0      1.91        13       608     0.829     0.384     0.567     0.525       3.6     0.626         0
    98/299     7.81G      1.61     0.302         0      1.91        10       608     0.856     0.438     0.638     0.579      3.54     0.615         0
    99/299     7.81G      1.66     0.281         0      1.95        11       608     0.891       0.4     0.631     0.552       3.6     0.644         0
   100/299     7.81G      1.58     0.258         0      1.84         9       608     0.886     0.328     0.589     0.479      3.56     0.679         0
   101/299     7.81G      1.76     0.265         0      2.02        11       608     0.891     0.257     0.519     0.399      3.85     0.737         0
   102/299     7.81G      1.53     0.266         0       1.8        12       608     0.821     0.434     0.634     0.568      3.56     0.579         0
   103/299     7.81G      1.54     0.252         0       1.8         8       608     0.787     0.466     0.633     0.585       3.5     0.564         0
   104/299     7.81G      1.58     0.264         0      1.84        13       608     0.842     0.478      0.65      0.61      3.42      0.59         0
   105/299     7.81G      1.45     0.275         0      1.72        10       608     0.875     0.405     0.623     0.554      3.43     0.664         0
   106/299     7.81G      1.49     0.252         0      1.74        10       608     0.812     0.455     0.616     0.584      3.53     0.643         0
   107/299     7.81G       1.5     0.231         0      1.73        12       608      0.76     0.416     0.579     0.538      3.62     0.664         0
   108/299     7.81G      1.46     0.252         0      1.71        12       608     0.825     0.398     0.606     0.537      3.48      0.67         0
   109/299     7.81G      1.54     0.235         0      1.78        14       608     0.851      0.36     0.608     0.506       3.5     0.702         0
   110/299     7.81G      1.61     0.248         0      1.86        12       608     0.868     0.368     0.631     0.517      3.51     0.696         0
   111/299     7.81G      1.38     0.253         0      1.63        13       608     0.884     0.443     0.601     0.591       3.6     0.656         0
   112/299     7.81G      1.59     0.227         0      1.82        14       608     0.803     0.451     0.571     0.578      3.66     0.686         0
   113/299     7.81G      1.45     0.253         0       1.7         9       608     0.839     0.511     0.654     0.635      3.48     0.641         0
   114/299     7.81G      1.43     0.275         0      1.71        13       608     0.864     0.533     0.665     0.659      3.42     0.623         0
   115/299     7.81G      1.39     0.246         0      1.64         8       608     0.872     0.532     0.694     0.661      3.44     0.634         0
   116/299     7.81G       1.5      0.26         0      1.76         4       608     0.927     0.411     0.655     0.569      3.48     0.728         0
   117/299     7.81G      1.43     0.233         0      1.66        12       608     0.892     0.349      0.58     0.502      3.52     0.776         0
   118/299     7.81G      1.37     0.265         0      1.64        11       608     0.876     0.411     0.627     0.559      3.51     0.738         0
   119/299     7.81G      1.39     0.262         0      1.65        13       608      0.82     0.453     0.615     0.583      3.53     0.695         0
   120/299     7.81G       1.6     0.263         0      1.86         9       608     0.846     0.433     0.627     0.572      3.43     0.667         0
   121/299     7.81G      1.24     0.262         0       1.5        14       608     0.852     0.516     0.632     0.643      3.37     0.656         0
   122/299     7.81G      1.34     0.227         0      1.57        10       608     0.817     0.564     0.637     0.667      3.37     0.643         0
   123/299     7.81G      1.45     0.234         0      1.69         9       608     0.851      0.54     0.643     0.661       3.3     0.685         0
   124/299     7.81G      1.29     0.252         0      1.54        15       608     0.896     0.505     0.659     0.646       3.4     0.706         0
   125/299     7.81G      1.39     0.244         0      1.64        11       608     0.904     0.493     0.641     0.638      3.38     0.706         0
   126/299     7.81G      1.39     0.237         0      1.62        13       608     0.841     0.468     0.595     0.602      3.49     0.704         0
   127/299     7.81G      1.35      0.24         0      1.59         9       608     0.851     0.479     0.602     0.613      3.48     0.741         0
   128/299     7.81G       1.3     0.263         0      1.57        11       608     0.775       0.4     0.535     0.528      3.52     0.716         0
   129/299     7.81G      1.28     0.248         0      1.53         5       608     0.822     0.437     0.565      0.57      3.47      0.67         0
   130/299     7.81G      1.23     0.237         0      1.46        10       608     0.872     0.465     0.614     0.607      3.43     0.711         0
   131/299     7.81G      1.35     0.224         0      1.57         9       608      0.87     0.494     0.631      0.63      3.39     0.684         0
   132/299     7.81G      1.35     0.224         0      1.58         8       608     0.862     0.525     0.631     0.652      3.42     0.677         0
   133/299     7.81G       1.4     0.229         0      1.62         7       608     0.839     0.521      0.64     0.643      3.49     0.688         0
   134/299     7.81G      1.24     0.244         0      1.49         9       608     0.851     0.542     0.641     0.662      3.56     0.663         0
   135/299     7.81G      1.29     0.239         0      1.53        14       608     0.864     0.435     0.633     0.579      3.64     0.696         0
   136/299     7.81G      1.17     0.243         0      1.42        11       608     0.882     0.434     0.614     0.582      3.62     0.704         0
   137/299     7.81G      1.24     0.233         0      1.47        10       608     0.874     0.477     0.633     0.617      3.58     0.679         0
   138/299     7.81G      1.18     0.233         0      1.41        11       608     0.865     0.439     0.603     0.582      3.49     0.721         0
   139/299     7.81G      1.19     0.231         0      1.42         9       608     0.878     0.455      0.63     0.599      3.47     0.713         0
   140/299     7.81G      1.16     0.228         0      1.39        12       608     0.852     0.484      0.63     0.618      3.32      0.71         0
   141/299     7.81G       1.2     0.207         0      1.41        10       608     0.867     0.514     0.638     0.646      3.38     0.705         0
   142/299     7.81G      1.22     0.229         0      1.45         6       608      0.84     0.479     0.627      0.61      3.34     0.727         0
   143/299     7.81G      1.27     0.226         0       1.5        10       608     0.875      0.48     0.651      0.62      3.33     0.736         0
   144/299     7.81G      1.24     0.226         0      1.46        13       608     0.906     0.454     0.674     0.605      3.53     0.726         0
   145/299     7.81G      1.12     0.204         0      1.33        10       608     0.888     0.459     0.666     0.606      3.48     0.712         0
   146/299     7.81G      1.27     0.212         0      1.48        12       608     0.858     0.421     0.545     0.565      3.55     0.767         0
   147/299     7.81G      1.28     0.215         0      1.49        11       608     0.866       0.4     0.529     0.547      3.54     0.818         0
   148/299     7.81G      1.17     0.211         0      1.38        12       608     0.859      0.45     0.599     0.591       3.5     0.736         0
   149/299     7.81G      1.16     0.211         0      1.37        10       608     0.865     0.474     0.625     0.612      3.42     0.715         0
   150/299     7.81G      1.14     0.239         0      1.38        13       608     0.861     0.458     0.626     0.598      3.43     0.711         0
   151/299     7.81G      1.11     0.209         0      1.32        12       608     0.826     0.451     0.606     0.583      3.52     0.726         0
   152/299     7.81G      1.16     0.214         0      1.37        11       608      0.85     0.449      0.59     0.587      3.51      0.77         0
   153/299     7.81G      1.14     0.196         0      1.33        12       608     0.858     0.444     0.594     0.585      3.45     0.741         0
   154/299     7.81G       1.1       0.2         0       1.3        11       608     0.861     0.455     0.611     0.595      3.48     0.706         0
   155/299     7.81G      1.18     0.184         0      1.36         5       608     0.862      0.46     0.607     0.599      3.44     0.727         0
   156/299     7.81G      1.15     0.217         0      1.36         8       608     0.864     0.437     0.593      0.58      3.42      0.75         0
   157/299     7.81G      1.03     0.206         0      1.24        11       608     0.868      0.45     0.594     0.592      3.44      0.74         0
   158/299     7.81G      1.07     0.214         0      1.28        11       608     0.849     0.489     0.615     0.621      3.44     0.698         0
   159/299     7.81G      1.04     0.191         0      1.23         7       608     0.865     0.505     0.636     0.638      3.44     0.674         0
   160/299     7.81G      1.08     0.214         0       1.3        14       608      0.86     0.517      0.66     0.645      3.34     0.662         0
   161/299     7.81G      1.05     0.198         0      1.25        11       608     0.879     0.538     0.694     0.667      3.26     0.664         0
   162/299     7.81G      1.14     0.202         0      1.34         9       608     0.883     0.478     0.641     0.621      3.26     0.726         0
   163/299     7.81G     0.966     0.195         0      1.16        14       608     0.859     0.481     0.648     0.617      3.23     0.724         0
   164/299     7.81G      1.14     0.222         0      1.37        13       608     0.862     0.526     0.666     0.654      3.25       0.7         0
   165/299     7.81G      0.98     0.183         0      1.16        13       608     0.869     0.491     0.631     0.627      3.33     0.711         0
   166/299     7.81G      1.01     0.198         0      1.21        10       608     0.864     0.467     0.605     0.606      3.33      0.72         0
   167/299     7.81G     0.908     0.186         0      1.09        11       608     0.912       0.5     0.642     0.646      3.29     0.713         0
   168/299     7.81G     0.966     0.191         0      1.16         4       608     0.897     0.461     0.647     0.609      3.29     0.743         0
   169/299     7.81G     0.977     0.194         0      1.17        13       608     0.917     0.466     0.652     0.618      3.25     0.752         0
   170/299     7.81G     0.986     0.193         0      1.18        13       608     0.889     0.504     0.655     0.644      3.21     0.757         0
   171/299     7.81G      1.04     0.202         0      1.24        12       608     0.892     0.479      0.63     0.623      3.28     0.795         0
   172/299     7.81G     0.947     0.199         0      1.15        11       608     0.868     0.452     0.628     0.594      3.36     0.801         0
   173/299     7.81G      1.08     0.191         0      1.27        13       608     0.876     0.483     0.594     0.623      3.49     0.739         0
   174/299     7.81G     0.917     0.184         0       1.1        15       608     0.851     0.511     0.582     0.639      3.53     0.727         0
   175/299     7.81G     0.962     0.173         0      1.13        10       608     0.835     0.531     0.586     0.649      3.51     0.718         0
   176/299     7.81G     0.913     0.209         0      1.12        11       608     0.861       0.5     0.582     0.633      3.45     0.744         0
   177/299     7.81G     0.971     0.192         0      1.16        12       608     0.856     0.495     0.596     0.627      3.38     0.754         0
   178/299     7.81G     0.893     0.182         0      1.07        10       608      0.87     0.491     0.636     0.628      3.32     0.761         0
   179/299     7.81G     0.964     0.183         0      1.15         8       608     0.862     0.492     0.615     0.626      3.36     0.758         0
   180/299     7.81G     0.915     0.172         0      1.09        10       608     0.879     0.495     0.624     0.634      3.33     0.783         0
   181/299     7.81G     0.833     0.163         0     0.997         4       608     0.888     0.501     0.637      0.64      3.31     0.788         0
   182/299     7.81G     0.869     0.183         0      1.05        11       608     0.893     0.526     0.647     0.662      3.27     0.788         0
   183/299     7.81G     0.931     0.185         0      1.12        11       608     0.874       0.5     0.638     0.636      3.26     0.768         0
   184/299     7.81G     0.849     0.186         0      1.04        12       608     0.876     0.518     0.644     0.651      3.27     0.757         0
   185/299     7.81G     0.878     0.183         0      1.06        12       608     0.894      0.53     0.647     0.666      3.28     0.756         0
   186/299     7.81G      0.89     0.171         0      1.06        12       608     0.886     0.532     0.657     0.664      3.33     0.762         0
   187/299     7.81G     0.959     0.178         0      1.14        13       608      0.87     0.528     0.656     0.657      3.32     0.773         0
   188/299     7.81G     0.853     0.165         0      1.02        10       608     0.862     0.462     0.614     0.601      3.31     0.799         0
   189/299     7.81G     0.898     0.186         0      1.08        12       608     0.886     0.451     0.614     0.598      3.32     0.821         0
   190/299     7.81G     0.876     0.196         0      1.07         7       608     0.882     0.472     0.632     0.615      3.38     0.791         0
   191/299     7.81G     0.807     0.186         0     0.993        11       608     0.879     0.496      0.63     0.634      3.38     0.752         0
   192/299     7.81G     0.814     0.191         0         1         9       608     0.865     0.505     0.647     0.638      3.39     0.731         0
   193/299     7.81G     0.886     0.169         0      1.05        10       608      0.85     0.508     0.615     0.636       3.5     0.711         0
   194/299     7.81G     0.887     0.186         0      1.07         6       608     0.843     0.511      0.61     0.636      3.46     0.718         0
   195/299     7.81G     0.831     0.182         0      1.01        13       608     0.841       0.5     0.609     0.627      3.47     0.741         0
   196/299     7.81G     0.824     0.165         0     0.989        11       608     0.885     0.486     0.606     0.627      3.43     0.753         0
   197/299     7.81G     0.787     0.155         0     0.942        13       608      0.86     0.519     0.624     0.648      3.46     0.718         0
   198/299     7.81G     0.813     0.171         0     0.984        14       608     0.869     0.532     0.652      0.66      3.43     0.699         0
   199/299     7.81G     0.805     0.179         0     0.984        10       608     0.867     0.542     0.648     0.667      3.37     0.703         0
   200/299     7.81G     0.778     0.169         0     0.947        12       608      0.87     0.528     0.635     0.657      3.34     0.721         0
   201/299     7.81G     0.771     0.159         0      0.93        10       608     0.876     0.523     0.662     0.655      3.32     0.743         0
   202/299     7.81G     0.753     0.168         0     0.922        12       608     0.911     0.537     0.669     0.676      3.29     0.752         0
   203/299     7.81G     0.771     0.172         0     0.943        10       608     0.914     0.506     0.673     0.651      3.29      0.78         0
   204/299     7.81G     0.737      0.16         0     0.897        10       608     0.909       0.5     0.664     0.645      3.31     0.773         0
   205/299     7.81G     0.781     0.171         0     0.952        11       608     0.916     0.517     0.672     0.661       3.3     0.771         0
   206/299     7.81G     0.779     0.168         0     0.947        13       608      0.91     0.533     0.662     0.672      3.31     0.761         0
   207/299     7.81G     0.699     0.161         0     0.859         7       608     0.904     0.542     0.669     0.678       3.3     0.752         0
   208/299     7.81G      0.74     0.153         0     0.893         8       608     0.889     0.545     0.658     0.676      3.34     0.731         0
   209/299     7.81G     0.762     0.149         0     0.911         6       608     0.891     0.561     0.653     0.688      3.33     0.726         0
   210/299     7.81G     0.756      0.16         0     0.916        12       608     0.869     0.556      0.64     0.678      3.34     0.725         0
   211/299     7.81G     0.642     0.145         0     0.786        11       608     0.878     0.567     0.647     0.689       3.3     0.737         0
   212/299     7.81G     0.715     0.155         0     0.871         8       608     0.884     0.562     0.657     0.687       3.3     0.752         0
   213/299     7.81G     0.761     0.174         0     0.935        10       608      0.87     0.547     0.657     0.672      3.26     0.746         0
   214/299     7.81G       0.7      0.17         0     0.869        14       608      0.86     0.549     0.665     0.671      3.28     0.748         0
   215/299     7.81G     0.733     0.154         0     0.888        11       608     0.867     0.548     0.677     0.672       3.3      0.75         0
   216/299     7.81G     0.703      0.15         0     0.853        12       608     0.869     0.558     0.679     0.679      3.31     0.747         0
   217/299     7.81G     0.673     0.142         0     0.815        11       608     0.853     0.574     0.679     0.686      3.29     0.739         0
   218/299     7.81G     0.707     0.156         0     0.863        10       608     0.863     0.565     0.681     0.683      3.28     0.748         0
   219/299     7.81G     0.714     0.168         0     0.882        14       608     0.875     0.554     0.686     0.679      3.29     0.759         0
   220/299     7.81G     0.659     0.152         0     0.811         5       608     0.886     0.563     0.683     0.689      3.29     0.754         0
   221/299     7.81G     0.665     0.155         0      0.82        12       608      0.89     0.556     0.679     0.685      3.31     0.765         0
   222/299     7.81G     0.636     0.141         0     0.777        10       608      0.89     0.553     0.689     0.682      3.32     0.777         0
   223/299     7.81G     0.609     0.157         0     0.766        13       608     0.873     0.545      0.68     0.671       3.3     0.781         0
   224/299     7.81G     0.662     0.149         0     0.811         9       608     0.879     0.571     0.691     0.692      3.32     0.776         0
   225/299     7.81G     0.635     0.162         0     0.797        11       608     0.871     0.547     0.672     0.672      3.33     0.773         0
   226/299     7.81G     0.574     0.131         0     0.706         8       608     0.857     0.532      0.66     0.656      3.37     0.772         0
   227/299     7.81G     0.683     0.169         0     0.852        15       608     0.851     0.541      0.64     0.661      3.36     0.773         0
   228/299     7.81G      0.67     0.149         0     0.819        10       608     0.872     0.547     0.661     0.673      3.35     0.765         0
   229/299     7.81G     0.635     0.143         0     0.778         7       608     0.882     0.548     0.656     0.676      3.36     0.772         0
   230/299     7.81G     0.638     0.149         0     0.786        11       608     0.871     0.531     0.656      0.66      3.33     0.784         0
   231/299     7.81G     0.604     0.146         0      0.75        12       608     0.881     0.543     0.662     0.672      3.31     0.796         0
   232/299     7.81G     0.596     0.129         0     0.725         9       608      0.88     0.539     0.667     0.668      3.31     0.806         0
   233/299     7.81G     0.617     0.143         0     0.761         7       608     0.864     0.535     0.657     0.661      3.31     0.798         0
   234/299     7.81G     0.603     0.141         0     0.745        10       608     0.888     0.541     0.676     0.672      3.31     0.789         0
   235/299     7.81G     0.615     0.135         0      0.75        11       608     0.881     0.537     0.678     0.667      3.34     0.796         0
   236/299     7.81G     0.606     0.125         0     0.731        14       608     0.881     0.544     0.676     0.673      3.34       0.8         0
   237/299     7.81G     0.593     0.137         0      0.73        10       608     0.883     0.542     0.672     0.672      3.33     0.799         0
   238/299     7.81G     0.646     0.138         0     0.784        10       608     0.881     0.547     0.668     0.675      3.31     0.784         0
   239/299     7.81G     0.601     0.147         0     0.748         9       608     0.877     0.547     0.669     0.674      3.29     0.776         0
   240/299     7.81G     0.636     0.144         0      0.78         7       608     0.889     0.546     0.677     0.676      3.29     0.765         0
   241/299     7.81G     0.587     0.138         0     0.725        11       608     0.879     0.538     0.671     0.667      3.28     0.757         0
   242/299     7.81G     0.541     0.133         0     0.674         8       608     0.869     0.526      0.67     0.655      3.27      0.76         0
   243/299     7.81G     0.649      0.14         0      0.79        20       608     0.869     0.526      0.67     0.655      3.26     0.769         0
   244/299     7.81G     0.604     0.142         0     0.745        10       608     0.871     0.532     0.676      0.66      3.26      0.78         0
   245/299     7.81G      0.57     0.131         0     0.702         9       608     0.872     0.539     0.671     0.666      3.28      0.78         0
   246/299     7.81G     0.575     0.146         0      0.72         6       608     0.872     0.538     0.662     0.666       3.3     0.786         0
   247/299     7.81G     0.532     0.111         0     0.643        10       608     0.872      0.54     0.661     0.667      3.29     0.785         0
   248/299     7.81G      0.57      0.13         0       0.7        13       608      0.88     0.543     0.673     0.671      3.29     0.789         0
   249/299     7.81G     0.541     0.126         0     0.667         9       608     0.888     0.547     0.675     0.677       3.3     0.779         0
   250/299     7.81G     0.611     0.146         0     0.757         9       608     0.889     0.547     0.681     0.677       3.3     0.777         0
   251/299     7.81G     0.586     0.126         0     0.711         9       608     0.866     0.543     0.664     0.668       3.3     0.782         0
   252/299     7.81G     0.577     0.131         0     0.708        10       608     0.875     0.551     0.678     0.676      3.29     0.784         0
   253/299     7.81G     0.569     0.122         0     0.691        11       608     0.884     0.563     0.682     0.688      3.26     0.787         0
   254/299     7.81G     0.599     0.136         0     0.735         9       608     0.873     0.543      0.69     0.669      3.25     0.787         0
   255/299     7.81G     0.546     0.122         0     0.669        13       608     0.873     0.545     0.684     0.671      3.25     0.789         0
   256/299     7.81G     0.552     0.125         0     0.678         9       608     0.864     0.532     0.682     0.658      3.23     0.796         0
   257/299     7.81G     0.607     0.153         0      0.76         8       608     0.872     0.532     0.684     0.661      3.23     0.797         0
   258/299     7.81G     0.589     0.128         0     0.718        11       608     0.884     0.537     0.685     0.668      3.25     0.802         0
   259/299     7.81G      0.57     0.129         0     0.698         5       608     0.895     0.542     0.679     0.675      3.26     0.801         0
   260/299     7.81G     0.582     0.146         0     0.728        12       608     0.887     0.538     0.676      0.67      3.26     0.797         0
   261/299     7.81G      0.58      0.12         0       0.7        11       608     0.887     0.538     0.674     0.669      3.27     0.794         0
   262/299     7.81G     0.524     0.128         0     0.652        11       608     0.895     0.536     0.686     0.671      3.27     0.793         0
   263/299     7.81G     0.545     0.123         0     0.668        12       608     0.879     0.526     0.685     0.659      3.27     0.793         0
   264/299     7.81G     0.505      0.12         0     0.625        11       608     0.895      0.54     0.691     0.674      3.26     0.798         0
   265/299     7.81G     0.553     0.132         0     0.685        13       608     0.889     0.532     0.692     0.665      3.24     0.799         0
   266/299     7.81G      0.52      0.13         0      0.65        11       608     0.889     0.532     0.691     0.665      3.25     0.797         0
   267/299     7.81G     0.523     0.113         0     0.636        10       608     0.895      0.54     0.686     0.673      3.27     0.796         0
   268/299     7.81G     0.546      0.11         0     0.656        11       608     0.885     0.527     0.671     0.661      3.28     0.798         0
   269/299     7.81G     0.532      0.12         0     0.652        10       608     0.878     0.532     0.662     0.662       3.3       0.8         0
   270/299     7.81G     0.542     0.124         0     0.665         9       608     0.886      0.53      0.66     0.663       3.3     0.805         0
   271/299     7.81G     0.528     0.125         0     0.653         9       608     0.873     0.526      0.65     0.657      3.29     0.809         0
   272/299     7.81G     0.547     0.129         0     0.676         4       608     0.877     0.525     0.656     0.657       3.3     0.813         0
   273/299     7.81G     0.543     0.134         0     0.678        10       608     0.878      0.53     0.643     0.661       3.3     0.816         0
   274/299     7.81G     0.547     0.135         0     0.682        10       608     0.878     0.531     0.643     0.662       3.3     0.815         0
   275/299     7.81G     0.494     0.116         0     0.611        10       608     0.879     0.536     0.643     0.666       3.3     0.813         0
   276/299     7.81G     0.495     0.112         0     0.607        11       608     0.872     0.537     0.639     0.665      3.31     0.811         0
   277/299     7.81G     0.507     0.125         0     0.632        10       608     0.881     0.548     0.649     0.676      3.31     0.804         0
   278/299     7.81G     0.564     0.134         0     0.697        11       608     0.873     0.544     0.647     0.671      3.31       0.8         0
   279/299     7.81G     0.524     0.146         0      0.67        15       608     0.869     0.542     0.645     0.668       3.3     0.801         0
   280/299     7.81G     0.509     0.129         0     0.638        12       608     0.878     0.547     0.663     0.674      3.29     0.809         0
   281/299     7.81G     0.489     0.123         0     0.611        12       608     0.882     0.549     0.672     0.677      3.29     0.812         0
   282/299     7.81G     0.493     0.105         0     0.598         9       608     0.881     0.544     0.672     0.672      3.29     0.818         0
   283/299     7.81G      0.48     0.117         0     0.597        17       608      0.88     0.542     0.674     0.671      3.29     0.818         0
   284/299     7.81G     0.526     0.117         0     0.643         9       608     0.881     0.544     0.674     0.673       3.3     0.822         0
   285/299     7.81G      0.52     0.125         0     0.645         5       608      0.88     0.539     0.681     0.669      3.31     0.821         0
   286/299     7.81G     0.501     0.122         0     0.623         5       608     0.889     0.546     0.686     0.676       3.3     0.819         0
   287/299     7.81G     0.449     0.101         0      0.55        11       608     0.889     0.549     0.686     0.679       3.3      0.82         0
   288/299     7.81G       0.5     0.118         0     0.618         9       608      0.89     0.553     0.683     0.682       3.3     0.813         0
   289/299     7.81G     0.479     0.117         0     0.597        10       608     0.883     0.558     0.674     0.684       3.3     0.804         0
   290/299     7.81G     0.531     0.124         0     0.655        10       608     0.887     0.553     0.676     0.681       3.3     0.807         0
   291/299     7.81G     0.528     0.127         0     0.655         7       608      0.89     0.552     0.682     0.681      3.29     0.815         0
   292/299     7.81G     0.426     0.116         0     0.542        12       608     0.889      0.55     0.688      0.68      3.29     0.819         0
   293/299     7.81G     0.474     0.109         0     0.583        12       608     0.889      0.55      0.69      0.68      3.29      0.82         0
   294/299     7.81G       0.5     0.113         0     0.614        13       608     0.889     0.549     0.688     0.679      3.29     0.822         0
   295/299     7.81G      0.56     0.125         0     0.686        13       608     0.892     0.564     0.689     0.691      3.29     0.819         0
   296/299     7.81G     0.479     0.109         0     0.588        11       608     0.888     0.563     0.691     0.689      3.29     0.815         0
   297/299     7.81G     0.566     0.118         0     0.683        12       608     0.892     0.562     0.688      0.69      3.29     0.813         0
   298/299     7.81G     0.528     0.121         0     0.649         9       608      0.89     0.552     0.686     0.682      3.29     0.819         0
   299/299     7.81G     0.495     0.117         0     0.612         6       608     0.883     0.554     0.684     0.681      3.29     0.821         0
