     0/299     7.81G      7.76      31.5         0      39.3        11       608         0         0   0.00422         0      6.66      1.61         0
     1/299      7.8G      5.93      2.12         0      8.05        14       608         0         0  0.000333         0      5.75      1.61         0
     2/299     7.81G      5.14      1.66         0       6.8         5       608         0         0   0.00895         0      5.33      1.33         0
     3/299     7.81G      4.58      1.49         0      6.08        14       608         0         0    0.0312         0      5.49      1.46         0
     4/299     7.81G       4.3       1.2         0       5.5        14       608         0         0    0.0195         0      5.16      1.61         0
     5/299     7.81G      4.44      1.19         0      5.63         5       608         0         0     0.157         0      4.61     0.948         0
     6/299     7.81G      4.25     0.928         0      5.17        13       608         0         0      0.12         0      4.51         1         0
     7/299     7.81G      4.45     0.823         0      5.27         9       608         1   0.00885     0.341    0.0175      4.36     0.702         0
     8/299     7.81G      3.94     0.812         0      4.75         5       608    0.0797     0.265    0.0626     0.123      4.88      1.44         0
     9/299     7.81G      4.16     0.746         0       4.9        12       608     0.476     0.195     0.329     0.276       4.4     0.606         0
    10/299     7.81G       4.8     0.826         0      5.62        14       608         1    0.0108     0.376    0.0213      4.26     0.759         0
    11/299     7.81G      4.16     0.789         0      4.95         4       608     0.375     0.223     0.251      0.28      4.13      0.71         0
    12/299     7.81G      3.92     0.735         0      4.66        10       608     0.136     0.143     0.158      0.14      3.72      0.85         0
    13/299     7.81G      4.07     0.645         0      4.71        10       608     0.004   0.00103    0.0917   0.00164      4.21     0.665         0
    14/299     7.81G      3.68     0.818         0       4.5         4       608         0         0     0.391         0      3.62     0.631         0
    15/299     7.81G      4.05     0.673         0      4.72        10       608         0         0     0.122         0      5.61     0.514         0
    16/299     7.81G      4.52     0.869         0      5.39        12       608         0         0     0.312         0      5.05     0.652         0
    17/299     7.81G      3.81     0.898         0       4.7         5       608         0         0      0.14         0      5.08     0.775         0
    18/299     7.81G      3.39     0.867         0      4.26        14       608         0         0    0.0229         0      5.03     0.803         0
    19/299     7.81G      3.97     0.713         0      4.68        10       608         0         0    0.0219         0      4.66      1.01         0
    20/299     7.81G      3.74     0.745         0      4.48         5       608   0.00883    0.0177     0.034    0.0118      4.29     0.878         0
    21/299     7.81G      3.13     0.859         0      3.99        11       608    0.0572   0.00885     0.334    0.0153      3.94     0.619         0
    22/299     7.81G      3.65     0.663         0      4.31         9       608         1   0.00885     0.448    0.0175      4.29     0.526         0
    23/299     7.81G      3.41     0.755         0      4.16         5       608         1   0.00885     0.491    0.0175      4.28     0.556         0
    24/299     7.81G      3.21     0.646         0      3.85        10       608      0.72     0.133     0.321     0.224      4.53     0.525         0
    25/299     7.81G      3.73     0.606         0      4.33        14       608     0.953    0.0354     0.387    0.0683       4.2     0.603         0
    26/299     7.81G      3.24     0.657         0       3.9         5       608         1     0.054     0.563     0.103      3.35      0.58         0
    27/299     7.81G      3.24     0.656         0      3.89        10       608     0.544     0.292     0.381      0.38      3.94     0.538         0
    28/299     7.81G      3.16     0.595         0      3.75        11       608     0.849     0.249     0.524     0.385      3.66      0.48         0
    29/299     7.81G      3.09     0.555         0      3.64         2       608     0.605     0.285     0.458     0.387      3.78      0.48         0
    30/299     7.81G      3.28     0.535         0      3.82        12       608         1     0.112     0.647     0.202      3.51     0.485         0
    31/299     7.81G      3.22     0.543         0      3.77        15       608         1      0.19     0.707     0.319      3.59     0.466         0
    32/299     7.81G      2.91     0.538         0      3.44         5       608     0.916     0.384     0.681     0.541      3.65     0.431         0
    33/299     7.81G      3.19     0.478         0      3.67        12       608     0.965     0.482     0.762     0.643      3.22     0.414         0
    34/299     7.81G      2.96     0.491         0      3.45        13       608     0.599    0.0619     0.318     0.112      4.77     0.544         0
    35/299     7.81G      2.87     0.496         0      3.37         5       608     0.963    0.0885     0.421     0.162      3.96     0.585         0
    36/299     7.81G      2.84     0.458         0       3.3        13       608     0.722     0.504     0.627     0.594      3.46     0.413         0
    37/299     7.81G      2.99      0.46         0      3.46        13       608     0.906     0.429     0.743     0.582       3.2     0.418         0
    38/299     7.81G      2.63     0.456         0      3.08         2       608     0.921     0.673     0.828     0.777      2.88     0.374         0
    39/299     7.81G      2.97     0.459         0      3.43        10       608     0.939     0.655     0.849     0.772      3.03     0.361         0
    40/299     7.81G      2.89     0.442         0      3.33        14       608     0.949     0.653     0.853     0.774       3.3     0.376         0
    41/299     7.81G      2.63     0.476         0      3.11         3       608     0.984     0.533     0.854     0.692      2.95      0.39         0
    42/299     7.81G      2.55     0.423         0      2.97        13       608     0.909     0.616     0.827     0.734      2.93     0.368         0
    43/299     7.81G      2.71     0.415         0      3.12        16       608     0.905     0.558      0.82      0.69      2.78     0.383         0
    44/299     7.81G      2.52     0.415         0      2.94         3       608     0.857     0.637     0.805     0.731      2.97     0.366         0
    45/299     7.81G      2.83     0.404         0      3.24        13       608     0.959     0.623     0.881     0.755      3.05     0.365         0
    46/299     7.81G      2.59     0.427         0      3.02         7       608         1      0.44     0.881     0.611      3.02     0.425         0
    47/299     7.81G      2.51     0.408         0      2.91         3       608     0.996     0.558     0.909     0.715      2.81     0.416         0
    48/299     7.81G      2.44     0.408         0      2.85         9       608     0.946     0.623     0.857     0.752      2.73     0.373         0
    49/299     7.81G      2.47     0.383         0      2.85         9       608     0.938     0.667     0.834     0.779      2.82      0.36         0
    50/299     7.81G      2.38     0.391         0      2.77         4       608      0.93     0.673     0.816      0.78      2.65     0.368         0
    51/299     7.81G      2.56     0.362         0      2.92        13       608     0.932     0.602     0.837     0.732      2.84     0.378         0
    52/299     7.81G      2.31     0.383         0      2.69        11       608     0.956     0.577     0.858      0.72      2.66     0.381         0
    53/299     7.81G      2.35     0.368         0      2.72         5       608     0.961     0.658     0.851     0.781       2.7     0.362         0
    54/299     7.81G      2.43     0.396         0      2.82        11       608     0.959     0.621     0.864     0.754      2.77     0.356         0
    55/299     7.81G      2.33     0.391         0      2.73         9       608      0.94     0.696     0.867       0.8      2.68     0.343         0
    56/299     7.81G      2.51     0.329         0      2.84         4       608      0.92      0.61     0.846     0.734      2.79     0.371         0
    57/299     7.81G      2.22     0.395         0      2.62        11       608     0.932     0.604     0.822     0.733      2.63     0.373         0
    58/299     7.81G      2.13     0.396         0      2.53        13       608     0.883     0.733     0.846     0.801      2.88     0.334         0
    59/299     7.81G      2.24     0.357         0       2.6         4       608     0.899     0.699     0.865     0.786      2.59     0.337         0
    60/299     7.81G      2.16     0.374         0      2.53        11       608      0.95     0.666     0.875     0.783      2.58     0.357         0
    61/299     7.81G      2.18     0.376         0      2.56        14       608     0.924      0.75     0.869     0.828      2.54      0.33         0
    62/299     7.81G      2.45      0.37         0      2.82         7       608     0.909      0.77     0.873     0.834      2.78     0.327         0
    63/299     7.81G      2.13     0.387         0      2.52        10       608     0.909      0.71     0.862     0.798      2.38     0.356         0
    64/299     7.81G      2.23     0.336         0      2.56        10       608     0.878     0.752      0.88      0.81      2.65     0.344         0
    65/299     7.81G      2.22     0.423         0      2.65         5       608     0.909     0.805     0.886     0.854      2.56     0.345         0
    66/299     7.81G      2.15      0.35         0       2.5        10       608     0.899     0.814     0.889     0.855      2.43     0.334         0
    67/299     7.81G      2.22     0.337         0      2.56        10       608     0.903     0.858     0.939      0.88      2.33     0.324         0
    68/299     7.81G      1.91      0.36         0      2.27         3       608     0.881     0.841     0.922      0.86      2.33     0.319         0
    69/299     7.81G      2.13     0.321         0      2.45        10       608     0.923     0.846     0.921     0.883      2.51     0.327         0
    70/299     7.81G      1.98      0.34         0      2.32         9       608     0.913     0.805     0.914     0.856      2.54     0.321         0
    71/299     7.81G      1.94     0.344         0      2.29         7       608     0.921     0.825     0.934      0.87      2.22     0.312         0
    72/299     7.81G      1.91     0.315         0      2.23        10       608     0.872      0.85     0.882     0.861      2.36     0.328         0
    73/299     7.81G      1.94     0.335         0      2.27        11       608     0.896     0.805     0.873     0.848      2.51     0.335         0
    74/299     7.81G      2.16     0.397         0      2.55         7       608     0.919      0.77     0.878     0.838      2.45      0.33         0
    75/299     7.81G      1.77     0.311         0      2.08        11       608     0.901     0.803     0.902     0.849      2.37     0.309         0
    76/299     7.81G      1.95     0.318         0      2.27        11       608     0.948     0.811      0.91     0.874      2.29     0.307         0
    77/299     7.81G      1.82     0.324         0      2.15         7       608     0.937     0.796       0.9     0.861      2.51     0.313         0
    78/299     7.81G      1.83      0.31         0      2.14        11       608      0.94     0.825     0.913     0.879      2.35     0.313         0
    79/299     7.81G       1.8     0.303         0       2.1        11       608      0.93     0.823     0.917     0.873      2.25     0.314         0
    80/299     7.81G      1.99     0.285         0      2.27         4       608     0.958     0.743     0.902     0.837      2.51     0.356         0
    81/299     7.81G      1.87     0.302         0      2.17        11       608         1     0.713     0.919     0.832       2.4     0.336         0
    82/299     7.81G      1.78     0.292         0      2.08        12       608     0.957     0.785      0.93     0.862      2.58     0.307         0
    83/299     7.81G      1.96     0.306         0      2.26         4       608     0.936     0.776     0.911     0.848      2.44     0.321         0
    84/299     7.81G      1.78     0.316         0       2.1        11       608     0.947     0.797     0.905     0.866       2.3     0.308         0
    85/299     7.81G      2.03     0.306         0      2.34        12       608     0.945     0.805     0.925      0.87      2.39     0.317         0
    86/299     7.81G      1.97     0.354         0      2.32         3       608     0.957     0.783     0.925     0.862       2.4     0.322         0
    87/299     7.81G      1.89     0.302         0      2.19        10       608     0.943     0.832     0.926     0.884      2.38     0.311         0
    88/299     7.81G      1.78     0.297         0      2.08        10       608     0.896     0.823     0.914     0.858      2.32     0.331         0
    89/299     7.81G      1.77     0.287         0      2.06         2       608     0.881     0.851     0.916     0.866      2.29     0.315         0
    90/299     7.81G      1.67     0.294         0      1.97         8       608     0.882     0.864     0.899     0.873      2.33     0.303         0
    91/299     7.81G      1.91     0.288         0      2.19        13       608     0.907     0.858     0.911     0.882      2.29     0.301         0
    92/299     7.81G      1.82     0.293         0      2.11         4       608     0.923      0.85     0.905     0.885      2.32      0.31         0
    93/299     7.81G      1.75     0.303         0      2.06         7       608     0.933      0.86     0.924     0.895      2.35     0.305         0
    94/299     7.81G       1.8     0.297         0       2.1        11       608     0.924     0.864     0.914     0.893      2.45     0.301         0
    95/299     7.81G      1.71     0.287         0         2         3       608     0.919     0.802     0.893     0.857      2.34     0.316         0
    96/299     7.81G      1.65     0.297         0      1.94         8       608     0.885     0.805     0.892     0.843      2.46     0.297         0
    97/299     7.81G      1.81      0.29         0       2.1        13       608     0.926     0.779     0.883     0.846      2.39     0.302         0
    98/299     7.81G      1.76     0.266         0      2.03         3       608     0.916      0.77     0.897     0.837       2.4     0.309         0
    99/299     7.81G      1.72     0.296         0      2.02        10       608     0.939     0.821      0.91     0.876      2.29     0.308         0
   100/299     7.81G      1.77     0.289         0      2.06         9       608     0.924     0.858     0.927      0.89      2.39     0.309         0
   101/299     7.81G      1.68     0.304         0      1.98         4       608     0.901     0.841     0.926      0.87      2.35     0.302         0
   102/299     7.81G       1.7     0.293         0      1.99         9       608     0.892     0.879     0.927     0.885       2.3     0.293         0
   103/299     7.81G      1.72      0.27         0      1.99        14       608     0.904     0.885     0.931     0.894      2.23     0.294         0
   104/299     7.81G      1.71     0.288         0         2         4       608     0.885     0.883     0.932     0.884      2.24     0.299         0
   105/299     7.81G      1.59       0.3         0      1.89        13       608     0.901     0.876     0.932     0.889      2.21     0.295         0
   106/299     7.81G       1.6     0.271         0      1.87        10       608     0.917     0.867     0.931     0.891      2.29     0.297         0
   107/299     7.81G      1.61     0.262         0      1.87         3       608     0.923     0.849     0.933     0.884      2.18     0.299         0
   108/299     7.81G      1.48     0.273         0      1.75         9       608     0.932      0.85     0.942     0.889       2.2     0.292         0
   109/299     7.81G      1.65     0.274         0      1.93         9       608     0.922     0.834     0.921     0.875      2.26       0.3         0
   110/299     7.81G      1.58     0.269         0      1.85         4       608     0.929     0.815     0.916     0.869      2.26     0.308         0
   111/299     7.81G      1.73     0.268         0         2        11       608     0.921     0.828     0.923     0.872      2.22     0.305         0
   112/299     7.81G      1.57     0.286         0      1.86        11       608     0.913     0.836     0.921     0.873      2.22     0.297         0
   113/299     7.81G      1.55     0.267         0      1.82         4       608      0.91     0.841     0.906     0.874      2.24     0.284         0
   114/299     7.81G      1.57     0.261         0      1.83        12       608      0.94     0.831     0.916     0.882      2.31      0.29         0
   115/299     7.81G      1.54     0.253         0      1.79         6       608      0.94     0.827     0.904      0.88       2.4     0.289         0
   116/299     7.81G      1.48      0.27         0      1.75         3       608      0.94      0.83     0.907     0.882      2.27     0.297         0
   117/299     7.81G      1.43     0.263         0       1.7        11       608     0.931     0.832      0.91     0.878       2.3     0.299         0
   118/299     7.81G      1.47     0.253         0      1.73         9       608     0.921     0.867     0.911     0.893      2.34     0.294         0
   119/299     7.81G      1.49     0.265         0      1.75         4       608     0.915     0.852     0.914     0.882      2.19     0.299         0
   120/299     7.81G      1.53     0.269         0       1.8        10       608     0.915     0.855     0.922     0.884      2.24     0.292         0
   121/299     7.81G      1.45     0.292         0      1.74        13       608     0.931      0.85      0.92     0.888      2.28     0.296         0
   122/299     7.81G       1.5     0.256         0      1.76         8       608     0.916     0.814     0.908     0.862      2.33       0.3         0
   123/299     7.81G      1.36     0.262         0      1.62         9       608     0.903     0.824     0.908     0.862      2.18      0.29         0
   124/299     7.81G      1.58     0.252         0      1.83        11       608     0.916     0.874     0.914     0.895      2.29     0.297         0
   125/299     7.81G      1.42     0.253         0      1.67         3       608     0.907     0.858     0.921     0.882      2.18     0.307         0
   126/299     7.81G      1.48     0.291         0      1.77        15       608     0.889      0.85     0.914     0.869      2.17     0.299         0
   127/299     7.81G      1.47     0.247         0      1.72        11       608     0.896     0.858     0.925     0.877       2.1     0.286         0
   128/299     7.81G      1.45     0.244         0      1.69         4       608       0.9     0.871     0.919     0.885      2.14     0.285         0
   129/299     7.81G      1.33     0.265         0       1.6        10       608     0.907     0.865     0.908     0.886      2.15     0.278         0
   130/299     7.81G       1.4     0.267         0      1.66        13       608     0.891     0.865     0.901     0.878      2.15     0.284         0
   131/299     7.81G      1.35     0.252         0      1.61         3       608     0.918     0.858     0.908     0.887      2.14      0.28         0
   132/299     7.81G      1.36     0.243         0       1.6        12       608     0.916     0.866      0.92      0.89      2.12     0.277         0
   133/299     7.81G      1.41     0.246         0      1.66        10       608     0.932     0.849     0.906     0.889      2.11      0.28         0
   134/299     7.81G      1.39     0.237         0      1.62         4       608      0.91     0.858     0.896     0.883      2.03     0.282         0
   135/299     7.81G      1.31     0.252         0      1.56         9       608     0.912     0.858     0.907     0.885      2.06     0.276         0
   136/299     7.81G      1.35     0.242         0      1.59        12       608     0.906     0.867     0.904     0.886      2.08     0.277         0
   137/299     7.81G      1.36     0.234         0      1.59         3       608       0.9     0.867     0.904     0.883      2.15     0.275         0
   138/299     7.81G      1.41     0.249         0      1.66        12       608     0.912     0.867      0.91     0.889      2.11     0.277         0
   139/299     7.81G      1.47     0.244         0      1.72        13       608     0.931     0.841     0.915     0.883      2.07      0.29         0
   140/299     7.81G      1.33     0.241         0      1.57         4       608     0.926      0.85     0.919     0.886      2.06     0.291         0
   141/299     7.81G      1.39      0.23         0      1.62        12       608     0.921     0.841     0.924     0.879      2.04     0.298         0
   142/299     7.81G      1.26     0.238         0       1.5        10       608     0.921      0.85     0.923     0.884      2.05     0.297         0
   143/299     7.81G      1.19     0.226         0      1.41         5       608      0.92     0.841     0.916     0.879      2.04     0.299         0
   144/299     7.81G      1.27      0.25         0      1.52        12       608     0.925     0.841     0.914     0.881      1.99     0.294         0
   145/299     7.81G       1.4     0.239         0      1.64        13       608     0.929      0.85     0.919     0.887         2     0.291         0
   146/299     7.81G      1.18     0.218         0       1.4         4       608     0.921     0.841     0.913     0.879      1.99     0.299         0
   147/299     7.81G      1.17     0.217         0      1.39         8       608     0.906     0.841     0.916     0.872      1.96     0.293         0
   148/299     7.81G       1.3     0.225         0      1.53        12       608     0.897      0.85     0.913     0.873      2.02       0.3         0
   149/299     7.81G      1.15     0.251         0       1.4         1       608      0.89     0.858     0.918     0.874      2.06     0.287         0
   150/299     7.81G      1.21     0.224         0      1.44        14       608     0.883      0.87     0.924     0.877      2.02     0.278         0
   151/299     7.81G      1.24     0.215         0      1.46        11       608     0.891     0.871     0.922     0.881      2.06     0.283         0
   152/299     7.81G      1.23     0.243         0      1.47         6       608     0.899     0.869     0.929     0.884      2.05     0.277         0
   153/299     7.81G      1.15     0.224         0      1.37         6       608     0.897     0.867     0.923     0.882         2     0.272         0
   154/299     7.81G      1.27     0.215         0      1.48         7       608     0.909     0.884     0.922     0.897         2     0.267         0
   155/299     7.81G      1.15     0.207         0      1.36         3       608       0.9     0.876     0.919     0.888      2.04      0.27         0
   156/299     7.81G      1.24      0.21         0      1.45        13       608     0.899      0.87     0.927     0.884      2.04     0.272         0
   157/299     7.81G       1.1     0.226         0      1.32        11       608     0.894     0.876     0.926     0.885      1.98     0.276         0
   158/299     7.81G      1.17     0.213         0      1.38         4       608     0.889     0.867     0.922     0.878      2.06     0.278         0
   159/299     7.81G      1.21     0.196         0      1.41        11       608     0.875     0.864     0.923      0.87      2.03     0.273         0
   160/299     7.81G      1.11     0.209         0      1.32        14       608      0.89     0.867     0.925     0.879      1.99     0.273         0
   161/299     7.81G       1.1     0.221         0      1.32         3       608     0.889     0.885     0.929     0.887      1.98     0.269         0
   162/299     7.81G       1.1     0.215         0      1.31         8       608     0.894     0.893     0.932     0.894      2.03     0.265         0
   163/299     7.81G      1.18     0.191         0      1.37        11       608     0.923     0.903     0.934     0.913      2.13     0.265         0
   164/299     7.81G      1.17     0.218         0      1.39         3       608     0.918     0.895     0.935     0.906      2.09     0.276         0
   165/299     7.81G      1.16     0.222         0      1.38        12       608     0.917     0.884     0.935       0.9      2.05     0.299         0
   166/299     7.81G      1.16     0.206         0      1.37        12       608     0.909     0.885     0.927     0.897      2.18     0.299         0
   167/299     7.81G      1.17     0.213         0      1.38         5       608     0.906     0.876     0.939     0.891      2.04     0.292         0
   168/299     7.81G      1.14     0.195         0      1.33         8       608     0.915     0.852      0.94     0.882      2.03     0.296         0
   169/299     7.81G      1.17     0.199         0      1.37         8       608     0.924     0.841     0.928     0.881      2.07     0.298         0
   170/299     7.81G      1.21     0.242         0      1.45         5       608     0.922     0.839     0.922     0.879      2.01     0.298         0
   171/299     7.81G      1.11     0.214         0      1.33         9       608     0.932     0.848     0.915     0.888      2.04     0.301         0
   172/299     7.81G      1.08     0.204         0      1.29         9       608     0.912     0.858       0.9     0.884      2.06     0.306         0
   173/299     7.81G      1.09     0.196         0      1.29         5       608     0.925     0.858     0.915      0.89      2.07     0.306         0
   174/299     7.81G       1.1     0.199         0       1.3        14       608     0.924     0.862     0.918     0.892      1.98     0.307         0
   175/299     7.81G      1.14     0.208         0      1.35        14       608     0.934     0.885     0.917     0.909      2.03     0.305         0
   176/299     7.81G      1.04     0.199         0      1.24         4       608     0.926     0.885     0.929     0.905      1.98     0.295         0
   177/299     7.81G      1.14     0.203         0      1.34        10       608     0.928     0.919     0.945     0.924      1.93     0.285         0
   178/299     7.81G     0.902     0.192         0      1.09        13       608      0.92      0.92     0.946      0.92      1.91     0.279         0
   179/299     7.81G      0.93       0.2         0      1.13         2       608     0.928     0.911     0.941      0.92       1.9     0.277         0
   180/299     7.81G     0.895     0.183         0      1.08        13       608     0.918      0.89     0.934     0.904      1.93     0.283         0
   181/299     7.81G      1.06     0.192         0      1.25         9       608     0.922     0.885     0.941     0.903       1.9     0.287         0
   182/299     7.81G     0.962     0.179         0      1.14         4       608     0.929     0.885     0.937     0.907       1.9     0.287         0
   183/299     7.81G      1.01     0.182         0      1.19        11       608     0.926     0.894     0.934      0.91       1.9     0.285         0
   184/299     7.81G      1.01       0.2         0      1.21         8       608     0.919     0.894     0.933     0.906      1.93     0.292         0
   185/299     7.81G     0.979     0.201         0      1.18         5       608     0.937     0.894     0.934     0.915       1.9     0.308         0
   186/299     7.81G     0.958     0.186         0      1.14        10       608     0.943     0.883     0.938     0.912      1.91     0.307         0
   187/299     7.81G     0.947     0.184         0      1.13        11       608     0.935     0.894     0.933     0.914      1.89     0.313         0
   188/299     7.81G     0.961     0.207         0      1.17         6       608     0.917     0.894     0.935     0.905      1.88     0.303         0
   189/299     7.81G      0.95     0.196         0      1.15        12       608     0.926     0.883     0.937     0.904      1.87     0.294         0
   190/299     7.81G     0.978     0.193         0      1.17        11       608     0.918     0.891     0.935     0.904       1.9     0.294         0
   191/299     7.81G         1     0.207         0      1.21         3       608     0.919     0.904      0.94     0.911      1.95     0.297         0
   192/299     7.81G     0.939     0.197         0      1.14        13       608     0.923     0.912     0.947     0.917       1.9     0.293         0
   193/299     7.81G     0.913      0.18         0      1.09        12       608     0.936     0.904     0.947      0.92      1.84     0.278         0
   194/299     7.81G     0.985     0.183         0      1.17         3       608     0.942     0.885     0.945     0.913      1.84      0.28         0
   195/299     7.81G     0.895     0.176         0      1.07         9       608     0.934     0.871     0.943     0.901      1.82     0.279         0
   196/299     7.81G     0.895     0.174         0      1.07        17       608     0.934     0.875      0.94     0.903      1.85     0.279         0
   197/299     7.81G     0.871     0.169         0      1.04         4       608     0.917     0.883     0.937       0.9      1.85     0.276         0
   198/299     7.81G     0.816     0.157         0     0.973        11       608     0.918     0.891      0.93     0.904      1.88     0.275         0
   199/299     7.81G      1.01     0.172         0      1.18         9       608     0.916     0.885     0.931       0.9      1.86     0.271         0
   200/299     7.81G     0.863     0.183         0      1.05         2       608     0.918     0.893      0.94     0.905      1.88     0.268         0
   201/299     7.81G     0.872      0.18         0      1.05        16       608     0.909     0.894     0.939     0.901      1.87     0.274         0
   202/299     7.81G      0.91     0.179         0      1.09        14       608     0.903     0.912     0.947     0.907      1.87     0.271         0
   203/299     7.81G     0.842     0.172         0      1.01         4       608     0.911     0.901     0.952     0.906      1.85     0.267         0
   204/299     7.81G     0.867     0.156         0      1.02         9       608      0.91     0.899     0.951     0.905      1.89      0.27         0
   205/299     7.81G     0.829     0.161         0      0.99        10       608     0.912     0.894      0.95     0.903      1.85     0.269         0
   206/299     7.81G     0.884     0.162         0      1.05         2       608     0.918     0.885      0.95     0.901      1.84     0.273         0
   207/299     7.81G     0.861     0.169         0      1.03        12       608     0.927     0.896      0.95     0.911      1.83     0.274         0
   208/299     7.81G     0.833     0.168         0         1        10       608     0.922     0.894     0.948     0.908      1.84     0.276         0
   209/299     7.81G     0.892     0.196         0      1.09         5       608     0.927     0.893     0.948     0.909      1.81     0.279         0
   210/299     7.81G     0.879     0.185         0      1.06        11       608     0.921     0.894     0.945     0.907      1.84      0.28         0
   211/299     7.81G     0.844     0.185         0      1.03        11       608     0.918     0.892     0.945     0.905      1.85     0.283         0
   212/299     7.81G     0.824     0.181         0      1.01         5       608     0.913     0.885     0.944     0.899      1.84      0.28         0
   213/299     7.81G     0.732     0.175         0     0.907         9       608     0.934      0.88     0.944     0.906      1.88     0.281         0
   214/299     7.81G     0.843      0.16         0         1        10       608     0.927     0.867     0.943     0.896      1.89     0.281         0
   215/299     7.81G     0.776     0.158         0     0.934         4       608     0.932     0.876     0.935     0.903      1.89     0.281         0
   216/299     7.81G     0.827     0.169         0     0.996        12       608     0.943     0.871      0.94     0.905       1.9      0.28         0
   217/299     7.81G     0.783     0.159         0     0.942        11       608     0.943     0.885     0.941     0.913      1.89     0.279         0
   218/299     7.81G     0.819     0.161         0      0.98         3       608     0.943     0.875     0.943     0.908      1.87     0.279         0
   219/299     7.81G     0.753      0.17         0     0.923         9       608     0.943     0.873     0.939     0.906      1.88     0.275         0
   220/299     7.81G     0.805     0.172         0     0.976         9       608     0.943     0.884     0.935     0.913       1.9     0.272         0
   221/299     7.81G      0.76     0.136         0     0.896         6       608     0.943     0.883     0.938     0.912      1.89      0.27         0
   222/299     7.81G     0.757     0.161         0     0.918         9       608     0.943     0.885     0.937     0.913      1.89     0.271         0
   223/299     7.81G     0.807     0.178         0     0.984         8       608      0.94     0.885     0.939     0.912      1.88     0.272         0
   224/299     7.81G     0.894     0.173         0      1.07         5       608     0.951     0.894     0.944     0.921      1.87     0.278         0
   225/299     7.81G     0.813      0.15         0     0.963        11       608     0.946     0.894     0.943     0.919      1.86     0.277         0
   226/299     7.81G     0.793     0.167         0      0.96        12       608     0.943     0.879     0.942      0.91      1.87     0.278         0
   227/299     7.81G     0.708     0.148         0     0.856         4       608     0.943     0.874     0.941     0.907      1.83     0.275         0
   228/299     7.81G     0.717     0.172         0     0.888        10       608     0.934     0.881     0.941     0.907      1.84     0.274         0
   229/299     7.81G      0.74     0.145         0     0.884        10       608     0.926     0.885     0.941     0.905      1.83     0.272         0
   230/299     7.81G     0.752     0.148         0       0.9         6       608     0.935     0.894     0.943     0.914      1.84     0.268         0
   231/299     7.81G     0.777     0.164         0      0.94         8       608     0.943     0.875     0.943     0.908      1.84     0.267         0
   232/299     7.81G     0.746     0.171         0     0.917        13       608     0.926     0.876      0.95       0.9      1.83     0.267         0
   233/299     7.81G     0.698     0.144         0     0.842         4       608     0.914     0.876     0.952     0.895      1.82     0.269         0
   234/299     7.81G     0.697     0.158         0     0.855        10       608     0.909     0.889     0.955     0.899      1.81     0.271         0
   235/299     7.81G     0.719     0.152         0      0.87        11       608      0.91       0.9     0.954     0.905       1.8     0.269         0
   236/299     7.81G     0.742      0.15         0     0.892         4       608      0.91     0.903     0.954     0.906      1.81      0.27         0
   237/299     7.81G     0.678     0.142         0      0.82        12       608     0.909     0.903     0.952     0.906      1.81      0.27         0
   238/299     7.81G      0.67     0.152         0     0.823        11       608     0.909     0.903     0.951     0.906      1.82      0.27         0
   239/299     7.81G     0.625     0.151         0     0.776         4       608     0.918     0.892     0.948     0.905      1.83     0.269         0
   240/299     7.81G     0.699     0.149         0     0.848        12       608     0.926     0.894     0.945      0.91      1.84     0.267         0
   241/299     7.81G     0.654     0.147         0     0.801        11       608     0.926     0.885     0.942     0.905      1.85     0.267         0
   242/299     7.81G     0.653     0.141         0     0.794         5       608     0.926     0.889     0.943     0.907      1.83     0.268         0
   243/299     7.81G     0.667     0.135         0     0.802        10       608     0.926      0.89     0.949     0.908      1.81      0.27         0
   244/299     7.81G     0.666      0.14         0     0.806         9       608     0.926     0.884     0.949     0.904      1.79     0.273         0
   245/299     7.81G     0.657      0.15         0     0.808         5       608     0.926     0.876     0.949     0.901      1.79     0.274         0
   246/299     7.81G     0.754     0.143         0     0.897        10       608     0.926      0.88      0.95     0.902      1.79     0.275         0
   247/299     7.81G     0.641     0.143         0     0.784        13       608     0.926     0.884     0.951     0.904      1.79     0.275         0
   248/299     7.81G     0.643     0.127         0      0.77         3       608     0.926     0.883     0.952     0.904      1.78     0.276         0
   249/299     7.81G     0.671     0.153         0     0.823        11       608     0.926     0.881      0.95     0.903      1.78     0.279         0
   250/299     7.81G     0.635     0.124         0     0.759        10       608     0.926     0.881      0.95     0.903      1.78     0.282         0
   251/299     7.81G      0.66     0.139         0     0.799         2       608     0.918     0.888      0.95     0.903      1.79     0.285         0
   252/299     7.81G     0.641     0.142         0     0.783         9       608     0.918     0.886     0.952     0.902      1.78     0.288         0
   253/299     7.81G     0.673     0.152         0     0.825         7       608     0.918     0.889     0.952     0.903      1.77     0.287         0
   254/299     7.81G     0.652     0.136         0     0.788         5       608     0.918     0.888     0.951     0.902      1.76     0.286         0
   255/299     7.81G      0.63     0.145         0     0.774        12       608     0.918     0.893     0.951     0.905      1.76     0.288         0
   256/299     7.81G     0.705     0.137         0     0.841        10       608     0.918     0.894     0.952     0.906      1.76     0.285         0
   257/299     7.81G     0.668     0.131         0     0.799         4       608     0.919     0.901     0.951      0.91      1.76     0.284         0
   258/299     7.81G     0.642     0.142         0     0.783        11       608     0.918     0.897     0.953     0.907      1.76     0.282         0
   259/299     7.81G     0.624     0.148         0     0.772        13       608      0.92     0.915      0.95     0.918      1.77     0.283         0
   260/299     7.81G     0.651     0.129         0     0.781         3       608     0.921     0.912     0.949     0.916      1.76     0.284         0
   261/299     7.81G     0.579     0.123         0     0.702        10       608     0.928     0.909     0.948     0.918      1.77     0.283         0
   262/299     7.81G      0.63     0.129         0     0.758        10       608     0.927     0.895     0.948     0.911      1.77     0.283         0
   263/299     7.81G     0.584     0.144         0     0.727         2       608     0.926     0.889     0.949     0.907      1.78     0.284         0
   264/299     7.81G      0.61     0.126         0     0.736         9       608     0.926     0.888     0.951     0.907      1.79     0.284         0
   265/299     7.81G     0.626     0.127         0     0.754         8       608     0.926     0.883      0.95     0.904      1.79     0.284         0
   266/299     7.81G     0.682     0.127         0     0.809         3       608     0.924     0.876     0.951     0.899      1.79     0.285         0
   267/299     7.81G     0.646     0.144         0      0.79        14       608     0.918     0.888     0.951     0.903      1.78     0.283         0
   268/299     7.81G     0.583     0.131         0     0.713        11       608     0.918     0.887     0.951     0.902      1.78     0.283         0
   269/299     7.81G     0.672     0.143         0     0.815         5       608     0.917     0.885      0.95     0.901      1.77     0.282         0
   270/299     7.81G     0.611      0.13         0     0.741        12       608      0.92     0.885     0.949     0.902      1.77      0.28         0
   271/299     7.81G     0.634     0.143         0     0.777        11       608     0.924     0.885     0.948     0.904      1.78     0.281         0
   272/299     7.81G     0.665     0.146         0     0.811         5       608     0.926     0.885     0.949     0.905      1.78     0.283         0
   273/299     7.81G      0.62     0.113         0     0.733        10       608     0.924     0.885      0.95     0.904      1.76     0.283         0
   274/299     7.81G      0.54     0.127         0     0.667        10       608     0.929     0.885      0.95     0.907      1.78     0.283         0
   275/299     7.81G     0.595     0.113         0     0.709         4       608     0.934     0.883     0.953     0.908      1.77     0.283         0
   276/299     7.81G     0.616     0.123         0      0.74        12       608     0.934     0.876     0.951     0.904      1.77     0.283         0
   277/299     7.81G     0.693     0.147         0      0.84        10       608     0.934     0.875     0.954     0.904      1.76     0.283         0
   278/299     7.81G     0.593     0.137         0      0.73         3       608     0.934     0.882     0.955     0.908      1.76     0.283         0
   279/299     7.81G     0.562      0.11         0     0.671         8       608     0.935      0.89     0.955     0.912      1.76     0.285         0
   280/299     7.81G     0.628     0.113         0     0.742        12       608     0.926     0.894     0.956     0.909      1.77     0.287         0
   281/299     7.81G      0.58     0.121         0     0.702         4       608     0.935     0.888     0.956     0.911      1.77     0.287         0
   282/299     7.81G     0.577     0.121         0     0.698        10       608     0.933     0.885     0.952     0.908      1.77     0.286         0
   283/299     7.81G     0.642     0.139         0     0.782        10       608     0.926     0.889     0.947     0.907      1.77     0.286         0
   284/299     7.81G       0.6     0.132         0     0.732         4       608     0.926     0.891     0.951     0.908      1.78     0.287         0
   285/299     7.81G      0.64     0.126         0     0.766         7       608     0.919     0.885     0.952     0.902      1.78     0.285         0
   286/299     7.81G     0.671     0.118         0     0.789         5       608     0.921     0.885     0.952     0.903      1.77     0.285         0
   287/299     7.81G     0.612     0.146         0     0.758         5       608     0.926     0.886     0.953     0.905      1.76     0.286         0
   288/299     7.81G      0.58     0.121         0     0.701         9       608     0.926     0.891     0.953     0.908      1.76     0.284         0
   289/299     7.81G     0.591     0.136         0     0.726        13       608     0.926     0.891     0.953     0.909      1.77     0.283         0
   290/299     7.81G     0.647     0.141         0     0.788         6       608     0.926     0.894     0.952      0.91      1.76     0.282         0
   291/299     7.81G     0.567     0.119         0     0.687         7       608     0.918      0.89     0.953     0.904      1.77     0.283         0
   292/299     7.81G     0.626      0.14         0     0.766        11       608     0.927     0.897     0.953     0.912      1.76     0.285         0
   293/299     7.81G     0.565     0.121         0     0.686         5       608     0.931     0.903     0.954     0.917      1.76     0.286         0
   294/299     7.81G     0.548     0.127         0     0.675        14       608     0.939     0.894     0.955     0.916      1.76     0.285         0
   295/299     7.81G     0.577     0.132         0     0.709         8       608     0.939     0.912     0.956     0.925      1.76     0.285         0
   296/299     7.81G     0.583     0.124         0     0.707         3       608     0.936     0.912     0.958     0.923      1.75     0.285         0
   297/299     7.81G     0.574     0.129         0     0.703        14       608     0.934     0.903     0.957     0.918      1.75     0.284         0
   298/299     7.81G     0.518     0.124         0     0.642        13       608     0.927     0.899     0.956     0.913      1.76     0.283         0
   299/299     7.81G     0.591     0.129         0     0.721         3       608     0.926     0.892     0.953     0.909      1.75     0.283         0
