[    0.70588]
[    0.68761           0       0.229     0.63019     0.40222           0           0     0.62021           0]
[    0.58102     0.60879           0           0     0.27253      0.2848           0]
[    0.72608]
[    0.84282           0     0.53699]
[          0           0]
[    0.63577     0.72121     0.54972     0.54348      0.7746]
[    0.74244     0.69574     0.48498]
[    0.67085]
[    0.65035           0           0     0.63996           0]
[     0.6271           0]
[    0.87238]
[     0.7398]
[    0.54238           0     0.52701     0.45579]
[    0.82936      0.8269]
[    0.69896     0.80575           0]
[    0.59994     0.83792           0     0.84241]
[    0.38661           0           0           0]
[     0.8347           0           0]
[     0.3991     0.51371     0.44758           0           0           0]
[     0.5776     0.63648     0.44209     0.80286           0      0.7286]
[    0.90127           0           0           0]
[    0.50617     0.65387           0      0.6661           0]
[     0.5417     0.64271     0.65507           0]
[    0.66791           0     0.37792     0.56256     0.33498           0           0           0]
[    0.82268     0.82548           0           0]
[     0.4063     0.42665     0.34501]
[          0           0           0]
[    0.84017           0]
[    0.68213]
[    0.85264     0.31161    0.091118]
[    0.81549     0.78974]
[     0.8123     0.71872     0.28404           0           0           0]
[    0.84793     0.79167]
[    0.70172     0.65238           0           0           0]
[    0.78305           0           0           0           0]
[     0.7078     0.60726           0           0           0           0           0           0           0           0]
[    0.74348     0.63609           0]
[     0.9022     0.76246     0.84422     0.60728           0           0           0           0           0           0           0           0]
[    0.40062      0.6159     0.26329           0]
[    0.74973]
[    0.75228           0           0]
[    0.61579           0           0           0]
[    0.77229]
[    0.63752           0           0]
[    0.92306     0.76865     0.60907     0.41908           0]
[    0.74319     0.64582           0     0.35735]
[    0.59186     0.34854]
[   0.027588     0.28167]
[    0.85762     0.73418     0.76214]
[     0.7736     0.55463     0.59674]
[    0.51741           0           0           0]
[    0.70915           0           0           0           0           0           0]
[    0.52554     0.84535           0           0     0.26949]
[    0.84997     0.85702     0.74862     0.33763]
[    0.51543      0.4472     0.72557           0     0.84511           0]
[    0.52557           0           0           0           0]
[    0.76602           0           0]
[    0.78349     0.66829     0.76487     0.71412     0.88862           0           0           0     0.64911     0.42164]
[    0.78588]
[    0.72661           0           0           0]
[      0.607      0.4536     0.45545]
[    0.61452           0           0]
[    0.51864     0.50088     0.25447           0     0.13661           0           0           0           0     0.28036           0     0.40119     0.36352]
[    0.80666]
[    0.67369     0.54099           0]
[    0.78639           0           0           0]
[    0.50956           0           0           0           0]
[    0.50981           0           0           0           0]
[    0.51629           0]
[    0.80901           0           0           0           0           0           0]
[    0.75112     0.61923     0.59947     0.56454     0.63329     0.37321]
[    0.94343           0]
[    0.66024     0.53688     0.19059]
[    0.75277           0           0           0           0           0           0           0]
[    0.65946]
[    0.73545           0           0           0           0]
[    0.65123     0.51286      0.9066           0           0           0]
[    0.75516     0.75303     0.71529           0     0.53545           0]
[    0.73264      0.8623      0.7239           0]
[    0.35706           0     0.51032]
[    0.49723           0]
[    0.56238     0.73743     0.74177     0.39805           0]
[    0.82787     0.80021           0           0]
[    0.66865     0.64255           0     0.66055           0]
[     0.8417     0.83781           0           0]
[    0.76455     0.79532           0]
[    0.66554           0           0     0.37603]
[    0.63769     0.77354     0.55202           0     0.83906           0     0.64576           0     0.28953]
[    0.50979           0           0           0]
[    0.87855      0.9034     0.80604           0     0.44027           0]
[    0.82276     0.73431     0.63598     0.71995     0.85645     0.91026]
[    0.56216     0.44047     0.50255     0.42736     0.53246]
[    0.88036     0.62283]
[    0.62115           0     0.62275]
[    0.73003      0.7666      0.7186     0.49042]
[    0.68655     0.53757     0.64667           0]
[    0.82027     0.72293     0.70909     0.49743]
[    0.74222     0.81068      0.6139           0           0           0     0.45287]
[     0.2889           0     0.44991]
