[    0.93137           0]
[    0.79375           0           0           0]
[    0.61504     0.73749           0     0.29783     0.41504     0.43572     0.32082]
[          0     0.59187     0.72101           0]
[    0.61105           0     0.27224     0.67866           0]
[    0.88169     0.65919           0           0]
[    0.54573     0.60678           0]
[    0.86027    0.067373           0]
[    0.67327      0.8298           0]
[          0           0           0]
[    0.80632           0]
[    0.62045]
[    0.70686]
[    0.92117           0]
[    0.93563]
[     0.8219           0           0           0           0           0]
[    0.86516           0           0     0.80113     0.15544           0           0           0           0]
[    0.39118           0           0           0     0.19431     0.24477           0]
[    0.92524           0           0           0]
[    0.89502]
[    0.92881     0.88205           0]
[    0.88838           0]
[    0.55944]
[    0.89294           0     0.88564           0]
[    0.35939     0.59076     0.69275]
[    0.82756           0           0]
[    0.56407           0]
[    0.87506]
[    0.94929           0     0.89296           0]
[    0.81583           0     0.69731]
[    0.62315           0      0.2439]
[    0.91446           0           0           0     0.68766           0]
[     0.8089           0]
[    0.82389           0           0]
[    0.61778           0           0           0           0]
[    0.90477           0           0           0      0.3599]
[    0.76615   0.0084006           0           0           0]
[    0.50463           0           0]
[    0.86637           0           0]
[    0.80391     0.09677           0           0           0           0           0]
[    0.88568     0.66571]
[    0.90298]
[    0.82177           0           0           0           0]
[    0.94996      0.7848     0.78667           0]
[    0.79384]
[    0.75948           0           0]
[    0.80851           0           0           0           0]
[    0.69291           0     0.56195     0.64239           0]
[    0.81378           0           0     0.77078]
[    0.37529     0.71362     0.26195           0           0           0           0]
[    0.76533     0.25161]
[    0.92517     0.74405     0.94008]
[    0.91853           0     0.56253           0           0           0           0           0]
[    0.87674           0           0     0.40603           0]
[    0.90259           0           0           0      0.8356           0           0]
[    0.87952     0.82971]
[    0.93741           0]
[    0.61322           0           0           0           0           0]
[    0.93732           0]
[    0.46051           0           0]
[    0.82107           0           0           0           0           0]
[    0.88102]
[    0.72914     0.50983]
[    0.66231           0     0.60184]
[    0.90537     0.89514     0.72788     0.79167     0.43664]
[    0.84518     0.37521           0           0           0]
[    0.87172     0.69859]
[    0.89356      0.4642]
[    0.93534]
[    0.50148           0           0]
[    0.60069           0]
[    0.89067           0]
[    0.94654]
[    0.93696    0.052277]
[    0.78472           0           0           0]
[    0.86166     0.46808]
[    0.67331           0           0]
[    0.71895           0     0.49403     0.60954           0           0]
[    0.86637     0.77767           0           0           0           0           0]
[      0.671     0.51869           0     0.27527      0.4885           0     0.55934           0]
[    0.74601           0]
[    0.70276           0     0.50883           0]
[    0.84313           0]
[     0.7359     0.56785           0           0           0]
[    0.93318           0]
[    0.82657]
[    0.64084           0           0]
[    0.77583]
[    0.86749    0.016113           0]
[    0.92275           0           0           0           0]
[    0.78154           0]
[    0.42625     0.75167           0]
[    0.87673     0.73156      0.4935]
[    0.80523     0.88167           0]
[    0.86784     0.84435]
[    0.72004]
[    0.75182]
[    0.87698           0]
[    0.89699           0           0           0     0.71844]
[    0.73909           0           0]
