[          1]
[          1]
[          1]
[          1]
[          1]
[          1]
[          1]
[          1]
[          1]
[          1]
[          1]
[          1]
[          1]
[          1]
[          1]
[          1]
[          1]
[          1]
[          1]
[          1]
[          1]
[          1]
[          1]
[          1]
[          1]
[          1]
[          1]
[          1]
[          1]
[          1]
[          1]
[          1]
[          1]
[          1]
[          1]
[          1]
[          1]
[          1]
[          1]
[          1]
[          1]
[          1]
[          1]
[          1]
[          1]
[          1]
[          1]
[          1]
[          1]
[          1]
[          1]
[          1]
[          1]
[          1]
[          1]
[          1]
[          1]
[          1]
[          1]
[          1]
[          1]
[          1]
[          1]
[          1]
[          1]
[          1]
[          1]
[          1]
[          1]
[          1]
[          1]
[          1]
[          1]
[          1]
[          1]
[          1]
[          1]
[          1]
[          1]
[          1]
[          1]
[          1]
[          1]
[          1]
[          1]
[          1]
[          1]
[          1]
[          1]
[          1]
[          1]
[          1]
[          1]
[          1]
[          1]
[          1]
[    0.98969]
[     0.9898]
[     0.9899]
[       0.99]
[     0.9901]
[    0.98039]
[    0.98058]
[    0.98077]
[    0.98095]
[     0.9717]
[    0.97196]
[    0.96296]
[    0.95413]
[    0.94545]
[    0.93694]
[    0.92857]
[    0.92035]
[    0.92105]
[    0.91304]
[    0.90517]
[    0.89744]
[    0.88983]
[    0.88235]
[      0.875]
[    0.86777]
[    0.86885]
[    0.86179]
[    0.85484]
[      0.848]
[    0.84127]
[    0.83465]
[    0.82812]
[    0.82171]
[    0.82308]
[    0.81679]
[    0.81061]
[    0.80451]
[    0.79851]
[    0.79259]
[    0.78676]
[    0.78102]
[    0.77536]
[    0.76978]
[    0.76429]
[    0.75887]
[    0.75352]
[    0.74825]
[    0.74306]
[    0.73793]
[    0.73288]
[    0.73469]
[    0.72973]
[    0.72483]
[       0.72]
[    0.71523]
[    0.71053]
[    0.70588]
[     0.7013]
[    0.69677]
[    0.69231]
[     0.6879]
[    0.68987]
[    0.68553]
[    0.68125]
[    0.67702]
[    0.67284]
[    0.66871]
[    0.66463]
[    0.66061]
[    0.65663]
[    0.65269]
[    0.64881]
[    0.64497]
[    0.64118]
[    0.63743]
[    0.63372]
[    0.63006]
[    0.62644]
[    0.62286]
[    0.61932]
[    0.61582]
[    0.61236]
[    0.60894]
[    0.60556]
[    0.60221]
[     0.5989]
[    0.59563]
[    0.59239]
[    0.58919]
[    0.58602]
[    0.58289]
[    0.57979]
[    0.57672]
[    0.57368]
[    0.57068]
[    0.56771]
[    0.56477]
[    0.56186]
[    0.55897]
[    0.55612]
[     0.5533]
[    0.55051]
[    0.54774]
[      0.545]
[    0.54229]
[    0.54455]
[    0.54187]
[    0.53922]
[    0.53659]
[    0.53398]
[     0.5314]
[    0.52885]
[    0.52632]
[    0.52381]
[    0.52133]
[    0.51887]
[    0.51643]
[    0.51402]
[    0.51628]
[    0.51389]
[    0.51152]
[    0.50917]
[    0.50685]
[    0.50455]
[    0.50226]
[        0.5]
[    0.49776]
[    0.49554]
[    0.49333]
[    0.49115]
[    0.49339]
[    0.49123]
[    0.48908]
[    0.48696]
[    0.48485]
[    0.48276]
[    0.48069]
[    0.47863]
[     0.4766]
[    0.47458]
[    0.47257]
[    0.47059]
[    0.46862]
[    0.46667]
[    0.46473]
[    0.46281]
[    0.46091]
[    0.45902]
[    0.45714]
[    0.45528]
[    0.45344]
[    0.45161]
[     0.4498]
[      0.448]
[    0.44622]
[    0.44444]
[    0.44269]
[    0.44094]
[    0.43922]
[     0.4375]
[     0.4358]
[    0.43411]
[    0.43243]
[    0.43077]
[    0.42912]
[    0.42748]
[    0.42586]
[    0.42424]
[    0.42264]
[    0.42105]
[    0.41948]
[    0.41791]
[    0.41636]
[    0.41481]
[    0.41328]
[    0.41176]
[    0.41026]
[    0.40876]
[    0.40727]
[     0.4058]
[    0.40433]
[    0.40288]
[    0.40143]
[        0.4]
[    0.39858]
[    0.39716]
[    0.39576]
[    0.39437]
[    0.39298]
[    0.39161]
[    0.39024]
[    0.38889]
[    0.38754]
[    0.38621]
[    0.38488]
[    0.38356]
[    0.38225]
[    0.38095]
[    0.37966]
[    0.37838]
[     0.3771]
[    0.37584]
[    0.37458]
[    0.37333]
[    0.37209]
[    0.37086]
[    0.36964]
[    0.36842]
[    0.36721]
[    0.36601]
[    0.36482]
[    0.36364]
[    0.36246]
[    0.36129]
[    0.36013]
[    0.35897]
[    0.35783]
[    0.35669]
[    0.35556]
[    0.35443]
[    0.35331]
[     0.3522]
[     0.3511]
[       0.35]
[    0.34891]
[    0.34783]
[    0.34675]
[    0.34568]
[    0.34462]
[    0.34356]
[    0.34251]
[    0.34146]
[    0.34043]
[    0.33939]
[    0.33837]
[    0.33735]
[    0.33634]
[    0.33533]
[    0.33433]
[    0.33333]
[    0.33234]
[    0.33136]
[    0.33038]
[    0.32941]
[    0.32845]
[    0.32749]
[    0.32653]
[    0.32558]
[    0.32464]
[     0.3237]
[    0.32277]
[    0.32184]
[    0.32092]
[       0.32]
[    0.31909]
[    0.31818]
[    0.31728]
[    0.31638]
[    0.31549]
[    0.31461]
[    0.31373]
[    0.31285]
[    0.31198]
[    0.31111]
[    0.31025]
[    0.30939]
[    0.30854]
[    0.30769]
[    0.30685]
[    0.30601]
[    0.30518]
[    0.30435]
[    0.30352]
[     0.3027]
[    0.30189]
[    0.30108]
[    0.30027]
[    0.29947]
[    0.29867]
[    0.29787]
[    0.29708]
[     0.2963]
[    0.29551]
[    0.29474]
[    0.29396]
[    0.29319]
[    0.29243]
[    0.29167]
[    0.29091]
[    0.29016]
[    0.28941]
[    0.28866]
[    0.28792]
[    0.28718]
[    0.28645]
[    0.28571]
[    0.28499]
[    0.28426]
[    0.28354]
