[    0.57196           0           0           0           0           0]
[    0.86349     0.66265     0.76965           0     0.26271           0           0           0           0]
[    0.84268     0.61274           0           0           0]
[    0.50914           0           0           0]
[    0.76733           0           0           0           0           0]
[    0.46751           0           0]
[    0.70434     0.59305     0.74339     0.65437     0.53446           0           0           0           0           0]
[    0.68421     0.73416           0           0           0]
[    0.73145           0]
[    0.55749           0           0]
[    0.69485           0           0           0           0           0           0]
[    0.83253           0           0]
[    0.70558     0.54177     0.27678           0]
[    0.59566           0           0           0]
[    0.47213           0]
[    0.74051     0.75981           0           0]
[    0.69052     0.63793           0           0]
[    0.36794      0.2834           0           0]
[    0.90261           0           0           0           0           0]
[    0.49493     0.68408     0.44051           0           0]
[    0.68415     0.79262     0.63969     0.62187           0           0           0           0]
[    0.84636           0]
[    0.67172     0.60661           0           0]
[    0.74292     0.33646     0.25277     0.54337     0.41453           0           0           0           0           0]
[    0.67111     0.45676     0.39983           0           0           0]
[    0.83992     0.89392           0           0           0      0.4072]
[    0.54051           0           0           0     0.55524           0]
[          0           0           0           0           0           0]
[    0.86202           0     0.51952]
[    0.71712           0           0           0           0           0]
[    0.81948           0           0           0           0           0           0]
[    0.83489     0.78568           0           0]
[    0.82859     0.61642      0.3673           0]
[    0.92794     0.88059           0           0           0           0     0.38132]
[    0.76229     0.83804           0]
[    0.73735           0           0]
[    0.83595     0.60177           0     0.65739]
[    0.80537     0.76436           0           0]
[     0.8755     0.83489      0.8572     0.56078           0]
[    0.33435     0.34111     0.55083           0           0           0]
[    0.87681           0           0]
[    0.63524           0           0           0           0           0]
[    0.63467           0]
[    0.73653           0           0           0           0]
[    0.57668           0           0]
[    0.76963     0.73529     0.81449           0           0]
[    0.75847     0.69599           0           0           0           0           0           0]
[    0.68048           0]
[    0.38233     0.54826     0.02092    0.072556           0           0           0           0           0]
[    0.82859     0.73081     0.87512           0]
[     0.5652     0.62901      0.8328           0           0]
[    0.58332           0           0           0           0           0           0           0           0           0]
[    0.70042           0           0           0           0     0.48237           0           0           0           0]
[    0.53246     0.86171           0     0.26059]
[     0.7204     0.85178     0.85366           0           0     0.35923      0.3902]
[    0.64282     0.72532           0     0.75722           0           0           0           0           0]
[    0.46585           0]
[     0.8472           0           0]
[    0.79715     0.73301      0.6412     0.49037     0.68283           0           0           0           0           0]
[    0.76225           0           0           0           0           0]
[    0.66054           0]
[    0.83216     0.72312     0.51573           0           0           0     0.49275           0           0           0           0]
[    0.69433           0           0           0           0           0    0.064973]
[    0.57077     0.73361     0.26522     0.73823           0           0           0]
[    0.67498           0]
[     0.6478     0.42065     0.67346           0           0]
[    0.82769           0           0           0           0]
[    0.88761     0.65199           0           0           0]
[    0.58811           0           0           0           0           0           0           0           0]
[    0.56749      0.4934           0     0.38252           0           0]
[    0.81041           0           0     0.73523]
[     0.7468     0.77798       0.719     0.49595     0.71773     0.40481           0           0     0.77296]
[    0.93916           0           0]
[    0.61698     0.65845           0           0           0     0.12797]
[    0.67344           0           0           0           0           0]
[    0.65485           0]
[    0.84118    0.015128           0           0]
[    0.71905     0.56158     0.87973           0           0           0]
[    0.86853     0.70639     0.70316           0           0           0           0           0           0           0]
[    0.73994     0.74158     0.80462           0]
[     0.2327           0           0     0.25957           0]
[    0.52077           0           0     0.60443]
[    0.62533      0.8844     0.67876    0.081962           0           0           0           0           0           0           0]
[    0.84988     0.79233           0           0           0           0]
[    0.58938     0.61941           0           0           0           0]
[    0.75258     0.83808]
[    0.69899     0.82309     0.12265           0]
[    0.58725           0           0]
[    0.75167     0.62244     0.55042     0.81629     0.63008     0.28459           0]
[    0.60646     0.33268           0           0     0.68576           0]
[    0.89197     0.92499     0.86968           0           0           0           0           0]
[    0.78509     0.70889     0.78466     0.67171      0.8885           0           0    0.039115           0    0.018716]
[    0.52347     0.44701     0.45614     0.40628     0.55323           0           0           0           0]
[    0.76822     0.62544           0           0           0]
[     0.5347           0]
[    0.71316     0.71264     0.65892           0           0           0           0           0]
[    0.81088     0.92622     0.55931           0           0]
[    0.65214     0.77758     0.71492           0]
[    0.76618     0.83704     0.83304           0           0           0]
[    0.39375     0.52466     0.23901     0.40007           0           0           0]
