[    0.42336     0.33497     0.40903           0     0.40077           0     0.31294]
[    0.85268       0.577           0]
[    0.64044     0.77213     0.67354     0.75981     0.88631           0     0.87808           0]
[    0.81718     0.55051           0     0.57026]
[    0.57988     0.42976     0.56262           0]
[    0.62997     0.64729     0.54276       0.584     0.78023     0.40194]
[    0.91396           0           0           0           0           0]
[    0.54373     0.51853]
[    0.88288     0.91922           0           0           0           0]
[    0.84315     0.53721           0      0.8214           0]
[    0.70301           0     0.59358]
[    0.76821     0.72083     0.62334     0.59967     0.79424           0           0]
[     0.8492     0.90366     0.88455     0.93548     0.67438    0.037374           0     0.31526     0.54195]
[    0.65989     0.61963      0.3662       0.607     0.83157           0     0.28738           0]
[    0.62401           0     0.65545     0.51317           0           0     0.82374]
[    0.87339     0.87898     0.70784     0.69029     0.73912]
[    0.71741     0.55543           0           0     0.45791     0.41603           0     0.48227]
[    0.91686     0.52718     0.61209     0.77731     0.78126     0.47903     0.86133           0   0.0040913]
[      0.826     0.62231     0.67827     0.62566     0.55009     0.40186     0.66864     0.56883     0.23385]
[    0.84672           0           0     0.47746     0.15804]
[    0.57002           0           0]
[     0.7446     0.83073           0]
[    0.85177      0.8447     0.80469      0.3696           0           0     0.51551           0           0]
[    0.90316           0           0]
[    0.79018     0.75322]
[    0.85065]
[    0.93455     0.97332     0.97275]
[    0.83806           0           0           0]
[    0.58736      0.5437           0]
[    0.90372     0.79722     0.86241           0     0.59268]
[    0.80377           0     0.44406]
[    0.79187]
[    0.58068     0.80857     0.31658           0           0           0           0]
[    0.84632     0.68242     0.48666     0.88987           0]
[    0.85517     0.89201           0           0           0           0]
[    0.18557     0.39951           0           0]
[    0.90401     0.64146     0.78836           0           0           0           0           0]
[    0.87573     0.85191     0.83275     0.49955     0.51895     0.52239           0     0.47025]
[    0.89996     0.92379     0.41977]
[    0.76804     0.64985]
[    0.58359      0.7026           0           0]
[    0.74075     0.78024     0.60487           0           0           0]
[    0.91033           0           0]
[    0.85641     0.86447     0.53824     0.71195     0.67383]
[    0.71133     0.72005     0.81959     0.86313     0.73393     0.89973]
[    0.63543     0.64342     0.77863     0.74056           0     0.43396     0.66782           0     0.77691]
[    0.76285     0.77726     0.70736           0           0]
[    0.41133     0.55924]
[    0.87032     0.90238     0.84796     0.50512     0.43706]
[    0.61374     0.77521     0.54702     0.15315     0.09887]
[    0.88061     0.61033     0.60432]
[    0.68635     0.82054     0.90778           0           0]
[    0.80073     0.75948     0.60879]
[    0.82271      0.9048     0.92218           0           0           0]
[    0.88739     0.91497     0.85796           0           0           0]
[    0.65108     0.80044     0.40965           0           0           0           0     0.83955]
[     0.8575     0.75665           0      0.5391]
[    0.88836     0.87516           0]
[    0.56711     0.59332     0.64779     0.53844]
[    0.88225     0.78361     0.65478     0.73761           0           0           0]
[     0.6064     0.82165     0.81452     0.71332     0.61472]
[    0.89526      0.9476     0.70758           0     0.87961]
[    0.86678     0.84297     0.84466      0.6684     0.41526    0.016885           0]
[    0.64159     0.69512           0     0.21884           0]
[    0.68733     0.12871]
[    0.86633           0           0]
[    0.63341     0.68631     0.63302           0]
[    0.65407     0.66104     0.61555           0     0.33008     0.69748     0.66671]
[    0.64829     0.90173     0.87489     0.67465           0     0.57421     0.88341]
[    0.57025     0.65615           0           0]
[    0.81928     0.85563           0           0           0]
[    0.74959     0.81108]
[    0.73867     0.85329     0.74073     0.44744     0.30696           0           0]
[     0.9134     0.76455     0.82042     0.58059     0.91944      0.7062           0           0     0.33798      0.6541     0.40246     0.28761]
[    0.84051           0           0]
[    0.46263     0.46876      0.7021           0     0.55004]
[    0.89966     0.93447     0.89577     0.47472     0.44715     0.45038]
[    0.71984     0.82008     0.79887     0.71258     0.75692           0           0           0           0]
[    0.84966     0.64621           0      0.6826]
[    0.77466     0.72973     0.73204     0.77871     0.59468]
[     0.8632     0.85898     0.70462           0           0           0           0           0     0.67415]
[    0.61383     0.78032           0     0.66448     0.47801           0]
[    0.92004     0.91381     0.87492     0.55806           0     0.59437           0           0           0]
[    0.77534      0.7484     0.89837     0.76886     0.82552           0           0]
[    0.88172           0]
[    0.65437     0.76403     0.81852     0.63061     0.80447]
[    0.81105     0.75402     0.49814     0.65027           0           0]
[    0.85652     0.79202           0]
[    0.63155]
[    0.95456     0.82014     0.74994     0.72111           0           0   0.0094466]
[    0.55433           0           0]
[    0.88997     0.94686     0.72537           0]
[    0.85427     0.85285     0.87709           0     0.57309]
[    0.68401     0.57838           0]
[    0.90214     0.77238     0.86867     0.88678     0.79172     0.78155     0.88417     0.36083     0.72627     0.42467       0.665]
[    0.83159     0.77018     0.76489           0]
[    0.79635           0           0           0           0]
[     0.8336     0.83234     0.81498           0           0]
[    0.66816     0.86233     0.65317]
[    0.85247     0.86261     0.57671     0.50833]
