     0/299     7.81G      8.02      32.7         0      40.7        24       608         0         0   0.00213         0       6.8      3.62         0
     1/299      7.8G      5.96      3.81         0      9.77        26       608         0         0    0.0153         0      5.48      3.47         0
     2/299     7.81G      5.12      3.02         0      8.14         7       608         0         0    0.0564         0      5.12       2.5         0
     3/299     7.81G       4.7       2.1         0       6.8        15       608     0.183     0.316     0.151     0.232      4.65      1.43         0
     4/299     7.81G      5.29      1.36         0      6.65        23       608     0.409     0.199     0.276     0.267      4.26      1.41         0
     5/299     7.81G      4.42      1.26         0      5.69         3       608      0.33      0.65     0.317     0.438      4.02      1.73         0
     6/299     7.81G      4.37      1.14         0      5.51        18       608     0.437     0.671     0.499     0.529      3.82      1.03         0
     7/299     7.81G      4.26         1         0      5.27        26       608     0.791     0.466     0.661     0.586      3.88      1.07         0
     8/299     7.81G      4.45         1         0      5.46         7       608     0.495     0.675     0.584     0.571      4.44     0.886         0
     9/299     7.81G      4.14     0.965         0      5.11        26       608     0.457     0.711     0.583     0.557       4.3     0.833         0
    10/299     7.81G      4.34     0.979         0      5.31        24       608     0.908     0.464     0.798     0.614      3.39     0.979         0
    11/299     7.81G      4.26     0.834         0      5.09         6       608     0.728     0.729     0.768     0.729      3.73     0.896         0
    12/299     7.81G      3.86      0.93         0      4.79        23       608     0.697     0.693     0.704     0.695      3.47     0.822         0
    13/299     7.81G      4.06     0.882         0      4.94        28       608     0.866     0.582     0.831     0.696      3.56      1.01         0
    14/299     7.81G      3.84     0.904         0      4.75         5       608      0.78     0.562     0.772     0.653      3.74     0.851         0
    15/299     7.81G      3.72       0.8         0      4.52        13       608     0.517     0.321       0.4     0.396      4.94     0.754         0
    16/299     7.81G      3.91      1.07         0      4.98        19       608     0.778     0.342      0.66     0.475      3.92     0.968         0
    17/299     7.81G      3.95     0.881         0      4.83         6       608      0.76     0.498     0.674     0.602      3.74     0.838         0
    18/299     7.81G      3.68      0.85         0      4.53        21       608     0.449     0.773     0.509     0.568      4.87     0.691         0
    19/299     7.81G      3.83      0.92         0      4.75        22       608     0.445     0.477     0.417     0.461      3.41     0.942         0
    20/299     7.81G      3.79     0.787         0      4.58        12       608     0.928      0.37     0.796     0.529      3.78     0.807         0
    21/299     7.81G      3.43     0.822         0      4.26        21       608     0.895     0.554     0.778     0.684      3.21     0.851         0
    22/299     7.81G       3.4     0.761         0      4.16        24       608     0.966     0.413     0.757     0.578      3.78     0.844         0
    23/299     7.81G       3.4     0.719         0      4.12         7       608     0.956     0.701     0.888     0.809      2.83     0.739         0
    24/299     7.81G      3.13     0.775         0      3.91        28       608     0.843     0.773      0.85     0.806      3.08     0.722         0
    25/299     7.81G       3.2     0.647         0      3.85        18       608     0.897     0.722     0.864       0.8      3.12     0.729         0
    26/299     7.81G         3     0.728         0      3.73         8       608     0.733     0.841     0.787     0.783      3.08     0.668         0
    27/299     7.81G      2.81     0.685         0      3.49        24       608     0.872     0.884     0.923     0.878      3.04     0.651         0
    28/299     7.81G      2.84     0.692         0      3.53        28       608     0.937     0.693     0.877     0.796       3.2     0.806         0
    29/299     7.81G       2.9     0.675         0      3.57        12       608      0.91     0.402     0.529     0.558      5.74      0.82         0
    30/299     7.81G       2.9     0.636         0      3.53        17       608     0.914     0.534     0.691     0.674      3.87     0.835         0
    31/299     7.81G      2.88     0.666         0      3.55        22       608     0.887     0.681     0.854     0.771      3.13     0.738         0
    32/299     7.81G       2.7     0.644         0      3.34         8       608     0.913     0.913     0.947     0.913      2.84     0.637         0
    33/299     7.81G      2.82     0.586         0       3.4        22       608       0.9     0.906     0.947     0.903      2.75     0.671         0
    34/299     7.81G       2.4     0.733         0      3.14        25       608     0.935     0.906     0.943      0.92      2.85     0.644         0
    35/299     7.81G      2.53     0.629         0      3.16         7       608      0.92     0.873     0.946     0.896      3.04     0.626         0
    36/299     7.81G      2.42     0.633         0      3.06        22       608     0.882      0.91     0.924     0.895      2.58     0.616         0
    37/299     7.81G      2.52     0.632         0      3.15        24       608     0.855     0.915     0.913     0.884      2.88     0.611         0
    38/299     7.81G      2.48     0.623         0       3.1        11       608     0.892     0.898     0.933     0.895      2.73     0.633         0
    39/299     7.81G      2.54     0.591         0      3.13        23       608     0.926     0.783     0.914     0.849      3.03     0.661         0
    40/299     7.81G      2.26     0.549         0       2.8        28       608     0.888     0.899     0.926     0.893      2.78      0.63         0
    41/299     7.81G      2.63     0.581         0      3.21        12       608     0.923     0.904     0.949     0.913      2.78     0.628         0
    42/299     7.81G      2.37       0.6         0      2.97        18       608     0.907     0.895     0.931     0.901      2.74     0.621         0
    43/299     7.81G       2.5      0.57         0      3.07        18       608      0.91     0.906     0.932     0.908      2.77     0.604         0
    44/299     7.81G      2.31     0.593         0       2.9        13       608     0.935     0.889     0.942     0.912      2.58     0.618         0
    45/299     7.81G       2.1     0.587         0      2.68        19       608     0.911     0.926     0.932     0.918      2.53     0.594         0
    46/299     7.81G      2.23     0.552         0      2.79        24       608     0.914     0.924     0.938     0.919      2.83      0.59         0
    47/299     7.81G      2.23     0.531         0      2.77        11       608     0.908     0.931     0.938     0.919      2.63     0.594         0
    48/299     7.81G       2.3      0.56         0      2.86        16       608     0.941     0.922     0.945     0.932      2.66     0.618         0
    49/299     7.81G      2.36     0.545         0      2.91        36       608     0.922     0.913     0.937     0.918      2.55     0.615         0
    50/299     7.81G      2.11     0.541         0      2.65         9       608     0.928     0.913     0.939     0.921      2.59     0.617         0
    51/299     7.81G      2.06     0.552         0      2.61        31       608     0.902     0.921     0.937     0.911      2.65     0.604         0
    52/299     7.81G      2.18     0.507         0      2.69        23       608     0.934     0.903     0.952     0.918      2.59     0.604         0
    53/299     7.81G      2.12       0.6         0      2.72         8       608     0.898     0.917     0.942     0.907      2.56      0.61         0
    54/299     7.81G      2.05     0.538         0      2.59        32       608     0.896     0.946     0.949      0.92      2.47     0.598         0
    55/299     7.81G      2.22     0.544         0      2.76        33       608     0.883     0.949     0.951     0.915      2.97     0.598         0
    56/299     7.81G      2.19     0.502         0      2.69        10       608     0.894     0.935     0.941     0.914      2.71     0.599         0
    57/299     7.81G      2.12     0.531         0      2.65        24       608      0.92     0.907     0.933     0.913      2.78     0.632         0
    58/299     7.81G      2.18     0.536         0      2.71        35       608     0.929     0.935      0.95     0.932      2.53     0.587         0
    59/299     7.81G      1.98     0.533         0      2.51         7       608     0.942     0.938     0.956      0.94      2.56     0.591         0
    60/299     7.81G      1.94     0.472         0      2.41        19       608     0.929     0.877     0.933     0.902      2.46     0.587         0
    61/299     7.81G      2.24     0.508         0      2.75        26       608     0.934     0.903     0.925     0.918      2.96     0.589         0
    62/299     7.81G      1.98     0.526         0      2.51        10       608      0.93     0.916     0.955     0.923      2.41     0.584         0
    63/299     7.81G      1.98     0.499         0      2.48        28       608     0.927     0.867     0.924     0.896      2.77      0.62         0
    64/299     7.81G      1.96     0.475         0      2.44        23       608     0.929     0.942     0.958     0.935      2.37      0.58         0
    65/299     7.81G      2.06     0.467         0      2.53        14       608     0.905     0.928     0.931     0.916      2.57     0.592         0
    66/299     7.81G      1.81      0.46         0      2.27        19       608     0.899     0.917     0.934     0.908      2.42     0.592         0
    67/299     7.81G      1.84     0.482         0      2.32        22       608     0.899      0.93     0.935     0.914      2.39     0.583         0
    68/299     7.81G      1.92     0.479         0       2.4        13       608     0.922     0.946     0.958     0.934      2.38     0.574         0
    69/299     7.81G      1.75     0.494         0      2.25        22       608     0.928     0.942     0.962     0.935      2.41     0.577         0
    70/299     7.81G      1.89     0.469         0      2.36        29       608     0.925      0.94     0.967     0.932      2.44     0.588         0
    71/299     7.81G      1.72     0.451         0      2.17         8       608     0.928     0.928     0.946     0.928      2.42     0.589         0
    72/299     7.81G      1.93     0.474         0       2.4        21       608     0.942     0.895     0.931     0.918      2.48     0.599         0
    73/299     7.81G      1.86     0.441         0       2.3        24       608     0.933     0.888     0.925      0.91      2.41     0.612         0
    74/299     7.81G      1.97     0.447         0      2.42         6       608     0.933     0.892     0.935     0.912      2.55     0.604         0
    75/299     7.81G       1.8     0.469         0      2.27        15       608     0.942     0.945     0.958     0.944      2.32     0.573         0
    76/299     7.81G      1.69     0.445         0      2.14        30       608     0.921     0.949     0.958     0.935       2.4     0.573         0
    77/299     7.81G      1.87     0.466         0      2.33         6       608     0.939     0.942     0.955     0.941      2.37     0.574         0
    78/299     7.81G      1.87     0.459         0      2.33        26       608     0.938     0.933     0.963     0.936      2.42     0.572         0
    79/299     7.81G      1.72     0.463         0      2.19        33       608     0.911     0.928      0.94     0.919      2.36     0.559         0
    80/299     7.81G      1.77     0.442         0      2.21         7       608     0.925     0.917     0.945     0.921       2.4     0.557         0
    81/299     7.81G      1.81     0.438         0      2.25        31       608     0.877     0.253     0.467     0.392      3.72      1.43         0
    82/299     7.81G      1.89     0.489         0      2.38        19       608     0.814     0.679     0.728      0.74      3.12     0.783         0
    83/299     7.81G      1.93     0.535         0      2.47        13       608     0.808     0.783     0.796     0.796       2.7     0.708         0
    84/299     7.81G      1.88     0.467         0      2.34        31       608     0.876     0.906     0.926     0.891      2.62      0.62         0
    85/299     7.81G       1.9     0.488         0      2.39        21       608     0.886     0.931     0.939     0.908      2.38     0.595         0
    86/299     7.81G      1.92     0.495         0      2.42        10       608     0.928     0.939     0.953     0.933      2.62     0.591         0
    87/299     7.81G      1.77     0.485         0      2.25        28       608     0.916     0.942     0.948     0.929      2.44     0.585         0
    88/299     7.81G      1.81     0.468         0      2.28        23       608      0.91     0.921     0.939     0.915      2.54      0.59         0
    89/299     7.81G      1.88     0.459         0      2.34         4       608     0.902     0.924     0.941     0.913      2.53     0.559         0
    90/299     7.81G       1.8     0.478         0      2.28        29       608     0.903     0.949     0.948     0.926      2.45     0.572         0
    91/299     7.81G       1.8     0.461         0      2.26        21       608     0.905     0.921      0.94     0.913      2.51     0.577         0
    92/299     7.81G       1.7     0.471         0      2.17         8       608     0.912     0.946     0.951     0.929      2.57     0.571         0
    93/299     7.81G       1.8      0.44         0      2.24        18       608     0.918     0.934      0.95     0.926      2.47     0.572         0
    94/299     7.81G      1.76     0.428         0      2.19        16       608     0.915     0.957     0.961     0.935      2.49     0.559         0
    95/299     7.81G      1.78     0.443         0      2.23         5       608     0.906     0.946     0.956     0.925      2.37      0.56         0
    96/299     7.81G      1.74      0.47         0      2.21        28       608     0.945     0.931     0.952     0.938      2.42     0.576         0
    97/299     7.81G      1.66     0.446         0       2.1        26       608     0.927     0.913     0.947      0.92      2.55     0.583         0
    98/299     7.81G      1.74     0.442         0      2.19         7       608     0.934     0.931     0.954     0.933      2.37     0.573         0
    99/299     7.81G      1.69     0.413         0       2.1        19       608     0.927     0.924      0.95     0.926      2.38     0.577         0
   100/299     7.81G       1.6     0.431         0      2.03        27       608     0.925     0.928      0.95     0.927      2.34     0.571         0
   101/299     7.81G      1.69     0.444         0      2.14         8       608     0.925     0.934     0.952     0.929      2.38     0.601         0
   102/299     7.81G      1.51     0.439         0      1.95        20       608     0.931     0.931     0.946     0.931      2.34     0.592         0
   103/299     7.81G      1.59     0.418         0      2.01        23       608     0.918     0.946     0.951     0.932      2.37     0.605         0
   104/299     7.81G      1.61     0.403         0      2.02         9       608     0.918     0.931     0.943     0.925      2.39     0.623         0
   105/299     7.81G      1.64     0.421         0      2.06        19       608     0.914     0.928     0.935     0.921      2.34     0.599         0
   106/299     7.81G      1.67     0.395         0      2.06        22       608     0.907     0.924     0.938     0.916      2.44       0.6         0
   107/299     7.81G       1.6     0.406         0         2         9       608     0.912     0.935     0.945     0.923      2.35     0.594         0
   108/299     7.81G      1.57     0.423         0      1.99        23       608     0.913     0.931      0.94     0.922      2.39     0.586         0
   109/299     7.81G      1.63     0.384         0      2.01        23       608      0.93     0.942     0.951     0.936      2.32     0.572         0
   110/299     7.81G      1.55     0.428         0      1.98        13       608     0.913     0.946     0.947     0.929       2.3     0.571         0
   111/299     7.81G      1.59     0.374         0      1.96        15       608      0.92     0.949     0.947     0.934       2.4     0.574         0
   112/299     7.81G      1.62     0.412         0      2.03        13       608     0.925     0.946     0.948     0.935      2.33     0.572         0
   113/299     7.81G      1.54     0.388         0      1.92        11       608      0.92     0.942     0.943     0.931      2.34     0.567         0
   114/299     7.81G      1.44     0.378         0      1.82        21       608     0.905     0.953     0.949     0.928      2.38     0.569         0
   115/299     7.81G      1.65     0.353         0      2.01        15       608     0.906     0.939     0.943     0.922      2.38     0.586         0
   116/299     7.81G      1.58     0.403         0      1.98         6       608     0.938     0.942      0.95      0.94      2.37     0.605         0
   117/299     7.81G      1.52      0.39         0      1.91        25       608     0.932     0.946     0.961     0.939      2.32     0.605         0
   118/299     7.81G       1.5     0.376         0      1.87        23       608     0.919     0.941     0.951      0.93      2.33     0.601         0
   119/299     7.81G      1.54     0.406         0      1.95        10       608     0.921     0.935     0.951     0.928      2.37     0.606         0
   120/299     7.81G      1.54     0.401         0      1.94        17       608     0.898     0.935     0.945     0.916      2.35     0.607         0
   121/299     7.81G      1.57     0.385         0      1.95        22       608     0.909     0.942     0.943     0.926       2.3     0.598         0
   122/299     7.81G      1.45     0.393         0      1.84        10       608     0.923     0.942     0.948     0.933      2.27     0.582         0
   123/299     7.81G       1.4     0.349         0      1.75        20       608     0.915     0.939      0.94     0.927      2.28     0.585         0
   124/299     7.81G      1.35     0.385         0      1.73        19       608     0.916     0.939      0.94     0.927      2.32     0.594         0
   125/299     7.81G      1.48      0.37         0      1.85        13       608     0.908     0.942      0.94     0.925      2.31     0.587         0
   126/299     7.81G      1.36     0.353         0      1.71        19       608      0.92     0.939     0.952     0.929      2.33     0.581         0
   127/299     7.81G      1.33     0.373         0       1.7        27       608     0.928     0.946     0.946     0.937       2.3     0.582         0
   128/299     7.81G      1.46     0.375         0      1.83         5       608     0.929     0.953     0.956     0.941      2.33     0.603         0
   129/299     7.81G      1.52     0.381         0       1.9        26       608     0.933     0.946     0.955     0.939      2.37     0.604         0
   130/299     7.81G      1.45     0.368         0      1.82        20       608      0.93     0.952     0.943     0.941      2.36     0.615         0
   131/299     7.81G      1.28     0.331         0      1.61        14       608     0.923     0.946     0.943     0.934      2.28     0.608         0
   132/299     7.81G      1.35     0.358         0      1.71        22       608     0.922     0.946     0.948     0.934      2.37     0.605         0
   133/299     7.81G      1.45     0.387         0      1.84        22       608      0.93     0.913     0.926     0.922      2.31     0.596         0
   134/299     7.81G       1.4      0.35         0      1.75         9       608     0.937     0.915     0.948     0.926      2.34      0.62         0
   135/299     7.81G      1.42     0.361         0      1.78        20       608     0.929     0.921     0.947     0.925      2.32     0.597         0
   136/299     7.81G      1.34     0.349         0      1.69        20       608     0.912     0.949     0.944     0.931       2.3      0.61         0
   137/299     7.81G      1.39     0.389         0      1.78         9       608     0.913     0.949      0.95     0.931      2.25     0.609         0
   138/299     7.81G      1.21     0.345         0      1.55        23       608     0.904     0.947     0.942     0.925      2.21     0.591         0
   139/299     7.81G      1.24     0.344         0      1.58        25       608     0.913     0.949     0.951     0.931      2.27     0.593         0
   140/299     7.81G      1.34     0.316         0      1.65         6       608     0.924     0.953     0.954     0.938      2.22     0.601         0
   141/299     7.81G      1.19      0.36         0      1.55        34       608     0.918     0.953     0.953     0.935      2.21     0.605         0
   142/299     7.81G      1.17     0.318         0      1.48        22       608     0.923     0.953     0.958     0.938      2.23     0.603         0
   143/299     7.81G      1.33     0.309         0      1.64        12       608     0.929     0.953     0.955     0.941      2.27     0.613         0
   144/299     7.81G      1.38      0.34         0      1.72        13       608     0.926     0.953     0.957      0.94      2.29     0.612         0
   145/299     7.81G      1.29     0.365         0      1.65        21       608     0.923     0.942     0.948     0.933      2.28     0.628         0
   146/299     7.81G      1.24     0.328         0      1.56        10       608     0.923     0.946     0.945     0.934      2.26      0.63         0
   147/299     7.81G      1.22     0.346         0      1.56        25       608     0.917     0.939     0.944     0.928      2.25     0.635         0
   148/299     7.81G      1.21     0.315         0      1.52        30       608     0.924     0.949     0.956     0.936      2.25     0.625         0
   149/299     7.81G      1.15     0.319         0      1.47         8       608     0.933     0.964     0.964     0.948      2.22     0.627         0
   150/299     7.81G      1.23      0.34         0      1.56        22       608     0.929     0.949     0.955     0.939      2.26     0.642         0
   151/299     7.81G      1.21     0.339         0      1.55        21       608     0.926     0.939     0.947     0.932      2.22     0.634         0
   152/299     7.81G      1.19     0.324         0      1.52         8       608     0.923     0.949     0.963     0.936      2.22     0.637         0
   153/299     7.81G      1.11      0.34         0      1.45        25       608      0.91     0.942     0.954     0.926       2.2     0.638         0
   154/299     7.81G      1.21       0.3         0      1.51        25       608       0.9     0.939     0.949     0.919       2.2     0.635         0
   155/299     7.81G      1.23     0.311         0      1.54         5       608     0.904     0.935     0.951     0.919      2.24     0.636         0
   156/299     7.81G      1.21     0.298         0       1.5        22       608     0.933     0.949     0.962     0.941       2.2     0.644         0
   157/299     7.81G      1.21     0.314         0      1.52        21       608     0.922     0.945     0.952     0.934      2.24     0.655         0
   158/299     7.81G       1.2     0.331         0      1.53         7       608      0.92     0.953     0.957     0.936      2.21     0.651         0
   159/299     7.81G      1.11     0.318         0      1.43        24       608     0.919     0.943     0.959     0.931       2.2     0.648         0
   160/299     7.81G      1.19     0.333         0      1.53        31       608     0.919     0.943     0.957     0.931       2.2     0.641         0
   161/299     7.81G      1.11     0.301         0      1.41         8       608     0.915     0.939     0.948     0.927      2.16     0.629         0
   162/299     7.81G      1.07     0.281         0      1.35        33       608     0.923     0.951     0.958     0.937      2.18      0.63         0
   163/299     7.81G      1.07     0.289         0      1.36        33       608     0.923     0.946     0.957     0.934      2.19     0.639         0
   164/299     7.81G      1.15     0.286         0      1.44        11       608     0.935      0.94     0.957     0.938      2.21     0.647         0
   165/299     7.81G      1.08     0.291         0      1.37        22       608     0.936     0.946     0.956     0.941      2.18     0.646         0
   166/299     7.81G      1.08     0.303         0      1.38        18       608     0.927     0.946     0.957     0.936      2.25     0.663         0
   167/299     7.81G      1.04     0.301         0      1.34         7       608     0.916     0.949     0.958     0.933      2.18     0.651         0
   168/299     7.81G      1.08     0.289         0      1.37        19       608      0.92     0.949     0.959     0.935      2.15     0.639         0
   169/299     7.81G      1.07     0.292         0      1.36        24       608     0.913     0.949     0.961     0.931      2.18     0.636         0
   170/299     7.81G      1.02       0.3         0      1.32        11       608     0.919     0.949     0.959     0.934      2.17     0.637         0
   171/299     7.81G      1.07     0.311         0      1.38        20       608     0.918     0.942     0.959      0.93      2.22     0.652         0
   172/299     7.81G      1.05     0.308         0      1.36        21       608     0.914     0.931     0.954     0.923      2.25      0.65         0
   173/299     7.81G      1.08     0.307         0      1.39        10       608     0.909     0.932     0.948      0.92      2.24     0.651         0
   174/299     7.81G     0.992      0.29         0      1.28        19       608     0.912     0.935     0.949     0.923      2.21      0.65         0
   175/299     7.81G      1.04     0.297         0      1.34        21       608     0.914     0.942     0.952     0.928      2.19     0.653         0
   176/299     7.81G     0.981     0.282         0      1.26         9       608     0.912     0.932     0.946     0.922      2.17     0.647         0
   177/299     7.81G     0.967     0.275         0      1.24        18       608     0.915     0.928     0.947     0.921      2.19     0.658         0
   178/299     7.81G      1.05     0.289         0      1.34        28       608     0.919     0.939     0.956     0.929      2.17     0.656         0
   179/299     7.81G      1.04     0.296         0      1.34         6       608     0.915     0.934     0.948     0.925       2.2     0.646         0
   180/299     7.81G      1.04     0.286         0      1.33        18       608     0.911     0.939     0.945     0.925      2.18     0.642         0
   181/299     7.81G      1.04     0.321         0      1.36        26       608       0.9     0.935      0.94     0.917      2.18     0.645         0
   182/299     7.81G      1.01     0.286         0      1.29         6       608     0.913     0.949     0.955     0.931       2.2     0.653         0
   183/299     7.81G      1.02     0.285         0       1.3        21       608     0.899     0.946     0.944     0.922       2.2     0.658         0
   184/299     7.81G     0.994     0.272         0      1.27        18       608       0.9     0.953     0.948     0.926      2.22     0.655         0
   185/299     7.81G      1.04     0.292         0      1.33         8       608     0.903     0.953     0.954     0.927      2.21     0.657         0
   186/299     7.81G     0.934     0.251         0      1.18        24       608     0.901     0.955     0.952     0.927      2.19      0.65         0
   187/299     7.81G     0.957       0.3         0      1.26        21       608     0.899     0.953     0.954     0.925      2.19     0.649         0
   188/299     7.81G     0.996     0.275         0      1.27         8       608     0.915     0.949     0.955     0.932      2.17     0.651         0
   189/299     7.81G     0.937     0.261         0       1.2        24       608     0.914     0.956     0.955     0.934      2.17     0.657         0
   190/299     7.81G     0.921     0.269         0      1.19        23       608     0.911     0.957      0.95     0.933      2.15     0.652         0
   191/299     7.81G      0.91     0.299         0      1.21        14       608     0.903     0.949     0.946     0.926      2.15     0.651         0
   192/299     7.81G     0.917     0.267         0      1.18        30       608     0.903     0.939     0.938     0.921      2.17     0.666         0
   193/299     7.81G     0.929     0.259         0      1.19        21       608       0.9     0.939     0.944     0.919      2.19     0.675         0
   194/299     7.81G     0.897     0.254         0      1.15         6       608     0.909     0.942     0.947     0.925      2.17      0.68         0
   195/299     7.81G     0.915     0.256         0      1.17        22       608     0.903     0.939     0.953      0.92      2.18      0.69         0
   196/299     7.81G     0.924      0.27         0      1.19        19       608     0.909     0.937     0.955     0.923      2.16     0.692         0
   197/299     7.81G     0.957     0.255         0      1.21        10       608     0.921     0.935     0.956     0.928      2.19     0.696         0
   198/299     7.81G      0.87     0.272         0      1.14        29       608     0.919     0.942     0.956      0.93      2.16     0.692         0
   199/299     7.81G     0.858     0.289         0      1.15        24       608     0.911     0.942     0.955     0.926      2.16     0.693         0
   200/299     7.81G     0.857     0.224         0      1.08         7       608     0.921     0.949     0.955     0.935      2.16     0.683         0
   201/299     7.81G     0.906     0.288         0      1.19        26       608     0.916     0.946     0.956     0.931      2.16     0.689         0
   202/299     7.81G     0.928      0.25         0      1.18        23       608      0.92     0.952     0.956     0.936      2.14     0.691         0
   203/299     7.81G     0.878     0.248         0      1.13         8       608      0.92     0.953     0.955     0.936      2.15     0.692         0
   204/299     7.81G     0.848     0.244         0      1.09        21       608     0.923     0.951     0.955     0.937      2.16     0.691         0
   205/299     7.81G     0.873     0.258         0      1.13        26       608     0.922     0.942     0.955     0.932      2.16      0.68         0
   206/299     7.81G     0.842     0.247         0      1.09         7       608     0.919     0.943     0.954     0.931      2.16     0.674         0
   207/299     7.81G     0.799     0.229         0      1.03        19       608     0.918     0.946     0.951     0.932      2.16     0.674         0
   208/299     7.81G     0.875     0.256         0      1.13        27       608     0.919     0.949     0.947     0.934      2.18     0.685         0
   209/299     7.81G     0.829     0.259         0      1.09         7       608     0.913     0.947     0.947      0.93      2.17     0.692         0
   210/299     7.81G     0.841     0.236         0      1.08        21       608     0.916     0.945     0.946      0.93      2.19     0.703         0
   211/299     7.81G     0.843      0.26         0       1.1        20       608     0.907     0.949     0.946     0.928      2.17       0.7         0
   212/299     7.81G     0.842     0.272         0      1.11         8       608     0.905     0.949     0.946     0.927      2.16     0.699         0
   213/299     7.81G     0.837      0.26         0       1.1        16       608     0.907     0.949     0.951     0.928      2.17     0.708         0
   214/299     7.81G     0.797     0.236         0      1.03        22       608     0.913     0.945     0.956     0.929      2.17     0.713         0
   215/299     7.81G       0.8     0.241         0      1.04        14       608     0.913     0.947     0.957      0.93      2.16     0.714         0
   216/299     7.81G     0.814     0.263         0      1.08        19       608     0.916     0.951     0.957     0.933      2.15     0.711         0
   217/299     7.81G     0.804     0.245         0      1.05        30       608     0.913     0.953     0.957     0.933      2.15     0.707         0
   218/299     7.81G     0.834     0.286         0      1.12         5       608     0.908     0.946     0.945     0.927      2.17     0.708         0
   219/299     7.81G     0.722     0.215         0     0.937        21       608     0.903     0.946     0.943     0.924      2.17     0.701         0
   220/299     7.81G     0.775     0.215         0      0.99        18       608       0.9     0.946     0.944     0.922      2.18     0.702         0
   221/299     7.81G     0.759     0.262         0      1.02        12       608     0.905     0.946     0.946     0.925      2.17     0.706         0
   222/299     7.81G     0.771     0.227         0     0.998        20       608     0.911     0.946     0.952     0.928      2.17     0.711         0
   223/299     7.81G     0.778      0.22         0     0.998        22       608     0.912     0.946     0.953     0.929      2.16     0.712         0
   224/299     7.81G     0.786     0.224         0      1.01         6       608     0.913     0.946     0.952     0.929      2.14     0.715         0
   225/299     7.81G     0.777     0.215         0     0.992        36       608     0.916     0.944     0.946      0.93      2.15     0.719         0
   226/299     7.81G     0.796     0.242         0      1.04        21       608     0.904     0.942     0.943     0.923      2.15     0.719         0
   227/299     7.81G     0.808     0.224         0      1.03        10       608      0.91     0.942     0.944     0.926      2.16     0.725         0
   228/299     7.81G     0.764     0.247         0      1.01        23       608     0.909     0.946     0.947     0.927      2.17     0.717         0
   229/299     7.81G     0.755     0.202         0     0.958        21       608     0.913     0.945     0.947     0.929      2.18     0.717         0
   230/299     7.81G     0.763     0.216         0     0.979         5       608      0.91     0.946     0.947     0.927      2.17     0.724         0
   231/299     7.81G     0.804     0.218         0      1.02        26       608     0.909     0.946     0.952     0.927      2.16     0.727         0
   232/299     7.81G     0.749      0.23         0     0.979        26       608     0.911     0.942     0.948     0.926      2.16     0.725         0
   233/299     7.81G     0.795     0.257         0      1.05         8       608     0.919     0.942     0.947      0.93      2.16     0.724         0
   234/299     7.81G     0.796     0.215         0      1.01        25       608     0.915     0.946     0.947      0.93      2.15     0.721         0
   235/299     7.81G     0.725     0.218         0     0.943        26       608     0.913     0.949     0.958     0.931      2.15     0.714         0
   236/299     7.81G     0.723     0.214         0     0.938        11       608     0.911     0.953     0.958     0.932      2.14     0.709         0
   237/299     7.81G     0.698     0.215         0     0.913        32       608     0.911     0.953     0.958     0.931      2.14     0.706         0
   238/299     7.81G     0.763     0.234         0     0.997        25       608     0.906     0.949     0.952     0.927      2.15     0.704         0
   239/299     7.81G     0.745     0.239         0     0.983         6       608     0.909     0.953     0.951     0.931      2.16     0.707         0
   240/299     7.81G     0.693     0.219         0     0.912        38       608     0.917     0.953     0.948     0.935      2.15     0.706         0
   241/299     7.81G     0.697     0.203         0     0.899        16       608     0.915     0.953     0.951     0.934      2.14     0.713         0
   242/299     7.81G     0.733     0.213         0     0.946         7       608     0.917     0.953     0.948     0.935      2.15     0.714         0
   243/299     7.81G     0.722     0.205         0     0.927        28       608     0.919     0.953     0.948     0.936      2.15     0.718         0
   244/299     7.81G      0.77     0.242         0      1.01        26       608     0.917     0.946     0.949     0.931      2.15     0.712         0
   245/299     7.81G     0.696     0.229         0     0.925         6       608     0.913     0.948     0.949      0.93      2.16     0.711         0
   246/299     7.81G     0.718     0.224         0     0.941        22       608     0.913     0.944     0.949     0.928      2.17     0.716         0
   247/299     7.81G      0.72     0.211         0      0.93        24       608     0.916     0.939     0.949     0.927      2.17     0.719         0
   248/299     7.81G      0.74     0.218         0     0.958        13       608     0.916     0.939     0.949     0.927      2.17     0.721         0
   249/299     7.81G     0.689     0.224         0     0.912        26       608     0.916     0.949     0.949     0.932      2.16     0.717         0
   250/299     7.81G     0.713     0.241         0     0.954        31       608     0.916     0.949     0.949     0.932      2.16     0.723         0
   251/299     7.81G     0.733     0.217         0      0.95         3       608     0.916     0.946     0.949     0.931      2.16     0.729         0
   252/299     7.81G     0.714     0.218         0     0.932        27       608      0.92     0.949     0.948     0.934      2.15     0.732         0
   253/299     7.81G     0.718     0.199         0     0.917        22       608     0.919     0.949     0.948     0.934      2.15     0.731         0
   254/299     7.81G     0.656      0.22         0     0.876         8       608     0.914     0.946     0.948     0.929      2.14      0.73         0
   255/299     7.81G     0.659     0.195         0     0.854        23       608     0.913     0.949     0.948      0.93      2.14     0.734         0
   256/299     7.81G     0.655     0.205         0      0.86        23       608     0.912     0.949     0.948      0.93      2.15     0.736         0
   257/299     7.81G      0.68     0.229         0     0.909        12       608     0.912     0.949     0.947      0.93      2.14     0.733         0
   258/299     7.81G     0.653     0.211         0     0.864        18       608     0.918     0.949     0.948     0.933      2.15     0.736         0
   259/299     7.81G     0.676      0.21         0     0.886        20       608     0.919     0.944     0.948     0.932      2.15     0.738         0
   260/299     7.81G     0.676     0.196         0     0.872         7       608     0.915     0.946     0.948      0.93      2.15     0.738         0
   261/299     7.81G     0.678     0.248         0     0.926        27       608     0.914     0.946     0.948      0.93      2.15     0.739         0
   262/299     7.81G     0.678     0.203         0     0.882        27       608     0.911     0.946     0.948     0.928      2.15     0.743         0
   263/299     7.81G     0.648     0.197         0     0.846        13       608      0.91     0.949     0.949     0.929      2.15     0.741         0
   264/299     7.81G     0.669     0.227         0     0.896        24       608      0.91     0.949     0.949     0.929      2.14     0.742         0
   265/299     7.81G     0.663      0.21         0     0.873        28       608      0.91     0.949     0.949     0.929      2.15     0.745         0
   266/299     7.81G     0.624     0.182         0     0.806        11       608     0.911     0.949     0.949      0.93      2.15     0.745         0
   267/299     7.81G     0.657     0.208         0     0.865        22       608     0.909     0.949     0.949     0.929      2.15     0.746         0
   268/299     7.81G     0.647     0.188         0     0.835        21       608     0.912     0.949     0.949      0.93      2.15     0.742         0
   269/299     7.81G     0.685     0.222         0     0.907        10       608      0.91     0.949     0.949     0.929      2.15     0.739         0
   270/299     7.81G     0.658      0.22         0     0.878        27       608     0.913     0.947     0.949      0.93      2.15      0.74         0
   271/299     7.81G     0.691     0.227         0     0.918        19       608     0.914     0.946     0.949     0.929      2.15     0.744         0
   272/299     7.81G     0.669     0.206         0     0.876         8       608     0.914     0.946      0.95      0.93      2.15     0.751         0
   273/299     7.81G     0.619     0.198         0     0.817        26       608     0.916     0.946      0.95     0.931      2.15     0.753         0
   274/299     7.81G     0.621     0.214         0     0.835        29       608     0.914     0.946      0.95      0.93      2.15     0.754         0
   275/299     7.81G     0.651     0.206         0     0.856         9       608     0.914     0.946      0.95      0.93      2.15     0.755         0
   276/299     7.81G     0.671     0.222         0     0.893        29       608     0.914     0.946      0.95      0.93      2.16     0.757         0
   277/299     7.81G     0.674      0.23         0     0.904        20       608     0.914     0.946      0.95      0.93      2.16     0.756         0
   278/299     7.81G     0.644     0.205         0     0.848        10       608     0.918     0.946      0.95     0.932      2.16     0.755         0
   279/299     7.81G     0.659     0.195         0     0.854        24       608     0.917     0.946     0.949     0.931      2.16     0.755         0
   280/299     7.81G     0.658     0.214         0     0.872        23       608     0.915     0.946     0.949      0.93      2.15     0.758         0
   281/299     7.81G     0.672     0.208         0      0.88         8       608     0.919     0.946     0.949     0.932      2.15     0.759         0
   282/299     7.81G     0.664     0.204         0     0.868        21       608      0.92     0.946     0.948     0.933      2.15     0.757         0
   283/299     7.81G     0.664     0.215         0     0.879        24       608      0.92     0.946     0.948     0.932      2.15      0.76         0
   284/299     7.81G     0.614     0.211         0     0.824        12       608     0.916     0.946     0.948     0.931      2.15      0.76         0
   285/299     7.81G     0.638     0.216         0     0.854        15       608     0.917     0.946     0.948     0.931      2.15     0.761         0
   286/299     7.81G     0.639     0.206         0     0.845        29       608      0.92     0.946     0.948     0.933      2.15      0.76         0
   287/299     7.81G     0.661     0.199         0      0.86        11       608     0.925     0.946     0.948     0.935      2.15     0.757         0
   288/299     7.81G     0.625      0.21         0     0.835        30       608     0.923     0.942     0.953     0.932      2.15     0.753         0
   289/299     7.81G     0.636     0.216         0     0.851        26       608     0.921     0.946     0.948     0.933      2.15     0.754         0
   290/299     7.81G      0.64     0.181         0     0.821         7       608     0.918     0.946     0.949     0.932      2.15     0.758         0
   291/299     7.81G     0.652     0.207         0     0.859        17       608     0.917     0.946     0.949     0.931      2.15     0.759         0
   292/299     7.81G     0.663     0.226         0     0.889        21       608     0.918     0.949     0.949     0.933      2.14     0.758         0
   293/299     7.81G     0.601     0.194         0     0.795        10       608     0.917     0.949     0.949     0.933      2.14     0.757         0
   294/299     7.81G     0.658     0.182         0      0.84        29       608     0.914     0.949     0.949     0.931      2.14     0.758         0
   295/299     7.81G     0.643     0.228         0     0.871        22       608     0.913     0.949     0.948     0.931      2.14     0.756         0
   296/299     7.81G     0.631     0.203         0     0.834        10       608     0.912     0.949     0.948      0.93      2.14     0.756         0
   297/299     7.81G     0.634      0.21         0     0.844        20       608     0.912     0.949     0.949      0.93      2.14     0.758         0
   298/299     7.81G     0.607      0.19         0     0.796        18       608     0.909     0.949     0.949     0.929      2.15      0.76         0
   299/299     7.81G     0.654     0.205         0     0.859         9       608      0.91     0.949     0.949     0.929      2.14     0.761         0
