[          1]
[          1]
[          1]
[          1]
[          1]
[          1]
[          1]
[          1]
[          1]
[          1]
[          1]
[          1]
[          1]
[          1]
[          1]
[          1]
[          1]
[          1]
[          1]
[          1]
[          1]
[          1]
[          1]
[          1]
[          1]
[          1]
[          1]
[          1]
[          1]
[          1]
[    0.96774]
[    0.96875]
[     0.9697]
[    0.97059]
[    0.97143]
[    0.97222]
[    0.97297]
[    0.97368]
[    0.94872]
[       0.95]
[    0.95122]
[    0.95238]
[    0.95349]
[    0.95455]
[    0.95556]
[    0.95652]
[    0.95745]
[    0.95833]
[    0.95918]
[       0.96]
[    0.96078]
[    0.96154]
[    0.96226]
[    0.94444]
[    0.94545]
[    0.94643]
[    0.94737]
[    0.94828]
[    0.94915]
[       0.95]
[    0.95082]
[    0.93548]
[    0.93651]
[    0.92188]
[    0.92308]
[    0.92424]
[    0.92537]
[    0.92647]
[    0.92754]
[    0.91429]
[    0.91549]
[    0.91667]
[    0.91781]
[    0.91892]
[       0.92]
[    0.92105]
[    0.92208]
[    0.92308]
[    0.92405]
[      0.925]
[    0.91358]
[    0.90244]
[    0.90361]
[    0.89286]
[    0.89412]
[    0.89535]
[    0.88506]
[    0.88636]
[     0.8764]
[    0.87778]
[    0.87912]
[    0.88043]
[    0.87097]
[    0.87234]
[    0.87368]
[    0.86458]
[    0.86598]
[    0.86735]
[    0.85859]
[       0.85]
[    0.85149]
[    0.85294]
[    0.85437]
[    0.85577]
[    0.84762]
[    0.83962]
[    0.84112]
[    0.84259]
[    0.84404]
[    0.84545]
[    0.83784]
[    0.83929]
[    0.83186]
[    0.83333]
[    0.83478]
[    0.83621]
[    0.83761]
[    0.83051]
[    0.82353]
[    0.81667]
[    0.81818]
[    0.81967]
[    0.82114]
[    0.82258]
[      0.816]
[    0.81746]
[    0.81102]
[    0.80469]
[     0.8062]
[        0.8]
[    0.80153]
[    0.79545]
[    0.79699]
[    0.79851]
[        0.8]
[    0.80147]
[    0.80292]
[    0.80435]
[    0.80576]
[        0.8]
[    0.79433]
[    0.78873]
[    0.79021]
[    0.78472]
[    0.78621]
[    0.78082]
[    0.77551]
[    0.77027]
[    0.77181]
[    0.77333]
[    0.76821]
[    0.76316]
[    0.76471]
[    0.75974]
[    0.76129]
[    0.76282]
[    0.75796]
[    0.75316]
[    0.75472]
[    0.75625]
[    0.75776]
[    0.75926]
[     0.7546]
[       0.75]
[    0.74545]
[    0.74699]
[     0.7485]
[    0.74405]
[    0.73964]
[    0.73529]
[    0.73684]
[    0.73256]
[    0.72832]
[    0.72414]
[       0.72]
[    0.71591]
[    0.71186]
[    0.70787]
[    0.70391]
[        0.7]
[    0.69613]
[    0.69231]
[    0.68852]
[    0.68478]
[    0.68108]
[    0.67742]
[     0.6738]
[    0.67553]
[    0.67196]
[    0.66842]
[    0.66492]
[    0.66146]
[    0.65803]
[    0.65464]
[    0.65641]
[    0.65306]
[    0.64975]
[    0.65152]
[    0.64824]
[      0.645]
[    0.64179]
[    0.64356]
[    0.64532]
[    0.64216]
[    0.63902]
[    0.63592]
[    0.63285]
[    0.63462]
[    0.63158]
[    0.62857]
[    0.62559]
[    0.62264]
[    0.61972]
[    0.61682]
[    0.61395]
[    0.61111]
[    0.60829]
[     0.6055]
[    0.60274]
[    0.60455]
[    0.60181]
[     0.5991]
[    0.59641]
[    0.59375]
[    0.59111]
[     0.5885]
[     0.5859]
[    0.58333]
[    0.58079]
[    0.57826]
[    0.57576]
[    0.57328]
[    0.57082]
[    0.56838]
[    0.56596]
[     0.5678]
[     0.5654]
[    0.56303]
[    0.56067]
[    0.55833]
[    0.55602]
[    0.55372]
[    0.55556]
[    0.55328]
[    0.55102]
[    0.54878]
[    0.55061]
[    0.54839]
[    0.54618]
[      0.544]
[    0.54183]
[    0.53968]
[    0.53755]
[    0.53543]
[    0.53333]
[    0.53125]
[    0.52918]
[    0.52713]
[     0.5251]
[    0.52308]
[    0.52107]
[    0.51908]
[    0.51711]
[    0.51894]
[    0.51698]
[    0.51504]
[    0.51311]
[    0.51119]
[    0.50929]
[    0.50741]
[    0.50554]
[    0.50368]
[    0.50183]
[        0.5]
[    0.49818]
[    0.49638]
[    0.49458]
[    0.49281]
[    0.49104]
[    0.48929]
[    0.48754]
[    0.48582]
[     0.4841]
[    0.48239]
[     0.4807]
[    0.47902]
[    0.47735]
[    0.47569]
[    0.47751]
[    0.47586]
[    0.47423]
[     0.4726]
[    0.47099]
[    0.46939]
[     0.4678]
[    0.46622]
[    0.46465]
[    0.46309]
[    0.46154]
[       0.46]
[    0.45847]
[    0.45695]
[    0.45545]
[    0.45724]
[    0.45574]
[    0.45425]
[    0.45277]
[    0.45455]
[    0.45307]
[    0.45161]
[    0.45016]
[    0.44872]
[    0.44728]
[    0.44586]
[    0.44444]
[    0.44304]
[    0.44164]
[    0.44025]
[    0.43887]
[     0.4375]
[    0.43614]
[    0.43478]
[    0.43344]
[     0.4321]
[    0.43077]
[    0.42945]
[    0.42813]
[    0.42683]
[    0.42553]
[    0.42424]
[    0.42296]
[    0.42169]
[    0.42042]
[    0.41916]
[    0.41791]
[    0.41667]
[    0.41543]
[     0.4142]
[    0.41298]
[    0.41176]
[    0.41056]
[    0.40936]
[    0.40816]
[    0.40698]
[     0.4058]
[    0.40462]
[    0.40346]
[     0.4023]
[    0.40115]
[        0.4]
[    0.39886]
[    0.39773]
[     0.3966]
[    0.39548]
[    0.39437]
[    0.39326]
[    0.39216]
[    0.39106]
[    0.38997]
[    0.38889]
[    0.38781]
[    0.38674]
[    0.38567]
[    0.38462]
[    0.38356]
[    0.38251]
[    0.38147]
[    0.38043]
[     0.3794]
[    0.37838]
[    0.37736]
[    0.37634]
[    0.37534]
[    0.37433]
[    0.37333]
[    0.37234]
[    0.37135]
[    0.37037]
[    0.36939]
[    0.36842]
[    0.36745]
[    0.36649]
[    0.36554]
[    0.36719]
[    0.36623]
[    0.36528]
[    0.36434]
[     0.3634]
[    0.36247]
[    0.36154]
[    0.36061]
[    0.35969]
[    0.35878]
[    0.35787]
[    0.35696]
[    0.35606]
[    0.35516]
[    0.35427]
[    0.35338]
[     0.3525]
[    0.35162]
[    0.35075]
[    0.34988]
[    0.34901]
[    0.34815]
