     0/299      7.8G      7.81      33.1         0      40.9        28       608         1   0.00885    0.0191    0.0175       6.9      1.59         0
     1/299     7.81G      5.96      4.36         0      10.3        26       608         0         0    0.0606         0       5.4      1.34         0
     2/299     7.81G      4.79       3.3         0      8.09        26       608    0.0537     0.106    0.0401    0.0713      6.27     0.836         0
     3/299     7.81G      4.96      1.75         0      6.71        27       608    0.0566     0.779      0.41     0.106      4.81      1.24         0
     4/299     7.81G      5.06      1.51         0      6.57        29       608     0.481     0.372     0.367      0.42      4.73     0.635         0
     5/299     7.81G      4.62      1.44         0      6.07        23       608     0.282     0.168      0.16     0.211      4.93     0.715         0
     6/299     7.81G      4.37      1.22         0      5.59        21       608     0.663     0.313     0.487     0.425      4.09     0.589         0
     7/299     7.81G      4.33      1.21         0      5.54        26       608      0.55     0.542     0.499     0.546      4.21     0.594         0
     8/299     7.81G      4.33      1.18         0      5.51        25       608     0.486     0.513     0.416     0.499      4.79     0.477         0
     9/299     7.81G      4.07      1.04         0      5.11        26       608     0.691     0.646     0.655     0.668      3.66     0.479         0
    10/299     7.81G      4.21      1.09         0       5.3        28       608     0.608     0.493     0.533     0.544      4.24     0.498         0
    11/299     7.81G      3.87     0.998         0      4.87        30       608     0.321     0.702     0.464      0.44      3.93     0.467         0
    12/299     7.81G      3.86      1.03         0      4.89        10       608     0.573     0.699     0.621      0.63      3.96     0.434         0
    13/299     7.81G      4.07     0.958         0      5.03        25       608     0.574     0.664     0.553     0.616       3.8     0.418         0
    14/299     7.81G      3.96     0.954         0      4.91        26       608     0.405     0.681     0.495     0.508      4.24     0.402         0
    15/299     7.81G      3.63     0.951         0      4.58        26       608     0.206     0.283     0.177     0.239      5.83     0.364         0
    16/299     7.81G      4.45      1.17         0      5.62        26       608         1     0.267     0.702     0.421      3.39      0.53         0
    17/299     7.81G       3.9      1.03         0      4.93        26       608     0.733     0.438     0.617     0.548      3.83     0.445         0
    18/299     7.81G      3.59     0.933         0      4.53        24       608     0.143     0.121      0.18     0.131      5.69     0.366         0
    19/299     7.81G      3.81      1.11         0      4.92        24       608      0.83     0.259     0.587     0.394       3.7      0.48         0
    20/299     7.81G      3.99     0.922         0      4.91        30       608     0.859     0.108     0.539     0.192      3.51     0.487         0
    21/299     7.81G      2.77      1.01         0      3.79        27       608     0.552     0.513     0.464     0.532      3.82     0.401         0
    22/299     7.81G      3.32     0.882         0       4.2        27       608     0.974     0.328     0.713     0.491      3.58     0.467         0
    23/299     7.81G      3.27     0.831         0       4.1        26       608     0.893     0.566     0.734     0.693      3.68     0.405         0
    24/299     7.81G      2.98     0.848         0      3.83        25       608      0.83     0.646     0.755     0.726      3.97     0.362         0
    25/299     7.81G      3.03     0.769         0       3.8        13       608     0.956      0.58      0.82     0.722      3.12     0.384         0
    26/299     7.81G      2.81     0.772         0      3.59        26       608      0.93     0.584     0.771     0.717      3.53     0.356         0
    27/299     7.81G      2.82     0.744         0      3.56        24       608     0.949     0.593     0.815      0.73      3.08     0.375         0
    28/299     7.81G       2.8     0.718         0      3.52        30       608     0.883     0.628      0.77     0.734      3.05      0.39         0
    29/299     7.81G      2.74     0.739         0      3.48        28       608     0.875      0.69     0.773     0.772      3.23      0.37         0
    30/299     7.81G      2.43     0.743         0      3.17        30       608     0.808     0.681     0.763     0.739      3.17     0.346         0
    31/299     7.81G      2.68     0.703         0      3.38        32       608     0.863     0.612     0.752     0.716      3.21     0.388         0
    32/299     7.81G      2.36     0.739         0       3.1        30       608     0.811     0.708     0.779     0.756      3.19     0.361         0
    33/299     7.81G      2.45     0.632         0      3.09        27       608     0.889      0.69     0.781     0.777      3.38     0.399         0
    34/299     7.81G      2.25     0.712         0      2.96        28       608     0.725     0.746     0.748     0.735      3.15     0.365         0
    35/299     7.81G      2.32     0.652         0      2.97        28       608     0.802     0.751     0.817     0.776      3.08     0.354         0
    36/299     7.81G      2.21     0.667         0      2.87        33       608     0.833     0.699     0.769      0.76      3.02      0.37         0
    37/299     7.81G      2.33     0.632         0      2.96        25       608     0.794     0.717     0.744     0.754      3.33     0.372         0
    38/299     7.81G      2.06     0.659         0      2.72        13       608     0.863     0.788     0.853     0.824      2.81     0.333         0
    39/299     7.81G       2.3     0.587         0      2.89        24       608     0.828     0.761     0.794     0.793      3.02     0.334         0
    40/299     7.81G      2.21     0.652         0      2.86        32       608     0.824     0.796     0.831      0.81       2.7     0.318         0
    41/299     7.81G      2.07     0.605         0      2.68        26       608     0.842     0.796     0.855     0.818       2.7     0.338         0
    42/299     7.81G      2.12     0.621         0      2.74        26       608     0.854      0.77     0.832      0.81      2.97     0.353         0
    43/299     7.81G      1.93     0.643         0      2.57        27       608     0.832      0.77     0.829       0.8      2.82     0.357         0
    44/299     7.81G      2.07     0.599         0      2.67        25       608     0.836     0.779     0.827     0.806       2.8     0.323         0
    45/299     7.81G      1.94     0.566         0       2.5        30       608     0.842     0.805     0.888     0.823      2.57     0.323         0
    46/299     7.81G      1.85     0.566         0      2.42        26       608     0.835     0.805     0.873      0.82      2.64     0.308         0
    47/299     7.81G      2.05     0.529         0      2.58        23       608     0.856     0.779     0.871     0.815       2.8     0.337         0
    48/299     7.81G      1.96     0.563         0      2.53        25       608     0.834     0.814      0.88     0.824      2.69     0.338         0
    49/299     7.81G      2.03     0.559         0      2.59        30       608     0.851     0.788     0.857     0.818      2.84     0.331         0
    50/299     7.81G      1.97     0.562         0      2.53        27       608     0.844     0.765     0.857     0.803      2.59     0.335         0
    51/299     7.81G      1.92     0.546         0      2.47        13       608     0.881     0.788      0.85     0.832      2.77     0.327         0
    52/299     7.81G      1.91     0.534         0      2.44        25       608     0.913     0.805     0.865     0.856      2.59     0.326         0
    53/299     7.81G      1.79     0.563         0      2.36        26       608     0.886     0.821     0.881     0.852      2.77     0.329         0
    54/299     7.81G      1.77     0.545         0      2.32        35       608     0.846     0.805     0.883     0.825      2.56     0.336         0
    55/299     7.81G      1.84     0.526         0      2.36        24       608     0.873     0.823     0.867     0.847      2.81     0.342         0
    56/299     7.81G      1.76     0.533         0      2.29        24       608     0.847      0.77     0.829     0.806      2.61     0.345         0
    57/299     7.81G      1.68     0.517         0      2.19        25       608     0.889     0.779     0.838      0.83      2.77     0.333         0
    58/299     7.81G       1.7      0.51         0      2.21        20       608      0.89     0.823     0.861     0.855      2.51     0.322         0
    59/299     7.81G      1.69     0.488         0      2.18        23       608     0.877     0.788     0.861      0.83      2.69     0.343         0
    60/299     7.81G      1.74     0.525         0      2.27        22       608     0.863     0.805     0.864     0.833      2.55     0.337         0
    61/299     7.81G      1.64     0.492         0      2.13        24       608     0.885     0.819     0.876     0.851      2.51     0.335         0
    62/299     7.81G      1.63     0.525         0      2.15        26       608     0.843     0.823     0.855     0.833      2.46     0.313         0
    63/299     7.81G       1.7     0.524         0      2.22        22       608     0.864      0.79     0.862     0.826      2.64     0.319         0
    64/299     7.81G      1.53     0.506         0      2.03        14       608     0.872     0.783     0.853     0.825      2.59     0.301         0
    65/299     7.81G      1.67      0.52         0      2.19        24       608     0.827     0.779      0.83     0.802      2.64     0.318         0
    66/299     7.81G      1.59     0.473         0      2.06        24       608     0.844     0.743     0.823     0.791      2.69     0.329         0
    67/299     7.81G      1.57     0.465         0      2.04        22       608     0.875      0.77     0.843     0.819      2.49     0.335         0
    68/299     7.81G      1.68     0.487         0      2.17        27       608     0.876     0.752      0.86     0.809       2.5     0.339         0
    69/299     7.81G      1.52     0.478         0         2        28       608     0.859     0.779      0.85     0.817      2.43      0.33         0
    70/299     7.81G      1.67      0.45         0      2.12        26       608     0.853     0.779     0.866     0.814      2.54     0.331         0
    71/299     7.81G       1.6     0.477         0      2.08        30       608     0.884     0.807     0.873     0.844      2.43     0.337         0
    72/299     7.81G      1.52     0.476         0         2        33       608     0.845     0.788     0.844     0.815      2.63      0.33         0
    73/299     7.81G      1.49     0.444         0      1.93        27       608     0.907     0.779     0.876     0.838      2.51     0.326         0
    74/299     7.81G      1.54     0.457         0         2        30       608     0.889     0.735     0.873     0.804      2.42      0.36         0
    75/299     7.81G      1.43     0.434         0      1.86        29       608     0.913     0.761     0.883      0.83      2.56     0.369         0
    76/299     7.81G      1.51     0.485         0      1.99        31       608     0.918     0.735     0.862     0.816      2.53     0.377         0
    77/299     7.81G       1.5     0.474         0      1.98        12       608     0.935     0.758     0.852     0.837      2.52     0.359         0
    78/299     7.81G      1.55     0.458         0      2.01        31       608     0.899     0.779     0.848     0.834      2.57     0.346         0
    79/299     7.81G      1.52     0.449         0      1.97        32       608     0.937     0.786     0.868     0.854      2.47     0.349         0
    80/299     7.81G      1.53     0.487         0      2.02        20       608     0.924     0.754     0.877      0.83      2.46     0.346         0
    81/299     7.81G      1.39     0.451         0      1.85        28       608     0.874     0.797     0.882     0.834      2.45     0.352         0
    82/299     7.81G      1.49     0.432         0      1.92        27       608     0.883     0.796     0.888     0.837       2.4     0.344         0
    83/299     7.81G      1.46      0.49         0      1.95        30       608     0.921      0.77     0.849     0.839       2.5     0.347         0
    84/299     7.81G      1.41     0.421         0      1.83        32       608     0.926     0.743     0.846     0.825      2.47     0.354         0
    85/299     7.81G       1.4     0.398         0       1.8        30       608     0.945     0.763     0.869     0.845      2.49     0.361         0
    86/299     7.81G      1.44     0.435         0      1.87        23       608     0.912     0.699     0.837     0.791      2.58     0.385         0
    87/299     7.81G      1.36     0.438         0       1.8        21       608     0.894     0.746     0.856     0.813      2.47     0.383         0
    88/299     7.81G      1.49      0.41         0       1.9        25       608     0.858     0.799     0.863     0.827      2.41      0.36         0
    89/299     7.81G       1.3     0.435         0      1.73        30       608     0.836     0.809      0.89     0.822      2.32     0.338         0
    90/299     7.81G      1.38     0.432         0      1.81        14       608     0.891     0.814     0.903     0.851      2.42     0.336         0
    91/299     7.81G      1.27     0.431         0       1.7        28       608     0.886     0.822     0.892     0.852      2.39     0.329         0
    92/299     7.81G      1.36     0.405         0      1.77        24       608     0.881     0.848     0.898     0.864       2.3     0.327         0
    93/299     7.81G      1.25     0.412         0      1.66        29       608     0.855     0.832     0.877     0.843      2.42     0.345         0
    94/299     7.81G      1.24     0.418         0      1.66        25       608     0.875      0.77      0.86     0.819      2.35     0.356         0
    95/299     7.81G      1.28      0.44         0      1.72        24       608     0.917     0.823       0.9     0.867      2.37     0.324         0
    96/299     7.81G      1.23     0.413         0      1.64        33       608     0.867     0.805     0.878     0.835      2.45     0.334         0
    97/299     7.81G      1.23     0.398         0      1.63        27       608     0.839     0.782     0.857     0.809      2.46     0.334         0
    98/299     7.81G      1.33     0.417         0      1.74        24       608     0.865     0.805     0.861     0.834      2.44     0.323         0
    99/299     7.81G      1.35     0.402         0      1.75        25       608     0.886     0.796     0.859     0.839      2.37     0.318         0
   100/299     7.81G      1.27      0.42         0      1.69        28       608     0.879     0.761     0.858     0.816      2.41     0.324         0
   101/299     7.81G      1.26     0.447         0      1.71        27       608     0.836     0.779     0.836     0.806      2.42     0.344         0
   102/299     7.81G       1.3     0.383         0      1.68        26       608      0.89     0.788      0.85     0.836      2.45     0.346         0
   103/299     7.81G       1.3     0.397         0       1.7        13       608     0.915     0.765     0.844     0.833      2.49     0.371         0
   104/299     7.81G      1.28     0.409         0      1.69        31       608     0.914     0.753     0.858     0.826      2.45      0.36         0
   105/299     7.81G      1.24     0.408         0      1.65        27       608     0.898     0.788     0.869     0.839      2.33     0.344         0
   106/299     7.81G      1.22     0.403         0      1.62        27       608     0.902     0.796     0.888     0.846       2.3     0.333         0
   107/299     7.81G      1.22     0.392         0      1.62        24       608     0.881     0.805     0.876     0.842      2.35     0.319         0
   108/299     7.81G      1.21     0.386         0       1.6        26       608     0.908     0.796     0.861     0.849      2.41     0.344         0
   109/299     7.81G       1.3     0.375         0      1.68        29       608     0.917      0.77     0.844     0.837      2.43     0.358         0
   110/299     7.81G      1.12     0.382         0       1.5        29       608     0.899     0.752     0.861     0.819      2.28     0.358         0
   111/299     7.81G      1.16     0.373         0      1.54        31       608     0.899     0.785      0.86     0.838      2.38     0.358         0
   112/299     7.81G      1.16     0.391         0      1.55        27       608      0.87     0.768     0.857     0.816      2.43     0.358         0
   113/299     7.81G      1.19     0.366         0      1.56        25       608     0.869     0.766     0.846     0.814      2.46     0.365         0
   114/299     7.81G      1.22      0.39         0      1.61        29       608     0.898     0.726     0.835     0.803      2.36     0.367         0
   115/299     7.81G      1.13      0.39         0      1.52        31       608     0.914     0.749     0.841     0.823      2.42     0.357         0
   116/299     7.81G      1.17     0.348         0      1.52        13       608     0.876     0.752     0.818      0.81      2.52     0.366         0
   117/299     7.81G      1.19     0.367         0      1.56        22       608     0.889     0.735     0.837     0.804      2.51     0.353         0
   118/299     7.81G      1.23     0.378         0      1.61        30       608     0.912     0.733     0.838     0.812      2.36     0.371         0
   119/299     7.81G      1.12     0.396         0      1.51        27       608     0.902     0.736     0.827     0.811      2.41     0.358         0
   120/299     7.81G      1.07     0.354         0      1.42        30       608     0.903     0.742     0.838     0.815      2.37     0.359         0
   121/299     7.81G      1.15      0.37         0      1.52        26       608     0.896     0.758     0.846     0.821      2.26     0.358         0
   122/299     7.81G      1.19     0.371         0      1.56        21       608     0.893      0.77     0.853     0.827      2.29     0.374         0
   123/299     7.81G      1.21     0.365         0      1.58        24       608      0.89     0.761     0.846     0.821      2.27     0.371         0
   124/299     7.81G      1.13     0.364         0      1.49        23       608     0.887     0.761     0.833     0.819      2.29     0.356         0
   125/299     7.81G      1.05     0.372         0      1.42        23       608      0.86     0.743      0.82     0.798      2.34     0.355         0
   126/299     7.81G       1.2     0.378         0      1.58        24       608     0.873     0.796     0.843     0.833      2.32      0.34         0
   127/299     7.81G       1.1     0.339         0      1.44        33       608     0.887     0.764      0.84     0.821      2.29     0.353         0
   128/299     7.81G      1.07     0.349         0      1.42        23       608     0.904     0.746     0.856     0.817      2.26     0.375         0
   129/299     7.81G      1.09      0.35         0      1.44        11       608     0.902     0.734     0.857      0.81      2.28     0.371         0
   130/299     7.81G      1.12     0.387         0      1.51        26       608     0.903     0.745     0.855     0.816      2.27     0.363         0
   131/299     7.81G       1.1     0.332         0      1.44        24       608     0.891     0.743     0.842     0.811      2.35     0.364         0
   132/299     7.81G      1.07     0.347         0      1.42        29       608     0.877     0.743     0.831     0.805      2.33     0.371         0
   133/299     7.81G      1.01     0.325         0      1.34        32       608     0.881     0.752     0.818     0.812      2.37     0.375         0
   134/299     7.81G      1.02      0.34         0      1.36        24       608     0.887     0.761     0.813     0.819      2.34     0.367         0
   135/299     7.81G       1.1     0.349         0      1.45        23       608     0.891     0.794     0.836      0.84      2.37     0.363         0
   136/299     7.81G     0.999     0.322         0      1.32        27       608      0.89     0.788     0.842     0.836      2.33     0.369         0
   137/299     7.81G      0.92     0.321         0      1.24        23       608     0.882     0.814      0.85     0.847      2.33     0.352         0
   138/299     7.81G      1.08     0.373         0      1.46        32       608     0.868      0.77     0.858     0.816      2.43     0.341         0
   139/299     7.81G      1.02     0.318         0      1.34        22       608     0.903     0.821     0.858      0.86      2.37     0.349         0
   140/299     7.81G      1.01     0.323         0      1.34        24       608     0.903     0.827     0.853     0.863      2.36     0.348         0
   141/299     7.81G     0.998     0.318         0      1.32        27       608     0.911     0.813     0.868     0.859      2.25     0.337         0
   142/299     7.81G         1     0.311         0      1.32        12       608     0.904     0.832     0.861     0.867      2.29     0.335         0
   143/299     7.81G      1.01     0.302         0      1.31        22       608     0.898     0.814     0.848     0.854      2.28     0.348         0
   144/299     7.81G     0.962     0.319         0      1.28        25       608     0.881     0.796      0.86     0.836      2.32      0.33         0
   145/299     7.81G     0.966     0.325         0      1.29        28       608     0.877      0.85      0.87     0.863      2.26     0.337         0
   146/299     7.81G     0.916      0.32         0      1.24        21       608     0.855     0.823     0.868     0.839      2.19     0.343         0
   147/299     7.81G      1.02     0.318         0      1.33        28       608     0.867     0.807     0.858     0.836      2.26     0.354         0
   148/299     7.81G     0.916     0.297         0      1.21        25       608     0.899     0.814     0.853     0.855       2.3     0.361         0
   149/299     7.81G     0.909     0.298         0      1.21        24       608     0.896     0.788     0.845     0.838       2.3     0.373         0
   150/299     7.81G     0.928     0.325         0      1.25        29       608     0.915     0.805     0.843     0.857      2.32     0.366         0
   151/299     7.81G      0.92     0.311         0      1.23        28       608     0.908     0.805     0.856     0.854       2.3     0.373         0
   152/299     7.81G     0.927     0.323         0      1.25        25       608     0.916     0.788     0.844     0.847      2.31     0.385         0
   153/299     7.81G     0.839     0.308         0      1.15        27       608     0.908     0.752     0.828     0.823      2.34     0.386         0
   154/299     7.81G     0.988     0.304         0      1.29        31       608     0.924     0.748     0.825     0.827      2.34     0.396         0
   155/299     7.81G     0.863     0.316         0      1.18        14       608      0.92     0.761     0.831     0.833      2.27     0.405         0
   156/299     7.81G     0.871      0.29         0      1.16        21       608     0.925     0.769     0.851      0.84      2.24     0.393         0
   157/299     7.81G     0.908     0.321         0      1.23        23       608       0.9     0.792      0.85     0.842      2.21      0.38         0
   158/299     7.81G      0.84     0.322         0      1.16        27       608     0.879     0.805     0.857     0.841      2.28     0.373         0
   159/299     7.81G     0.909     0.275         0      1.18        32       608     0.891       0.8     0.853     0.843      2.32     0.373         0
   160/299     7.81G     0.799     0.276         0      1.07        25       608     0.891       0.8     0.844     0.843      2.33     0.384         0
   161/299     7.81G     0.892     0.313         0       1.2        25       608     0.881     0.788     0.842     0.832      2.34     0.389         0
   162/299     7.81G     0.814     0.285         0       1.1        27       608     0.892     0.804      0.85     0.846      2.34     0.387         0
   163/299     7.81G     0.837     0.293         0      1.13        33       608     0.911     0.817     0.848     0.862      2.35     0.399         0
   164/299     7.81G     0.833     0.281         0      1.11        28       608      0.91     0.806     0.851     0.855      2.28     0.397         0
   165/299     7.81G     0.775     0.299         0      1.07        27       608     0.903     0.823     0.856     0.861      2.26     0.388         0
   166/299     7.81G      0.78     0.265         0      1.04        24       608     0.912     0.825     0.863     0.866      2.22      0.38         0
   167/299     7.81G     0.874     0.294         0      1.17        30       608      0.91     0.832      0.86     0.869      2.28     0.391         0
   168/299     7.81G     0.822     0.265         0      1.09        11       608     0.937     0.785     0.851     0.854       2.3     0.391         0
   169/299     7.81G     0.767      0.26         0      1.03        26       608     0.925     0.779     0.846     0.846      2.28     0.394         0
   170/299     7.81G     0.822      0.27         0      1.09        23       608     0.908     0.785     0.845     0.842      2.24     0.389         0
   171/299     7.81G     0.802     0.275         0      1.08        29       608     0.899     0.788     0.851      0.84      2.25     0.378         0
   172/299     7.81G     0.819     0.255         0      1.07        28       608     0.906     0.805      0.85     0.853      2.27     0.375         0
   173/299     7.81G     0.809     0.272         0      1.08        25       608     0.901     0.801     0.862     0.848       2.2     0.364         0
   174/299     7.81G     0.732     0.258         0      0.99        30       608     0.889     0.783     0.866     0.833      2.25     0.359         0
   175/299     7.81G     0.826     0.291         0      1.12        29       608     0.903     0.796     0.857     0.846      2.27     0.362         0
   176/299     7.81G     0.695     0.269         0     0.964        35       608     0.913     0.831     0.868      0.87      2.19     0.351         0
   177/299     7.81G      0.76     0.241         0         1        28       608     0.903     0.827     0.871     0.863      2.25     0.353         0
   178/299     7.81G     0.765     0.252         0      1.02        25       608     0.902     0.817     0.872     0.858      2.28     0.352         0
   179/299     7.81G     0.733     0.255         0     0.988        26       608     0.909     0.794     0.872     0.847      2.31     0.356         0
   180/299     7.81G     0.765     0.235         0     0.999        25       608     0.906      0.77     0.869     0.832      2.29     0.359         0
   181/299     7.81G     0.769      0.26         0      1.03        15       608     0.918     0.793     0.867     0.851      2.29      0.35         0
   182/299     7.81G     0.773     0.278         0      1.05        26       608     0.919     0.798      0.87     0.854      2.27     0.347         0
   183/299     7.81G     0.759      0.25         0      1.01        24       608     0.913     0.779     0.864      0.84      2.28     0.344         0
   184/299     7.81G     0.711      0.26         0      0.97        27       608     0.908     0.782     0.868      0.84      2.27      0.34         0
   185/299     7.81G     0.722     0.259         0     0.981        25       608     0.913     0.788      0.86     0.846      2.24     0.343         0
   186/299     7.81G     0.743     0.239         0     0.983        21       608     0.916      0.77     0.859     0.836      2.22     0.358         0
   187/299     7.81G     0.696     0.246         0     0.942        27       608     0.916     0.777     0.859     0.841      2.18     0.357         0
   188/299     7.81G     0.673     0.261         0     0.934        23       608      0.91      0.81     0.863     0.857      2.15     0.355         0
   189/299     7.81G     0.657     0.215         0     0.872        30       608     0.904     0.831     0.866     0.866      2.16     0.349         0
   190/299     7.81G      0.66      0.22         0      0.88        28       608     0.904     0.835     0.869     0.868      2.17     0.347         0
   191/299     7.81G     0.667     0.241         0     0.908        22       608     0.913     0.831     0.868      0.87      2.17     0.352         0
   192/299     7.81G      0.71     0.228         0     0.938        29       608      0.92     0.815      0.87     0.864      2.18     0.376         0
   193/299     7.81G     0.703     0.226         0     0.929        25       608     0.919       0.8     0.871     0.856      2.17     0.377         0
   194/299     7.81G     0.683      0.23         0     0.913        13       608     0.917     0.782     0.858     0.844      2.16     0.377         0
   195/299     7.81G       0.6     0.215         0     0.815        33       608     0.898      0.77     0.853     0.829      2.17     0.375         0
   196/299     7.81G     0.586     0.228         0     0.815        28       608     0.908     0.786     0.862     0.842      2.18     0.374         0
   197/299     7.81G     0.622     0.197         0     0.819        28       608     0.901     0.803     0.863     0.849      2.19     0.371         0
   198/299     7.81G     0.593     0.231         0     0.824        29       608     0.902     0.818     0.863     0.858      2.17     0.372         0
   199/299     7.81G     0.628     0.225         0     0.853        30       608     0.904      0.83     0.865     0.865      2.13     0.361         0
   200/299     7.81G     0.672     0.217         0     0.889        25       608     0.913     0.838     0.865     0.874      2.13      0.36         0
   201/299     7.81G     0.614     0.227         0     0.841        30       608     0.908     0.832     0.867     0.868      2.19     0.375         0
   202/299     7.81G     0.673     0.221         0     0.894        23       608      0.91     0.832     0.873     0.869       2.2     0.385         0
   203/299     7.81G     0.587     0.195         0     0.782        23       608     0.895      0.83     0.863     0.861      2.21     0.382         0
   204/299     7.81G       0.6     0.215         0     0.814        29       608     0.899     0.823     0.864     0.859       2.2     0.374         0
   205/299     7.81G     0.598     0.213         0     0.811        20       608     0.905     0.846     0.868     0.875      2.17     0.372         0
   206/299     7.81G     0.637     0.198         0     0.835        29       608     0.898     0.841     0.869     0.868      2.17     0.371         0
   207/299     7.81G     0.568     0.202         0     0.769        15       608     0.905     0.858      0.86     0.881      2.16     0.371         0
   208/299     7.81G     0.565      0.21         0     0.775        28       608     0.902     0.858     0.859      0.88      2.14     0.369         0
   209/299     7.81G      0.54       0.2         0     0.739        26       608     0.901     0.858     0.853     0.879      2.13     0.363         0
   210/299     7.81G     0.561     0.211         0     0.772        28       608     0.901     0.858      0.86     0.879      2.18     0.357         0
   211/299     7.81G     0.523     0.186         0     0.709        29       608     0.906     0.855     0.863      0.88      2.13     0.366         0
   212/299     7.81G     0.537     0.194         0     0.731        22       608     0.906     0.852     0.856     0.878      2.15     0.371         0
   213/299     7.81G     0.537     0.187         0     0.724        24       608     0.913     0.858     0.862     0.885      2.13     0.367         0
   214/299     7.81G     0.553     0.202         0     0.756        29       608     0.915     0.861     0.878     0.888      2.14     0.366         0
   215/299     7.81G     0.569     0.215         0     0.784        26       608     0.913     0.867     0.871      0.89      2.15     0.365         0
   216/299     7.81G     0.534     0.191         0     0.725        26       608     0.905     0.848     0.869     0.876      2.16     0.377         0
   217/299     7.81G     0.544     0.199         0     0.742        26       608     0.898     0.859     0.874     0.878      2.17     0.377         0
   218/299     7.81G     0.534     0.199         0     0.733        24       608     0.897      0.85     0.877     0.873      2.15     0.377         0
   219/299     7.81G     0.521     0.187         0     0.707        27       608     0.899     0.866     0.876     0.882      2.13     0.376         0
   220/299     7.81G     0.528     0.197         0     0.725        14       608     0.891     0.858     0.876     0.874      2.13     0.372         0
   221/299     7.81G     0.513     0.204         0     0.716        35       608     0.882     0.859      0.88      0.87      2.12     0.373         0
   222/299     7.81G     0.509      0.19         0     0.699        28       608     0.887     0.858     0.881     0.873      2.11     0.376         0
   223/299     7.81G     0.524     0.185         0     0.709        30       608      0.89     0.862     0.879     0.876       2.1     0.382         0
   224/299     7.81G     0.502     0.183         0     0.685        30       608     0.897     0.858      0.87     0.877      2.11     0.388         0
   225/299     7.81G     0.477     0.185         0     0.662        35       608     0.898     0.862     0.873      0.88      2.14     0.392         0
   226/299     7.81G     0.501     0.177         0     0.677        23       608     0.907      0.86     0.866     0.883      2.14     0.396         0
   227/299     7.81G     0.479     0.167         0     0.646        27       608     0.906     0.867     0.868     0.886      2.13     0.396         0
   228/299     7.81G     0.475     0.192         0     0.667        30       608     0.911     0.867     0.861     0.888      2.13     0.396         0
   229/299     7.81G     0.484     0.183         0     0.666        23       608     0.911     0.867     0.868     0.889      2.12     0.391         0
   230/299     7.81G     0.485     0.168         0     0.653        24       608      0.91     0.867     0.883     0.888       2.1     0.383         0
   231/299     7.81G     0.494     0.194         0     0.688        30       608     0.907     0.866     0.888     0.886      2.09     0.382         0
   232/299     7.81G     0.471     0.169         0      0.64        24       608     0.901     0.867     0.887     0.884      2.12     0.389         0
   233/299     7.81G     0.466     0.173         0     0.639        13       608     0.906     0.867      0.88     0.886      2.11     0.395         0
   234/299     7.81G     0.492     0.171         0     0.663        26       608     0.903     0.858     0.875      0.88      2.14     0.397         0
   235/299     7.81G     0.468     0.174         0     0.642        25       608     0.901     0.858     0.872     0.879      2.14     0.401         0
   236/299     7.81G     0.475     0.179         0     0.654        29       608     0.899     0.858     0.869     0.878      2.14     0.406         0
   237/299     7.81G      0.46     0.182         0     0.642        25       608     0.898     0.859      0.87     0.878      2.16     0.409         0
   238/299     7.81G     0.438     0.163         0     0.601        23       608     0.907     0.866     0.874     0.886      2.16     0.409         0
   239/299     7.81G     0.464     0.186         0      0.65        27       608     0.901     0.867      0.88     0.884      2.14     0.407         0
   240/299     7.81G     0.468     0.166         0     0.634        30       608      0.91     0.867      0.88     0.888      2.16     0.394         0
   241/299     7.81G     0.478     0.163         0     0.642        25       608      0.91     0.867     0.879     0.888      2.17     0.396         0
   242/299     7.81G     0.477     0.185         0     0.662        31       608     0.916     0.865     0.877      0.89      2.16     0.401         0
   243/299     7.81G      0.48     0.181         0     0.662        29       608     0.916     0.865     0.876      0.89      2.15     0.407         0
   244/299     7.81G     0.462     0.168         0     0.629        28       608     0.909     0.858      0.88     0.883      2.15     0.409         0
   245/299     7.81G     0.438     0.188         0     0.626        28       608     0.906     0.858     0.886     0.882      2.15     0.407         0
   246/299     7.81G     0.454      0.16         0     0.614        14       608     0.915     0.862     0.882     0.888      2.15     0.408         0
   247/299     7.81G     0.459     0.169         0     0.628        23       608     0.915     0.861     0.874     0.888      2.12     0.406         0
   248/299     7.81G     0.435     0.166         0       0.6        29       608     0.912     0.858     0.875     0.884      2.12     0.402         0
   249/299     7.81G     0.439     0.149         0     0.587        26       608     0.916     0.866     0.867      0.89      2.12     0.398         0
   250/299     7.81G     0.417      0.16         0     0.577        27       608     0.907     0.867     0.871     0.887      2.12     0.399         0
   251/299     7.81G     0.421     0.169         0      0.59        29       608     0.907     0.863     0.869     0.884      2.13     0.405         0
   252/299     7.81G     0.418     0.172         0      0.59        27       608     0.907     0.862     0.868     0.884      2.12     0.408         0
   253/299     7.81G     0.423     0.175         0     0.598        24       608     0.907     0.867     0.865     0.886      2.13      0.41         0
   254/299     7.81G     0.415     0.165         0     0.581        31       608     0.906     0.867     0.862     0.886      2.14     0.407         0
   255/299     7.81G      0.44     0.178         0     0.618        23       608     0.906     0.867     0.861     0.886      2.13     0.408         0
   256/299     7.81G     0.427     0.165         0     0.592        30       608     0.915     0.867     0.864      0.89      2.13     0.408         0
   257/299     7.81G      0.45     0.155         0     0.605        25       608     0.921     0.867     0.865     0.893      2.13     0.407         0
   258/299     7.81G     0.415     0.156         0     0.571        30       608      0.92     0.858     0.865     0.888      2.13     0.405         0
   259/299     7.81G     0.416     0.144         0      0.56        12       608     0.922     0.858     0.865     0.889      2.15     0.405         0
   260/299     7.81G     0.428      0.16         0     0.588        30       608     0.922     0.858     0.863     0.889      2.14     0.402         0
   261/299     7.81G     0.399     0.149         0     0.548        23       608     0.924     0.862     0.863     0.892      2.12     0.403         0
   262/299     7.81G     0.423     0.163         0     0.586        29       608     0.924     0.867     0.863     0.895      2.13     0.404         0
   263/299     7.81G     0.421     0.168         0     0.589        27       608     0.924     0.865     0.863     0.894      2.13     0.406         0
   264/299     7.81G      0.41     0.149         0     0.559        26       608     0.919     0.867     0.864     0.893      2.12     0.406         0
   265/299     7.81G     0.419     0.145         0     0.565        28       608     0.924     0.857     0.863     0.889      2.13     0.407         0
   266/299     7.81G     0.407      0.15         0     0.557        24       608     0.924     0.857     0.864     0.889      2.14     0.408         0
   267/299     7.81G     0.408     0.148         0     0.556        23       608     0.924     0.858     0.872      0.89      2.13     0.408         0
   268/299     7.81G     0.423     0.176         0     0.599        30       608     0.916      0.85     0.868     0.881      2.13     0.407         0
   269/299     7.81G     0.414     0.159         0     0.573        23       608     0.917      0.85     0.874     0.882      2.13     0.407         0
   270/299     7.81G     0.418      0.16         0     0.578        29       608     0.916      0.85     0.874     0.882      2.14     0.408         0
   271/299     7.81G     0.402     0.162         0     0.564        30       608     0.918      0.85     0.871     0.882      2.13     0.411         0
   272/299     7.81G       0.4     0.157         0     0.557        15       608     0.919      0.85      0.87     0.883      2.11      0.41         0
   273/299     7.81G     0.401     0.152         0     0.553        27       608     0.924     0.856      0.87     0.888      2.11      0.41         0
   274/299     7.81G     0.405     0.153         0     0.558        27       608     0.923     0.854     0.859     0.887      2.11      0.41         0
   275/299     7.81G     0.399     0.141         0     0.541        27       608     0.923     0.854     0.868     0.887      2.11     0.412         0
   276/299     7.81G     0.411     0.158         0     0.569        32       608     0.924     0.855     0.868     0.888      2.11     0.412         0
   277/299     7.81G     0.397     0.144         0     0.541        26       608     0.924     0.857     0.868     0.889       2.1     0.412         0
   278/299     7.81G     0.406     0.138         0     0.545        32       608     0.922     0.858     0.869     0.889      2.11     0.413         0
   279/299     7.81G     0.405     0.159         0     0.565        24       608     0.924     0.858     0.869      0.89      2.11     0.415         0
   280/299     7.81G     0.418     0.161         0     0.579        31       608     0.924     0.858     0.868      0.89       2.1     0.417         0
   281/299     7.81G     0.385     0.161         0     0.546        32       608     0.924     0.858     0.869      0.89      2.11     0.415         0
   282/299     7.81G     0.406     0.167         0     0.573        25       608     0.924     0.864      0.87     0.893      2.11     0.412         0
   283/299     7.81G     0.395     0.171         0     0.566        30       608     0.913     0.858     0.869     0.885      2.11      0.41         0
   284/299     7.81G     0.401     0.147         0     0.548        23       608     0.907     0.861      0.87     0.883       2.1     0.406         0
   285/299     7.81G     0.399     0.147         0     0.546        12       608     0.907     0.862     0.869     0.884      2.11     0.407         0
   286/299     7.81G     0.383     0.152         0     0.535        27       608     0.906     0.867     0.869     0.886       2.1     0.406         0
   287/299     7.81G      0.41     0.148         0     0.558        22       608     0.906     0.867     0.869     0.886      2.11     0.405         0
   288/299     7.81G     0.384     0.153         0     0.537        25       608     0.911     0.867     0.869     0.889       2.1     0.408         0
   289/299     7.81G     0.396     0.162         0     0.558        21       608     0.916     0.867     0.868     0.891      2.11      0.41         0
   290/299     7.81G     0.409     0.147         0     0.557        23       608     0.918     0.867     0.865     0.892      2.12     0.413         0
   291/299     7.81G     0.388     0.143         0      0.53        29       608     0.917     0.867     0.868     0.892      2.12     0.413         0
   292/299     7.81G     0.398     0.135         0     0.533        28       608     0.918     0.867     0.868     0.892      2.12     0.415         0
   293/299     7.81G     0.376     0.147         0     0.523        25       608     0.918     0.867     0.871     0.892      2.12     0.415         0
   294/299     7.81G     0.384     0.135         0     0.519        28       608     0.918     0.867     0.871     0.892      2.13     0.415         0
   295/299     7.81G     0.398     0.151         0     0.549        27       608     0.919     0.867     0.868     0.893      2.14     0.416         0
   296/299     7.81G      0.41     0.149         0     0.559        31       608     0.925     0.867     0.868     0.895      2.14     0.419         0
   297/299     7.81G     0.394     0.143         0     0.536        31       608     0.916     0.867     0.868     0.891      2.14     0.419         0
   298/299     7.81G     0.395     0.132         0     0.526        15       608     0.917     0.867      0.87     0.891      2.15     0.416         0
   299/299     7.81G     0.379     0.143         0     0.522        24       608     0.916     0.867      0.87     0.891      2.14     0.414         0
