[          1]
[          1]
[          1]
[          1]
[          1]
[          1]
[          1]
[          1]
[          1]
[          1]
[          1]
[          1]
[          1]
[          1]
[          1]
[          1]
[          1]
[          1]
[          1]
[          1]
[          1]
[          1]
[          1]
[          1]
[          1]
[    0.96154]
[    0.96296]
[    0.96429]
[    0.96552]
[    0.96667]
[    0.96774]
[    0.96875]
[     0.9697]
[    0.94118]
[    0.94286]
[    0.94444]
[    0.94595]
[    0.94737]
[    0.94872]
[       0.95]
[    0.95122]
[    0.95238]
[    0.95349]
[    0.95455]
[    0.95556]
[    0.95652]
[    0.95745]
[    0.95833]
[    0.95918]
[       0.96]
[    0.96078]
[    0.96154]
[    0.96226]
[    0.96296]
[    0.96364]
[    0.96429]
[    0.96491]
[    0.96552]
[     0.9661]
[    0.96667]
[    0.96721]
[    0.96774]
[    0.96825]
[    0.96875]
[    0.96923]
[     0.9697]
[    0.97015]
[    0.97059]
[    0.97101]
[    0.97143]
[    0.97183]
[    0.97222]
[     0.9726]
[    0.97297]
[    0.97333]
[    0.97368]
[    0.97403]
[    0.97436]
[    0.97468]
[      0.975]
[    0.97531]
[    0.97561]
[     0.9759]
[    0.97619]
[    0.97647]
[    0.97674]
[    0.97701]
[    0.97727]
[    0.97753]
[    0.97778]
[    0.97802]
[    0.97826]
[    0.97849]
[    0.97872]
[    0.97895]
[    0.97917]
[    0.97938]
[    0.97959]
[     0.9798]
[       0.98]
[     0.9802]
[    0.98039]
[    0.98058]
[    0.98077]
[    0.98095]
[    0.98113]
[    0.98131]
[    0.98148]
[    0.98165]
[    0.98182]
[    0.98198]
[    0.98214]
[     0.9823]
[    0.98246]
[    0.98261]
[    0.98276]
[    0.97436]
[    0.97458]
[    0.97479]
[      0.975]
[    0.97521]
[    0.97541]
[    0.97561]
[    0.96774]
[      0.968]
[    0.96825]
[     0.9685]
[    0.96875]
[    0.96899]
[    0.96154]
[    0.96183]
[    0.96212]
[    0.96241]
[    0.96269]
[    0.95556]
[    0.94853]
[    0.94891]
[    0.94928]
[    0.94964]
[       0.95]
[    0.95035]
[     0.9507]
[    0.95105]
[    0.95139]
[    0.95172]
[    0.95205]
[    0.95238]
[     0.9527]
[    0.95302]
[    0.95333]
[    0.95364]
[    0.95395]
[    0.95425]
[    0.95455]
[    0.95484]
[    0.95513]
[    0.94904]
[    0.94937]
[    0.94969]
[       0.95]
[    0.95031]
[    0.95062]
[    0.95092]
[    0.95122]
[    0.95152]
[    0.95181]
[     0.9521]
[    0.95238]
[    0.95266]
[    0.95294]
[    0.95322]
[    0.95349]
[    0.95376]
[    0.95402]
[    0.95429]
[    0.94886]
[    0.94915]
[    0.94944]
[    0.94972]
[       0.95]
[    0.95028]
[    0.95055]
[    0.95082]
[    0.95109]
[    0.95135]
[    0.95161]
[    0.95187]
[    0.95213]
[    0.94709]
[    0.94211]
[    0.94241]
[    0.94271]
[    0.94301]
[     0.9433]
[    0.93846]
[    0.93367]
[    0.93401]
[    0.93434]
[    0.93467]
[      0.935]
[    0.93532]
[    0.93564]
[    0.93103]
[    0.92647]
[    0.92683]
[    0.92718]
[    0.92754]
[    0.92788]
[    0.92823]
[    0.92857]
[    0.92417]
[    0.91981]
[    0.92019]
[    0.92056]
[    0.91628]
[    0.91667]
[    0.91705]
[    0.91743]
[    0.91781]
[    0.91364]
[    0.91403]
[    0.91441]
[    0.91031]
[    0.90625]
[    0.90667]
[    0.90708]
[    0.90749]
[    0.90789]
[    0.90393]
[    0.90435]
[    0.90476]
[    0.90086]
[    0.90129]
[    0.89744]
[    0.89787]
[    0.89831]
[    0.89873]
[    0.89496]
[     0.8954]
[    0.89583]
[    0.89212]
[    0.89256]
[    0.88889]
[    0.88934]
[     0.8898]
[    0.89024]
[    0.88664]
[     0.8871]
[    0.88755]
[      0.888]
[    0.88845]
[    0.88492]
[    0.88142]
[    0.87795]
[    0.87843]
[      0.875]
[    0.87549]
[    0.87597]
[    0.87645]
[    0.87692]
[    0.87356]
[    0.87405]
[    0.87072]
[    0.86742]
[    0.86415]
[    0.86466]
[    0.86517]
[    0.86194]
[    0.85874]
[    0.85926]
[    0.85609]
[    0.85294]
[    0.84982]
[    0.84672]
[    0.84727]
[    0.84783]
[    0.84477]
[    0.84532]
[    0.84588]
[    0.84643]
[    0.84342]
[    0.84043]
[    0.83746]
[    0.83451]
[    0.83158]
[    0.82867]
[    0.82578]
[    0.82292]
[    0.82007]
[    0.82069]
[    0.81787]
[    0.81507]
[    0.81229]
[    0.80952]
[    0.80678]
[    0.80743]
[    0.80471]
[    0.80201]
[    0.79933]
[    0.79667]
[    0.79402]
[    0.79139]
[    0.78878]
[    0.78618]
[    0.78361]
[    0.78105]
[     0.7785]
[    0.77597]
[     0.7767]
[    0.77419]
[     0.7717]
[    0.76923]
[    0.76677]
[    0.76433]
[    0.76508]
[    0.76266]
[    0.76025]
[    0.75786]
[    0.75549]
[    0.75313]
[    0.75078]
[    0.75155]
[    0.74923]
[    0.74691]
[    0.74462]
[    0.74233]
[    0.74006]
[     0.7378]
[    0.73556]
[    0.73333]
[    0.73112]
[    0.72892]
[    0.72673]
[    0.72455]
[    0.72239]
[    0.72024]
[     0.7181]
[    0.71598]
[    0.71386]
[    0.71176]
[    0.70968]
[     0.7076]
[    0.70845]
[     0.7064]
[    0.70435]
[    0.70231]
[    0.70029]
[    0.69828]
[    0.69628]
[    0.69429]
[    0.69516]
[    0.69318]
[    0.69122]
[    0.68927]
[    0.68732]
[    0.68539]
[    0.68347]
[    0.68156]
[    0.67967]
[    0.67778]
[     0.6759]
[    0.67403]
[    0.67218]
[    0.67033]
[    0.66849]
[    0.66667]
[    0.66485]
[    0.66304]
[    0.66125]
[    0.65946]
[    0.65768]
[    0.65591]
[    0.65416]
[    0.65241]
[    0.65067]
[    0.64894]
[    0.64721]
[     0.6455]
[     0.6438]
[    0.64211]
[    0.64042]
[    0.63874]
[    0.63708]
[    0.63542]
[    0.63377]
[    0.63212]
[    0.63049]
[    0.62887]
[    0.62725]
[    0.62564]
[     0.6266]
[      0.625]
[    0.62341]
[    0.62183]
[    0.62025]
[    0.61869]
[    0.61713]
[    0.61558]
[    0.61404]
[     0.6125]
[    0.61097]
[    0.60945]
[    0.60794]
[    0.60644]
[    0.60494]
[    0.60345]
[    0.60197]
[    0.60049]
[    0.59902]
[    0.59756]
[    0.59611]
[    0.59466]
[    0.59322]
[    0.59179]
[    0.59036]
[    0.58894]
[    0.58753]
[    0.58612]
[    0.58473]
[    0.58333]
[    0.58195]
[    0.58057]
[     0.5792]
[    0.57783]
[    0.57647]
[    0.57512]
[    0.57377]
[    0.57243]
[     0.5711]
[    0.56977]
[    0.56845]
[    0.56713]
[    0.56582]
[    0.56452]
[    0.56322]
[    0.56193]
[    0.56064]
[    0.55936]
[    0.55809]
[    0.55682]
[    0.55556]
[     0.5543]
[    0.55305]
[     0.5518]
[    0.55056]
[    0.54933]
[     0.5481]
[    0.54688]
[    0.54566]
[    0.54444]
[    0.54324]
[    0.54204]
[    0.54084]
[    0.53965]
[    0.53846]
[    0.53728]
[    0.53611]
[    0.53493]
[    0.53377]
[    0.53261]
[    0.53145]
[     0.5303]
[    0.52916]
[    0.52802]
[    0.52688]
[    0.52575]
[    0.52463]
[     0.5235]
[    0.52239]
[    0.52128]
[    0.52017]
[    0.51907]
[    0.51797]
[    0.51688]
[    0.51579]
[    0.51471]
[    0.51363]
[    0.51255]
[    0.51148]
[    0.51042]
[    0.50936]
[     0.5083]
[    0.50725]
[     0.5062]
[    0.50515]
[    0.50412]
[    0.50308]
[    0.50205]
[    0.50102]
[        0.5]
[    0.49898]
[    0.49797]
[    0.49696]
[    0.49595]
[    0.49495]
[    0.49395]
[    0.49296]
[    0.49197]
[    0.49098]
[       0.49]
[    0.48902]
[    0.48805]
[    0.48708]
[    0.48611]
[    0.48515]
[    0.48419]
[    0.48323]
[    0.48228]
[    0.48134]
[    0.48039]
[    0.47945]
[    0.47852]
[    0.47758]
[    0.47665]
[    0.47573]
[    0.47481]
[    0.47389]
[    0.47297]
[    0.47206]
[    0.47115]
[    0.47025]
[    0.46935]
[    0.46845]
[    0.46756]
[    0.46667]
[    0.46578]
[     0.4649]
[    0.46402]
[    0.46314]
[    0.46226]
[    0.46139]
[    0.46053]
[    0.45966]
[     0.4588]
[    0.45794]
[    0.45709]
[    0.45624]
[    0.45539]
[    0.45455]
[     0.4537]
[    0.45287]
[    0.45203]
[     0.4512]
[    0.45037]
[    0.44954]
[    0.44872]
[     0.4479]
[    0.44708]
[    0.44627]
[    0.44545]
[    0.44465]
[    0.44384]
[    0.44304]
[    0.44224]
[    0.44144]
[    0.44065]
[    0.43986]
[    0.43907]
[    0.43828]
[     0.4375]
[    0.43672]
[    0.43594]
[    0.43517]
[     0.4344]
[    0.43363]
[    0.43286]
[     0.4321]
[    0.43134]
[    0.43058]
[    0.42982]
[    0.42907]
[    0.42832]
[    0.42757]
[    0.42683]
[    0.42609]
[    0.42535]
[    0.42461]
[    0.42388]
[    0.42314]
[    0.42241]
[    0.42169]
[    0.42096]
[    0.42024]
[    0.41952]
[     0.4188]
[    0.41809]
[    0.41738]
[    0.41667]
[    0.41596]
[    0.41525]
[    0.41455]
[    0.41385]
[    0.41315]
[    0.41246]
[    0.41176]
[    0.41107]
[    0.41039]
[     0.4097]
[    0.40902]
[    0.40833]
[    0.40765]
[    0.40698]
[     0.4063]
[    0.40563]
[    0.40496]
[    0.40429]
[    0.40362]
[    0.40296]
[     0.4023]
[    0.40164]
[    0.40098]
[    0.40033]
[    0.39967]
[    0.39902]
[    0.39837]
[    0.39773]
[    0.39708]
[    0.39644]
[     0.3958]
[    0.39516]
[    0.39452]
[    0.39389]
[    0.39326]
[    0.39263]
[      0.392]
[    0.39137]
[    0.39075]
[    0.39013]
[    0.38951]
[    0.38889]
[    0.38827]
[    0.38766]
[    0.38705]
[    0.38644]
[    0.38583]
[    0.38522]
[    0.38462]
[    0.38401]
[    0.38341]
[    0.38281]
[    0.38222]
[    0.38162]
[    0.38103]
[    0.38043]
[    0.37984]
[    0.37926]
[    0.37867]
[    0.37809]
[     0.3775]
[    0.37692]
[    0.37788]
[     0.3773]
[    0.37672]
[    0.37615]
[    0.37557]
[      0.375]
[    0.37443]
[    0.37386]
[    0.37329]
[    0.37273]
[    0.37216]
[     0.3716]
[    0.37104]
[    0.37048]
[    0.36992]
[    0.37087]
[    0.37181]
[    0.37126]
[     0.3707]
[    0.37015]
[     0.3696]
[    0.36905]
[     0.3685]
[    0.36795]
[    0.36741]
[    0.36686]
[    0.36632]
[    0.36578]
[    0.36524]
[    0.36471]
[    0.36417]
[    0.36364]
[     0.3631]
[    0.36257]
[    0.36204]
[    0.36152]
[    0.36099]
[    0.36047]
[    0.35994]
[    0.35942]
[     0.3589]
[    0.35838]
[    0.35786]
[    0.35735]
[    0.35683]
[    0.35632]
[    0.35581]
[     0.3553]
[    0.35479]
[    0.35429]
[    0.35378]
[    0.35328]
[    0.35277]
[    0.35227]
[    0.35177]
[    0.35127]
[    0.35078]
[    0.35028]
[    0.34979]
[     0.3493]
[     0.3488]
[    0.34831]
[    0.34783]
[    0.34734]
[    0.34685]
[    0.34637]
[    0.34589]
[     0.3454]
[    0.34492]
[    0.34444]
[    0.34397]
[    0.34349]
[    0.34302]
[    0.34254]
[    0.34207]
[     0.3416]
[    0.34113]
[    0.34066]
[    0.34019]
[    0.33973]
[    0.33926]
[     0.3388]
[    0.33834]
[    0.33787]
[    0.33741]
[    0.33696]
[     0.3365]
[    0.33604]
[    0.33559]
[    0.33514]
[    0.33468]
[    0.33423]
[    0.33378]
[    0.33333]
[    0.33289]
[    0.33244]
[    0.33199]
[    0.33155]
[    0.33111]
[    0.33067]
[    0.33023]
[    0.32979]
[    0.32935]
[    0.32891]
[    0.32848]
[    0.32804]
[    0.32761]
[    0.32718]
[    0.32675]
[    0.32632]
[    0.32589]
[    0.32546]
[    0.32503]
[    0.32461]
[    0.32418]
[    0.32376]
[    0.32334]
[    0.32292]
[     0.3225]
[    0.32208]
[    0.32166]
[    0.32124]
[    0.32083]
[    0.32041]
[       0.32]
[    0.31959]
[    0.31918]
[    0.31877]
[    0.31836]
[    0.31795]
[    0.31754]
[    0.31714]
[    0.31673]
[    0.31633]
[    0.31592]
[    0.31552]
[    0.31512]
[    0.31472]
[    0.31432]
[    0.31392]
[    0.31353]
[    0.31313]
[    0.31274]
[    0.31234]
[    0.31195]
[    0.31156]
[    0.31117]
[    0.31078]
[    0.31039]
[       0.31]
[    0.31086]
[    0.31047]
[    0.31009]
[     0.3097]
[    0.30932]
[    0.30893]
[    0.30855]
[    0.30817]
[    0.30779]
[    0.30741]
[    0.30703]
[    0.30665]
[    0.30627]
[     0.3059]
[    0.30552]
[    0.30515]
[    0.30477]
[     0.3044]
[    0.30403]
[    0.30366]
[    0.30329]
[    0.30292]
[    0.30255]
[    0.30218]
[    0.30182]
[    0.30145]
[    0.30109]
[    0.30072]
[    0.30036]
[        0.3]
[    0.29964]
[    0.29928]
[    0.29892]
[    0.29856]
[     0.2982]
[    0.29785]
[    0.29749]
[    0.29714]
[    0.29678]
[    0.29643]
[    0.29608]
[    0.29572]
[    0.29537]
[    0.29502]
[    0.29467]
[    0.29433]
[    0.29398]
[    0.29363]
[    0.29329]
[    0.29294]
[     0.2926]
[    0.29225]
[    0.29191]
[    0.29157]
[    0.29123]
[    0.29089]
[    0.29055]
[    0.29021]
[    0.28987]
[    0.28953]
[     0.2892]
[    0.28886]
[    0.28853]
[    0.28819]
[    0.28786]
[    0.28753]
[     0.2872]
[    0.28687]
[    0.28654]
[    0.28621]
[    0.28588]
[    0.28555]
[    0.28522]
[     0.2849]
[    0.28457]
[    0.28425]
[    0.28392]
[     0.2836]
[    0.28328]
[    0.28295]
[    0.28263]
[    0.28231]
[    0.28199]
[    0.28167]
[    0.28136]
[    0.28104]
[    0.28072]
[    0.28041]
[    0.28009]
[    0.27978]
[    0.27946]
[    0.27915]
[    0.27884]
[    0.27852]
[    0.27821]
[     0.2779]
[    0.27759]
[    0.27728]
[    0.27697]
[    0.27667]
[    0.27636]
[    0.27605]
[    0.27575]
[    0.27544]
[    0.27514]
[    0.27483]
[    0.27453]
[    0.27423]
[    0.27393]
[    0.27363]
[    0.27333]
[    0.27303]
[    0.27273]
[    0.27243]
[    0.27213]
[    0.27183]
[    0.27154]
[    0.27124]
[    0.27095]
[    0.27065]
[    0.27036]
[    0.27007]
[    0.26977]
[    0.26948]
[    0.26919]
[     0.2689]
[    0.26861]
[    0.26832]
[    0.26803]
[    0.26774]
[    0.26745]
[    0.26717]
[    0.26688]
[     0.2666]
[    0.26631]
[    0.26603]
[    0.26574]
[    0.26546]
[    0.26518]
[    0.26489]
[    0.26461]
[    0.26433]
[    0.26405]
[    0.26377]
[    0.26349]
[    0.26321]
[    0.26294]
[    0.26266]
[    0.26238]
[    0.26211]
[    0.26183]
[    0.26155]
[    0.26128]
[    0.26101]
[    0.26073]
[    0.26046]
[    0.26019]
[    0.25992]
[    0.25965]
[    0.25938]
[    0.25911]
[    0.25884]
[    0.25857]
[     0.2583]
[    0.25803]
[    0.25776]
[     0.2575]
[    0.25723]
[    0.25697]
[     0.2567]
[    0.25644]
[    0.25617]
[    0.25591]
[    0.25565]
[    0.25538]
[    0.25512]
[    0.25486]
[     0.2546]
[    0.25434]
[    0.25408]
[    0.25382]
[    0.25356]
[    0.25331]
[    0.25305]
[    0.25279]
