[    0.73691           0           0]
[    0.85944     0.45382           0           0           0]
[     0.4896     0.50093     0.38955     0.35077       0.509           0     0.68109]
[          0     0.72007           0           0           0     0.45275]
[    0.60371           0           0           0]
[    0.76752     0.72609]
[    0.64578           0           0           0           0           0           0]
[    0.79758           0]
[   0.083735     0.62011]
[    0.47906           0]
[    0.89653           0           0     0.65499           0           0           0           0]
[    0.57156           0     0.45726]
[    0.64387           0]
[    0.92732           0           0]
[    0.59361           0           0           0]
[    0.85547           0           0           0           0           0           0]
[    0.31135           0           0     0.27554]
[    0.39597           0           0           0           0]
[     0.8269]
[    0.79485           0           0     0.20409]
[     0.8465     0.84325]
[    0.72363     0.45562           0           0           0]
[    0.57144           0           0           0]
[     0.8857           0           0           0           0           0           0           0]
[    0.57737     0.31129           0           0]
[    0.56948           0     0.43753           0]
[    0.61732           0           0           0           0]
[    0.91393]
[    0.53688     0.76169           0           0]
[    0.70557           0           0]
[    0.59118           0           0]
[    0.71224     0.63339     0.54249]
[          0     0.52097           0           0]
[          0     0.43268      0.3146     0.53345     0.33276           0]
[     0.4816           0           0]
[    0.63335           0]
[    0.43689     0.64379           0    0.042187           0           0           0]
[    0.76499           0           0     0.36966]
[     0.6948           0]
[   0.047426     0.35592           0   0.0090736     0.06766           0           0]
[    0.80649     0.11151           0]
[    0.85845    0.087725           0]
[    0.68479           0]
[    0.76161]
[    0.65571           0           0     0.50384]
[    0.75554           0]
[    0.57874           0           0           0           0           0           0           0]
[    0.43299     0.73933           0           0]
[    0.70961     0.57114           0]
[    0.67876     0.46303           0           0     0.32126      0.2905]
[    0.66123           0     0.17989     0.38879     0.25629]
[    0.51108     0.55992     0.63152           0]
[    0.56078     0.67753           0    0.077596           0           0]
[    0.63944    0.058679           0    0.076449           0]
[     0.7476           0           0]
[    0.73981     0.66641     0.47237]
[    0.85783     0.59102     0.61744           0           0           0]
[    0.60743           0           0      0.5348]
[    0.80632           0]
[    0.58303           0           0           0           0           0           0           0           0           0           0]
[    0.59432     0.44372           0           0           0]
[    0.54849           0]
[    0.72278]
[    0.73736           0]
[    0.89735      0.8496     0.85407     0.82967     0.71078     0.41215]
[    0.57798     0.68166           0           0           0]
[     0.7459     0.46716     0.70732           0     0.81523           0    0.066631           0]
[    0.96011           0           0]
[    0.90893           0]
[    0.52481           0           0]
[    0.79789]
[    0.88898           0]
[     0.9381     0.70545     0.55193]
[    0.67944    0.043113           0           0     0.57827           0      0.6742]
[    0.81485           0     0.70657]
[    0.88589           0]
[    0.86827           0           0]
[    0.46253     0.42907     0.38655]
[    0.72609     0.55379     0.64659           0           0           0           0           0]
[    0.57687           0           0           0]
[    0.72375]
[    0.62806           0     0.47504           0]
[    0.50505]
[    0.45931     0.53084     0.57766]
[    0.78559           0     0.58626           0           0           0           0]
[    0.71197           0           0     0.56784]
[    0.76377           0     0.51782]
[    0.65284    0.061828           0]
[    0.71461           0           0           0           0           0]
[     0.8849           0           0]
[    0.67122           0]
[    0.86252     0.74915           0     0.53505           0           0           0]
[    0.65444     0.68353     0.42927]
[    0.59573     0.85496      0.4728]
[    0.78361     0.91743]
[    0.65029     0.55262           0     0.51087]
[    0.66222           0]
[    0.41637     0.84149           0           0]
[     0.7469           0           0]
[    0.51215           0           0           0           0]
