[    0.80076     0.74129           0]
[    0.77014     0.80953     0.58242     0.38247           0           0]
[    0.52986     0.56577           0           0           0]
[    0.83765           0           0     0.83639           0]
[    0.59608     0.68466           0           0           0]
[    0.66239           0           0]
[    0.59841     0.53274     0.78116     0.41207     0.71274     0.54545     0.63406     0.53641]
[    0.63089     0.68728]
[    0.76154     0.58603]
[          0     0.51399]
[    0.72268           0]
[    0.81594           0     0.43337]
[    0.68549           0]
[          0           0           0           0]
[     0.5453           0]
[    0.67698           0]
[     0.5545     0.50679           0     0.51935]
[    0.36003]
[    0.84842     0.58148           0]
[    0.41031           0     0.13322]
[    0.68173     0.65541     0.64528     0.67244           0]
[    0.81852   0.0077626           0           0]
[    0.59127     0.40687]
[    0.23235     0.19619           0           0           0           0]
[    0.62865     0.46293           0           0     0.47922           0           0]
[    0.78758     0.79591           0           0           0           0           0]
[          0     0.38207           0]
[          0           0]
[    0.84741]
[     0.6795]
[     0.7458]
[    0.75045     0.93772]
[    0.83032     0.61232      0.4044           0]
[    0.78382     0.82671     0.40841]
[    0.90512      0.8493           0     0.38711     0.48458           0]
[    0.69996           0]
[          0     0.90685     0.44948]
[    0.48427     0.64568           0           0]
[    0.86411     0.85022      0.6824           0     0.52552           0           0           0           0           0           0]
[          0     0.11885           0           0]
[    0.92085]
[    0.55623           0]
[     0.7297           0           0           0           0]
[    0.90863           0]
[    0.53671]
[    0.95437     0.87285     0.65399           0           0]
[    0.75485           0           0]
[    0.47658]
[    0.32019    0.045879]
[    0.69584     0.88439      0.7985           0]
[    0.75003     0.57646     0.81835           0           0           0           0]
[    0.71025    0.086114]
[    0.81797           0           0           0           0           0           0]
[    0.47093     0.51809]
[    0.87434     0.77097     0.70604           0     0.40865]
[    0.84474     0.62015           0]
[    0.59853           0]
[    0.79965]
[    0.79757     0.77914     0.62588     0.69122     0.72147           0]
[    0.76125           0]
[    0.73197]
[    0.73141     0.69956     0.69592]
[    0.51673           0           0           0           0           0           0           0           0           0]
[     0.6885     0.60779]
[     0.5721]
[          0     0.70714           0]
[     0.8568           0]
[    0.43319           0]
[    0.40595           0]
[          0     0.45271]
[    0.90602]
[    0.67155     0.18111]
[    0.90283           0           0     0.56434]
[    0.68583     0.64032]
[     0.7042           0           0           0           0]
[    0.18592]
[     0.7566           0           0           0           0           0           0           0           0           0           0           0           0           0]
[    0.72978       0.875     0.57089           0           0]
[     0.5575     0.64632     0.88051           0     0.71274           0           0     0.29963           0]
[    0.76342     0.76257     0.84047           0]
[    0.24966           0           0           0]
[    0.35557           0           0           0           0           0]
[    0.79595     0.65409     0.57432           0]
[    0.92645     0.89941           0     0.72724]
[    0.80902     0.72049     0.52029     0.43315     0.74576           0           0]
[    0.90093     0.84511    0.058617           0   0.0041494           0      0.4769]
[    0.68619           0     0.62581]
[    0.49098     0.45938           0]
[    0.77784     0.60314     0.60996     0.67207]
[    0.59143           0     0.68822]
[    0.90307     0.85632     0.90203     0.42929     0.46025]
[     0.7351     0.86274     0.70154     0.82454      0.7315]
[    0.38445     0.53315     0.47293     0.49194      0.5278     0.74579     0.48527           0           0           0     0.51069           0]
[    0.75277     0.59801]
[    0.64775           0]
[    0.70798     0.55174     0.49431]
[     0.8736     0.69166           0]
[    0.85001     0.67769     0.81245           0           0]
[    0.88785     0.95188     0.66477           0]
[    0.74323     0.67493     0.75505]
