[    0.76967           0           0]
[    0.85309]
[    0.64376     0.58468     0.38438           0           0           0]
[    0.72344     0.74268           0]
[    0.35154     0.36633           0           0]
[    0.73981     0.76127     0.38459]
[    0.51078           0           0           0           0           0           0           0           0]
[    0.78284]
[    0.84782           0]
[     0.5927           0           0           0           0           0           0           0           0]
[     0.8739           0]
[     0.6881           0           0           0]
[    0.58208           0           0           0           0           0           0           0           0           0           0           0           0           0           0           0           0           0           0           0           0           0           0           0           0           0
           0           0           0           0           0]
[    0.88966           0     0.50497           0           0           0           0]
[    0.96124           0           0]
[    0.88918           0           0           0           0           0           0           0]
[    0.82455           0           0           0           0]
[          0           0           0           0]
[    0.87974     0.11702           0]
[    0.78284           0           0     0.54623           0           0]
[    0.95135     0.93446           0      0.4954]
[    0.57333           0           0]
[    0.67463           0]
[    0.85353     0.48997           0           0           0]
[    0.63979           0           0           0           0           0           0]
[     0.8254           0     0.10493]
[     0.4402           0           0           0           0           0]
[    0.83647           0]
[    0.89346     0.40387           0           0]
[    0.80024           0           0           0           0           0           0]
[     0.6241           0           0     0.36595]
[    0.88063]
[    0.73302           0     0.71386     0.37804           0]
[    0.90734           0           0           0           0           0]
[    0.71494     0.57601     0.68874           0]
[    0.73355     0.34292]
[    0.85797     0.50729           0           0           0]
[    0.38492           0           0]
[    0.77136           0           0           0           0           0           0]
[    0.60432     0.20123]
[    0.82923           0           0     0.57232]
[    0.88713]
[    0.79084           0]
[    0.90424           0           0           0           0           0           0]
[    0.59543      0.2474]
[    0.84491     0.39349           0]
[    0.87264           0]
[    0.38266           0           0           0           0]
[    0.62692           0           0           0           0           0]
[    0.68722     0.66487    0.015346     0.23606           0           0]
[    0.84968     0.81085     0.53279]
[    0.71201           0     0.71327           0     0.33703           0]
[    0.89161]
[    0.70322           0           0     0.59798           0           0]
[    0.86651           0           0     0.73481]
[    0.86222           0     0.82694           0]
[    0.86449           0]
[    0.56771           0           0           0]
[    0.82629           0           0]
[    0.63283           0           0           0           0           0           0           0]
[    0.90991           0           0           0           0]
[    0.91957           0    0.044318           0           0           0           0           0           0           0           0           0           0           0           0           0]
[    0.78853     0.51684           0]
[     0.7868           0           0]
[    0.95967     0.82004     0.89679     0.70525]
[    0.89449           0     0.44573]
[    0.67866     0.91615           0           0     0.38935           0           0]
[    0.84878     0.46437     0.43938           0]
[    0.91365]
[     0.5044     0.23323     0.63685]
[    0.81341           0     0.82978]
[    0.90699]
[    0.83619           0           0           0]
[    0.93216      0.7185           0           0]
[    0.69927           0           0     0.29624]
[    0.87578     0.39724]
[    0.91838           0           0           0]
[    0.61632     0.48114]
[    0.84656           0           0     0.57333           0]
[    0.88386           0      0.8486     0.88545           0           0]
[     0.6848           0     0.74919]
[    0.63738           0           0           0           0           0           0]
[    0.88502           0           0           0           0           0           0           0           0           0           0           0]
[     0.5908           0]
[    0.80665           0           0           0           0           0     0.59319           0]
[    0.69296     0.33109           0           0]
[    0.54355           0           0           0           0]
[     0.7799    0.056459           0           0]
[    0.76757           0           0]
[    0.80426     0.83561]
[    0.82781     0.53013           0]
[    0.67659           0           0           0           0]
[    0.76319     0.75927     0.70919]
[    0.70612     0.78211     0.62481           0]
[    0.69178     0.84694           0           0           0           0]
[    0.78191      0.7002     0.83003     0.13659]
[    0.70197     0.30485]
[     0.7787]
[    0.70025           0]
[    0.82821           0           0]
