     0/299      7.8G       7.9      32.8         0      40.7        26       608         0         0   0.00744         0      7.34      1.63         0
     1/299     7.81G      6.26      3.89         0      10.1        30       608         0         0    0.0108         0      5.66      1.48         0
     2/299     7.81G      5.34      3.12         0      8.46        23       608         0         0    0.0734         0      4.99       1.1         0
     3/299     7.81G      4.92      2.21         0      7.13        23       608    0.0105     0.265   0.00777    0.0203      6.85      1.87         0
     4/299     7.81G      5.35      1.39         0      6.74        22       608     0.225    0.0821     0.135      0.12      4.96     0.737         0
     5/299     7.81G      4.51      1.34         0      5.85        25       608     0.216      0.28     0.156     0.244      4.85     0.648         0
     6/299     7.81G      4.52      1.15         0      5.67        25       608      0.46     0.487     0.396     0.473      4.35     0.583         0
     7/299     7.81G      4.65      1.16         0      5.82        21       608     0.188     0.133     0.246     0.156      4.15     0.676         0
     8/299     7.81G      4.42      1.16         0      5.57        25       608      0.72     0.318     0.537     0.441      4.11     0.551         0
     9/299     7.81G      4.21     0.992         0      5.21        25       608     0.639     0.487     0.563     0.553       4.1     0.518         0
    10/299     7.81G      4.75      1.14         0       5.9        25       608  0.000595   0.00885    0.0225   0.00112      3.86      40.5         0
    11/299     7.81G      3.86      1.14         0      4.99        21       608    0.0257     0.673    0.0231    0.0495      4.82      19.3         0
    12/299     7.81G       4.1     0.869         0      4.97        32       608     0.381     0.602     0.382     0.466      4.06     0.632         0
    13/299     7.81G      4.23     0.951         0      5.18        28       608     0.667      0.15     0.539     0.246      3.95     0.479         0
    14/299     7.81G       3.8     0.947         0      4.74        28       608     0.433     0.602     0.466     0.504      4.31      0.43         0
    15/299     7.81G         4     0.861         0      4.86        23       608    0.0807     0.159    0.0733     0.107      5.63     0.453         0
    16/299     7.81G       4.1     0.954         0      5.05        22       608      0.78     0.314     0.631     0.448      3.69     0.499         0
    17/299     7.81G      3.72      0.85         0      4.57        24       608     0.786     0.583      0.67      0.67      3.82     0.424         0
    18/299     7.81G      3.54     0.806         0      4.34        22       608       0.6     0.584     0.581     0.592      4.41     0.384         0
    19/299     7.81G      3.74     0.843         0      4.58        30       608     0.551     0.558     0.534     0.554      3.81     0.393         0
    20/299     7.81G       3.4     0.848         0      4.25        26       608     0.721     0.584     0.654     0.645      3.72     0.429         0
    21/299     7.81G      3.59     0.766         0      4.36        33       608     0.659     0.359     0.535     0.465      4.22     0.407         0
    22/299     7.81G      3.41      0.85         0      4.26        25       608      0.75     0.478     0.636     0.584      3.93     0.463         0
    23/299     7.81G      3.31     0.808         0      4.12        16       608     0.678     0.615      0.62     0.645      4.01     0.442         0
    24/299     7.81G      3.05     0.838         0      3.89        22       608     0.714     0.442     0.584     0.546      3.91     0.388         0
    25/299     7.81G      3.29     0.708         0         4        35       608     0.886     0.481     0.742     0.624       3.7     0.411         0
    26/299     7.81G      2.97     0.804         0      3.78        24       608     0.795      0.65     0.705     0.715      3.61     0.409         0
    27/299     7.81G      2.75     0.698         0      3.44        28       608     0.625     0.619     0.598     0.622      4.03     0.413         0
    28/299     7.81G         3     0.699         0       3.7        30       608     0.598     0.475       0.5     0.529      3.91     0.417         0
    29/299     7.81G      2.95     0.759         0      3.71        20       608     0.642     0.726     0.583     0.681      3.47     0.421         0
    30/299     7.81G      2.83     0.689         0      3.52        21       608     0.809     0.749     0.785     0.778      3.63     0.366         0
    31/299     7.81G      2.77     0.744         0      3.51        25       608     0.806     0.708     0.738     0.754      3.32     0.385         0
    32/299     7.81G      2.68     0.611         0      3.29        23       608     0.787     0.652     0.679     0.713      3.47     0.408         0
    33/299     7.81G      2.52      0.67         0      3.19        19       608      0.69     0.846     0.833      0.76       3.4     0.368         0
    34/299     7.81G      2.76     0.677         0      3.44        29       608     0.763      0.74     0.772     0.751      3.29     0.367         0
    35/299     7.81G      2.48     0.643         0      3.12        29       608     0.804     0.752     0.789     0.777      3.56     0.354         0
    36/299     7.81G       2.5     0.623         0      3.13        27       608     0.798     0.767     0.817     0.782       3.2     0.349         0
    37/299     7.81G      2.52     0.629         0      3.15        29       608     0.716      0.85     0.842     0.777      3.43     0.359         0
    38/299     7.81G      2.48     0.607         0      3.09        19       608     0.725     0.726      0.75     0.725      3.84     0.354         0
    39/299     7.81G      2.68     0.619         0       3.3        34       608     0.823     0.823      0.85     0.823      3.27     0.353         0
    40/299     7.81G       2.6     0.619         0      3.22        20       608     0.776     0.841     0.817     0.807      3.22     0.354         0
    41/299     7.81G      2.33     0.616         0      2.95        20       608     0.771     0.788     0.811     0.779      3.14     0.352         0
    42/299     7.81G      2.39     0.592         0      2.98        21       608     0.791      0.77     0.788      0.78      3.17     0.355         0
    43/299     7.81G      2.38     0.551         0      2.93        22       608     0.774      0.79     0.802     0.782      3.17     0.362         0
    44/299     7.81G      2.42     0.604         0      3.02        30       608     0.823     0.841     0.864     0.832      3.12     0.353         0
    45/299     7.81G      2.39     0.585         0      2.97        29       608     0.716      0.85       0.8     0.777      3.19     0.352         0
    46/299     7.81G      2.23     0.557         0      2.79        26       608      0.73     0.823     0.855     0.773      3.08     0.348         0
    47/299     7.81G       2.2     0.571         0      2.77        32       608     0.778     0.805     0.825     0.792      3.16     0.339         0
    48/299     7.81G      1.98     0.597         0      2.58        25       608     0.662     0.735     0.744     0.696      3.25     0.347         0
    49/299     7.81G       2.3     0.543         0      2.84        29       608     0.709     0.779     0.768     0.742      3.09     0.356         0
    50/299     7.81G      2.09      0.55         0      2.64        16       608     0.787      0.75     0.808     0.768      2.98      0.34         0
    51/299     7.81G      2.18     0.566         0      2.75        26       608     0.752      0.78     0.776     0.766      3.01     0.351         0
    52/299     7.81G      2.01      0.54         0      2.55        24       608     0.748     0.717     0.772     0.732      3.04     0.355         0
    53/299     7.81G      2.22     0.518         0      2.73        20       608     0.825     0.664     0.785     0.736      3.01     0.369         0
    54/299     7.81G      2.02     0.564         0      2.58        22       608     0.778     0.752     0.778     0.765      2.82      0.35         0
    55/299     7.81G      1.98     0.521         0       2.5        27       608     0.778     0.773     0.808     0.775      3.07     0.343         0
    56/299     7.81G      1.95      0.55         0       2.5        28       608     0.799     0.779     0.821     0.789      3.02     0.364         0
    57/299     7.81G      2.17     0.569         0      2.74        27       608     0.735     0.699     0.711     0.717       3.3     0.386         0
    58/299     7.81G      2.16     0.529         0      2.68        27       608      0.79     0.731     0.726     0.759      3.65      0.37         0
    59/299     7.81G      2.09     0.541         0      2.63        29       608     0.746     0.726     0.698     0.736      3.19     0.354         0
    60/299     7.81G       1.9     0.546         0      2.44        33       608     0.779     0.823     0.818       0.8      3.07     0.334         0
    61/299     7.81G      1.99      0.52         0      2.51        24       608     0.755     0.762     0.753     0.758      3.04     0.338         0
    62/299     7.81G      1.94     0.479         0      2.42        31       608     0.855     0.785     0.854     0.819      2.98     0.331         0
    63/299     7.81G      2.07     0.483         0      2.55        23       608     0.806     0.734     0.766     0.768      3.15     0.344         0
    64/299     7.81G       1.9     0.501         0       2.4        23       608     0.829     0.779      0.81     0.803      2.83     0.342         0
    65/299     7.81G      1.91     0.499         0      2.41        26       608     0.839     0.828     0.857     0.833      2.94     0.335         0
    66/299     7.81G      2.08     0.514         0      2.59        35       608     0.852     0.814     0.846     0.833      2.91     0.333         0
    67/299     7.81G      1.86     0.462         0      2.32        17       608     0.864     0.805     0.866     0.834      2.88     0.326         0
    68/299     7.81G      1.81      0.45         0      2.26        18       608     0.816     0.796     0.828     0.806      2.93     0.327         0
    69/299     7.81G      1.95     0.411         0      2.36        19       608      0.81     0.805     0.852     0.807      2.87     0.347         0
    70/299     7.81G      1.84     0.483         0      2.32        24       608     0.834       0.8     0.831     0.817       2.9      0.35         0
    71/299     7.81G      1.74     0.451         0      2.19        27       608     0.826     0.843     0.851     0.834      2.81     0.341         0
    72/299     7.81G      1.87     0.438         0      2.31        24       608     0.814     0.823     0.847     0.819      2.87     0.324         0
    73/299     7.81G      2.01     0.519         0      2.53        25       608     0.825     0.832     0.846     0.828      2.82     0.313         0
    74/299     7.81G      1.84     0.464         0      2.31        25       608     0.813     0.832     0.866     0.822      2.94     0.324         0
    75/299     7.81G      1.71     0.428         0      2.14        25       608     0.813     0.814     0.867     0.813      2.81     0.319         0
    76/299     7.81G      1.82      0.44         0      2.26        24       608     0.803     0.793     0.849     0.798      2.83     0.316         0
    77/299     7.81G      1.76     0.448         0      2.21        23       608     0.795     0.788     0.836     0.791      2.94     0.309         0
    78/299     7.81G      1.85     0.428         0      2.28        30       608     0.831     0.796     0.847     0.814      2.88     0.346         0
    79/299     7.81G      1.82     0.447         0      2.27        27       608     0.836     0.721     0.817     0.774      3.04     0.371         0
    80/299     7.81G      1.74     0.445         0      2.18        25       608      0.82     0.788     0.841     0.803      2.91     0.355         0
    81/299     7.81G       1.7     0.425         0      2.13        25       608     0.826     0.743     0.809     0.782      2.92     0.378         0
    82/299     7.81G       1.8     0.431         0      2.23        24       608       0.8      0.77     0.807     0.785      2.96     0.356         0
    83/299     7.81G      1.84     0.452         0      2.29        24       608     0.791     0.796      0.84     0.794      2.76     0.334         0
    84/299     7.81G      1.64     0.443         0      2.08        17       608     0.822     0.805     0.847     0.813      2.66     0.333         0
    85/299     7.81G      1.72     0.443         0      2.16        29       608      0.88     0.779     0.836     0.826      2.81     0.358         0
    86/299     7.81G      1.67     0.431         0       2.1        25       608     0.871     0.779     0.832     0.822      2.67     0.353         0
    87/299     7.81G      1.69     0.387         0      2.08        19       608     0.844     0.805     0.865     0.824      2.74     0.327         0
    88/299     7.81G      1.56     0.413         0      1.98        19       608     0.825     0.796      0.86     0.811      2.75     0.318         0
    89/299     7.81G      1.72     0.403         0      2.13        25       608     0.847     0.832     0.874     0.839      2.79      0.32         0
    90/299     7.81G      1.65     0.388         0      2.04        22       608      0.84     0.841     0.865      0.84       2.9     0.323         0
    91/299     7.81G      1.59     0.429         0      2.02        24       608     0.815      0.82     0.826     0.818      2.74     0.316         0
    92/299     7.81G      1.58      0.42         0         2        21       608     0.847     0.867     0.882     0.857      2.78     0.311         0
    93/299     7.81G      1.71     0.421         0      2.14        23       608      0.85     0.832     0.868     0.841      2.87     0.316         0
    94/299     7.81G      1.59      0.41         0         2        22       608      0.86     0.841      0.89      0.85      2.68     0.319         0
    95/299     7.81G      1.63     0.406         0      2.04        22       608     0.815     0.841     0.876     0.828      2.76     0.316         0
    96/299     7.81G      1.62     0.403         0      2.03        25       608     0.875     0.805     0.863     0.839      2.67     0.326         0
    97/299     7.81G      1.57     0.398         0      1.96        26       608     0.874     0.805     0.854     0.838       2.7     0.326         0
    98/299     7.81G      1.57     0.387         0      1.95        32       608     0.839     0.779     0.794     0.808      2.79     0.341         0
    99/299     7.81G      1.58     0.419         0         2        25       608     0.878     0.829     0.853     0.853      2.69     0.331         0
   100/299     7.81G       1.5     0.381         0      1.88        26       608     0.835     0.806     0.826      0.82      2.71     0.318         0
   101/299     7.81G      1.46     0.381         0      1.85        21       608      0.84     0.839     0.841      0.84      2.73     0.316         0
   102/299     7.81G      1.51     0.393         0      1.91        28       608     0.841      0.85     0.852     0.845      2.67     0.309         0
   103/299     7.81G      1.43     0.369         0       1.8        22       608     0.861     0.867     0.883     0.864      2.63     0.306         0
   104/299     7.81G      1.49     0.376         0      1.87        28       608     0.848     0.885     0.885     0.866      2.73     0.299         0
   105/299     7.81G      1.52     0.365         0      1.89        25       608     0.857     0.867     0.867     0.862      2.83     0.304         0
   106/299     7.81G      1.47     0.379         0      1.85        19       608     0.851      0.86     0.869     0.856      2.73     0.301         0
   107/299     7.81G      1.34     0.352         0       1.7        27       608     0.808     0.855     0.859     0.831      2.71     0.303         0
   108/299     7.81G      1.49     0.375         0      1.87        24       608     0.797     0.885     0.864     0.839      2.58       0.3         0
   109/299     7.81G      1.52     0.402         0      1.92        27       608     0.799     0.876     0.857     0.836      2.59     0.307         0
   110/299     7.81G      1.45     0.379         0      1.83        26       608     0.768      0.88     0.841     0.821       2.6     0.309         0
   111/299     7.81G      1.41     0.391         0       1.8        24       608     0.773     0.858     0.829     0.814      2.56     0.313         0
   112/299     7.81G      1.42     0.376         0       1.8        30       608     0.791     0.835      0.85     0.812      2.67     0.312         0
   113/299     7.81G       1.5     0.382         0      1.88        21       608     0.858     0.801     0.861     0.829      2.69     0.324         0
   114/299     7.81G      1.31     0.355         0      1.66        25       608     0.865     0.805      0.85     0.834       2.6     0.338         0
   115/299     7.81G      1.37     0.357         0      1.73        24       608     0.801     0.805     0.833     0.803      2.66     0.339         0
   116/299     7.81G      1.49     0.345         0      1.84        26       608     0.845     0.788     0.858     0.815      2.51     0.357         0
   117/299     7.81G      1.29     0.378         0      1.67        26       608     0.815     0.814     0.868     0.815      2.54     0.342         0
   118/299     7.81G      1.28     0.339         0      1.62        19       608     0.799     0.885     0.874      0.84      2.55      0.32         0
   119/299     7.81G      1.39     0.339         0      1.73        24       608     0.788     0.885     0.858     0.834      2.74     0.338         0
   120/299     7.81G      1.27     0.382         0      1.65        29       608     0.791     0.867     0.845     0.827      2.65     0.332         0
   121/299     7.81G      1.25     0.384         0      1.64        33       608      0.79     0.865     0.853     0.826      2.55     0.324         0
   122/299     7.81G      1.35     0.364         0      1.72        32       608      0.83     0.865     0.853     0.847      2.59     0.326         0
   123/299     7.81G      1.41     0.347         0      1.76        25       608     0.855     0.836     0.867     0.845      2.52     0.328         0
   124/299     7.81G      1.28     0.353         0      1.64        22       608     0.816     0.841     0.865     0.828      2.56     0.326         0
   125/299     7.81G      1.33     0.352         0      1.69        21       608     0.803     0.832     0.856     0.817      2.57     0.334         0
   126/299     7.81G      1.25     0.343         0       1.6        26       608     0.821     0.867     0.896     0.844      2.56     0.332         0
   127/299     7.81G      1.16     0.324         0      1.48        24       608      0.81     0.885     0.887     0.846      2.61     0.325         0
   128/299     7.81G      1.36     0.346         0      1.71        27       608     0.858     0.853     0.883     0.855      2.71     0.336         0
   129/299     7.81G      1.24     0.346         0      1.59        23       608     0.878      0.83     0.885     0.854      2.65     0.353         0
   130/299     7.81G      1.29     0.328         0      1.62        26       608     0.865     0.849     0.892     0.857      2.61     0.347         0
   131/299     7.81G      1.33      0.33         0      1.66        23       608     0.825     0.823      0.88     0.824      2.58     0.348         0
   132/299     7.81G      1.29     0.363         0      1.66        29       608     0.821     0.841      0.86     0.831      2.66     0.357         0
   133/299     7.81G      1.27     0.304         0      1.58        21       608     0.826     0.832     0.863     0.829      2.64     0.356         0
   134/299     7.81G      1.23     0.311         0      1.54        30       608     0.825     0.841     0.857     0.833      2.62     0.346         0
   135/299     7.81G       1.3      0.34         0      1.64        19       608     0.849     0.846     0.874     0.847      2.61     0.344         0
   136/299     7.81G      1.19     0.305         0       1.5        21       608     0.839     0.858     0.879     0.848      2.53      0.34         0
   137/299     7.81G      1.24     0.311         0      1.55        23       608     0.839     0.858     0.881     0.849      2.51     0.334         0
   138/299     7.81G       1.2     0.322         0      1.52        26       608      0.83     0.841     0.889     0.835      2.55     0.345         0
   139/299     7.81G      1.19     0.308         0       1.5        28       608     0.835     0.858     0.896     0.847       2.6     0.347         0
   140/299     7.81G      1.15     0.328         0      1.48        23       608     0.853     0.867     0.882      0.86      2.51     0.338         0
   141/299     7.81G      1.17     0.309         0      1.48        26       608     0.861     0.876     0.891     0.868      2.53     0.332         0
   142/299     7.81G      1.25     0.331         0      1.58        24       608     0.841     0.876     0.886     0.858      2.53     0.329         0
   143/299     7.81G      1.11     0.331         0      1.44        17       608     0.861     0.894     0.905     0.877      2.57     0.327         0
   144/299     7.81G      1.12     0.307         0      1.42        20       608     0.865     0.867     0.881     0.866      2.59     0.329         0
   145/299     7.81G      1.16     0.309         0      1.47        20       608     0.849     0.848     0.869     0.849      2.64     0.332         0
   146/299     7.81G      1.16     0.311         0      1.47        27       608     0.849     0.847      0.89     0.848      2.64     0.328         0
   147/299     7.81G      1.16     0.312         0      1.47        25       608     0.831     0.858     0.887     0.845      2.64     0.327         0
   148/299     7.81G      1.07     0.294         0      1.37        19       608     0.848      0.85     0.891     0.849      2.57     0.329         0
   149/299     7.81G       1.1     0.305         0      1.41        21       608     0.882     0.858     0.893      0.87       2.6      0.33         0
   150/299     7.81G      1.09     0.313         0       1.4        34       608     0.865     0.849     0.871     0.857       2.6     0.329         0
   151/299     7.81G      1.15      0.31         0      1.46        28       608      0.87     0.841     0.877     0.855      2.61     0.331         0
   152/299     7.81G      1.07     0.296         0      1.37        20       608     0.865     0.852     0.894     0.859      2.56     0.325         0
   153/299     7.81G      1.13     0.299         0      1.43        24       608      0.85      0.85     0.882      0.85      2.55      0.33         0
   154/299     7.81G      1.15     0.286         0      1.44        25       608     0.845     0.867     0.901     0.856      2.52     0.335         0
   155/299     7.81G      1.06     0.273         0      1.34        22       608     0.844      0.85     0.883     0.847      2.54     0.341         0
   156/299     7.81G      1.14     0.329         0      1.47        24       608     0.833     0.841      0.88     0.837      2.56     0.343         0
   157/299     7.81G      1.11     0.277         0      1.38        23       608     0.861     0.822      0.89     0.841      2.61     0.334         0
   158/299     7.81G      1.16     0.305         0      1.46        28       608     0.873     0.832     0.887     0.852      2.65     0.337         0
   159/299     7.81G     0.997     0.288         0      1.29        26       608      0.86     0.841     0.885      0.85      2.66     0.344         0
   160/299     7.81G      0.96     0.288         0      1.25        29       608     0.837     0.823     0.871      0.83      2.67     0.338         0
   161/299     7.81G      1.11     0.288         0      1.39        24       608     0.848     0.823     0.881     0.835      2.63     0.333         0
   162/299     7.81G      0.98     0.282         0      1.26        25       608     0.859     0.832      0.88     0.845      2.66     0.329         0
   163/299     7.81G      0.99     0.305         0      1.29        26       608     0.857     0.848     0.891     0.853      2.61     0.326         0
   164/299     7.81G      1.04     0.278         0      1.32        23       608     0.852     0.866      0.88     0.859      2.63     0.326         0
   165/299     7.81G      1.04     0.285         0      1.32        22       608     0.854     0.867     0.874     0.861      2.62     0.328         0
   166/299     7.81G      1.01     0.301         0      1.31        27       608     0.861     0.876     0.892     0.869      2.62     0.332         0
   167/299     7.81G      1.05     0.277         0      1.33        26       608     0.851      0.85     0.859      0.85       2.6     0.336         0
   168/299     7.81G      1.01     0.295         0       1.3        24       608     0.876     0.878     0.893     0.877      2.49     0.339         0
   169/299     7.81G     0.935     0.273         0      1.21        16       608     0.852     0.867     0.888     0.859      2.53      0.34         0
   170/299     7.81G     0.977     0.254         0      1.23        21       608     0.818     0.858     0.895     0.838      2.51     0.345         0
   171/299     7.81G     0.922     0.263         0      1.18        28       608     0.823     0.876     0.885     0.849      2.53     0.344         0
   172/299     7.81G     0.963     0.268         0      1.23        29       608     0.837     0.885       0.9      0.86      2.49      0.34         0
   173/299     7.81G     0.903     0.254         0      1.16        27       608     0.859     0.894     0.912     0.876      2.45     0.337         0
   174/299     7.81G     0.965     0.271         0      1.24        21       608     0.856     0.885     0.908      0.87      2.48     0.338         0
   175/299     7.81G     0.972     0.284         0      1.26        29       608     0.873     0.903     0.911     0.888      2.48     0.336         0
   176/299     7.81G     0.894      0.27         0      1.16        26       608     0.857     0.885     0.917     0.871      2.47     0.339         0
   177/299     7.81G     0.921     0.258         0      1.18        23       608     0.858     0.894     0.914     0.876      2.48     0.341         0
   178/299     7.81G     0.988     0.261         0      1.25        31       608     0.846     0.873     0.906     0.859      2.48     0.343         0
   179/299     7.81G     0.926     0.261         0      1.19        23       608     0.847     0.858     0.896     0.853      2.48     0.349         0
   180/299     7.81G     0.887     0.248         0      1.14        25       608     0.866      0.85     0.895     0.858      2.44     0.349         0
   181/299     7.81G     0.883      0.25         0      1.13        25       608     0.869     0.876     0.907     0.872      2.41     0.349         0
   182/299     7.81G     0.839     0.256         0      1.09        29       608     0.848     0.876     0.907     0.862      2.39     0.349         0
   183/299     7.81G     0.884     0.247         0      1.13        23       608     0.845     0.876     0.887      0.86      2.41     0.353         0
   184/299     7.81G      0.85     0.261         0      1.11        26       608     0.853     0.894       0.9     0.873      2.47     0.363         0
   185/299     7.81G     0.861     0.236         0       1.1        27       608     0.843     0.855     0.887     0.849      2.46     0.373         0
   186/299     7.81G     0.813     0.254         0      1.07        17       608      0.86     0.873     0.891     0.866      2.52     0.371         0
   187/299     7.81G     0.814      0.24         0      1.05        26       608     0.844     0.867     0.892     0.855      2.51     0.367         0
   188/299     7.81G     0.905     0.238         0      1.14        20       608     0.868     0.867     0.908     0.868      2.48     0.363         0
   189/299     7.81G     0.853      0.26         0      1.11        26       608      0.86     0.867      0.91     0.864      2.46     0.367         0
   190/299     7.81G     0.828     0.251         0      1.08        27       608     0.861     0.867     0.897     0.864      2.43     0.361         0
   191/299     7.81G     0.764     0.226         0      0.99        20       608     0.869     0.876     0.902     0.873       2.4     0.363         0
   192/299     7.81G     0.799     0.251         0      1.05        34       608     0.855     0.876       0.9     0.865      2.41     0.359         0
   193/299     7.81G     0.788     0.231         0      1.02        24       608     0.833      0.88     0.895     0.856       2.4      0.36         0
   194/299     7.81G     0.803     0.247         0      1.05        23       608     0.836     0.876     0.901     0.855      2.46     0.358         0
   195/299     7.81G     0.839     0.258         0       1.1        31       608     0.832     0.858     0.898     0.845      2.44     0.358         0
   196/299     7.81G     0.749     0.245         0     0.994        22       608     0.823     0.858     0.893      0.84      2.47     0.356         0
   197/299     7.81G     0.807     0.234         0      1.04        24       608      0.83     0.865     0.886     0.847      2.48     0.353         0
   198/299     7.81G     0.794     0.235         0      1.03        20       608      0.83     0.867     0.884     0.848      2.47     0.351         0
   199/299     7.81G     0.792     0.229         0      1.02        32       608     0.827     0.876     0.887     0.851      2.49     0.349         0
   200/299     7.81G     0.709     0.219         0     0.928        30       608     0.829     0.867     0.888     0.848      2.44     0.345         0
   201/299     7.81G     0.727     0.235         0     0.962        25       608     0.817     0.876     0.876     0.846      2.42     0.348         0
   202/299     7.81G     0.765     0.217         0     0.981        28       608     0.821     0.876     0.879     0.848       2.4      0.35         0
   203/299     7.81G     0.758     0.233         0     0.992        22       608     0.832     0.867     0.886     0.849      2.37     0.354         0
   204/299     7.81G      0.76      0.23         0      0.99        25       608     0.808     0.855     0.872     0.831      2.43     0.348         0
   205/299     7.81G     0.718     0.238         0     0.956        29       608     0.808     0.858     0.865     0.832      2.44     0.347         0
   206/299     7.81G     0.739     0.234         0     0.973        29       608     0.828     0.867     0.885     0.847      2.45     0.349         0
   207/299     7.81G     0.769     0.224         0     0.993        25       608     0.824     0.858     0.885     0.841      2.44     0.351         0
   208/299     7.81G     0.736     0.231         0     0.968        27       608      0.85     0.876     0.893     0.863      2.41     0.349         0
   209/299     7.81G     0.763     0.233         0     0.996        25       608     0.851     0.894     0.894     0.872      2.39     0.351         0
   210/299     7.81G     0.687     0.223         0      0.91        27       608     0.843     0.894     0.897     0.868      2.38     0.349         0
   211/299     7.81G     0.727     0.226         0     0.952        26       608     0.829     0.894     0.902      0.86      2.37     0.347         0
   212/299     7.81G     0.743     0.233         0     0.975        22       608     0.851     0.908     0.894     0.879       2.4     0.349         0
   213/299     7.81G     0.719     0.216         0     0.934        27       608     0.842     0.903     0.877     0.871      2.39     0.346         0
   214/299     7.81G     0.715     0.227         0     0.942        27       608     0.833     0.903     0.875     0.866      2.41     0.347         0
   215/299     7.81G     0.716     0.233         0     0.949        29       608     0.829     0.894     0.871      0.86      2.42     0.348         0
   216/299     7.81G     0.703     0.215         0     0.917        28       608      0.84     0.903     0.876      0.87      2.41     0.347         0
   217/299     7.81G     0.682     0.219         0     0.901        23       608     0.834     0.885     0.875     0.859       2.4     0.349         0
   218/299     7.81G     0.679     0.231         0     0.911        20       608      0.85     0.903     0.895     0.875      2.41     0.349         0
   219/299     7.81G     0.688     0.221         0     0.909        32       608     0.858     0.908     0.921     0.882      2.39     0.351         0
   220/299     7.81G     0.682     0.213         0     0.896        17       608     0.869     0.912     0.917      0.89      2.39     0.355         0
   221/299     7.81G     0.654       0.2         0     0.854        25       608     0.862     0.903     0.911     0.882       2.4     0.357         0
   222/299     7.81G     0.663       0.2         0     0.863        30       608     0.835     0.894     0.881     0.863      2.43     0.359         0
   223/299     7.81G     0.662     0.212         0     0.875        24       608     0.848     0.892     0.888     0.869      2.43     0.358         0
   224/299     7.81G     0.655     0.201         0     0.855        21       608     0.848     0.886     0.888     0.866      2.42     0.358         0
   225/299     7.81G     0.676     0.202         0     0.877        25       608     0.842     0.894     0.888     0.867      2.42     0.358         0
   226/299     7.81G     0.634     0.211         0     0.845        23       608     0.843       0.9      0.89      0.87       2.4     0.355         0
   227/299     7.81G      0.64     0.201         0     0.842        30       608     0.843     0.912     0.891     0.876      2.39     0.356         0
   228/299     7.81G     0.656     0.213         0      0.87        26       608     0.844     0.906     0.892     0.874      2.39     0.357         0
   229/299     7.81G     0.656     0.196         0     0.852        30       608      0.84     0.903     0.891      0.87      2.39     0.362         0
   230/299     7.81G     0.656     0.226         0     0.882        25       608     0.832     0.877     0.891     0.854       2.4     0.364         0
   231/299     7.81G     0.646     0.222         0     0.868        24       608     0.821     0.867     0.877     0.844       2.4     0.367         0
   232/299     7.81G     0.668     0.199         0     0.867        31       608     0.824     0.858     0.877     0.841      2.41     0.371         0
   233/299     7.81G     0.627     0.206         0     0.833        23       608     0.822      0.86     0.897     0.841      2.41     0.371         0
   234/299     7.81G     0.678     0.226         0     0.904        30       608     0.823     0.866     0.896     0.844       2.4     0.372         0
   235/299     7.81G     0.643     0.192         0     0.835        22       608     0.816     0.862     0.894     0.838      2.42     0.374         0
   236/299     7.81G     0.613     0.199         0     0.813        28       608     0.829     0.857     0.892     0.842      2.43     0.377         0
   237/299     7.81G     0.632     0.182         0     0.814        19       608     0.829     0.857     0.891     0.843      2.44     0.375         0
   238/299     7.81G     0.623     0.187         0      0.81        26       608     0.837     0.858     0.893     0.848      2.46     0.375         0
   239/299     7.81G     0.613     0.206         0      0.82        22       608      0.84     0.858     0.894     0.849      2.45     0.373         0
   240/299     7.81G     0.604     0.187         0     0.791        26       608     0.849     0.858     0.895     0.854      2.45     0.377         0
   241/299     7.81G     0.598     0.199         0     0.798        30       608     0.851     0.861     0.896     0.856      2.43     0.378         0
   242/299     7.81G     0.622     0.197         0     0.818        33       608     0.851     0.862     0.896     0.857      2.42     0.381         0
   243/299     7.81G     0.629     0.202         0     0.832        27       608     0.836     0.858     0.891     0.847      2.42     0.384         0
   244/299     7.81G     0.597     0.196         0     0.793        28       608     0.839     0.858     0.892     0.848      2.39     0.384         0
   245/299     7.81G      0.65     0.192         0     0.843        32       608     0.834     0.867     0.898     0.851      2.38     0.385         0
   246/299     7.81G     0.611      0.21         0     0.821        25       608     0.828     0.867     0.893     0.847      2.38     0.388         0
   247/299     7.81G     0.635      0.19         0     0.826        27       608     0.829     0.867       0.9     0.848      2.38     0.391         0
   248/299     7.81G     0.583      0.19         0     0.772        23       608      0.83     0.876     0.897     0.852       2.4     0.395         0
   249/299     7.81G     0.592     0.186         0     0.778        20       608      0.84     0.881     0.897      0.86      2.39     0.394         0
   250/299     7.81G     0.593       0.2         0     0.792        22       608     0.841     0.885     0.898     0.863      2.39     0.395         0
   251/299     7.81G     0.585     0.177         0     0.762        27       608     0.822     0.885     0.894     0.852      2.41     0.399         0
   252/299     7.81G     0.606     0.192         0     0.798        20       608     0.825     0.876      0.89      0.85      2.41     0.402         0
   253/299     7.81G     0.581     0.186         0     0.767        25       608     0.834     0.885     0.891     0.859      2.42     0.404         0
   254/299     7.81G     0.581     0.187         0     0.768        21       608     0.843     0.885     0.893     0.863      2.43     0.403         0
   255/299     7.81G     0.555     0.168         0     0.723        20       608     0.842     0.885     0.892     0.863      2.42     0.398         0
   256/299     7.81G     0.591     0.192         0     0.783        28       608     0.835     0.885     0.897     0.859      2.41     0.393         0
   257/299     7.81G     0.601     0.187         0     0.789        29       608     0.832     0.875     0.897     0.853      2.42     0.393         0
   258/299     7.81G     0.565     0.179         0     0.744        24       608     0.839     0.876     0.896     0.857      2.42     0.394         0
   259/299     7.81G      0.61     0.218         0     0.828        29       608     0.832     0.878     0.898     0.854      2.42     0.392         0
   260/299     7.81G     0.635      0.19         0     0.825        25       608     0.833     0.885     0.898     0.858      2.41      0.39         0
   261/299     7.81G     0.584     0.176         0      0.76        20       608     0.831     0.885     0.897     0.857       2.4      0.39         0
   262/299     7.81G     0.553     0.175         0     0.728        21       608     0.827     0.887     0.896     0.856      2.42     0.395         0
   263/299     7.81G     0.576     0.182         0     0.758        29       608     0.827     0.885     0.894     0.855      2.42     0.398         0
   264/299     7.81G     0.572     0.191         0     0.763        26       608     0.832     0.885     0.895     0.858      2.42     0.398         0
   265/299     7.81G     0.588       0.2         0     0.788        25       608     0.832     0.885     0.897     0.858      2.42     0.401         0
   266/299     7.81G     0.541     0.177         0     0.718        29       608     0.843     0.903     0.905     0.872      2.41     0.397         0
   267/299     7.81G     0.586     0.199         0     0.786        25       608     0.857     0.899     0.908     0.877       2.4     0.395         0
   268/299     7.81G     0.552       0.2         0     0.753        32       608     0.857     0.901     0.893     0.879      2.38     0.392         0
   269/299     7.81G     0.566     0.175         0     0.741        26       608     0.864     0.912     0.901     0.887      2.38     0.395         0
   270/299     7.81G     0.595     0.188         0     0.784        30       608     0.849     0.912       0.9     0.879      2.41     0.398         0
   271/299     7.81G     0.564     0.179         0     0.744        21       608     0.854     0.912       0.9     0.882      2.42       0.4         0
   272/299     7.81G     0.592     0.194         0     0.786        24       608     0.836     0.903     0.905     0.868      2.43     0.402         0
   273/299     7.81G     0.584     0.197         0     0.781        19       608     0.842     0.903     0.905     0.871      2.44     0.401         0
   274/299     7.81G     0.574     0.182         0     0.756        17       608     0.843     0.905     0.906     0.873      2.43       0.4         0
   275/299     7.81G     0.584     0.179         0     0.764        27       608     0.848     0.903     0.905     0.875      2.43     0.401         0
   276/299     7.81G     0.579     0.184         0     0.763        29       608     0.841     0.912     0.904     0.875      2.42       0.4         0
   277/299     7.81G     0.563     0.179         0     0.743        24       608     0.846     0.912     0.906     0.877      2.42     0.402         0
   278/299     7.81G     0.544     0.177         0     0.721        28       608     0.857       0.9     0.907     0.878      2.42     0.402         0
   279/299     7.81G     0.559     0.167         0     0.725        24       608     0.856     0.895     0.907     0.875      2.41     0.401         0
   280/299     7.81G     0.535     0.186         0     0.721        26       608     0.854     0.885     0.897     0.869      2.41     0.403         0
   281/299     7.81G     0.575     0.195         0      0.77        34       608     0.861     0.885     0.905     0.873      2.41     0.403         0
   282/299     7.81G     0.575     0.178         0     0.752        27       608     0.862     0.887     0.906     0.875      2.42     0.406         0
   283/299     7.81G     0.524     0.167         0     0.691        26       608     0.851     0.885     0.897     0.868      2.42     0.407         0
   284/299     7.81G      0.55     0.183         0     0.734        32       608     0.849     0.885     0.896     0.867      2.41     0.408         0
   285/299     7.81G     0.582     0.174         0     0.756        24       608     0.849     0.897     0.904     0.872      2.41     0.407         0
   286/299     7.81G     0.557     0.176         0     0.733        26       608      0.85     0.901     0.905     0.874      2.41     0.409         0
   287/299     7.81G     0.543     0.168         0     0.711        26       608      0.85     0.903     0.905     0.876      2.42     0.407         0
   288/299     7.81G     0.542     0.174         0     0.717        14       608     0.848     0.892     0.899      0.87      2.42     0.406         0
   289/299     7.81G     0.555     0.185         0      0.74        20       608     0.848     0.892       0.9     0.869      2.41     0.404         0
   290/299     7.81G     0.536     0.168         0     0.704        32       608     0.849     0.896     0.899     0.872       2.4     0.404         0
   291/299     7.81G     0.549     0.186         0     0.735        30       608     0.849     0.895     0.897     0.871       2.4     0.406         0
   292/299     7.81G     0.533     0.181         0     0.713        24       608     0.842     0.885     0.898     0.863      2.39     0.408         0
   293/299     7.81G     0.528     0.169         0     0.697        27       608     0.849     0.894     0.898     0.871       2.4     0.409         0
   294/299     7.81G     0.551     0.157         0     0.708        23       608     0.842     0.895     0.898     0.867       2.4     0.409         0
   295/299     7.81G     0.559      0.19         0     0.748        27       608     0.833     0.885     0.898     0.859       2.4     0.409         0
   296/299     7.81G     0.536     0.174         0      0.71        26       608     0.836       0.9     0.897     0.867      2.41     0.412         0
   297/299     7.81G     0.548     0.171         0     0.719        28       608     0.829     0.903     0.894     0.864      2.42     0.414         0
   298/299     7.81G     0.553     0.191         0     0.743        25       608     0.829     0.903     0.893     0.864      2.42     0.414         0
   299/299     7.81G     0.535     0.172         0     0.707        26       608     0.829     0.903     0.894     0.864      2.43     0.413         0
