[          1]
[          1]
[          1]
[          1]
[        0.8]
[    0.83333]
[    0.85714]
[      0.875]
[    0.88889]
[        0.9]
[    0.90909]
[    0.91667]
[    0.84615]
[    0.85714]
[    0.86667]
[      0.875]
[    0.88235]
[    0.88889]
[    0.84211]
[        0.8]
[    0.80952]
[    0.81818]
[    0.82609]
[    0.83333]
[        0.8]
[    0.80769]
[    0.81481]
[    0.82143]
[     0.7931]
[        0.8]
[    0.80645]
[     0.8125]
[    0.81818]
[    0.82353]
[        0.8]
[    0.80556]
[    0.81081]
[    0.81579]
[    0.82051]
[      0.825]
[    0.82927]
[    0.83333]
[    0.83721]
[    0.84091]
[    0.82222]
[    0.82609]
[    0.82979]
[    0.83333]
[    0.83673]
[       0.84]
[    0.82353]
[    0.82692]
[    0.81132]
[     0.7963]
[        0.8]
[    0.78571]
[    0.78947]
[     0.7931]
[    0.79661]
[    0.78333]
[    0.78689]
[    0.79032]
[    0.79365]
[    0.78125]
[    0.78462]
[    0.77273]
[    0.76119]
[    0.76471]
[    0.76812]
[    0.75714]
[    0.74648]
[    0.73611]
[    0.72603]
[    0.71622]
[       0.72]
[    0.72368]
[    0.71429]
[    0.71795]
[    0.72152]
[     0.7125]
[     0.7037]
[    0.70732]
[     0.6988]
[    0.69048]
[    0.69412]
[    0.69767]
[    0.70115]
[    0.69318]
[    0.68539]
[    0.67778]
[    0.67033]
[    0.67391]
[    0.66667]
[    0.67021]
[    0.66316]
[    0.65625]
[    0.64948]
[    0.65306]
[    0.65657]
[       0.66]
[    0.66337]
[    0.66667]
[     0.6699]
[    0.66346]
[    0.66667]
[    0.66981]
[    0.66355]
[    0.65741]
[    0.65138]
[    0.64545]
[    0.63964]
[    0.63393]
[    0.62832]
[    0.62281]
[    0.62609]
[    0.62069]
[    0.62393]
[    0.61864]
[    0.61345]
[    0.61667]
[    0.61157]
[    0.61475]
[    0.60976]
[    0.60484]
[        0.6]
[    0.59524]
[    0.59843]
[    0.59375]
[    0.58915]
[    0.59231]
[    0.59542]
[    0.59091]
[    0.59398]
[    0.58955]
[    0.59259]
[    0.58824]
[    0.58394]
[    0.57971]
[    0.57554]
[    0.57857]
[    0.57447]
[    0.57746]
[    0.58042]
[    0.57639]
[    0.57241]
[    0.56849]
[    0.56463]
[    0.56757]
[    0.56376]
[       0.56]
[    0.56291]
[    0.55921]
[    0.55556]
[    0.55195]
[    0.54839]
[    0.54487]
[     0.5414]
[    0.53797]
[    0.53459]
[    0.53125]
[    0.53416]
[    0.53086]
[    0.52761]
[    0.52439]
[    0.52121]
[    0.51807]
[    0.51497]
[     0.5119]
[    0.50888]
[    0.50588]
[    0.50292]
[        0.5]
[    0.49711]
[    0.49425]
[    0.49143]
[    0.49432]
[    0.49153]
[    0.48876]
[    0.48603]
[    0.48333]
[    0.48066]
[    0.47802]
[    0.47541]
[    0.47283]
[    0.47027]
[    0.46774]
[    0.46524]
[    0.46277]
[    0.46032]
[    0.45789]
[     0.4555]
[    0.45312]
[    0.45078]
[    0.44845]
[    0.44615]
[    0.44388]
[    0.44162]
[    0.43939]
[    0.43719]
[      0.435]
[    0.43284]
[    0.43069]
[    0.42857]
[    0.42647]
[    0.42439]
[    0.42233]
[    0.42029]
[    0.41827]
[    0.41627]
[    0.41429]
[    0.41232]
[    0.41038]
[    0.40845]
[    0.40654]
[    0.40465]
[    0.40278]
[    0.40092]
[    0.39908]
[    0.39726]
[    0.39545]
[    0.39367]
[    0.39189]
[    0.39013]
[    0.38839]
[    0.38667]
[    0.38496]
[    0.38326]
[    0.38158]
[    0.37991]
[    0.37826]
[    0.37662]
[      0.375]
[    0.37339]
[    0.37179]
[    0.37021]
[    0.36864]
[    0.36709]
[    0.36555]
[    0.36402]
[     0.3625]
[      0.361]
[     0.3595]
[    0.35802]
[    0.35656]
[     0.3551]
[    0.35366]
[    0.35223]
[    0.35081]
[     0.3494]
[      0.348]
[    0.34661]
[    0.34524]
[    0.34387]
[    0.34252]
[    0.34118]
[    0.33984]
[    0.33852]
[    0.33721]
[    0.33591]
[    0.33846]
[    0.33716]
[    0.33969]
[     0.3384]
[    0.33712]
[    0.33585]
[    0.33459]
[    0.33333]
[    0.33209]
[    0.33086]
[    0.32963]
[    0.32841]
[    0.32721]
[    0.32601]
[    0.32482]
[    0.32364]
[    0.32246]
[     0.3213]
[    0.32014]
[      0.319]
[    0.31786]
[    0.31673]
[     0.3156]
[    0.31449]
[    0.31338]
[    0.31228]
[    0.31119]
[     0.3101]
[    0.30903]
[    0.30796]
[     0.3069]
[    0.30584]
[    0.30479]
[    0.30375]
[    0.30272]
[    0.30169]
[    0.30068]
[    0.29966]
[    0.29866]
[    0.29766]
[    0.29667]
[    0.29568]
[     0.2947]
[    0.29373]
[    0.29276]
[     0.2918]
[    0.29085]
[     0.2899]
[    0.28896]
[    0.28803]
[     0.2871]
[    0.28617]
[    0.28526]
[    0.28435]
[    0.28344]
[    0.28254]
[    0.28165]
[    0.28076]
[    0.27987]
[      0.279]
[    0.27813]
[    0.27726]
[     0.2764]
[    0.27554]
[    0.27469]
[    0.27385]
[    0.27301]
[    0.27217]
[    0.27134]
[    0.27052]
[     0.2697]
[    0.26888]
[    0.26807]
[    0.26727]
[    0.26647]
[    0.26567]
[    0.26488]
[    0.26409]
[    0.26331]
[    0.26254]
[    0.26176]
[      0.261]
[    0.26023]
[    0.25948]
[    0.25872]
[    0.25797]
[    0.25723]
[    0.25648]
[    0.25575]
[    0.25501]
[    0.25429]
[    0.25356]
[    0.25284]
[    0.25212]
[    0.25141]
[     0.2507]
[       0.25]
[     0.2493]
[     0.2486]
[    0.24791]
[    0.24722]
[    0.24654]
[    0.24586]
[    0.24518]
[    0.24451]
[    0.24384]
[    0.24317]
[    0.24251]
[    0.24185]
[    0.24119]
[    0.24054]
[    0.23989]
[    0.23925]
[    0.23861]
[    0.23797]
[    0.23733]
[     0.2367]
[    0.23607]
[    0.23545]
[    0.23483]
[    0.23421]
[     0.2336]
[    0.23298]
[    0.23238]
[    0.23177]
[    0.23117]
[    0.23057]
[    0.22997]
[    0.22938]
[    0.22879]
[    0.22821]
[    0.22762]
[    0.22704]
[    0.22646]
[    0.22589]
[    0.22532]
[    0.22475]
[    0.22418]
[    0.22362]
[    0.22306]
[     0.2225]
[    0.22195]
[    0.22139]
[    0.22084]
[     0.2203]
[    0.21975]
[    0.21921]
[    0.21867]
[    0.21814]
[     0.2176]
[    0.21707]
[    0.21655]
[    0.21602]
[     0.2155]
[    0.21498]
[    0.21446]
[    0.21394]
[    0.21343]
[    0.21292]
[    0.21241]
[     0.2119]
[     0.2114]
[     0.2109]
[     0.2104]
[    0.20991]
[    0.20941]
[    0.20892]
[    0.20843]
[    0.20794]
[    0.20746]
[    0.20698]
[     0.2065]
[    0.20602]
[    0.20554]
[    0.20507]
[     0.2046]
[    0.20413]
[    0.20366]
[     0.2032]
[    0.20273]
[    0.20227]
[    0.20181]
[    0.20136]
[     0.2009]
[    0.20045]
[        0.2]
[    0.19955]
[    0.19911]
[    0.19866]
[    0.19822]
[    0.19778]
[    0.19734]
[     0.1969]
[    0.19647]
[    0.19604]
[     0.1956]
[    0.19518]
[    0.19475]
[    0.19432]
[     0.1939]
[    0.19348]
[    0.19306]
[    0.19264]
[    0.19222]
[    0.19181]
[     0.1914]
[    0.19099]
[    0.19058]
[    0.19017]
[    0.18977]
[    0.18936]
[    0.18896]
[    0.18856]
[    0.18816]
[    0.18776]
[    0.18737]
[    0.18697]
[    0.18658]
[    0.18619]
[     0.1858]
[    0.18542]
[    0.18503]
[    0.18465]
[    0.18427]
[    0.18388]
[    0.18351]
[    0.18313]
[    0.18275]
[    0.18238]
[      0.182]
[    0.18163]
[    0.18126]
[    0.18089]
[    0.18053]
[    0.18016]
[     0.1798]
[    0.17944]
[    0.17907]
[    0.17871]
[    0.17836]
[      0.178]
[    0.17764]
[    0.17729]
[    0.17694]
[    0.17659]
[    0.17624]
[    0.17589]
[    0.17554]
[     0.1752]
[    0.17485]
[    0.17451]
[    0.17417]
[    0.17383]
[    0.17349]
[    0.17315]
[    0.17282]
[    0.17248]
[    0.17215]
[    0.17181]
[    0.17148]
[    0.17115]
[    0.17083]
[     0.1705]
[    0.17017]
[    0.16985]
[    0.16952]
[     0.1692]
[    0.16888]
[    0.16856]
[    0.16824]
[    0.16792]
[    0.16761]
[    0.16729]
[    0.16698]
[    0.16667]
[    0.16636]
[    0.16604]
[    0.16574]
[    0.16543]
[    0.16512]
[    0.16481]
[    0.16451]
[    0.16421]
[     0.1639]
[     0.1636]
[     0.1633]
[      0.163]
[    0.16271]
[    0.16241]
[    0.16211]
[    0.16182]
[    0.16152]
[    0.16123]
[    0.16094]
[    0.16065]
[    0.16036]
[    0.16007]
[    0.15978]
[     0.1595]
[    0.15921]
[    0.15893]
[    0.15865]
[    0.15836]
[    0.15986]
[    0.15957]
[    0.15929]
[    0.15901]
[    0.15873]
[    0.15845]
[    0.15817]
[    0.15789]
[    0.15762]
[    0.15734]
[    0.15707]
[    0.15679]
[    0.15652]
[    0.15625]
[    0.15771]
[    0.15744]
[    0.15717]
[     0.1569]
[    0.15663]
[    0.15636]
[    0.15609]
[    0.15582]
[    0.15556]
[    0.15529]
[    0.15503]
[    0.15476]
[     0.1545]
[    0.15424]
[    0.15398]
[    0.15372]
[    0.15346]
[     0.1532]
[    0.15294]
[    0.15268]
[    0.15243]
[    0.15217]
[    0.15192]
[    0.15167]
[    0.15141]
[    0.15116]
[    0.15091]
[    0.15066]
[    0.15041]
[    0.15017]
[    0.14992]
[    0.14967]
[    0.14943]
[    0.14918]
[    0.14894]
[    0.14869]
[    0.14845]
[    0.14821]
[    0.14797]
[    0.14773]
[    0.14749]
[    0.14725]
[    0.14701]
[    0.14677]
[    0.14654]
[     0.1463]
[    0.14607]
[    0.14583]
[     0.1456]
[    0.14537]
[    0.14514]
[     0.1449]
[    0.14467]
[    0.14444]
[    0.14422]
[    0.14399]
[    0.14376]
[    0.14353]
[    0.14331]
[    0.14308]
[    0.14286]
[    0.14263]
[    0.14241]
[    0.14219]
[    0.14197]
[    0.14174]
[    0.14152]
[     0.1413]
[    0.14109]
[    0.14087]
[    0.14065]
[    0.14043]
[    0.14022]
[       0.14]
[    0.13978]
[    0.13957]
[    0.13936]
[    0.13914]
[    0.13893]
[    0.13872]
[    0.13851]
[     0.1383]
[    0.13809]
[    0.13788]
[    0.13767]
[    0.13746]
[    0.13725]
[    0.13705]
[    0.13684]
[    0.13664]
[    0.13643]
[    0.13623]
[    0.13602]
[    0.13582]
[    0.13711]
[     0.1369]
[     0.1367]
[     0.1365]
[     0.1363]
[    0.13609]
[    0.13589]
[    0.13569]
[    0.13549]
[    0.13529]
[     0.1351]
[     0.1349]
[     0.1347]
[     0.1345]
[    0.13431]
[    0.13411]
[    0.13392]
[    0.13372]
[    0.13353]
[    0.13333]
[    0.13314]
[    0.13295]
[    0.13276]
[    0.13256]
[    0.13237]
[    0.13218]
[    0.13199]
[    0.13181]
[    0.13162]
[    0.13143]
[    0.13124]
[    0.13105]
[    0.13087]
[    0.13068]
[     0.1305]
[    0.13031]
[    0.13013]
[    0.12994]
[    0.12976]
[    0.12958]
[     0.1294]
[    0.12921]
[    0.12903]
[    0.12885]
[    0.12867]
[    0.12849]
[    0.12831]
[    0.12813]
[    0.12796]
[    0.12778]
[     0.1276]
[    0.12742]
[    0.12725]
[    0.12707]
[     0.1269]
[    0.12672]
[    0.12655]
[    0.12637]
[     0.1262]
[    0.12603]
[    0.12585]
[    0.12568]
[    0.12551]
[    0.12534]
[    0.12517]
[      0.125]
[    0.12483]
[    0.12466]
[    0.12449]
[    0.12432]
[    0.12416]
[    0.12399]
[    0.12382]
[    0.12366]
[    0.12349]
[    0.12332]
[    0.12316]
[    0.12299]
[    0.12283]
[    0.12267]
[     0.1225]
[    0.12234]
[    0.12218]
[    0.12202]
[    0.12185]
[    0.12169]
[    0.12153]
[    0.12137]
[    0.12121]
[    0.12105]
[    0.12089]
[    0.12073]
[    0.12058]
[    0.12042]
[    0.12026]
[     0.1201]
[    0.11995]
[    0.11979]
[    0.11964]
[    0.11948]
[    0.11933]
[    0.11917]
[    0.11902]
[    0.11886]
[    0.11871]
[    0.11856]
[     0.1184]
[    0.11825]
[     0.1181]
[    0.11795]
[     0.1178]
[    0.11765]
[     0.1175]
[    0.11735]
[     0.1172]
[    0.11705]
[     0.1169]
[    0.11675]
[     0.1166]
[    0.11646]
[    0.11631]
[    0.11616]
[    0.11602]
[    0.11587]
[    0.11572]
[    0.11558]
[    0.11543]
[    0.11529]
[    0.11514]
[      0.115]
[    0.11486]
[    0.11471]
[    0.11457]
[    0.11443]
[    0.11429]
[    0.11414]
[      0.114]
[    0.11386]
[    0.11372]
[    0.11358]
[    0.11344]
[     0.1133]
[    0.11316]
[    0.11302]
[    0.11288]
[    0.11275]
[    0.11261]
[    0.11247]
[    0.11233]
[     0.1122]
[    0.11206]
[    0.11192]
[    0.11179]
[    0.11165]
[    0.11152]
[    0.11138]
[    0.11125]
[    0.11111]
[    0.11098]
[    0.11084]
[    0.11071]
[    0.11058]
[    0.11044]
[    0.11031]
[    0.11018]
[    0.11005]
[    0.10992]
[    0.10979]
[    0.10965]
[    0.10952]
[    0.10939]
[    0.10926]
[    0.10913]
[      0.109]
[    0.10888]
[    0.10875]
[    0.10862]
[    0.10849]
[    0.10836]
[    0.10824]
[    0.10811]
[    0.10798]
[    0.10785]
[    0.10773]
[     0.1076]
[    0.10748]
[    0.10735]
[    0.10723]
[     0.1071]
[    0.10698]
[    0.10685]
[    0.10673]
[     0.1066]
[    0.10648]
[    0.10636]
[    0.10624]
[    0.10611]
[    0.10599]
[    0.10587]
[    0.10575]
[    0.10563]
[     0.1055]
[    0.10538]
[    0.10526]
[    0.10514]
[    0.10502]
[     0.1049]
[    0.10478]
[    0.10466]
[    0.10455]
[    0.10443]
[    0.10431]
[    0.10419]
[    0.10407]
[    0.10395]
[    0.10384]
[    0.10372]
[     0.1036]
[    0.10349]
[    0.10337]
[    0.10325]
[    0.10314]
[    0.10302]
[    0.10291]
[    0.10279]
[    0.10268]
[    0.10256]
[    0.10245]
[    0.10234]
[    0.10222]
[    0.10211]
[      0.102]
[    0.10188]
[    0.10177]
[    0.10166]
[    0.10155]
[    0.10143]
[    0.10132]
[    0.10121]
[     0.1011]
[    0.10099]
[    0.10088]
[    0.10077]
[    0.10066]
[    0.10055]
[    0.10044]
[    0.10033]
[    0.10022]
[    0.10011]
[        0.1]
[   0.099891]
[   0.099783]
[   0.099675]
[   0.099567]
[   0.099459]
[   0.099352]
[   0.099245]
[   0.099138]
[   0.099031]
[   0.098925]
[   0.098818]
[   0.098712]
[   0.098607]
[   0.098501]
[   0.098396]
[   0.098291]
[   0.098186]
[   0.098081]
[   0.097977]
[   0.097872]
[   0.097768]
[   0.097665]
[   0.097561]
[   0.097458]
[   0.097354]
[   0.097252]
[   0.097149]
[   0.097046]
[   0.096944]
[   0.096842]
[    0.09674]
[   0.096639]
[   0.096537]
[   0.096436]
[   0.096335]
[   0.096234]
[   0.096134]
[   0.096033]
[   0.095933]
[   0.095833]
[   0.095734]
[   0.095634]
[   0.095535]
[   0.095436]
[   0.095337]
[   0.095238]
[    0.09514]
[   0.095041]
[   0.094943]
[   0.094845]
[   0.094748]
[    0.09465]
[   0.094553]
[   0.094456]
[   0.094359]
[   0.094262]
[   0.094166]
[    0.09407]
[   0.093973]
[   0.093878]
[   0.093782]
[   0.093686]
[   0.093591]
[   0.093496]
[   0.093401]
[   0.093306]
[   0.093212]
[   0.093117]
[   0.093023]
[   0.092929]
[   0.092836]
[   0.092742]
[   0.092649]
[   0.092555]
[   0.092462]
[   0.092369]
[   0.092277]
[   0.092184]
[   0.092092]
[      0.092]
[   0.091908]
[   0.091816]
[   0.091725]
[   0.091633]
[   0.091542]
[   0.091451]
[    0.09136]
[    0.09127]
[   0.091179]
[   0.091089]
[   0.090999]
[   0.090909]
[   0.090819]
[    0.09073]
[    0.09064]
[   0.090551]
[   0.090462]
[   0.090373]
[   0.090285]
[   0.090196]
[   0.090108]
[    0.09002]
[   0.089932]
[   0.089844]
[   0.089756]
[   0.089669]
[   0.089581]
[   0.089494]
[   0.089407]
[    0.08932]
[   0.089234]
[   0.089147]
[   0.089061]
[   0.088975]
[   0.088889]
[   0.088803]
[   0.088717]
[   0.088632]
[   0.088547]
[   0.088462]
[   0.088377]
[   0.088292]
[   0.088207]
[   0.088123]
[   0.088038]
[   0.087954]
[    0.08787]
[   0.087786]
[   0.087703]
[   0.087619]
[   0.087536]
[   0.087452]
[   0.087369]
[   0.087287]
[   0.087204]
[   0.087121]
[   0.087039]
[   0.086957]
[   0.086874]
[   0.086792]
[   0.086711]
[   0.086629]
[   0.086548]
[   0.086466]
[   0.086385]
[   0.086304]
[   0.086223]
[   0.086142]
[   0.086062]
[   0.085981]
[   0.085901]
[   0.085821]
[   0.085741]
[   0.085661]
[   0.085581]
[   0.085502]
[   0.085422]
[   0.085343]
[   0.085264]
[   0.085185]
[   0.085106]
[   0.085028]
[   0.084949]
[   0.084871]
[   0.084793]
[   0.084715]
[   0.084637]
[   0.084559]
[   0.084481]
[   0.084404]
[   0.084326]
[   0.084249]
[   0.084172]
[   0.084095]
[   0.084018]
[   0.083942]
[   0.083865]
[   0.083789]
[   0.083712]
[   0.083636]
[    0.08356]
[   0.083485]
[   0.083409]
[   0.083333]
[   0.083258]
[   0.083183]
[   0.083107]
[   0.083032]
[   0.082958]
[   0.082883]
[   0.082808]
[   0.082734]
[   0.082659]
[   0.082585]
[   0.082511]
[   0.082437]
[   0.082363]
[    0.08229]
[   0.082216]
[   0.082143]
[    0.08207]
[   0.081996]
[   0.081923]
[   0.081851]
[   0.081778]
[   0.081705]
[   0.081633]
[    0.08156]
[   0.081488]
[   0.081416]
[   0.081344]
[   0.081272]
[     0.0812]
[   0.081129]
[   0.081057]
[   0.080986]
[   0.080915]
[   0.080844]
[   0.080773]
[   0.080702]
[   0.080631]
[    0.08056]
[    0.08049]
[    0.08042]
[   0.080349]
[   0.080279]
[   0.080209]
[   0.080139]
[    0.08007]
[       0.08]
[    0.07993]
[   0.079861]
[   0.079792]
[   0.079723]
[   0.079654]
[   0.079585]
[   0.079516]
[   0.079447]
[   0.079379]
[    0.07931]
[   0.079242]
[   0.079174]
[   0.079106]
[   0.079038]
[    0.07897]
[   0.078902]
[   0.078835]
[   0.078767]
[     0.0787]
[   0.078632]
[   0.078565]
[   0.078498]
[   0.078431]
[   0.078365]
[   0.078298]
[   0.078231]
[   0.078165]
[   0.078098]
[   0.078032]
[   0.077966]
[     0.0779]
[   0.077834]
[   0.077768]
[   0.077703]
[   0.077637]
[   0.077572]
[   0.077506]
[   0.077441]
[   0.077376]
[   0.077311]
[   0.077246]
[   0.077181]
[   0.077117]
[   0.077052]
[   0.076987]
[   0.076923]
[   0.076859]
[   0.076795]
[   0.076731]
[   0.076667]
[   0.076603]
[   0.076539]
[   0.076475]
[   0.076412]
[   0.076349]
[   0.076285]
[   0.076222]
[   0.076159]
[   0.076096]
[   0.076033]
[    0.07597]
[   0.075908]
[   0.075845]
[   0.075783]
[    0.07572]
[   0.075658]
[   0.075596]
[   0.075534]
[   0.075472]
[    0.07541]
[   0.075348]
[   0.075286]
[   0.075225]
[   0.075163]
[   0.075102]
[   0.075041]
[    0.07498]
[   0.074919]
[   0.074858]
[   0.074797]
[   0.074736]
[   0.074675]
[   0.074615]
[   0.074554]
[   0.074494]
[   0.074434]
[   0.074373]
[   0.074313]
[   0.074253]
[   0.074194]
[   0.074134]
[   0.074074]
[   0.074014]
[   0.073955]
[   0.073896]
[   0.073836]
[   0.073777]
[   0.073718]
[   0.073659]
[     0.0736]
[   0.073541]
[   0.073482]
[   0.073424]
[   0.073365]
[   0.073307]
[   0.073248]
[    0.07319]
[   0.073132]
[   0.073074]
[   0.073016]
[   0.072958]
[     0.0729]
[   0.072842]
[   0.072785]
[   0.072727]
[    0.07267]
[   0.072612]
[   0.072555]
[   0.072498]
[   0.072441]
[   0.072384]
[   0.072327]
[    0.07227]
[   0.072214]
[   0.072157]
[     0.0721]
[   0.072044]
[   0.071987]
[   0.071931]
[   0.071875]
[   0.071819]
[   0.071763]
[   0.071707]
[   0.071651]
[   0.071595]
[    0.07154]
[   0.071484]
[   0.071429]
[   0.071373]
[   0.071318]
[   0.071263]
[   0.071207]
[   0.071152]
[   0.071097]
[   0.071042]
[   0.070988]
[   0.070933]
[   0.070878]
[   0.070824]
[   0.070769]
[   0.070715]
[   0.070661]
[   0.070606]
[   0.070552]
[   0.070498]
[   0.070444]
[    0.07039]
[   0.070336]
[   0.070283]
[   0.070229]
[   0.070175]
[   0.070122]
[   0.070069]
[   0.070015]
[   0.069962]
[   0.069909]
[   0.069856]
[   0.069803]
[    0.06975]
[   0.069697]
[   0.069644]
[   0.069592]
[   0.069539]
[   0.069486]
[   0.069434]
[   0.069382]
[   0.069329]
[   0.069277]
[   0.069225]
[   0.069173]
[   0.069121]
[   0.069069]
[   0.069017]
[   0.068966]
[   0.068914]
[   0.068862]
[   0.068811]
[   0.068759]
[   0.068708]
[   0.068657]
[   0.068606]
[   0.068554]
[   0.068503]
[   0.068452]
[   0.068401]
[   0.068351]
[     0.0683]
[   0.068249]
[   0.068199]
[   0.068148]
[   0.068098]
[   0.068047]
[   0.067997]
[   0.067947]
[   0.067897]
[   0.067847]
[   0.067797]
[   0.067747]
[   0.067697]
[   0.067647]
[   0.067597]
[   0.067548]
[   0.067498]
[   0.067449]
[   0.067399]
[    0.06735]
[   0.067301]
[   0.067251]
[   0.067202]
[   0.067153]
[   0.067104]
[   0.067055]
[   0.067007]
[   0.066958]
[   0.066909]
[    0.06686]
[   0.066812]
[   0.066763]
[   0.066715]
[   0.066667]
[   0.066618]
[    0.06657]
[   0.066522]
[   0.066474]
[   0.066426]
[   0.066378]
[    0.06633]
[   0.066282]
[   0.066235]
[   0.066187]
[   0.066139]
[   0.066092]
[   0.066045]
[   0.065997]
[    0.06595]
[   0.065903]
[   0.065855]
[   0.065808]
[   0.065761]
[   0.065714]
[   0.065667]
[   0.065621]
[   0.065574]
[   0.065527]
[    0.06548]
[   0.065434]
[   0.065387]
[   0.065341]
[   0.065295]
[   0.065248]
[   0.065202]
[   0.065156]
[    0.06511]
[   0.065064]
[   0.065018]
[   0.064972]
[   0.064926]
[    0.06488]
[   0.064834]
[   0.064789]
[   0.064743]
[   0.064698]
[   0.064652]
[   0.064607]
[   0.064561]
[   0.064516]
[   0.064471]
[   0.064426]
[   0.064381]
[   0.064336]
[   0.064291]
[   0.064246]
[   0.064201]
[   0.064156]
[   0.064111]
[   0.064067]
[   0.064022]
[   0.063978]
[   0.063933]
[   0.063889]
[   0.063845]
[     0.0638]
[   0.063756]
[   0.063712]
[   0.063668]
[   0.063624]
[    0.06358]
[   0.063536]
[   0.063492]
[   0.063448]
[   0.063405]
[   0.063361]
[   0.063317]
[   0.063274]
[    0.06323]
[   0.063187]
[   0.063143]
[     0.0631]
[   0.063057]
[   0.063014]
[   0.062971]
[   0.062927]
[   0.062884]
[   0.062842]
[   0.062799]
[   0.062756]
[   0.062713]
[    0.06267]
[   0.062628]
[   0.062585]
[   0.062542]
[     0.0625]
[   0.062458]
[   0.062415]
[   0.062373]
[   0.062331]
[   0.062288]
[   0.062246]
[   0.062204]
[   0.062162]
[    0.06212]
[   0.062078]
[   0.062036]
[   0.061995]
[   0.061953]
[   0.061911]
[    0.06187]
[   0.061828]
[   0.061786]
[   0.061745]
[   0.061704]
[   0.061662]
[   0.061621]
[    0.06158]
[   0.061538]
[   0.061497]
[   0.061456]
[   0.061415]
[   0.061374]
[   0.061333]
[   0.061292]
[   0.061252]
[   0.061211]
[    0.06117]
[    0.06113]
[   0.061089]
[   0.061048]
[   0.061008]
[   0.060968]
[   0.060927]
[   0.060887]
[   0.060847]
[   0.060806]
[   0.060766]
[   0.060726]
[   0.060686]
[   0.060646]
[   0.060606]
[   0.060566]
[   0.060526]
[   0.060487]
[   0.060447]
[   0.060407]
[   0.060367]
[   0.060328]
[   0.060288]
[   0.060249]
[   0.060209]
[    0.06017]
[   0.060131]
[   0.060091]
[   0.060052]
[   0.060013]
[   0.059974]
[   0.059935]
[   0.059896]
[   0.059857]
[   0.059818]
[   0.059779]
[    0.05974]
[   0.059701]
[   0.059663]
[   0.059624]
[   0.059585]
[   0.059547]
[   0.059508]
[    0.05947]
[   0.059432]
[   0.059393]
[   0.059355]
[   0.059317]
[   0.059278]
[    0.05924]
[   0.059202]
[   0.059164]
[   0.059126]
[   0.059088]
[    0.05905]
[   0.059012]
[   0.058974]
[   0.058937]
[   0.058899]
[   0.058861]
[   0.058824]
[   0.058786]
[   0.058748]
[   0.058711]
[   0.058673]
[   0.058636]
[   0.058599]
[   0.058561]
[   0.058524]
[   0.058487]
[    0.05845]
[   0.058413]
[   0.058376]
[   0.058339]
[   0.058302]
[   0.058265]
[   0.058228]
[   0.058191]
[   0.058154]
[   0.058117]
[   0.058081]
[   0.058044]
[   0.058008]
[   0.057971]
[   0.057935]
[   0.057898]
[   0.057862]
[   0.057825]
[   0.057789]
[   0.057753]
[   0.057716]
[    0.05768]
[   0.057644]
[   0.057608]
[   0.057572]
[   0.057536]
[     0.0575]
[   0.057464]
[   0.057428]
[   0.057392]
[   0.057357]
[   0.057321]
[   0.057285]
[    0.05725]
[   0.057214]
[   0.057178]
[   0.057143]
[   0.057107]
[   0.057072]
[   0.057037]
[   0.057001]
[   0.056966]
[   0.056931]
[   0.056895]
[    0.05686]
[   0.056825]
[    0.05679]
[   0.056755]
[    0.05672]
[   0.056685]
[    0.05665]
[   0.056615]
[   0.056581]
[   0.056546]
[   0.056511]
[   0.056476]
[   0.056442]
[   0.056407]
[   0.056373]
[   0.056338]
[   0.056304]
[   0.056269]
[   0.056235]
[     0.0562]
[   0.056166]
[   0.056132]
[   0.056098]
[   0.056063]
[   0.056029]
[   0.055995]
[   0.055961]
[   0.055927]
[   0.055893]
[   0.055859]
[   0.055825]
[   0.055791]
[   0.055758]
[   0.055724]
[    0.05569]
[   0.055656]
[   0.055623]
[   0.055589]
[   0.055556]
[   0.055522]
[   0.055489]
[   0.055455]
[   0.055422]
[   0.055388]
[   0.055355]
[   0.055322]
[   0.055288]
[   0.055255]
[   0.055222]
[   0.055189]
[   0.055156]
[   0.055123]
[    0.05509]
[   0.055057]
[   0.055024]
[   0.054991]
[   0.054958]
[   0.054925]
[   0.054893]
[    0.05486]
[   0.054827]
[   0.054795]
[   0.054762]
[   0.054729]
[   0.054697]
[   0.054664]
[   0.054632]
[   0.054599]
[   0.054567]
[   0.054535]
[   0.054502]
[    0.05447]
[   0.054438]
[   0.054406]
[   0.054374]
[   0.054341]
[   0.054309]
[   0.054277]
[   0.054245]
[   0.054213]
[   0.054181]
[   0.054149]
[   0.054118]
[   0.054086]
[   0.054054]
[   0.054022]
[   0.053991]
[   0.053959]
[   0.053927]
[   0.053896]
[   0.053864]
[   0.053833]
[   0.053801]
[    0.05377]
[   0.053738]
[   0.053707]
[   0.053676]
[   0.053644]
[   0.053613]
[   0.053582]
[   0.053551]
[   0.053519]
[   0.053488]
[   0.053457]
[   0.053426]
[   0.053395]
[   0.053364]
[   0.053333]
[   0.053302]
[   0.053272]
[   0.053241]
[    0.05321]
[   0.053179]
[   0.053148]
[   0.053118]
[   0.053087]
[   0.053057]
[   0.053026]
[   0.052995]
[   0.052965]
[   0.052934]
[   0.052904]
[   0.052874]
[   0.052843]
[   0.052813]
[   0.052783]
[   0.052752]
[   0.052722]
[   0.052692]
[   0.052662]
[   0.052632]
[   0.052601]
[   0.052571]
[   0.052541]
[   0.052511]
[   0.052481]
[   0.052452]
[   0.052422]
[   0.052392]
[   0.052362]
[   0.052332]
[   0.052302]
[   0.052273]
[   0.052243]
[   0.052213]
[   0.052184]
[   0.052154]
[   0.052125]
[   0.052095]
[   0.052066]
[   0.052036]
[   0.052007]
[   0.051977]
[   0.051948]
[   0.051919]
[   0.051889]
[    0.05186]
[   0.051831]
[   0.051802]
[   0.051773]
[   0.051744]
[   0.051714]
[   0.051685]
[   0.051656]
[   0.051627]
[   0.051598]
[    0.05157]
[   0.051541]
[   0.051512]
[   0.051483]
[   0.051454]
[   0.051425]
[   0.051397]
[   0.051368]
[   0.051339]
[   0.051311]
[   0.051282]
[   0.051253]
[   0.051225]
[   0.051196]
[   0.051168]
[    0.05114]
[   0.051111]
[   0.051083]
[   0.051054]
[   0.051026]
[   0.050998]
[    0.05097]
[   0.050941]
[   0.050913]
[   0.050885]
[   0.050857]
[   0.050829]
[   0.050801]
[   0.050773]
[   0.050745]
[   0.050717]
[   0.050689]
[   0.050661]
[   0.050633]
[   0.050605]
[   0.050577]
[   0.050549]
[   0.050522]
[   0.050494]
[   0.050466]
[   0.050439]
[   0.050411]
[   0.050383]
[   0.050356]
[   0.050328]
[   0.050301]
[   0.050273]
[   0.050246]
[   0.050218]
[   0.050191]
[   0.050164]
[   0.050136]
[   0.050109]
[   0.050082]
[   0.050054]
[   0.050027]
[       0.05]
[   0.049973]
[   0.049946]
[   0.049919]
[   0.049892]
[   0.049864]
[   0.049837]
[   0.049811]
[   0.049784]
[   0.049757]
[    0.04973]
[   0.049703]
[   0.049676]
[   0.049649]
[   0.049622]
[   0.049596]
[   0.049569]
[   0.049542]
[   0.049516]
[   0.049489]
[   0.049462]
[   0.049436]
[   0.049409]
[   0.049383]
[   0.049356]
[    0.04933]
[   0.049303]
[   0.049277]
[   0.049251]
[   0.049224]
[   0.049198]
[   0.049172]
[   0.049145]
[   0.049119]
[   0.049093]
[   0.049067]
[   0.049041]
[   0.049014]
[   0.048988]
[   0.048962]
[   0.048936]
[    0.04891]
[   0.048884]
[   0.048858]
[   0.048832]
[   0.048806]
[    0.04878]
[   0.048755]
[   0.048729]
[   0.048703]
[   0.048677]
[   0.048652]
[   0.048626]
[     0.0486]
[   0.048574]
[   0.048549]
[   0.048523]
[   0.048498]
[   0.048472]
[   0.048447]
[   0.048421]
[   0.048396]
[    0.04837]
[   0.048345]
[   0.048319]
[   0.048294]
[   0.048269]
[   0.048243]
[   0.048218]
[   0.048193]
[   0.048168]
[   0.048142]
[   0.048117]
[   0.048092]
[   0.048067]
[   0.048042]
[   0.048017]
[   0.047992]
[   0.047967]
[   0.047942]
[   0.047917]
[   0.047892]
[   0.047867]
[   0.047842]
[   0.047817]
[   0.047792]
[   0.047767]
[   0.047743]
[   0.047718]
[   0.047693]
[   0.047668]
[   0.047644]
[   0.047619]
[   0.047594]
[    0.04757]
[   0.047545]
[   0.047521]
[   0.047496]
[   0.047472]
[   0.047447]
[   0.047423]
[   0.047398]
[   0.047374]
[   0.047349]
[   0.047325]
[   0.047301]
[   0.047276]
[   0.047252]
[   0.047228]
[   0.047204]
[   0.047179]
[   0.047155]
[   0.047131]
[   0.047107]
[   0.047083]
[   0.047059]
[   0.047035]
[   0.047011]
[   0.046987]
[   0.046963]
[   0.046939]
[   0.046915]
[   0.046891]
[   0.046867]
[   0.046843]
[   0.046819]
[   0.046796]
[   0.046772]
[   0.046748]
[   0.046724]
[   0.046701]
[   0.046677]
[   0.046653]
[   0.046629]
[   0.046606]
[   0.046582]
[   0.046559]
[   0.046535]
[   0.046512]
[   0.046488]
[   0.046465]
[   0.046441]
[   0.046418]
[   0.046394]
[   0.046371]
[   0.046348]
[   0.046828]
[   0.046804]
[   0.046781]
[   0.046757]
[   0.046734]
[    0.04671]
[   0.046687]
[   0.046663]
[    0.04664]
[   0.046617]
[   0.046593]
[    0.04657]
[   0.046547]
[   0.046523]
[     0.0465]
[   0.046477]
[   0.046454]
[    0.04643]
[   0.046407]
[   0.046384]
[   0.046361]
[   0.046338]
[   0.046315]
[   0.046292]
[   0.046269]
[   0.046246]
[   0.046223]
[     0.0462]
[   0.046177]
[   0.046154]
[   0.046131]
[   0.046108]
[   0.046085]
[   0.046062]
[    0.04604]
[   0.046017]
[   0.045994]
[   0.045971]
[   0.045949]
[   0.045926]
[   0.045903]
[   0.045881]
[   0.045858]
[   0.045835]
[   0.045813]
[    0.04579]
[   0.045768]
[   0.045745]
[   0.045723]
[     0.0457]
[   0.045678]
[   0.045655]
[   0.045633]
[   0.045611]
[   0.045588]
[   0.045566]
[   0.045544]
[   0.045521]
[   0.045499]
[   0.045477]
[   0.045455]
[   0.045432]
[    0.04541]
[   0.045388]
[   0.045366]
[   0.045344]
[   0.045322]
[     0.0453]
[   0.045278]
[   0.045255]
[   0.045233]
[   0.045211]
[    0.04519]
[   0.045168]
[   0.045146]
[   0.045124]
[   0.045102]
[    0.04508]
[   0.045058]
[   0.045036]
[   0.045015]
[   0.044993]
[   0.044971]
[   0.044949]
[   0.044928]
[   0.044906]
[   0.044884]
[   0.044863]
[   0.044841]
[   0.044819]
[   0.044798]
[   0.044776]
[   0.044755]
[   0.044733]
[   0.044712]
[    0.04469]
[   0.044669]
[   0.044647]
[   0.044626]
[   0.044604]
[   0.044583]
[   0.044562]
[    0.04454]
[   0.044519]
[   0.044498]
[   0.044476]
[   0.044455]
[   0.044434]
[   0.044413]
[   0.044391]
[    0.04437]
[   0.044349]
[   0.044328]
[   0.044307]
[   0.044286]
[   0.044265]
[   0.044244]
[   0.044223]
[   0.044202]
[   0.044181]
[    0.04416]
[   0.044139]
[   0.044118]
[   0.044097]
[   0.044076]
[   0.044055]
[   0.044034]
[   0.044013]
[   0.043992]
[   0.043972]
[   0.043951]
[    0.04393]
[   0.043909]
[   0.043889]
[   0.043868]
[   0.043847]
[   0.043827]
[   0.043806]
[   0.043785]
[   0.043765]
[   0.043744]
[   0.043724]
[   0.043703]
[   0.043682]
[   0.043662]
[   0.043641]
[   0.043621]
[   0.043601]
[    0.04358]
[    0.04356]
[   0.043539]
[   0.043519]
[   0.043499]
[   0.043478]
[   0.043458]
[   0.043438]
[   0.043417]
[   0.043397]
[   0.043377]
[   0.043357]
[   0.043336]
[   0.043316]
[   0.043296]
[   0.043276]
[   0.043256]
[   0.043236]
[   0.043216]
[   0.043196]
[   0.043175]
[   0.043155]
[   0.043135]
[   0.043115]
[   0.043095]
[   0.043075]
