     0/299     7.81G      8.02      31.6         0      39.6        14       608         0         0   0.00491         0      7.19      1.65         0
     1/299     7.81G      6.39      1.97         0      8.36        16       608         0         0  7.35e-05         0      6.47      1.67         0
     2/299     7.81G      5.37      1.74         0      7.11         9       608         0         0         0         0       5.6      1.48         0
     3/299     7.81G      5.04      1.68         0      6.72        15       608         0         0    0.0611         0      5.28      1.28         0
     4/299     7.81G      4.63      1.45         0      6.09        16       608         1   0.00885     0.171    0.0175      4.88      1.14         0
     5/299     7.81G      4.49      1.26         0      5.75         6       608     0.357     0.123     0.189     0.183      4.81      1.16         0
     6/299     7.81G      4.94         1         0      5.94        17       608     0.679     0.019     0.178     0.037      4.99      1.07         0
     7/299     7.81G      4.28      1.15         0      5.43        14       608         1   0.00885     0.196    0.0175      4.94      1.03         0
     8/299     7.81G      4.46      1.05         0      5.51         5       608         1   0.00885     0.174    0.0175       5.8     0.932         0
     9/299     7.81G      4.28      1.08         0      5.36        20       608     0.166     0.301     0.122     0.214      5.05      1.15         0
    10/299     7.81G      4.85     0.913         0      5.76        17       608  4.68e-05    0.0442  1.94e-05  9.35e-05      14.8  4.35e+03         0
    11/299     7.81G      4.38      1.06         0      5.44         6       608  0.000222    0.0619  0.000118  0.000442      9.39      86.2         0
    12/299     7.81G      4.34     0.884         0      5.23        17       608  0.000326    0.0354  0.000638  0.000646      7.53      40.1         0
    13/299     7.81G      4.56     0.897         0      5.46        14       608  0.000465    0.0354   0.00143  0.000919      6.11      26.1         0
    14/299     7.81G       4.5     0.895         0      5.39         6       608         0         0    0.0219         0       5.8     0.887         0
    15/299     7.81G      4.14     0.912         0      5.05        14       608         0         0    0.0181         0      6.08     0.692         0
    16/299     7.81G      4.37     0.829         0       5.2        17       608         0         0    0.0571         0      4.75     0.786         0
    17/299     7.81G      4.05     0.825         0      4.88         4       608     0.324     0.369     0.273     0.345       5.1     0.693         0
    18/299     7.81G       4.2     0.649         0      4.85        14       608     0.199     0.106    0.0749     0.139      6.52     0.687         0
    19/299     7.81G      4.77     0.775         0      5.55        16       608         1   0.00885    0.0678    0.0175      4.91     0.724         0
    20/299     7.81G      3.91     0.895         0      4.81         4       608         0         0     0.157         0      4.67     0.706         0
    21/299     7.81G      3.98     0.833         0      4.81        15       608     0.609    0.0442     0.182    0.0825      4.83      0.73         0
    22/299     7.81G      4.63      0.76         0      5.39        20       608         0         0         0         0        13  1.23e+03         0
    23/299     7.81G      5.14     0.735         0      5.88         5       608  0.000178     0.248  8.56e-05  0.000355      13.6       553         0
    24/299     7.81G       5.3     0.758         0      6.06        15       608  0.000346    0.0354  0.000121  0.000684        11       740         0
    25/299     7.81G      5.22     0.759         0      5.97        16       608   0.00507   0.00885  0.000298   0.00645      11.5      76.9         0
    26/299     7.81G      5.23     0.708         0      5.94         5       608    0.0103   0.00885  0.000343   0.00952      11.3     0.659         0
    27/299     7.81G       4.9     0.734         0      5.63        17       608   0.00344    0.0796  0.000708   0.00659      13.5      4.27         0
    28/299     7.81G      4.84     0.704         0      5.54        15       608   0.00564     0.487    0.0114    0.0111      9.24      6.46         0
    29/299     7.81G      4.91     0.695         0       5.6         6       608         0         0   0.00478         0      8.64     0.374         0
    30/299     7.81G      4.95     0.718         0      5.67         9       608         0         0  4.32e-06         0        15       325         0
    31/299     7.81G       4.8     0.746         0      5.55        20       608   0.00304    0.0442   0.00188   0.00569       9.5      5.62         0
    32/299     7.81G      4.78     0.718         0       5.5         6       608    0.0132    0.0885   0.00575     0.023      8.61     0.592         0
    33/299     7.81G      4.73     0.708         0      5.43        17       608    0.0197     0.186    0.0133    0.0355      7.45      1.34         0
    34/299     7.81G       4.7     0.772         0      5.47        22       608    0.0265     0.319    0.0173    0.0489      7.09      2.01         0
    35/299     7.81G      4.66     0.783         0      5.44         7       608     0.118    0.0722     0.021    0.0895      7.05     0.529         0
    36/299     7.81G      4.42      0.72         0      5.14        16       608     0.207     0.106    0.0674      0.14      5.67     0.608         0
    37/299     7.81G       4.5     0.654         0      5.15        20       608     0.209    0.0885    0.0685     0.124      5.47     0.558         0
    38/299     7.81G      4.45     0.721         0      5.17         8       608     0.294     0.133     0.136     0.183      5.35     0.514         0
    39/299     7.81G      4.33     0.674         0      5.01        12       608     0.307    0.0393    0.0983    0.0697      5.71     0.499         0
    40/299     7.81G      4.54     0.616         0      5.16        13       608     0.324    0.0848     0.111     0.134       5.5     0.543         0
    41/299     7.81G      4.14     0.688         0      4.83         5       608     0.359     0.109     0.121     0.167      5.36     0.538         0
    42/299     7.81G       4.4     0.713         0      5.11        20       608     0.162     0.195     0.123     0.177      5.52     0.591         0
    43/299     7.81G      4.21     0.761         0      4.98        12       608     0.505    0.0542     0.126    0.0979      5.12     0.563         0
    44/299     7.81G      4.23     0.715         0      4.95         4       608     0.397    0.0177    0.0772    0.0339      5.21     0.541         0
    45/299     7.81G      4.12     0.717         0      4.83        19       608     0.258    0.0265    0.0678    0.0482      5.22     0.517         0
    46/299     7.81G      3.97     0.639         0       4.6        15       608     0.463    0.0384     0.105    0.0709      5.18     0.532         0
    47/299     7.81G       4.2     0.627         0      4.83         4       608     0.637    0.0468     0.188    0.0873      5.06     0.549         0
    48/299     7.81G      4.11     0.626         0      4.74        10       608     0.431     0.133     0.157     0.203      5.23     0.522         0
    49/299     7.81G      4.11     0.632         0      4.74        15       608     0.339     0.195     0.149     0.247      5.23     0.542         0
    50/299     7.81G      4.02     0.699         0      4.72         8       608      0.33      0.31     0.206      0.32      4.99     0.582         0
    51/299     7.81G      3.94     0.723         0      4.66        17       608     0.583     0.112     0.231     0.187      4.85     0.564         0
    52/299     7.81G      3.94     0.615         0      4.55        15       608     0.428     0.126     0.222     0.195      4.86     0.557         0
    53/299     7.81G      3.83     0.656         0      4.48         7       608     0.568     0.239     0.313     0.336       4.5     0.583         0
    54/299     7.81G      3.83     0.675         0       4.5        10       608     0.611     0.221     0.331     0.325      4.73     0.533         0
    55/299     7.81G      3.76     0.653         0      4.41        17       608     0.352     0.327     0.272     0.339      4.78      0.54         0
    56/299     7.81G      3.67     0.598         0      4.27         6       608     0.488      0.27     0.296     0.348      4.95     0.483         0
    57/299     7.81G      3.77     0.648         0      4.42        20       608     0.523     0.292     0.329     0.375      4.62     0.502         0
    58/299     7.81G       3.7     0.601         0       4.3        19       608     0.402     0.265     0.248      0.32      4.94     0.492         0
    59/299     7.81G      3.77     0.559         0      4.33         7       608     0.768     0.159     0.274     0.264      4.76      0.51         0
    60/299     7.81G      3.63     0.615         0      4.25        15       608     0.637     0.212     0.304     0.319      4.58     0.462         0
    61/299     7.81G      3.68     0.603         0      4.29        15       608     0.542     0.195      0.27     0.286       4.9     0.423         0
    62/299     7.81G      3.68     0.615         0      4.29        10       608     0.637     0.204     0.302     0.308      4.67     0.452         0
    63/299     7.81G      3.84     0.522         0      4.36        19       608     0.817     0.158     0.327     0.265       4.7     0.485         0
    64/299     7.81G      3.67     0.572         0      4.25        18       608     0.478     0.159     0.214     0.239      4.63     0.527         0
    65/299     7.81G       3.6     0.601         0       4.2         5       608     0.478     0.248     0.308     0.326      4.49     0.511         0
    66/299     7.81G      3.58     0.574         0      4.16        14       608     0.649     0.336     0.421     0.443      4.54     0.482         0
    67/299     7.81G      3.55     0.565         0      4.11        15       608      0.65     0.204     0.302      0.31      4.58     0.489         0
    68/299     7.81G      3.39     0.583         0      3.97         6       608     0.576     0.422     0.456     0.487      4.49     0.467         0
    69/299     7.81G      3.33     0.595         0      3.93        22       608     0.654     0.301     0.436     0.412      4.43     0.459         0
    70/299     7.81G      3.26     0.539         0       3.8        20       608     0.724     0.325     0.453     0.448       4.4     0.455         0
    71/299     7.81G      3.52     0.561         0      4.08         4       608     0.635     0.292     0.394       0.4      4.53     0.457         0
    72/299     7.81G      3.25     0.541         0      3.79        23       608     0.719     0.272     0.379     0.395      4.65     0.442         0
    73/299     7.81G      3.35     0.546         0       3.9        22       608     0.575     0.299     0.361     0.394      4.32     0.479         0
    74/299     7.81G      3.53     0.522         0      4.05         5       608     0.517     0.372     0.383     0.432      4.34     0.492         0
    75/299     7.81G      3.19     0.558         0      3.75        24       608     0.583     0.396     0.417     0.472      4.45     0.473         0
    76/299     7.81G      3.24     0.541         0      3.78        19       608     0.639     0.438     0.488     0.519       4.4      0.44         0
    77/299     7.81G      3.32     0.527         0      3.85        10       608     0.514     0.309     0.398     0.386       4.3     0.453         0
    78/299     7.81G      3.26     0.509         0      3.77        13       608     0.518     0.407     0.405     0.456       4.4     0.471         0
    79/299     7.81G      3.43     0.578         0         4        13       608     0.482     0.239     0.351     0.319      4.54     0.458         0
    80/299     7.81G      3.03     0.502         0      3.53         4       608     0.449     0.301     0.306      0.36      4.52     0.466         0
    81/299     7.81G      3.29     0.497         0      3.79        15       608     0.614     0.363     0.479     0.456      4.32     0.447         0
    82/299     7.81G      3.09     0.534         0      3.62        13       608     0.647     0.319      0.46     0.427      4.27     0.457         0
    83/299     7.81G      3.26     0.507         0      3.77         6       608     0.669     0.345     0.471     0.455      4.32     0.446         0
    84/299     7.81G       3.2     0.498         0       3.7        16       608     0.624     0.319     0.439     0.422      4.32     0.452         0
    85/299     7.81G      3.17     0.491         0      3.66        15       608     0.689     0.345     0.435      0.46      4.31     0.498         0
    86/299     7.81G      3.09     0.512         0       3.6         6       608     0.719     0.362     0.455     0.482      4.31     0.504         0
    87/299     7.81G      2.98     0.518         0       3.5        23       608     0.631     0.354     0.489     0.454      4.29     0.511         0
    88/299     7.81G      3.06     0.551         0      3.61        21       608     0.559     0.319     0.394     0.406      4.36     0.504         0
    89/299     7.81G       3.1     0.536         0      3.64         8       608     0.549      0.41     0.481     0.469      4.21     0.478         0
    90/299     7.81G      2.98     0.578         0      3.56        16       608     0.612     0.442     0.519     0.514      4.18     0.462         0
    91/299     7.81G      2.93     0.515         0      3.45        14       608     0.523     0.427     0.492      0.47      4.16     0.461         0
    92/299     7.81G      2.99     0.478         0      3.47         6       608     0.645     0.496      0.55      0.56         4     0.457         0
    93/299     7.81G      2.95     0.496         0      3.45        21       608     0.618     0.434     0.486      0.51      4.12     0.445         0
    94/299     7.81G      2.92     0.521         0      3.44        26       608     0.616     0.411     0.457     0.493      4.11     0.455         0
    95/299     7.81G      3.07     0.512         0      3.58         5       608       0.5     0.345     0.355     0.408      4.33      0.46         0
    96/299     7.81G      2.89     0.508         0       3.4        19       608     0.506     0.425     0.451     0.462      4.11     0.486         0
    97/299     7.81G      2.83     0.521         0      3.35        16       608      0.56     0.478     0.463     0.516      4.08     0.487         0
    98/299     7.81G      2.79      0.51         0       3.3         9       608     0.636     0.416     0.469     0.503      4.11     0.485         0
    99/299     7.81G       2.9     0.477         0      3.37        16       608     0.585     0.438     0.461     0.501      4.14     0.477         0
   100/299     7.81G      2.94     0.446         0      3.39        18       608     0.588     0.363     0.412     0.449      4.09     0.484         0
   101/299     7.81G      2.87     0.502         0      3.37         8       608     0.481     0.451     0.477     0.466      4.27     0.444         0
   102/299     7.81G      2.93     0.449         0      3.38        12       608     0.699     0.411      0.51     0.518       4.3     0.419         0
   103/299     7.81G      2.89     0.477         0      3.37        20       608     0.647     0.575     0.592     0.609      4.26     0.436         0
   104/299     7.81G      2.72     0.498         0      3.22         5       608      0.66     0.451     0.524     0.536      4.38     0.413         0
   105/299     7.81G      3.02     0.464         0      3.49        22       608     0.629     0.434     0.478     0.513      4.24     0.435         0
   106/299     7.81G      2.76     0.472         0      3.23        16       608     0.581      0.46     0.485     0.513      4.04     0.446         0
   107/299     7.81G      2.58     0.497         0      3.08         5       608     0.562     0.513     0.488     0.536      4.06     0.452         0
   108/299     7.81G      2.65     0.478         0      3.13        17       608     0.634     0.478     0.555     0.545      3.88     0.458         0
   109/299     7.81G      2.66     0.486         0      3.15        21       608     0.647     0.502     0.564     0.565      4.11     0.452         0
   110/299     7.81G       2.6     0.461         0      3.07         6       608     0.618     0.416      0.51     0.497      4.01     0.464         0
   111/299     7.81G      2.52      0.44         0      2.96        14       608     0.573     0.558     0.502     0.565      4.08      0.43         0
   112/299     7.81G      2.56     0.449         0         3        18       608     0.574     0.504     0.476     0.537      4.17     0.429         0
   113/299     7.81G      2.94     0.439         0      3.38         7       608     0.519      0.43     0.439      0.47      3.99     0.454         0
   114/299     7.81G      2.71     0.465         0      3.17        15       608     0.632     0.441     0.537     0.519      4.01     0.444         0
   115/299     7.81G       2.5     0.473         0      2.98        17       608     0.594     0.451     0.512     0.513      3.92     0.446         0
   116/299     7.81G      2.65     0.442         0       3.1         7       608     0.612     0.513     0.493     0.558      4.22      0.43         0
   117/299     7.81G      2.56     0.438         0      2.99        19       608     0.663     0.531     0.558      0.59      3.98     0.435         0
   118/299     7.81G      2.28     0.425         0       2.7        16       608       0.6     0.571      0.52     0.585      4.04     0.444         0
   119/299     7.81G      2.55     0.426         0      2.97         9       608     0.603     0.637     0.562      0.62      3.93     0.437         0
   120/299     7.81G       2.5     0.415         0      2.92        13       608     0.674     0.548     0.527     0.604      3.97     0.429         0
   121/299     7.81G      2.55     0.434         0      2.98        10       608      0.57     0.487     0.473     0.525      4.19     0.443         0
   122/299     7.81G      2.34      0.41         0      2.75         5       608     0.622     0.467     0.509     0.533      4.02     0.445         0
   123/299     7.81G      2.47     0.387         0      2.85        18       608     0.601     0.487     0.481     0.538      4.11     0.443         0
   124/299     7.81G      2.64     0.422         0      3.06        12       608     0.582     0.332     0.384     0.423      4.07     0.484         0
   125/299     7.81G      2.52     0.446         0      2.97         7       608     0.667     0.416     0.462     0.512      4.07     0.483         0
   126/299     7.81G      2.58     0.428         0      3.01        11       608     0.627     0.389     0.445      0.48      4.14     0.488         0
   127/299     7.81G      2.38     0.424         0       2.8        17       608     0.546     0.513      0.44     0.529      4.17     0.448         0
   128/299     7.81G      2.52     0.409         0      2.93         5       608     0.555     0.542     0.486     0.548      4.05     0.454         0
   129/299     7.81G      2.36     0.392         0      2.75        22       608     0.518     0.566     0.509     0.541         4     0.451         0
   130/299     7.81G      2.51     0.443         0      2.96        16       608     0.553     0.469     0.473     0.508      4.06     0.451         0
   131/299     7.81G      2.33      0.42         0      2.75         7       608     0.512     0.469     0.439      0.49      4.12     0.465         0
   132/299     7.81G      2.27     0.409         0      2.68        19       608     0.535      0.55     0.475     0.543      4.04     0.473         0
   133/299     7.81G      2.28      0.45         0      2.73        19       608     0.538     0.575     0.541     0.556      4.01     0.461         0
   134/299     7.81G      2.42     0.414         0      2.83         4       608     0.603     0.513     0.523     0.555      4.06     0.464         0
   135/299     7.81G      2.24       0.4         0      2.64        22       608     0.543     0.593     0.574     0.567      3.97     0.448         0
   136/299     7.81G      2.28     0.399         0      2.68        18       608     0.637     0.466     0.537     0.538      3.91     0.459         0
   137/299     7.81G       2.4     0.454         0      2.85         4       608       0.6     0.496     0.491     0.543      4.01     0.477         0
   138/299     7.81G      2.22     0.407         0      2.63        22       608     0.507     0.558     0.514     0.531      3.97     0.491         0
   139/299     7.81G      2.31     0.405         0      2.71        13       608     0.552     0.599     0.552     0.575      4.02     0.471         0
   140/299     7.81G      2.31     0.402         0      2.71         7       608     0.628     0.566     0.551     0.596      4.06     0.477         0
   141/299     7.81G      2.23     0.351         0      2.58        15       608     0.477     0.509     0.434     0.493      4.25     0.489         0
   142/299     7.81G      2.35     0.398         0      2.74        13       608     0.568     0.566     0.512     0.567      3.98     0.484         0
   143/299     7.81G      2.14     0.393         0      2.53         7       608     0.567     0.504     0.509     0.534      3.98     0.466         0
   144/299     7.81G      2.17     0.413         0      2.58        18       608     0.564     0.504     0.497     0.532      3.96     0.471         0
   145/299     7.81G      2.27     0.373         0      2.65        21       608     0.558     0.559     0.534     0.559         4     0.447         0
   146/299     7.81G      2.07     0.375         0      2.45         8       608     0.664     0.628     0.594     0.645      3.97     0.422         0
   147/299     7.81G      2.03     0.395         0      2.42        18       608     0.642     0.628     0.597     0.635      3.96     0.433         0
   148/299     7.81G      1.97     0.377         0      2.35        16       608     0.604     0.594     0.574     0.599      3.98     0.435         0
   149/299     7.81G      2.25     0.375         0      2.62         8       608       0.6     0.646     0.611     0.622      3.94      0.43         0
   150/299     7.81G      2.18     0.384         0      2.57        15       608     0.601     0.628     0.589     0.614      4.05      0.43         0
   151/299     7.81G      2.21     0.404         0      2.62        19       608     0.636     0.566     0.521     0.599      3.99     0.438         0
   152/299     7.81G      2.05     0.413         0      2.46         4       608     0.583     0.545     0.513     0.563      3.91     0.453         0
   153/299     7.81G       2.1     0.381         0      2.49        23       608     0.575     0.558     0.508     0.566      3.91     0.443         0
   154/299     7.81G      2.09     0.361         0      2.45        15       608     0.588     0.493     0.485     0.536      4.11     0.437         0
   155/299     7.81G      2.18     0.335         0      2.52         7       608     0.662     0.504     0.493     0.572       4.1     0.445         0
   156/299     7.81G      2.05     0.395         0      2.45        14       608      0.65      0.54     0.543      0.59      4.17     0.429         0
   157/299     7.81G      2.06     0.363         0      2.42        11       608     0.622     0.522      0.52     0.568      4.15     0.435         0
   158/299     7.81G      2.09       0.4         0      2.49         6       608     0.636     0.602     0.577     0.618      3.93     0.436         0
   159/299     7.81G         2      0.34         0      2.34        19       608     0.629     0.575     0.513     0.601      4.06     0.439         0
   160/299     7.81G      1.89     0.354         0      2.24        15       608     0.611     0.673     0.591      0.64      3.93     0.434         0
   161/299     7.81G      2.02     0.364         0      2.38         6       608     0.661     0.637      0.61     0.649      3.81     0.444         0
   162/299     7.81G      1.89     0.361         0      2.25        17       608     0.638      0.69     0.624     0.663      3.87     0.445         0
   163/299     7.81G      1.94     0.347         0      2.29        17       608     0.635     0.681     0.595     0.657      3.96     0.446         0
   164/299     7.81G       1.9     0.326         0      2.22        11       608     0.632     0.637     0.579     0.635      3.91     0.445         0
   165/299     7.81G      1.81     0.352         0      2.16        13       608      0.61     0.595     0.565     0.603      3.93     0.445         0
   166/299     7.81G      1.93     0.374         0       2.3        17       608     0.579     0.611     0.542     0.595      3.96      0.44         0
   167/299     7.81G      1.86     0.347         0      2.21         6       608     0.597     0.611     0.546     0.604       3.9     0.444         0
   168/299     7.81G      1.79     0.314         0       2.1        15       608     0.576     0.611     0.533     0.593      3.89     0.446         0
   169/299     7.81G      1.74     0.308         0      2.05        14       608     0.555     0.619     0.558     0.586      3.99     0.444         0
   170/299     7.81G      1.83     0.332         0      2.16         4       608     0.581     0.619     0.562       0.6      3.92     0.451         0
   171/299     7.81G       1.8     0.345         0      2.14        26       608     0.603     0.593     0.564     0.598      3.96     0.455         0
   172/299     7.81G       1.8      0.33         0      2.13        12       608     0.556     0.566     0.552     0.561      3.94     0.458         0
   173/299     7.81G      1.83      0.33         0      2.16         8       608     0.519     0.602     0.536     0.557      3.92     0.456         0
   174/299     7.81G      1.78     0.341         0      2.12        19       608     0.564     0.628     0.549     0.595      3.99      0.45         0
   175/299     7.81G      1.81     0.365         0      2.18        18       608     0.557     0.601     0.509     0.578      3.96     0.458         0
   176/299     7.81G      1.75      0.29         0      2.04         5       608     0.567     0.602     0.516     0.584      3.98     0.465         0
   177/299     7.81G      1.89     0.325         0      2.21        10       608     0.574     0.602     0.513     0.587      3.98     0.467         0
   178/299     7.81G      1.82     0.344         0      2.16        18       608     0.592      0.59     0.513     0.591      3.95     0.466         0
   179/299     7.81G      1.72      0.34         0      2.06         6       608     0.618     0.637     0.569     0.628      3.97     0.464         0
   180/299     7.81G      1.63     0.321         0      1.95        13       608     0.602     0.619     0.542     0.611      4.02     0.461         0
   181/299     7.81G      1.67     0.328         0         2        21       608     0.615     0.628     0.546     0.622      3.98     0.454         0
   182/299     7.81G      1.79     0.322         0      2.11         7       608     0.617     0.641     0.578     0.629      3.87     0.455         0
   183/299     7.81G       1.7     0.327         0      2.03        15       608      0.55     0.619     0.542     0.582      3.89     0.463         0
   184/299     7.81G      1.68     0.314         0      1.99        15       608      0.59     0.611     0.561       0.6      3.81      0.46         0
   185/299     7.81G      1.71     0.321         0      2.03         4       608     0.616     0.637     0.588     0.626      3.78     0.454         0
   186/299     7.81G      1.65     0.317         0      1.97        11       608     0.604     0.619     0.568     0.612      3.81     0.456         0
   187/299     7.81G      1.61     0.303         0      1.92        13       608     0.598     0.593     0.537     0.596      3.86     0.468         0
   188/299     7.81G      1.64     0.323         0      1.97         4       608      0.55     0.611     0.521     0.579      3.94     0.476         0
   189/299     7.81G      1.64     0.322         0      1.96        15       608     0.544     0.628     0.545     0.583      3.92     0.471         0
   190/299     7.81G       1.7     0.288         0      1.99        22       608     0.578     0.631     0.559     0.603      3.89     0.463         0
   191/299     7.81G      1.65     0.308         0      1.96         7       608     0.604     0.622      0.59     0.613      3.94     0.453         0
   192/299     7.81G      1.69     0.314         0         2        13       608     0.609     0.628      0.58     0.618      4.01     0.453         0
   193/299     7.81G      1.49     0.354         0      1.85        15       608      0.55     0.628     0.564     0.586      4.01     0.454         0
   194/299     7.81G       1.5      0.29         0      1.79         5       608     0.529     0.637     0.575     0.578      3.98     0.451         0
   195/299     7.81G      1.57     0.309         0      1.87        15       608     0.548     0.637     0.578     0.589      3.98     0.448         0
   196/299     7.81G      1.47     0.276         0      1.75        17       608     0.595     0.655     0.578     0.623      3.96     0.447         0
   197/299     7.81G      1.56     0.298         0      1.85         6       608     0.603     0.655     0.583     0.628      3.91     0.451         0
   198/299     7.81G      1.54       0.3         0      1.84        19       608      0.62     0.673     0.608     0.645      3.86      0.45         0
   199/299     7.81G      1.53     0.305         0      1.83        15       608     0.628     0.664     0.588     0.645      3.95     0.455         0
   200/299     7.81G      1.47     0.295         0      1.76         7       608     0.618     0.616     0.604     0.617      3.84     0.459         0
   201/299     7.81G      1.45     0.287         0      1.74        10       608     0.561     0.611     0.558     0.585      3.88     0.464         0
   202/299     7.81G      1.52     0.315         0      1.83        18       608     0.574     0.646     0.581     0.608      3.82     0.467         0
   203/299     7.81G      1.46      0.32         0      1.79         7       608     0.592     0.646     0.587     0.618      3.81     0.471         0
   204/299     7.81G      1.51     0.318         0      1.83        16       608     0.629     0.646     0.577     0.637      3.78     0.465         0
   205/299     7.81G      1.48     0.274         0      1.75        14       608     0.611     0.619     0.577     0.615      3.82     0.474         0
   206/299     7.81G      1.43     0.281         0      1.71         4       608     0.604     0.628     0.596     0.616      3.82     0.466         0
   207/299     7.81G       1.4     0.268         0      1.66        14       608     0.644     0.655      0.62      0.65      3.81     0.459         0
   208/299     7.81G      1.52     0.279         0       1.8        17       608      0.63     0.628     0.555     0.629      3.86     0.454         0
   209/299     7.81G      1.45     0.283         0      1.73         8       608     0.578     0.611     0.546     0.594      3.89     0.469         0
   210/299     7.81G      1.44     0.286         0      1.72        20       608     0.603     0.619      0.55     0.611      3.92     0.471         0
   211/299     7.81G      1.42     0.313         0      1.73        15       608     0.631     0.637     0.573     0.634      3.97     0.466         0
   212/299     7.81G      1.44     0.286         0      1.73         6       608     0.617     0.628     0.572     0.622      3.92     0.464         0
   213/299     7.81G      1.32     0.271         0      1.59        18       608      0.59     0.664     0.607     0.625      3.89     0.454         0
   214/299     7.81G      1.49     0.278         0      1.77        19       608     0.576     0.681     0.623     0.624      3.86     0.454         0
   215/299     7.81G      1.35     0.249         0       1.6         3       608     0.555      0.69     0.621     0.615      3.85     0.455         0
   216/299     7.81G      1.44     0.254         0       1.7        18       608     0.565     0.646     0.607     0.603       3.9     0.456         0
   217/299     7.81G      1.46     0.275         0      1.73        12       608     0.571     0.635     0.597     0.601      3.92     0.462         0
   218/299     7.81G      1.31     0.278         0      1.58         4       608     0.563     0.651     0.592     0.604      3.85     0.466         0
   219/299     7.81G      1.44      0.26         0       1.7        15       608     0.557     0.668     0.589     0.608      3.76     0.469         0
   220/299     7.81G      1.37     0.281         0      1.65        18       608     0.545     0.637     0.587     0.588      3.81     0.468         0
   221/299     7.81G      1.33     0.278         0      1.61         4       608     0.542     0.671     0.608       0.6      3.79      0.47         0
   222/299     7.81G      1.39     0.272         0      1.66        16       608     0.526     0.646     0.572      0.58      3.79     0.475         0
   223/299     7.81G      1.36     0.258         0      1.62        18       608     0.565     0.673     0.609     0.614      3.78     0.473         0
   224/299     7.81G      1.32     0.275         0      1.59         6       608     0.583      0.68     0.613     0.627      3.78     0.466         0
   225/299     7.81G      1.38     0.295         0      1.67        20       608     0.643     0.664     0.596     0.653      3.81     0.464         0
   226/299     7.81G      1.32     0.234         0      1.56        17       608     0.622     0.655      0.58     0.638      3.82     0.468         0
   227/299     7.81G      1.33     0.272         0      1.61         3       608      0.63     0.632     0.566     0.631      3.88     0.471         0
   228/299     7.81G      1.29     0.282         0      1.57        18       608     0.648     0.611      0.57     0.629      3.89     0.477         0
   229/299     7.81G      1.32     0.268         0      1.59        18       608     0.647     0.628     0.587     0.637       3.9      0.47         0
   230/299     7.81G      1.23     0.256         0      1.49         5       608     0.626     0.637     0.585     0.632      3.89     0.465         0
   231/299     7.81G      1.32     0.234         0      1.55        13       608     0.638     0.655     0.612     0.646      3.86      0.46         0
   232/299     7.81G      1.29     0.269         0      1.56        23       608     0.633     0.655     0.606     0.644      3.86     0.459         0
   233/299     7.81G      1.25     0.262         0      1.51         8       608     0.628     0.646     0.599     0.637      3.86     0.455         0
   234/299     7.81G      1.31     0.277         0      1.59        17       608     0.607     0.637     0.591     0.622      3.86     0.452         0
   235/299     7.81G      1.26     0.261         0      1.53        20       608     0.603     0.646     0.599     0.624      3.81     0.451         0
   236/299     7.81G      1.23     0.247         0      1.48         6       608      0.62     0.646     0.609     0.633      3.81     0.452         0
   237/299     7.81G      1.27     0.256         0      1.52        17       608     0.639     0.637     0.598     0.638      3.84     0.455         0
   238/299     7.81G      1.23     0.266         0       1.5        16       608     0.624     0.637     0.616     0.631       3.8     0.459         0
   239/299     7.81G       1.3      0.26         0      1.56         7       608     0.594     0.637     0.596     0.615      3.86     0.464         0
   240/299     7.81G      1.26     0.274         0      1.53        19       608     0.592     0.637     0.607     0.614      3.82     0.459         0
   241/299     7.81G      1.19     0.226         0      1.42        15       608     0.593     0.646     0.609     0.618      3.83     0.456         0
   242/299     7.81G      1.18     0.236         0      1.42         8       608     0.588     0.637     0.587     0.611      3.86     0.454         0
   243/299     7.81G      1.24     0.237         0      1.48        18       608     0.569     0.673     0.588     0.616      3.85      0.45         0
   244/299     7.81G      1.17      0.25         0      1.42        10       608     0.568     0.681     0.597     0.619      3.81     0.453         0
   245/299     7.81G      1.24     0.276         0      1.52         7       608     0.574     0.699     0.621      0.63      3.77     0.456         0
   246/299     7.81G      1.22     0.256         0      1.47        15       608     0.577     0.699     0.605     0.632      3.79     0.457         0
   247/299     7.81G      1.24     0.263         0      1.51        22       608     0.603     0.717      0.62     0.655      3.77      0.46         0
   248/299     7.81G      1.16     0.253         0      1.42         9       608     0.579      0.69     0.601      0.63      3.79     0.461         0
   249/299     7.81G      1.14     0.237         0      1.38        13       608     0.584     0.659     0.599     0.619      3.81     0.466         0
   250/299     7.81G      1.16     0.236         0      1.39        17       608     0.596     0.664     0.597     0.628      3.82     0.466         0
   251/299     7.81G      1.04     0.212         0      1.25         6       608     0.606     0.673     0.605     0.638      3.83     0.468         0
   252/299     7.81G      1.11     0.215         0      1.33        20       608     0.593     0.671       0.6      0.63      3.83     0.465         0
   253/299     7.81G      1.27     0.262         0      1.53        21       608     0.577     0.651     0.588     0.612      3.85     0.464         0
   254/299     7.81G      1.15     0.227         0      1.38         6       608     0.586     0.646     0.592     0.615      3.86     0.466         0
   255/299     7.81G      1.13     0.242         0      1.38        24       608      0.59     0.646     0.586     0.617      3.86     0.465         0
   256/299     7.81G      1.16     0.228         0      1.38        23       608     0.575     0.646     0.586     0.608      3.86     0.473         0
   257/299     7.81G      1.09      0.23         0      1.32         5       608     0.568     0.619     0.571     0.593      3.87     0.478         0
   258/299     7.81G      1.18     0.221         0       1.4        15       608     0.596     0.628     0.582     0.612      3.83     0.473         0
   259/299     7.81G      1.07     0.237         0      1.31        13       608     0.608     0.628     0.587     0.618      3.79     0.472         0
   260/299     7.81G      1.14     0.239         0      1.38         7       608     0.595     0.646     0.592      0.62      3.76      0.47         0
   261/299     7.81G      1.12     0.224         0      1.34        20       608     0.597     0.655     0.598     0.624      3.75     0.468         0
   262/299     7.81G      1.22     0.272         0       1.5        19       608     0.602     0.664     0.608     0.631      3.76     0.467         0
   263/299     7.81G      1.08      0.25         0      1.33        12       608     0.612     0.664     0.609     0.637      3.78      0.47         0
   264/299     7.81G       1.1     0.231         0      1.33        17       608     0.593     0.655     0.602     0.623       3.8     0.472         0
   265/299     7.81G      1.16      0.21         0      1.37        26       608     0.576     0.649     0.585      0.61      3.82     0.475         0
   266/299     7.81G      1.22     0.227         0      1.45         9       608     0.587     0.646     0.586     0.615      3.84     0.476         0
   267/299     7.81G      1.04     0.209         0      1.25        16       608     0.577     0.646      0.58      0.61      3.86     0.477         0
   268/299     7.81G      1.09     0.213         0       1.3        15       608     0.577     0.646     0.577     0.609      3.84     0.477         0
   269/299     7.81G      1.09      0.23         0      1.32         6       608     0.578     0.646     0.571      0.61      3.84     0.477         0
   270/299     7.81G      1.13     0.229         0      1.36        15       608      0.59     0.637     0.574     0.613      3.84     0.475         0
   271/299     7.81G      1.07     0.227         0       1.3        15       608      0.59     0.637     0.582     0.613      3.84     0.471         0
   272/299     7.81G      1.07     0.233         0      1.31         6       608     0.604     0.646     0.602     0.624      3.83      0.47         0
   273/299     7.81G       1.1      0.25         0      1.35        19       608     0.604     0.647     0.589     0.625      3.82      0.47         0
   274/299     7.81G      1.06     0.234         0      1.29        17       608     0.598     0.637     0.581     0.617      3.81     0.471         0
   275/299     7.81G      1.07     0.224         0      1.29        11       608     0.596     0.655     0.591     0.624      3.83     0.474         0
   276/299     7.81G     0.991     0.222         0      1.21        19       608     0.605     0.655     0.592     0.629      3.85     0.473         0
   277/299     7.81G       1.1     0.237         0      1.34        20       608     0.617     0.664     0.606     0.639      3.84     0.472         0
   278/299     7.81G      1.18     0.244         0      1.43         8       608      0.61     0.664     0.603     0.636      3.82     0.472         0
   279/299     7.81G      1.05     0.213         0      1.26        21       608     0.594     0.664     0.607     0.627      3.82     0.475         0
   280/299     7.81G      1.11     0.227         0      1.33        13       608      0.59     0.664       0.6     0.625      3.84     0.474         0
   281/299     7.81G      1.08     0.224         0      1.31         4       608     0.599     0.664     0.604     0.629      3.83     0.473         0
   282/299     7.81G      1.04     0.235         0      1.28        12       608     0.597     0.643     0.594     0.619      3.84     0.477         0
   283/299     7.81G      1.06     0.218         0      1.28        20       608     0.602     0.646     0.598     0.623      3.85     0.478         0
   284/299     7.81G       1.1      0.25         0      1.34         6       608     0.606     0.655     0.599     0.629      3.83     0.479         0
   285/299     7.81G      1.06     0.221         0      1.28        12       608     0.599     0.646     0.596     0.622      3.81      0.48         0
   286/299     7.81G      1.03     0.243         0      1.28        22       608     0.598     0.646     0.592     0.621      3.81     0.479         0
   287/299     7.81G      1.07      0.23         0       1.3        10       608     0.598     0.657     0.603     0.626      3.82     0.481         0
   288/299     7.81G      1.07     0.201         0      1.27        16       608     0.603     0.655     0.603     0.628      3.86     0.484         0
   289/299     7.81G      1.08     0.239         0      1.32        20       608      0.61     0.655     0.609     0.632      3.86     0.487         0
   290/299     7.81G      1.07     0.211         0      1.28         8       608     0.619     0.664     0.613     0.641      3.82     0.486         0
   291/299     7.81G      1.07     0.255         0      1.32        22       608     0.611     0.654     0.603     0.632      3.84     0.488         0
   292/299     7.81G      1.02     0.226         0      1.25        21       608     0.595     0.646     0.603     0.619      3.84     0.487         0
   293/299     7.81G      1.07     0.252         0      1.32         5       608     0.594     0.664     0.615     0.627       3.8     0.486         0
   294/299     7.81G      1.05     0.218         0      1.26        15       608     0.586     0.664     0.614     0.622      3.77     0.486         0
   295/299     7.81G       1.1      0.23         0      1.33        20       608      0.58     0.673      0.61     0.623      3.81     0.484         0
   296/299     7.81G      1.03     0.216         0      1.25         7       608     0.582     0.666     0.612     0.621      3.81     0.483         0
   297/299     7.81G      1.03     0.219         0      1.25        15       608     0.596     0.673     0.605     0.632      3.82     0.484         0
   298/299     7.81G      1.03     0.218         0      1.24        15       608     0.581     0.664     0.593     0.619       3.8     0.483         0
   299/299     7.81G      1.04     0.223         0      1.26         4       608     0.584     0.673     0.594     0.625      3.79     0.482         0
