[    0.63211     0.55497     0.44369     0.45128           0      0.4787      0.1621]
[    0.61992     0.87744           0     0.41323           0]
[     0.7764     0.60398     0.72019     0.79539     0.80947     0.77131           0           0           0     0.30105           0           0     0.73357     0.26402     0.13643           0]
[    0.87344     0.50887     0.75584]
[    0.75295      0.9611           0           0     0.52383           0]
[     0.7405     0.53847     0.66809     0.50565     0.56246           0           0     0.39228           0]
[    0.83421           0           0           0           0           0           0           0           0           0           0           0]
[     0.7402     0.62846           0           0           0]
[    0.93994      0.9348           0           0           0       0.451]
[    0.75337     0.65445     0.57072     0.20202     0.64671     0.42598]
[    0.70224           0           0           0           0]
[     0.5002     0.65577     0.55449     0.83814           0           0]
[    0.93215     0.95267     0.85718     0.68628     0.78936]
[    0.37238     0.55703     0.31465     0.32736           0           0     0.70686           0           0           0     0.61085]
[    0.54146           0     0.75844     0.66357     0.76384      0.6476     0.64317     0.76421           0       0.379     0.37797           0     0.67802           0      0.3805     0.33314]
[    0.91091     0.69514     0.85952     0.79668           0     0.70235     0.51007]
[    0.70001     0.59866     0.50753     0.57224]
[    0.87972     0.55944     0.76939     0.77476           0]
[    0.86103     0.78534     0.80371     0.83236     0.78415     0.65527           0           0   0.0075583     0.28939     0.55721]
[    0.71862           0           0     0.70365           0]
[    0.58963           0]
[    0.79328     0.75868]
[     0.8989     0.84888     0.78655           0           0           0]
[    0.88627           0]
[     0.8901      0.8825     0.89331]
[    0.98635]
[    0.89066     0.96134     0.97221     0.34579]
[     0.8264           0           0      0.4721           0           0           0]
[    0.83135     0.71949     0.68408     0.54378           0     0.68284]
[    0.89022     0.85094     0.92018           0           0           0     0.87134           0]
[    0.80186           0           0]
[    0.79729     0.11764           0]
[    0.59751      0.7248     0.40708           0           0           0]
[    0.87266     0.87415     0.75417           0     0.46402     0.65742           0     0.54967     0.42058]
[    0.86284      0.8385           0           0           0           0           0]
[    0.33292     0.49792           0           0           0           0           0     0.32099]
[    0.89073     0.78375     0.69901     0.76601      0.5438]
[    0.85087     0.84695     0.86975]
[    0.93037     0.82234     0.68935     0.47398     0.47831]
[    0.49856     0.58233]
[    0.75045      0.7956           0     0.76868           0]
[    0.81561     0.85107      0.5761           0           0           0     0.61559           0]
[    0.76587]
[    0.83265     0.89448     0.76289           0           0           0     0.43484]
[    0.92496     0.82163     0.81874      0.8505     0.72968     0.82201           0]
[    0.69751     0.57756     0.85167      0.4747     0.59703     0.40037     0.37936     0.42047           0           0]
[    0.73029     0.67467     0.76799           0           0]
[    0.80479     0.85477           0           0]
[    0.88326     0.90372     0.85357     0.52347     0.46248]
[    0.79263     0.91496     0.51237]
[    0.69554     0.61182      0.5378           0      0.4793           0]
[    0.83733      0.7379     0.86329           0           0           0]
[    0.81655     0.77354     0.60542     0.56726]
[    0.80762     0.75124     0.83365      0.4772           0           0    0.036226]
[    0.87823     0.89093     0.76776           0           0           0           0           0]
[    0.74001     0.61238      0.7164     0.85754     0.70931     0.76697     0.36795]
[    0.75423     0.76596           0     0.70806           0     0.46487     0.47839           0]
[    0.91832      0.8688           0           0     0.90499           0           0           0           0]
[    0.72741     0.68878     0.65416           0           0           0           0]
[    0.80054     0.51392     0.69344     0.61867]
[    0.72843     0.53944     0.91235     0.58527     0.75589     0.73037]
[    0.85472     0.93753     0.63656           0           0           0           0     0.85754]
[    0.88319     0.88373     0.81565     0.78395     0.85237     0.64115           0]
[    0.69936     0.75992           0           0           0]
[    0.78646           0           0           0           0           0           0     0.60809]
[    0.88471           0           0]
[    0.50132      0.6306     0.79124           0           0]
[    0.75036           0     0.68271      0.7647           0     0.60402           0]
[    0.73278      0.8239     0.54186     0.47747     0.82674           0     0.35063     0.33622]
[    0.83965     0.65486           0           0           0]
[    0.89879     0.74872     0.02238     0.56099]
[    0.64155     0.81063           0]
[    0.79843     0.92878     0.79885     0.59433     0.48337     0.61825     0.76207]
[    0.61592     0.55616     0.60616     0.76688     0.70567      0.7618      0.7765     0.75842     0.72734     0.57313     0.59703     0.57578           0           0     0.57774           0     0.26831]
[    0.77171           0           0]
[    0.57761     0.65109      0.6097     0.85905           0           0]
[    0.91014     0.91195     0.90737           0     0.47371           0     0.41874]
[    0.88814     0.75244     0.80307     0.74646     0.69672     0.15161           0           0           0     0.72482     0.22363       0.716           0           0]
[    0.69851     0.82681     0.60787           0]
[    0.86961     0.88426     0.58622     0.56239           0     0.64393     0.84016]
[    0.84094     0.91083     0.89846           0     0.55318      0.4471]
[     0.8163     0.60851     0.59567           0           0     0.23689           0     0.53547           0]
[    0.85567     0.88326     0.92754     0.96413           0     0.88363           0     0.61726      0.5165           0]
[    0.70315      0.7762     0.92335     0.80629           0           0           0           0     0.49399]
[    0.81994           0]
[    0.79897     0.80357     0.83073     0.78247     0.53913     0.85288]
[    0.83021     0.53003     0.56775    0.050598           0]
[    0.64561     0.79717           0     0.87289     0.65934]
[    0.66121           0     0.60066           0           0]
[    0.91939     0.70851     0.85614     0.87378     0.37873      0.4157]
[    0.66531           0]
[    0.85338     0.86202      0.5944           0      0.7321           0           0           0]
[    0.85575     0.90268     0.88872           0]
[    0.49115     0.77955           0     0.33551]
[    0.85419     0.83772       0.892     0.83493     0.87701     0.79636     0.80572     0.58795     0.81026     0.88886     0.84524           0     0.53979     0.58175           0]
[     0.8859     0.74612     0.81755           0           0]
[    0.67334           0           0           0]
[    0.75956     0.81572      0.4225     0.38932]
[    0.90809     0.65855      0.6096           0]
[    0.92682     0.89174]
