[          1]
[          1]
[          1]
[          1]
[          1]
[          1]
[          1]
[          1]
[          1]
[          1]
[          1]
[          1]
[          1]
[          1]
[          1]
[          1]
[          1]
[          1]
[          1]
[          1]
[          1]
[          1]
[          1]
[          1]
[          1]
[    0.96154]
[    0.96296]
[    0.96429]
[    0.93103]
[    0.93333]
[    0.93548]
[     0.9375]
[    0.93939]
[    0.94118]
[    0.94286]
[    0.94444]
[    0.91892]
[    0.92105]
[    0.92308]
[      0.925]
[    0.92683]
[    0.92857]
[    0.93023]
[    0.93182]
[    0.91111]
[    0.91304]
[    0.91489]
[    0.91667]
[    0.91837]
[       0.92]
[    0.92157]
[    0.92308]
[    0.92453]
[    0.92593]
[    0.92727]
[    0.92857]
[    0.92982]
[    0.91379]
[    0.91525]
[    0.91667]
[    0.91803]
[    0.91935]
[    0.92063]
[    0.92188]
[    0.92308]
[    0.92424]
[    0.92537]
[    0.92647]
[    0.91304]
[        0.9]
[    0.90141]
[    0.90278]
[    0.90411]
[    0.90541]
[    0.89333]
[    0.88158]
[    0.88312]
[    0.88462]
[    0.88608]
[     0.8875]
[    0.88889]
[    0.89024]
[    0.89157]
[    0.88095]
[    0.88235]
[    0.88372]
[    0.88506]
[    0.88636]
[    0.88764]
[    0.88889]
[    0.89011]
[     0.8913]
[    0.88172]
[    0.88298]
[    0.87368]
[      0.875]
[    0.87629]
[    0.87755]
[    0.87879]
[       0.88]
[    0.87129]
[    0.87255]
[    0.87379]
[      0.875]
[    0.86667]
[    0.85849]
[    0.85981]
[    0.85185]
[    0.84404]
[    0.84545]
[    0.83784]
[    0.83036]
[    0.83186]
[    0.82456]
[    0.81739]
[    0.81897]
[    0.82051]
[    0.81356]
[    0.80672]
[        0.8]
[    0.79339]
[    0.78689]
[    0.78049]
[    0.77419]
[      0.768]
[     0.7619]
[    0.76378]
[    0.75781]
[    0.75969]
[    0.75385]
[    0.75573]
[       0.75]
[    0.74436]
[    0.73881]
[    0.73333]
[    0.72794]
[    0.72263]
[    0.71739]
[    0.71223]
[    0.70714]
[    0.70213]
[    0.69718]
[    0.69231]
[     0.6875]
[    0.68276]
[    0.67808]
[    0.67347]
[    0.66892]
[    0.66443]
[       0.66]
[    0.65563]
[    0.65132]
[    0.64706]
[    0.64286]
[    0.63871]
[    0.63462]
[    0.63057]
[    0.62658]
[    0.62264]
[    0.61875]
[    0.61491]
[    0.61111]
[    0.60736]
[    0.60366]
[        0.6]
[    0.59639]
[    0.59281]
[    0.58929]
[     0.5858]
[    0.58235]
[    0.57895]
[    0.57558]
[    0.57225]
[    0.56897]
[    0.56571]
[     0.5625]
[    0.55932]
[     0.5618]
[    0.55866]
[    0.55556]
[    0.55249]
[    0.54945]
[    0.54645]
[    0.54348]
[    0.54054]
[    0.53763]
[    0.53476]
[    0.53191]
[     0.5291]
[    0.52632]
[    0.52356]
[    0.52083]
[    0.52332]
[    0.52062]
[    0.51795]
[    0.51531]
[    0.51269]
[     0.5101]
[    0.50754]
[      0.505]
[    0.50249]
[        0.5]
[    0.49754]
[     0.4951]
[    0.49268]
[    0.49029]
[    0.48792]
[    0.48558]
[    0.48325]
[    0.48095]
[    0.47867]
[    0.47642]
[    0.47418]
[    0.47196]
[    0.46977]
[    0.46759]
[    0.46544]
[     0.4633]
[    0.46119]
[    0.45909]
[    0.45701]
[    0.45495]
[    0.45291]
[    0.45089]
[    0.44889]
[     0.4469]
[    0.44493]
[    0.44298]
[    0.44105]
[    0.43913]
[    0.43723]
[    0.43534]
[    0.43348]
[    0.43162]
[    0.42979]
[    0.42797]
[    0.42616]
[    0.42437]
[    0.42259]
[    0.42083]
[    0.41909]
[    0.41736]
[    0.41564]
[    0.41393]
[    0.41224]
[    0.41057]
[    0.40891]
[    0.40726]
[    0.40562]
[      0.404]
[    0.40239]
[    0.40079]
[    0.39921]
[    0.39764]
[    0.39608]
[    0.39453]
[      0.393]
[    0.39147]
[    0.38996]
[    0.38846]
[    0.38697]
[     0.3855]
[    0.38403]
[    0.38258]
[    0.38113]
[     0.3797]
[    0.37828]
[    0.37687]
[    0.37546]
[    0.37407]
[    0.37269]
[    0.37132]
[    0.36996]
[    0.36861]
[    0.36727]
[    0.36594]
[    0.36462]
[    0.36331]
[    0.36201]
[    0.36071]
[    0.35943]
[    0.35816]
[    0.35689]
[    0.35563]
[    0.35439]
[    0.35315]
[    0.35192]
[    0.35069]
[    0.34948]
[    0.34828]
[    0.34708]
[    0.34589]
[    0.34471]
[    0.34354]
[    0.34237]
[    0.34122]
[    0.34007]
[    0.33893]
[    0.33779]
[    0.33667]
[    0.33555]
[    0.33444]
[    0.33333]
[    0.33224]
[    0.33115]
[    0.33007]
[    0.32899]
[    0.32792]
[    0.32686]
[    0.32581]
[    0.32476]
[    0.32372]
[    0.32268]
[    0.32166]
[    0.32063]
[    0.31962]
[    0.31861]
[    0.31761]
[    0.31661]
[    0.31562]
[    0.31464]
[    0.31366]
[    0.31269]
[    0.31173]
[    0.31077]
[    0.30982]
[    0.30887]
[    0.30793]
[    0.30699]
[    0.30606]
[    0.30514]
[    0.30422]
[     0.3033]
[     0.3024]
[    0.30149]
[     0.3006]
[     0.2997]
[    0.29882]
[    0.29794]
[    0.29706]
[    0.29619]
[    0.29532]
[    0.29446]
[     0.2936]
[    0.29275]
[    0.29191]
[    0.29107]
[    0.29023]
[     0.2894]
[    0.28857]
[    0.28775]
[    0.28693]
[    0.28612]
[    0.28531]
[    0.28451]
[    0.28371]
[    0.28291]
[    0.28212]
[    0.28134]
[    0.28056]
[    0.27978]
[    0.27901]
[    0.27824]
[    0.27747]
[    0.27671]
[    0.27596]
[     0.2752]
[    0.27446]
[    0.27371]
[    0.27297]
[    0.27224]
[    0.27151]
[    0.27078]
[    0.27005]
[    0.26933]
[    0.26862]
[     0.2679]
[     0.2672]
[    0.26649]
[    0.26579]
[    0.26509]
[     0.2644]
[    0.26371]
[    0.26302]
[    0.26234]
[    0.26166]
[    0.26098]
[    0.26031]
[    0.25964]
[    0.25897]
[    0.25831]
[    0.25765]
[      0.257]
[    0.25635]
[     0.2557]
[    0.25505]
[    0.25441]
[    0.25377]
[    0.25313]
[     0.2525]
[    0.25187]
[    0.25124]
[    0.25062]
[       0.25]
[    0.24938]
[    0.24877]
[    0.24816]
[    0.24755]
[    0.24694]
[    0.24634]
[    0.24574]
[    0.24515]
[    0.24455]
[    0.24396]
[    0.24337]
[    0.24279]
[    0.24221]
[    0.24163]
[    0.24105]
[    0.24048]
[     0.2399]
[    0.23934]
[    0.23877]
[    0.23821]
[    0.23765]
[    0.23709]
[    0.23653]
[    0.23598]
[    0.23543]
[    0.23488]
[    0.23434]
[     0.2338]
[    0.23326]
[    0.23272]
[    0.23218]
[    0.23165]
[    0.23112]
[    0.23059]
[    0.23007]
[    0.22955]
[    0.22902]
[    0.22851]
[    0.22799]
[    0.22748]
[    0.22697]
[    0.22646]
[    0.22595]
[    0.22545]
[    0.22494]
[    0.22444]
[    0.22395]
[    0.22345]
[    0.22296]
[    0.22247]
[    0.22198]
[    0.22149]
[    0.22101]
[    0.22052]
[    0.22004]
[    0.21957]
[    0.21909]
[    0.21861]
[    0.21814]
[    0.21767]
[     0.2172]
[    0.21674]
[    0.21627]
[    0.21581]
[    0.21535]
[    0.21489]
[    0.21444]
[    0.21398]
[    0.21353]
[    0.21308]
[    0.21263]
[    0.21218]
[    0.21174]
[     0.2113]
[    0.21086]
[    0.21042]
[    0.20998]
[    0.20954]
[    0.20911]
[    0.20868]
[    0.20825]
[    0.20782]
[    0.20739]
[    0.20697]
[    0.20654]
[    0.20612]
[     0.2057]
[    0.20528]
[    0.20487]
[    0.20445]
[    0.20404]
[    0.20363]
[    0.20322]
[    0.20281]
[     0.2024]
[      0.202]
[     0.2016]
[     0.2012]
[     0.2008]
[     0.2004]
[        0.2]
[     0.1996]
[    0.19921]
[    0.19882]
[    0.19843]
[    0.19804]
[    0.19765]
[    0.19727]
[    0.19688]
[     0.1965]
[    0.19612]
[    0.19574]
[    0.19536]
[    0.19498]
[    0.19461]
[    0.19423]
[    0.19386]
[    0.19349]
[    0.19312]
[    0.19275]
[    0.19238]
[    0.19202]
[    0.19165]
[    0.19129]
[    0.19093]
[    0.19057]
[    0.19021]
[    0.18985]
[    0.18949]
[    0.18914]
[    0.18879]
[    0.18843]
[    0.18808]
[    0.18773]
[    0.18738]
[    0.18704]
[    0.18669]
[    0.18635]
[      0.186]
[    0.18566]
[    0.18532]
[    0.18498]
[    0.18464]
[    0.18431]
[    0.18397]
[    0.18364]
[     0.1833]
[    0.18297]
[    0.18264]
[    0.18231]
[    0.18198]
[    0.18165]
[    0.18133]
[      0.181]
[    0.18068]
[    0.18036]
[    0.18004]
[    0.17972]
[     0.1794]
[    0.17908]
[    0.17876]
[    0.17845]
[    0.17813]
[    0.17782]
[     0.1775]
[    0.17719]
[    0.17688]
[    0.17657]
[    0.17627]
[    0.17596]
[    0.17565]
[    0.17535]
[    0.17504]
[    0.17474]
[    0.17444]
[    0.17414]
[    0.17384]
[    0.17354]
[    0.17324]
[    0.17295]
[    0.17265]
[    0.17235]
[    0.17206]
[    0.17177]
[    0.17148]
[    0.17119]
[     0.1709]
[    0.17061]
[    0.17032]
[    0.17003]
[    0.16975]
[    0.16946]
[    0.16918]
[    0.17057]
[    0.17028]
[       0.17]
[    0.16972]
[    0.16944]
[    0.16915]
[    0.16887]
[     0.1686]
[    0.16832]
[    0.16804]
[    0.16776]
[    0.16749]
[    0.16721]
[    0.16694]
[    0.16667]
[    0.16639]
[    0.16612]
[    0.16585]
[    0.16558]
[    0.16532]
[    0.16505]
[    0.16478]
[    0.16452]
[    0.16425]
[    0.16399]
[    0.16372]
[    0.16346]
[     0.1632]
[    0.16294]
[    0.16268]
[    0.16242]
[    0.16216]
[     0.1619]
[    0.16165]
[    0.16139]
[    0.16114]
[    0.16088]
[    0.16063]
[    0.16038]
[    0.16013]
[    0.15987]
[    0.15962]
[    0.15937]
[    0.15913]
[    0.15888]
[    0.15863]
[    0.15839]
[    0.15814]
[    0.15789]
[    0.15765]
[    0.15741]
[    0.15716]
[    0.15692]
[    0.15668]
[    0.15644]
[     0.1562]
[    0.15596]
[    0.15573]
[    0.15549]
[    0.15525]
[    0.15502]
[    0.15478]
[    0.15455]
[    0.15431]
[    0.15408]
[    0.15385]
[    0.15361]
[    0.15338]
[    0.15315]
[    0.15292]
[    0.15269]
[    0.15247]
[    0.15224]
[    0.15201]
[    0.15179]
[    0.15156]
[    0.15134]
[    0.15111]
[    0.15089]
[    0.15066]
[    0.15044]
[    0.15022]
[       0.15]
[    0.14978]
[    0.14956]
[    0.14934]
[    0.14912]
[    0.14891]
[    0.14869]
[    0.14847]
[    0.14826]
[    0.14804]
[    0.14783]
[    0.14761]
[     0.1474]
[    0.14719]
[    0.14697]
[    0.14676]
[    0.14655]
[    0.14634]
[    0.14613]
[    0.14592]
[    0.14571]
[    0.14551]
[     0.1453]
[    0.14509]
[    0.14489]
[    0.14468]
[    0.14448]
[    0.14427]
[    0.14407]
[    0.14386]
[    0.14366]
[    0.14346]
[    0.14326]
[    0.14306]
[    0.14286]
[    0.14266]
[    0.14246]
[    0.14226]
[    0.14206]
[    0.14186]
[    0.14167]
[    0.14147]
[    0.14127]
[    0.14108]
[    0.14088]
[    0.14069]
[     0.1405]
[     0.1403]
[    0.14011]
[    0.13992]
[    0.13973]
[    0.13953]
[    0.13934]
[    0.13915]
[    0.13896]
[    0.13878]
[    0.13859]
[     0.1384]
[    0.13821]
[    0.13802]
[    0.13784]
[    0.13765]
[    0.13747]
[    0.13728]
[     0.1371]
[    0.13691]
[    0.13673]
[    0.13655]
[    0.13636]
[    0.13618]
[      0.136]
[    0.13582]
[    0.13564]
[    0.13546]
[    0.13528]
[     0.1351]
[    0.13492]
[    0.13474]
[    0.13456]
[    0.13439]
[    0.13421]
[    0.13403]
[    0.13386]
[    0.13368]
[    0.13351]
[    0.13333]
[    0.13316]
[    0.13299]
[    0.13281]
[    0.13264]
[    0.13247]
[     0.1323]
[    0.13212]
[    0.13195]
[    0.13178]
[    0.13161]
[    0.13144]
[    0.13127]
[    0.13111]
[    0.13094]
[    0.13077]
[     0.1306]
[    0.13043]
[    0.13027]
[     0.1301]
[    0.12994]
[    0.12977]
[    0.12961]
[    0.12944]
[    0.12928]
[    0.12911]
[    0.12895]
[    0.12879]
[    0.12863]
[    0.12846]
[     0.1283]
[    0.12814]
[    0.12798]
[    0.12782]
[    0.12766]
[     0.1275]
[    0.12734]
[    0.12718]
[    0.12702]
[    0.12687]
[    0.12671]
[    0.12655]
[    0.12639]
[    0.12624]
[    0.12608]
[    0.12593]
[    0.12577]
[    0.12562]
[    0.12546]
[    0.12531]
[    0.12515]
[      0.125]
[    0.12485]
[    0.12469]
[    0.12454]
[    0.12439]
[    0.12424]
[    0.12409]
[    0.12394]
[    0.12379]
[    0.12364]
[    0.12349]
[    0.12334]
[    0.12319]
[    0.12304]
[    0.12289]
[    0.12274]
[     0.1226]
[    0.12245]
[     0.1223]
[    0.12216]
[    0.12201]
[    0.12186]
[    0.12172]
[    0.12157]
[    0.12143]
[    0.12128]
[    0.12114]
[      0.121]
[    0.12085]
[    0.12071]
[    0.12057]
[    0.12043]
[    0.12028]
[    0.12014]
[       0.12]
[    0.11986]
[    0.11972]
[    0.11958]
[    0.11944]
[     0.1193]
[    0.11916]
[    0.11902]
[    0.11888]
[    0.11874]
[     0.1186]
[    0.11847]
[    0.11833]
[    0.11819]
[    0.11806]
[    0.11792]
[    0.11778]
[    0.11765]
[    0.11751]
[    0.11738]
[    0.11724]
[    0.11711]
[    0.11697]
[    0.11684]
[     0.1167]
[    0.11657]
[    0.11644]
[    0.11631]
[    0.11617]
[    0.11604]
[    0.11591]
[    0.11578]
[    0.11565]
[    0.11552]
[    0.11538]
[    0.11525]
[    0.11512]
[    0.11499]
[    0.11486]
[    0.11474]
[    0.11461]
[    0.11448]
[    0.11435]
[    0.11422]
[    0.11409]
[    0.11397]
[    0.11384]
[    0.11371]
[    0.11359]
[    0.11346]
[    0.11333]
[    0.11321]
[    0.11308]
[    0.11296]
[    0.11283]
[    0.11271]
[    0.11258]
[    0.11246]
[    0.11233]
[    0.11221]
[    0.11209]
[    0.11196]
[    0.11184]
[    0.11172]
[     0.1116]
[    0.11148]
[    0.11135]
[    0.11123]
[    0.11111]
[    0.11099]
[    0.11087]
[    0.11075]
[    0.11063]
[    0.11051]
