[          1]
[          1]
[          1]
[          1]
[          1]
[          1]
[          1]
[          1]
[          1]
[          1]
[          1]
[          1]
[          1]
[          1]
[          1]
[          1]
[          1]
[          1]
[          1]
[          1]
[          1]
[          1]
[          1]
[          1]
[       0.96]
[    0.96154]
[    0.96296]
[    0.96429]
[    0.96552]
[    0.96667]
[    0.96774]
[    0.96875]
[     0.9697]
[    0.97059]
[    0.97143]
[    0.97222]
[    0.97297]
[    0.97368]
[    0.97436]
[      0.975]
[    0.97561]
[    0.97619]
[    0.97674]
[    0.97727]
[    0.97778]
[    0.97826]
[    0.97872]
[    0.97917]
[    0.97959]
[       0.98]
[    0.98039]
[    0.98077]
[    0.98113]
[    0.98148]
[    0.98182]
[    0.98214]
[    0.98246]
[    0.98276]
[    0.98305]
[    0.98333]
[    0.98361]
[    0.96774]
[    0.96825]
[    0.96875]
[    0.96923]
[    0.95455]
[    0.95522]
[    0.95588]
[    0.95652]
[    0.94286]
[    0.94366]
[    0.94444]
[    0.93151]
[    0.93243]
[    0.93333]
[    0.93421]
[    0.93506]
[     0.9359]
[    0.93671]
[     0.9375]
[    0.93827]
[    0.92683]
[    0.92771]
[    0.92857]
[    0.92941]
[     0.9186]
[    0.91954]
[    0.92045]
[    0.92135]
[    0.92222]
[    0.91209]
[    0.90217]
[    0.90323]
[    0.89362]
[    0.89474]
[    0.88542]
[    0.87629]
[    0.87755]
[    0.86869]
[       0.86]
[    0.86139]
[    0.85294]
[    0.85437]
[    0.84615]
[     0.8381]
[    0.83962]
[    0.83178]
[    0.83333]
[    0.82569]
[    0.82727]
[    0.81982]
[     0.8125]
[    0.81416]
[    0.81579]
[     0.8087]
[    0.81034]
[    0.80342]
[    0.79661]
[    0.79832]
[    0.79167]
[    0.78512]
[    0.77869]
[    0.77236]
[    0.76613]
[      0.768]
[     0.7619]
[    0.75591]
[       0.75]
[    0.74419]
[    0.73846]
[    0.74046]
[    0.73485]
[    0.72932]
[    0.72388]
[    0.71852]
[    0.71324]
[    0.70803]
[     0.7029]
[    0.69784]
[        0.7]
[    0.69504]
[    0.69014]
[    0.68531]
[    0.68056]
[    0.67586]
[    0.67123]
[    0.66667]
[    0.66216]
[    0.65772]
[    0.65333]
[    0.65563]
[    0.65132]
[    0.64706]
[    0.64286]
[    0.63871]
[    0.64103]
[    0.63694]
[    0.63291]
[    0.63522]
[    0.63125]
[    0.62733]
[    0.62963]
[    0.62577]
[    0.62195]
[    0.61818]
[    0.61446]
[    0.61078]
[    0.60714]
[    0.60355]
[        0.6]
[    0.59649]
[    0.59302]
[     0.5896]
[    0.58621]
[    0.58286]
[    0.57955]
[    0.57627]
[    0.57303]
[    0.56983]
[    0.56667]
[    0.56354]
[    0.56044]
[    0.55738]
[    0.55435]
[    0.55135]
[    0.54839]
[    0.54545]
[    0.54787]
[    0.54497]
[    0.54211]
[    0.53927]
[    0.53646]
[    0.53368]
[    0.53093]
[    0.52821]
[    0.52551]
[    0.52284]
[     0.5202]
[    0.51759]
[      0.515]
[    0.51244]
[     0.5099]
[    0.50739]
[     0.5098]
[    0.50732]
[    0.50971]
[    0.50725]
[    0.50481]
[    0.50239]
[        0.5]
[    0.49763]
[    0.49528]
[    0.49296]
[    0.49065]
[    0.48837]
[    0.48611]
[    0.48387]
[    0.48165]
[    0.47945]
[    0.47727]
[    0.47511]
[    0.47297]
[    0.47085]
[    0.46875]
[    0.46667]
[     0.4646]
[    0.46256]
[    0.46053]
[    0.45852]
[    0.45652]
[    0.45455]
[    0.45259]
[    0.45064]
[    0.44872]
[    0.44681]
[    0.44492]
[    0.44304]
[    0.44118]
[    0.43933]
[     0.4375]
[    0.43568]
[    0.43388]
[     0.4321]
[    0.43033]
[    0.42857]
[    0.42683]
[     0.4251]
[    0.42339]
[    0.42169]
[       0.42]
[    0.41833]
[    0.41667]
[    0.41502]
[    0.41339]
[    0.41176]
[    0.41016]
[    0.40856]
[    0.40698]
[    0.40541]
[    0.40385]
[     0.4023]
[    0.40076]
[    0.39924]
[    0.39773]
[    0.39623]
[    0.39474]
[    0.39326]
[    0.39179]
[    0.39033]
[    0.38889]
