[    0.91846]
[     0.7873]
[    0.65278     0.59382     0.42287           0]
[    0.55883           0     0.62155           0           0           0]
[    0.23285     0.65683     0.67833           0]
[    0.83161     0.72704]
[    0.63304           0           0]
[     0.8796     0.75965]
[    0.69052     0.67472]
[          0]
[    0.87132     0.49488]
[     0.6955]
[    0.78952]
[    0.89201           0]
[    0.96072     0.89375]
[    0.94627           0           0           0]
[    0.84187           0]
[    0.46973           0           0]
[    0.95749           0]
[    0.82455     0.84967]
[    0.95073     0.96165     0.95144]
[     0.8326           0]
[    0.65486           0]
[     0.9078]
[    0.76382           0           0]
[    0.86362     0.58323]
[     0.5865           0     0.26837           0           0     0.50442]
[    0.88933           0           0           0]
[    0.93213           0     0.55808]
[    0.86518           0]
[     0.6543]
[    0.91708           0           0]
[          0     0.75968           0           0]
[    0.76645           0]
[    0.69338     0.47464           0           0]
[    0.95848]
[    0.73552           0           0           0    0.022494           0]
[    0.56213     0.56045]
[    0.83344           0           0]
[    0.72215           0]
[    0.91811           0     0.71272]
[    0.90966           0]
[    0.76751     0.58085]
[    0.90101           0]
[    0.73869]
[    0.78909           0     0.73694           0           0           0           0           0    0.075613           0]
[    0.81515           0           0]
[    0.66511           0]
[    0.70384]
[     0.7075     0.37714     0.75456]
[    0.79396           0           0           0           0           0           0]
[    0.95543     0.63308]
[    0.93816     0.52623           0]
[    0.77725           0]
[    0.93093           0]
[    0.89599     0.80631]
[    0.93423]
[    0.59338           0           0           0           0]
[    0.92137]
[    0.67847           0           0           0           0]
[    0.94224           0           0           0           0]
[    0.86653]
[    0.84356     0.55704]
[    0.83246           0     0.57765           0           0]
[    0.83002     0.78481     0.93119     0.91269           0     0.42044]
[    0.88449]
[    0.84523     0.77919     0.74084           0]
[    0.85214     0.50855     0.68709]
[    0.93181           0           0           0           0           0           0           0           0]
[     0.5303           0           0           0           0]
[    0.62094           0]
[     0.9237]
[    0.92736]
[    0.96186    0.031795           0]
[    0.88586           0]
[    0.82489     0.48341]
[       0.81]
[    0.69451      0.5079]
[    0.86453           0           0           0           0]
[    0.76304     0.69111           0           0     0.86274]
[     0.7512]
[    0.66113]
[    0.84339           0           0           0]
[    0.75576           0     0.80103]
[    0.90916           0]
[    0.79797           0           0]
[    0.72193]
[    0.76588           0]
[    0.88054           0]
[    0.91659           0   0.0067143           0           0           0           0]
[    0.73995           0           0           0           0]
[    0.57704     0.71499           0           0]
[    0.80559     0.83723     0.50554]
[    0.80205     0.89274]
[    0.82854     0.94425]
[    0.84249]
[    0.90482]
[    0.92739           0           0]
[    0.68087]
[    0.88209           0]
