     0/299     7.81G      7.66      31.4         0        39        10       608         0         0    0.0169         0      7.14      1.65         0
     1/299     7.81G      5.95      1.88         0      7.83        13       608         0         0    0.0508         0      5.56      1.56         0
     2/299     7.81G       5.4      1.51         0      6.91         4       608         0         0   0.00531         0      5.46      1.42         0
     3/299     7.81G      4.62      1.45         0      6.07        12       608         0         0   0.00883         0      5.13      1.17         0
     4/299     7.81G      4.36      1.24         0      5.61        12       608         0         0    0.0587         0      4.45      1.14         0
     5/299     7.81G      4.16       1.2         0      5.36         3       608         0         0     0.208         0      4.44     0.999         0
     6/299     7.81G      4.24         1         0      5.24        11       608         0         0     0.171         0      4.35     0.947         0
     7/299     7.81G      4.28     0.914         0      5.19         9       608     0.272   0.00482      0.16   0.00947      4.72     0.821         0
     8/299     7.81G      4.09     0.884         0      4.97         3       608         0         0     0.121         0      4.38     0.906         0
     9/299     7.81G      3.85     0.878         0      4.73        10       608         0         0     0.121         0       4.3     0.872         0
    10/299     7.81G      4.93     0.797         0      5.73        11       608         0         0    0.0446         0      4.37      1.53         0
    11/299     7.81G      3.78     0.885         0      4.66         3       608         0         0     0.097         0      3.94     0.963         0
    12/299     7.81G      3.74     0.868         0      4.61         9       608         0         0     0.151         0      3.92     0.818         0
    13/299     7.81G      3.98     0.706         0      4.68         8       608         0         0    0.0344         0      4.63     0.854         0
    14/299     7.81G      3.86     0.817         0      4.68         2       608         0         0     0.194         0      3.92     0.754         0
    15/299     7.81G      3.85     0.761         0      4.61        10       608         0         0     0.129         0      5.13     0.651         0
    16/299     7.81G      3.96     0.771         0      4.73        11       608         0         0     0.125         0      4.02     0.763         0
    17/299     7.81G      3.67     0.775         0      4.44         4       608         1   0.00885      0.52    0.0175       3.7     0.687         0
    18/299     7.81G      3.88     0.719         0       4.6        11       608         0         0     0.296         0      4.91     0.681         0
    19/299     7.81G      3.85     0.699         0      4.55         8       608         0         0      0.21         0      3.78     0.751         0
    20/299     7.81G      3.28     0.758         0      4.04         3       608         1   0.00885     0.374    0.0175      3.79     0.647         0
    21/299     7.81G      3.22     0.749         0      3.97        10       608         1   0.00885     0.508    0.0175      3.69     0.625         0
    22/299     7.81G      3.45     0.627         0      4.07         7       608         1   0.00885     0.272    0.0175      4.41     0.704         0
    23/299     7.81G      3.14     0.705         0      3.85         4       608         1   0.00885     0.281    0.0175      5.03     0.668         0
    24/299     7.81G      3.53     0.589         0      4.12         9       608         1   0.00885     0.217    0.0175      4.36     0.747         0
    25/299     7.81G         3      0.78         0      3.78        13       608         0         0      0.29         0      4.24     0.764         0
    26/299     7.81G      3.41     0.578         0      3.99         4       608         0         0     0.408         0      3.86     0.661         0
    27/299     7.81G      3.06     0.696         0      3.76         9       608     0.907    0.0861     0.666     0.157      3.34     0.548         0
    28/299     7.81G      3.53      0.55         0      4.08         9       608     0.806    0.0371      0.54     0.071      3.57     0.554         0
    29/299     7.81G      2.79     0.661         0      3.45         2       608         1     0.011     0.522    0.0217      3.33     0.616         0
    30/299     7.81G      3.02      0.58         0       3.6        11       608     0.944    0.0354     0.571    0.0682      3.51     0.548         0
    31/299     7.81G      3.16     0.495         0      3.66        14       608     0.932     0.122     0.605     0.216      3.55     0.531         0
    32/299     7.81G      3.01     0.492         0       3.5         4       608     0.921     0.103     0.537     0.185      3.85      0.53         0
    33/299     7.81G      3.28      0.51         0      3.79        10       608     0.806    0.0369     0.459    0.0705      3.57     0.581         0
    34/299     7.81G      2.98     0.558         0      3.54        12       608      0.93     0.118     0.611      0.21      3.39     0.497         0
    35/299     7.81G       2.9     0.459         0      3.36         4       608     0.854     0.177     0.542     0.293       3.6     0.479         0
    36/299     7.81G      2.92      0.49         0      3.41        10       608     0.965    0.0442     0.606    0.0846       3.5     0.527         0
    37/299     7.81G      2.72     0.504         0      3.23        11       608     0.842     0.257     0.669     0.393      3.17     0.474         0
    38/299     7.81G      2.94     0.442         0      3.38         2       608     0.847     0.246     0.639     0.381      3.35      0.45         0
    39/299     7.81G      2.85     0.474         0      3.33         9       608     0.847     0.147     0.677     0.251      3.18     0.476         0
    40/299     7.81G      2.96     0.462         0      3.42        12       608     0.943     0.291     0.749     0.444      3.18     0.442         0
    41/299     7.81G      2.63     0.433         0      3.07         2       608     0.927     0.451     0.737     0.607      3.15     0.423         0
    42/299     7.81G      2.68     0.421         0       3.1        11       608     0.861     0.384     0.666     0.531      3.52     0.438         0
    43/299     7.81G      2.77     0.418         0      3.19        13       608       0.9     0.476     0.699     0.622      3.39      0.43         0
    44/299     7.81G      2.76     0.419         0      3.18         2       608     0.978     0.393     0.697     0.561      3.13     0.435         0
    45/299     7.81G      2.62     0.457         0      3.08        11       608     0.884     0.472     0.712     0.615      2.99     0.424         0
    46/299     7.81G      2.55      0.39         0      2.94         7       608     0.941     0.425     0.792     0.585      2.78     0.438         0
    47/299     7.81G      2.66     0.352         0      3.01         2       608     0.899     0.469     0.741     0.616      3.11     0.421         0
    48/299     7.81G      2.61     0.374         0      2.99         8       608     0.923     0.531     0.744     0.674      3.02     0.404         0
    49/299     7.81G      2.51     0.367         0      2.88         8       608     0.892     0.587     0.742     0.708      2.97       0.4         0
    50/299     7.81G      2.52     0.367         0      2.89         3       608     0.956     0.571     0.783     0.715      2.91     0.392         0
    51/299     7.81G      2.48     0.371         0      2.85        12       608     0.959     0.417     0.812     0.582      2.74     0.431         0
    52/299     7.81G      2.31     0.354         0      2.66         9       608     0.983     0.501     0.836     0.664      2.84     0.411         0
    53/299     7.81G      2.35     0.331         0      2.68         2       608     0.967     0.518     0.781     0.675      3.11     0.391         0
    54/299     7.81G       2.4     0.383         0      2.78         9       608     0.957     0.596     0.823     0.734      2.92      0.38         0
    55/299     7.81G      2.66     0.366         0      3.02         9       608     0.984     0.547     0.845     0.703      3.03     0.384         0
    56/299     7.81G      2.46     0.372         0      2.83         2       608      0.94      0.31     0.814     0.466      2.86     0.445         0
    57/299     7.81G      2.19     0.371         0      2.56        10       608     0.888     0.549     0.844     0.678       2.6     0.376         0
    58/299     7.81G      2.34     0.371         0      2.71        12       608     0.929     0.577     0.826     0.712      2.84     0.369         0
    59/299     7.81G      2.27     0.371         0      2.64         2       608     0.968     0.541     0.834     0.694      2.71     0.407         0
    60/299     7.81G      2.22     0.359         0      2.58        10       608     0.913     0.554     0.804      0.69      2.72     0.377         0
    61/299     7.81G      2.23     0.325         0      2.55        12       608     0.927     0.565     0.801     0.702      3.01     0.368         0
    62/299     7.81G      2.41     0.359         0      2.77         2       608     0.983     0.512     0.823     0.673      2.89     0.379         0
    63/299     7.81G      2.14     0.372         0      2.51         9       608     0.917     0.611     0.844     0.733      2.79     0.372         0
    64/299     7.81G      2.16     0.324         0      2.49         9       608      0.87     0.611     0.816     0.718       2.9     0.369         0
    65/299     7.81G      2.19     0.382         0      2.57         4       608     0.922     0.521     0.801     0.666      2.75     0.387         0
    66/299     7.81G      2.22     0.335         0      2.55         9       608     0.914     0.661     0.826     0.768      2.63     0.367         0
    67/299     7.81G      2.32     0.319         0      2.63         9       608     0.956     0.582     0.827     0.724      2.58     0.378         0
    68/299     7.81G      2.08      0.34         0      2.42         2       608     0.929     0.646     0.849     0.762      2.76     0.373         0
    69/299     7.81G      2.21     0.306         0      2.51         9       608     0.931     0.712      0.87     0.807      2.78     0.359         0
    70/299     7.81G      2.06     0.313         0      2.38         7       608     0.902     0.736     0.869     0.811      2.74     0.354         0
    71/299     7.81G       2.1     0.325         0      2.43         5       608      0.86     0.779     0.846     0.817      2.59     0.331         0
    72/299     7.81G      2.09     0.338         0      2.43         9       608     0.975     0.687     0.844     0.806      2.61     0.381         0
    73/299     7.81G      1.91     0.355         0      2.27        10       608     0.962     0.668     0.854     0.789      2.58     0.382         0
    74/299     7.81G      1.99     0.342         0      2.34         5       608     0.955     0.751     0.866     0.841      2.57     0.356         0
    75/299     7.81G      1.89     0.304         0       2.2        10       608     0.951     0.779     0.879     0.856      2.64     0.352         0
    76/299     7.81G      1.96     0.312         0      2.27        10       608     0.942     0.725     0.864     0.819      2.58     0.359         0
    77/299     7.81G      1.88     0.327         0       2.2         5       608     0.854     0.681      0.82     0.758      2.71     0.356         0
    78/299     7.81G      1.84     0.313         0      2.15         9       608     0.926     0.772     0.886     0.842      2.65     0.323         0
    79/299     7.81G      1.93     0.286         0      2.22         9       608     0.966      0.76     0.902     0.851      2.49     0.322         0
    80/299     7.81G      1.87     0.278         0      2.15         3       608     0.965     0.741      0.89     0.839      2.49     0.329         0
    81/299     7.81G      1.87     0.289         0      2.16         9       608     0.917     0.726     0.867      0.81      2.55     0.337         0
    82/299     7.81G      1.79     0.299         0      2.09        10       608     0.934     0.752     0.895     0.833       2.9     0.327         0
    83/299     7.81G      2.02     0.283         0      2.31         2       608     0.891     0.735     0.885     0.805      2.55      0.34         0
    84/299     7.81G      1.89     0.294         0      2.18         9       608     0.902     0.717     0.881     0.799      2.49     0.329         0
    85/299     7.81G       1.9     0.291         0      2.19        11       608     0.894     0.717     0.875     0.796       2.5     0.327         0
    86/299     7.81G      1.68     0.301         0      1.98         2       608      0.93     0.705     0.864     0.802      2.46     0.329         0
    87/299     7.81G      1.88     0.272         0      2.15         9       608     0.889     0.709     0.883     0.789      2.43     0.318         0
    88/299     7.81G      1.78     0.273         0      2.05         9       608     0.894      0.69     0.848     0.779      2.49     0.332         0
    89/299     7.81G      1.85      0.27         0      2.12         1       608     0.976     0.584     0.817     0.731      2.63     0.372         0
    90/299     7.81G       1.7     0.299         0         2         7       608     0.926      0.66     0.842     0.771       2.6     0.359         0
    91/299     7.81G      1.69     0.256         0      1.94         9       608     0.881     0.735     0.874     0.801      2.66     0.331         0
    92/299     7.81G      1.73     0.248         0      1.98         2       608     0.862     0.699     0.863     0.772      2.56     0.338         0
    93/299     7.81G      1.67     0.277         0      1.95         5       608     0.929     0.691      0.87     0.792       2.5     0.359         0
    94/299     7.81G      1.64     0.287         0      1.93        10       608     0.951     0.692     0.882     0.801      2.63     0.354         0
    95/299     7.81G       1.9     0.266         0      2.17         2       608     0.924     0.726     0.884     0.813      2.56     0.356         0
    96/299     7.81G      1.65     0.274         0      1.93         7       608     0.898     0.701     0.859     0.788      2.53     0.331         0
    97/299     7.81G      1.73     0.278         0      2.01        12       608     0.874     0.726      0.85     0.793      2.57     0.318         0
    98/299     7.81G      1.64     0.259         0       1.9         2       608      0.89     0.713     0.845     0.791      2.61     0.334         0
    99/299     7.81G      1.68     0.288         0      1.97         8       608     0.915     0.663     0.845     0.769       2.5     0.351         0
   100/299     7.81G      1.72     0.277         0         2         8       608     0.894      0.67     0.835     0.766      2.64     0.336         0
   101/299     7.81G      1.79     0.262         0      2.05         3       608     0.927     0.672     0.841     0.779      2.59     0.356         0
   102/299     7.81G      1.73     0.276         0         2         8       608     0.917     0.682     0.852     0.782      2.54     0.359         0
   103/299     7.81G      1.77     0.256         0      2.02        13       608     0.918     0.793     0.886     0.851      2.36     0.325         0
   104/299     7.81G      1.58     0.265         0      1.85         3       608     0.908     0.779     0.888     0.838      2.35     0.323         0
   105/299     7.81G      1.73     0.294         0      2.03        12       608     0.896     0.758     0.887     0.821      2.38     0.331         0
   106/299     7.81G      1.62      0.24         0      1.86         9       608     0.917     0.782     0.883     0.844      2.32     0.329         0
   107/299     7.81G       1.5     0.249         0      1.75         2       608     0.909     0.832     0.901     0.869      2.31     0.319         0
   108/299     7.81G      1.55     0.244         0       1.8         8       608      0.93     0.828     0.898     0.876      2.44     0.322         0
   109/299     7.81G      1.51      0.25         0      1.76         7       608      0.92     0.752     0.866     0.828      2.36     0.325         0
   110/299     7.81G      1.64     0.241         0      1.89         3       608     0.939     0.686     0.847     0.793      2.52     0.368         0
   111/299     7.81G      1.47      0.27         0      1.74        10       608      0.93     0.706     0.863     0.802      2.38     0.367         0
   112/299     7.81G      1.47     0.266         0      1.74        10       608     0.898     0.814     0.896     0.854      2.34     0.302         0
   113/299     7.81G      1.44     0.243         0      1.69         3       608      0.92     0.814     0.916     0.864      2.33     0.305         0
   114/299     7.81G      1.56     0.257         0      1.81        10       608     0.935     0.766     0.912     0.842      2.39     0.319         0
   115/299     7.81G      1.41     0.248         0      1.66         6       608     0.965     0.732     0.893     0.833      2.32     0.344         0
   116/299     7.81G       1.6     0.241         0      1.84         2       608     0.953     0.716     0.896     0.818      2.27     0.353         0
   117/299     7.81G      1.44     0.243         0      1.68        10       608     0.957     0.717     0.894      0.82      2.28      0.35         0
   118/299     7.81G      1.44     0.238         0      1.68         8       608     0.954     0.736     0.896     0.831      2.37     0.335         0
   119/299     7.81G       1.3     0.235         0      1.54         3       608     0.937     0.787     0.897     0.855      2.28     0.322         0
   120/299     7.81G      1.48     0.227         0      1.71         9       608     0.933     0.738     0.892     0.824      2.49     0.327         0
   121/299     7.81G      1.57     0.275         0      1.85        12       608     0.906     0.769       0.9     0.832      2.29     0.348         0
   122/299     7.81G       1.5     0.225         0      1.73         4       608     0.933     0.739     0.899     0.825      2.34     0.359         0
   123/299     7.81G      1.46     0.262         0      1.72         8       608     0.923     0.744     0.881     0.824      2.31     0.358         0
   124/299     7.81G      1.49     0.213         0       1.7        10       608     0.932     0.732     0.886      0.82       2.3      0.35         0
   125/299     7.81G      1.48     0.222         0       1.7         2       608     0.943     0.726     0.899     0.821      2.32     0.356         0
   126/299     7.81G      1.48     0.272         0      1.75        12       608      0.93     0.706      0.89     0.803      2.24     0.356         0
   127/299     7.81G      1.41     0.226         0      1.63        10       608     0.954     0.734     0.911      0.83       2.3     0.351         0
   128/299     7.81G      1.44     0.231         0      1.67         3       608     0.953     0.752     0.902     0.841      2.29     0.362         0
   129/299     7.81G      1.43     0.226         0      1.66         9       608     0.962     0.708       0.9     0.816      2.28     0.368         0
   130/299     7.81G      1.31     0.258         0      1.57        12       608     0.915     0.763      0.89     0.832      2.27      0.34         0
   131/299     7.81G      1.43     0.222         0      1.66         2       608     0.893      0.81      0.88     0.849      2.24     0.314         0
   132/299     7.81G      1.39     0.223         0      1.61        11       608     0.872     0.786     0.882     0.827      2.25     0.307         0
   133/299     7.81G      1.34     0.218         0      1.56         9       608     0.875     0.788     0.885     0.829      2.28     0.309         0
   134/299     7.81G      1.44     0.231         0      1.68         3       608     0.863     0.761     0.869     0.809      2.28      0.31         0
   135/299     7.81G      1.32     0.223         0      1.54         8       608     0.888     0.771     0.864     0.825      2.35     0.311         0
   136/299     7.81G      1.27     0.215         0      1.49        11       608     0.888     0.788      0.88     0.835      2.35     0.304         0
   137/299     7.81G      1.28     0.231         0      1.51         2       608     0.905     0.761     0.871     0.827      2.39     0.307         0
   138/299     7.81G      1.29     0.226         0      1.52        10       608     0.904     0.743     0.864     0.816       2.4     0.317         0
   139/299     7.81G       1.4     0.203         0       1.6        12       608     0.923     0.743     0.866     0.823      2.32      0.33         0
   140/299     7.81G      1.32     0.223         0      1.55         3       608     0.922     0.736     0.872     0.819      2.28     0.342         0
   141/299     7.81G       1.3     0.214         0      1.52         9       608     0.916     0.769     0.887     0.836      2.26     0.335         0
   142/299     7.81G      1.28     0.216         0       1.5         9       608     0.924      0.77     0.893      0.84      2.22     0.337         0
   143/299     7.81G      1.18     0.225         0       1.4         4       608     0.937     0.796     0.894     0.861       2.2     0.323         0
   144/299     7.81G      1.17      0.22         0      1.39        11       608     0.904     0.823     0.919     0.862      2.22     0.312         0
   145/299     7.81G      1.26     0.217         0      1.48        13       608     0.908     0.785     0.886     0.842      2.15     0.326         0
   146/299     7.81G      1.24     0.198         0      1.44         3       608     0.925     0.767     0.884     0.839      2.15     0.337         0
   147/299     7.81G      1.26     0.195         0      1.45         6       608     0.924     0.756     0.876     0.831      2.17     0.343         0
   148/299     7.81G      1.23     0.216         0      1.45        11       608     0.915     0.762     0.878     0.831      2.17     0.327         0
   149/299     7.81G      1.14     0.223         0      1.36         1       608     0.893      0.77     0.875     0.827      2.17     0.319         0
   150/299     7.81G      1.21     0.195         0      1.41        11       608     0.907     0.775     0.884     0.836      2.18      0.32         0
   151/299     7.81G      1.25     0.205         0      1.46         9       608     0.897     0.773      0.89     0.831       2.2     0.326         0
   152/299     7.81G      1.25     0.223         0      1.47         4       608     0.923     0.779     0.899     0.845      2.16     0.324         0
   153/299     7.81G      1.24     0.199         0      1.44         6       608     0.906     0.771     0.886     0.833      2.17     0.322         0
   154/299     7.81G      1.26     0.184         0      1.44         6       608     0.904     0.753     0.889     0.822      2.15     0.324         0
   155/299     7.81G      1.17     0.195         0      1.37         2       608     0.923      0.74     0.899     0.821      2.16     0.313         0
   156/299     7.81G      1.15     0.193         0      1.35        12       608     0.925     0.743     0.904     0.824      2.14     0.301         0
   157/299     7.81G       1.1     0.205         0      1.31         9       608     0.925     0.763     0.915     0.836      2.16     0.297         0
   158/299     7.81G      1.27     0.201         0      1.47         3       608     0.919      0.77     0.932     0.838      2.09     0.292         0
   159/299     7.81G      1.09     0.172         0      1.26        10       608     0.927     0.783     0.929     0.849      2.07     0.298         0
   160/299     7.81G       1.1     0.189         0      1.29        11       608     0.928     0.798     0.926     0.858      2.12     0.303         0
   161/299     7.81G      1.12     0.198         0      1.32         3       608     0.927     0.782     0.923     0.848      2.08     0.308         0
   162/299     7.81G      1.14       0.2         0      1.34         6       608     0.927     0.788     0.923     0.852      2.04     0.294         0
   163/299     7.81G      1.15     0.173         0      1.32        10       608     0.915     0.788     0.915     0.847      2.08     0.284         0
   164/299     7.81G       1.1     0.195         0      1.29         2       608     0.918     0.779       0.9     0.843      2.14     0.285         0
   165/299     7.81G      1.09     0.195         0      1.28        11       608     0.917     0.787     0.899     0.847      2.15      0.29         0
   166/299     7.81G      1.08     0.187         0      1.27        11       608     0.916     0.788     0.886     0.847      2.11     0.294         0
   167/299     7.81G       1.1     0.197         0      1.29         3       608     0.909     0.793     0.896     0.847      2.16      0.29         0
   168/299     7.81G      1.15     0.172         0      1.33         6       608      0.93     0.818     0.908      0.87      2.19     0.299         0
   169/299     7.81G      1.07      0.18         0      1.25         7       608     0.949      0.82     0.907      0.88       2.2     0.314         0
   170/299     7.81G      1.17     0.219         0      1.39         3       608     0.926     0.774     0.897     0.843       2.2     0.326         0
   171/299     7.81G      1.05     0.192         0      1.24         8       608     0.926     0.771     0.899     0.841      2.23     0.326         0
   172/299     7.81G      1.05     0.183         0      1.23         7       608     0.927     0.787     0.895     0.851      2.28     0.318         0
   173/299     7.81G      1.04     0.178         0      1.22         4       608     0.928     0.801     0.899      0.86      2.22     0.305         0
   174/299     7.81G       1.1     0.178         0      1.28        12       608     0.929     0.806     0.898     0.863      2.18     0.303         0
   175/299     7.81G      1.09     0.187         0      1.27        12       608     0.939     0.815     0.895     0.873      2.18     0.303         0
   176/299     7.81G      1.01     0.184         0      1.19         2       608     0.921     0.823     0.913     0.869      2.16     0.301         0
   177/299     7.81G      1.07     0.185         0      1.25         8       608     0.921     0.822     0.931     0.869      2.06      0.31         0
   178/299     7.81G     0.947     0.173         0      1.12        12       608     0.915     0.814     0.931     0.862       2.1     0.299         0
   179/299     7.81G      1.01     0.181         0      1.19         2       608      0.92     0.805     0.929     0.859      2.15     0.298         0
   180/299     7.81G     0.963     0.167         0      1.13        12       608      0.93     0.821     0.924     0.872      2.11     0.301         0
   181/299     7.81G      1.04     0.175         0      1.21         8       608     0.927     0.832     0.926     0.877       2.1     0.297         0
   182/299     7.81G     0.962     0.168         0      1.13         2       608     0.941      0.84     0.929     0.887      2.08     0.295         0
   183/299     7.81G     0.954     0.173         0      1.13        10       608     0.942      0.86     0.931     0.899      2.08     0.292         0
   184/299     7.81G      0.97     0.172         0      1.14         8       608     0.933      0.85     0.914     0.889      2.11     0.292         0
   185/299     7.81G     0.924     0.174         0       1.1         5       608     0.933      0.85     0.907     0.889      2.12     0.296         0
   186/299     7.81G     0.919     0.169         0      1.09         8       608     0.941     0.847     0.905     0.892      2.09     0.299         0
   187/299     7.81G     0.922     0.171         0      1.09         9       608     0.933     0.832     0.913      0.88      2.04     0.302         0
   188/299     7.81G     0.975     0.174         0      1.15         4       608     0.943     0.841     0.917     0.889      2.06      0.31         0
   189/299     7.81G      1.02     0.192         0      1.21        10       608      0.94     0.841     0.928     0.888      1.98     0.319         0
   190/299     7.81G     0.897     0.169         0      1.07        10       608     0.946     0.832      0.93     0.885      1.97     0.323         0
   191/299     7.81G     0.991     0.189         0      1.18         2       608      0.95     0.839     0.935     0.891      1.95     0.324         0
   192/299     7.81G     0.967     0.181         0      1.15        11       608      0.95      0.84     0.932     0.892      1.94     0.321         0
   193/299     7.81G     0.921     0.169         0      1.09        10       608     0.941     0.843     0.921     0.889      1.97     0.317         0
   194/299     7.81G     0.873     0.149         0      1.02         1       608     0.932     0.851     0.916      0.89         2     0.313         0
   195/299     7.81G     0.855      0.16         0      1.02         8       608     0.933     0.858     0.919     0.894      2.02      0.31         0
   196/299     7.81G     0.807     0.144         0     0.951        15       608     0.925     0.858     0.917      0.89      2.04     0.307         0
   197/299     7.81G     0.939     0.149         0      1.09         3       608     0.906      0.85     0.912     0.877      2.06     0.304         0
   198/299     7.81G     0.791     0.149         0      0.94         9       608     0.915     0.858     0.918     0.886         2     0.304         0
   199/299     7.81G       0.9     0.153         0      1.05         7       608     0.916     0.864     0.922     0.889      2.02     0.304         0
   200/299     7.81G     0.883     0.167         0      1.05         1       608     0.889     0.853     0.906     0.871      2.07     0.312         0
   201/299     7.81G     0.859     0.155         0      1.01        14       608     0.905      0.85     0.916     0.877       2.1     0.307         0
   202/299     7.81G     0.793     0.169         0     0.962        12       608     0.914      0.85     0.919     0.881      2.07     0.304         0
   203/299     7.81G     0.779     0.153         0     0.932         3       608     0.903     0.867     0.915     0.885      2.06     0.303         0
   204/299     7.81G     0.863     0.146         0      1.01         8       608     0.919     0.876     0.936     0.897      2.07     0.301         0
   205/299     7.81G     0.769     0.149         0     0.918         9       608     0.915     0.859     0.937     0.886      2.06     0.301         0
   206/299     7.81G     0.872     0.146         0      1.02         1       608     0.919     0.894     0.939     0.906      2.01     0.299         0
   207/299     7.81G     0.844     0.145         0     0.989        10       608     0.921     0.894      0.94     0.907      2.01     0.294         0
   208/299     7.81G     0.821      0.15         0     0.971         9       608     0.917     0.875     0.934     0.895      2.07      0.29         0
   209/299     7.81G     0.873     0.167         0      1.04         3       608      0.92     0.876     0.934     0.897      2.06     0.291         0
   210/299     7.81G     0.802     0.169         0      0.97        10       608     0.916     0.866     0.922      0.89      2.04     0.293         0
   211/299     7.81G     0.772     0.173         0     0.945        10       608     0.916     0.872     0.923     0.893      2.05      0.29         0
   212/299     7.81G     0.858     0.164         0      1.02         3       608     0.916     0.863      0.92     0.889      2.04      0.29         0
   213/299     7.81G     0.738     0.147         0     0.885         8       608     0.914     0.858     0.907     0.885      2.04     0.293         0
   214/299     7.81G     0.809     0.138         0     0.948         8       608     0.918     0.858      0.91     0.887      2.04     0.296         0
   215/299     7.81G     0.747     0.147         0     0.894         3       608     0.914     0.867     0.911      0.89      2.03     0.298         0
   216/299     7.81G     0.767     0.152         0     0.919        11       608     0.935     0.885     0.932     0.909      2.02     0.298         0
   217/299     7.81G     0.817     0.153         0     0.971         8       608     0.924     0.861     0.928     0.892      2.03     0.299         0
   218/299     7.81G     0.763      0.15         0     0.913         3       608     0.934     0.877     0.936     0.905      2.03     0.299         0
   219/299     7.81G     0.724     0.147         0     0.871         7       608     0.934     0.881     0.925     0.907      2.04     0.305         0
   220/299     7.81G     0.744     0.155         0     0.899         8       608     0.925     0.874     0.929     0.899      2.05     0.302         0
   221/299     7.81G     0.734     0.131         0     0.865         4       608     0.925      0.87     0.922     0.897      2.03     0.301         0
   222/299     7.81G     0.811     0.136         0     0.947         8       608     0.934     0.871     0.929     0.901      2.01     0.301         0
   223/299     7.81G     0.713     0.155         0     0.868         7       608     0.933     0.863     0.926     0.897      2.02     0.305         0
   224/299     7.81G     0.805     0.152         0     0.957         4       608     0.924     0.861     0.918     0.892      2.01     0.313         0
   225/299     7.81G     0.737     0.133         0      0.87        10       608     0.933     0.862     0.918     0.896      2.01     0.313         0
   226/299     7.81G     0.692     0.156         0     0.848        11       608     0.932     0.846     0.918     0.887         2     0.315         0
   227/299     7.81G      0.65     0.136         0     0.786         3       608      0.94     0.841      0.92     0.887         2     0.317         0
   228/299     7.81G     0.761     0.142         0     0.903         9       608      0.94      0.83      0.92     0.881      2.02     0.316         0
   229/299     7.81G     0.683     0.135         0     0.818         9       608      0.94     0.836     0.922     0.885      2.01     0.315         0
   230/299     7.81G     0.729     0.147         0     0.876         5       608     0.932     0.845     0.922     0.886      2.01     0.317         0
   231/299     7.81G      0.67      0.16         0      0.83         7       608     0.939      0.85     0.922     0.892      2.02     0.316         0
   232/299     7.81G     0.726     0.143         0     0.869        10       608     0.935      0.85     0.922      0.89         2     0.318         0
   233/299     7.81G     0.642     0.124         0     0.766         2       608     0.941      0.85     0.924     0.893      1.99      0.32         0
   234/299     7.81G     0.671     0.152         0     0.823         9       608     0.931      0.84     0.923     0.883      1.98      0.32         0
   235/299     7.81G     0.681     0.133         0     0.814        10       608     0.921     0.822     0.912     0.869      1.99      0.32         0
   236/299     7.81G     0.703     0.135         0     0.838         2       608     0.931     0.834      0.92      0.88      1.98      0.32         0
   237/299     7.81G     0.667     0.137         0     0.804        11       608     0.921     0.828     0.907     0.872      1.98      0.32         0
   238/299     7.81G      0.69     0.135         0     0.824        10       608     0.921     0.829     0.905     0.873      1.99     0.319         0
   239/299     7.81G     0.638      0.14         0     0.778         3       608     0.922     0.842     0.902      0.88      2.01     0.318         0
   240/299     7.81G     0.645     0.134         0     0.779        10       608     0.932     0.855      0.92     0.892      2.01     0.317         0
   241/299     7.81G     0.632     0.132         0     0.764        10       608     0.931     0.839     0.922     0.883         2     0.313         0
   242/299     7.81G     0.617     0.136         0     0.754         3       608     0.931      0.84     0.922     0.883      1.99     0.312         0
   243/299     7.81G      0.73     0.129         0     0.859        10       608     0.933     0.857     0.925     0.893      1.99     0.309         0
   244/299     7.81G     0.683     0.143         0     0.826         8       608     0.933     0.856     0.929     0.893      1.97     0.307         0
   245/299     7.81G     0.624     0.143         0     0.768         2       608     0.932     0.856     0.919     0.892      1.98     0.308         0
   246/299     7.81G     0.685      0.13         0     0.816         9       608     0.923     0.841     0.919      0.88      1.97     0.307         0
   247/299     7.81G     0.641     0.134         0     0.776        11       608     0.923     0.847     0.926     0.883      1.98     0.308         0
   248/299     7.81G     0.632     0.118         0      0.75         2       608     0.924     0.856     0.925     0.888      1.99     0.308         0
   249/299     7.81G     0.622     0.147         0     0.769        10       608     0.923     0.858     0.925      0.89      1.98     0.309         0
   250/299     7.81G     0.629     0.115         0     0.744         8       608     0.928     0.858     0.924     0.892      1.98     0.309         0
   251/299     7.81G      0.61     0.125         0     0.734         2       608     0.927     0.858     0.924     0.891      1.99     0.309         0
   252/299     7.81G     0.632     0.134         0     0.766         8       608     0.928      0.85     0.922     0.887         2     0.311         0
   253/299     7.81G     0.601     0.127         0     0.728         7       608     0.927      0.85     0.923     0.886      2.01     0.313         0
   254/299     7.81G     0.594     0.132         0     0.726         4       608     0.928      0.85     0.923     0.887      2.02     0.313         0
   255/299     7.81G     0.576      0.13         0     0.706         9       608     0.923     0.849     0.923     0.884      2.02     0.312         0
   256/299     7.81G     0.594     0.127         0     0.721         9       608     0.923     0.847     0.923     0.883      2.02     0.314         0
   257/299     7.81G     0.631     0.121         0     0.751         2       608     0.923     0.851     0.923     0.886      2.01     0.314         0
   258/299     7.81G     0.595     0.143         0     0.738        10       608     0.914      0.85     0.922     0.881         2     0.314         0
   259/299     7.81G     0.627     0.124         0      0.75        12       608     0.914     0.841     0.924     0.876      1.99     0.314         0
   260/299     7.81G     0.634     0.135         0     0.769         2       608     0.923     0.853     0.924     0.887      1.98     0.314         0
   261/299     7.81G     0.535     0.114         0     0.648         8       608     0.928      0.85     0.915     0.887      1.98     0.316         0
   262/299     7.81G     0.578     0.122         0       0.7         9       608     0.932     0.853     0.925     0.891      1.99     0.317         0
   263/299     7.81G      0.56     0.142         0     0.702         2       608     0.941     0.852     0.928     0.894      1.99     0.317         0
   264/299     7.81G     0.546     0.121         0     0.667         8       608     0.941     0.849      0.93     0.893      1.98     0.319         0
   265/299     7.81G     0.597     0.136         0     0.733         7       608     0.941      0.85      0.93     0.893      1.98     0.319         0
   266/299     7.81G     0.599     0.121         0      0.72         2       608     0.941     0.851     0.933     0.894      1.97     0.319         0
   267/299     7.81G     0.564     0.121         0     0.685        12       608     0.932     0.845     0.933     0.886      1.97      0.32         0
   268/299     7.81G     0.588      0.13         0     0.717        10       608     0.941     0.845     0.933      0.89      1.97     0.321         0
   269/299     7.81G     0.625     0.127         0     0.752         4       608     0.941      0.85     0.934     0.893      1.97     0.319         0
   270/299     7.81G     0.558     0.128         0     0.687        11       608     0.932     0.842     0.933     0.885      1.97     0.316         0
   271/299     7.81G     0.569     0.129         0     0.698        10       608     0.932      0.85     0.934     0.889      1.98     0.316         0
   272/299     7.81G     0.634     0.137         0     0.771         4       608      0.93     0.858     0.934     0.893      1.98     0.316         0
   273/299     7.81G      0.55     0.112         0     0.661         9       608     0.925     0.858     0.934      0.89      1.97     0.314         0
   274/299     7.81G     0.513     0.112         0     0.625         9       608     0.924      0.86     0.934     0.891      1.98     0.315         0
   275/299     7.81G     0.568     0.108         0     0.676         3       608     0.926     0.858     0.934     0.891      1.98     0.313         0
   276/299     7.81G     0.569      0.12         0     0.689        11       608     0.933     0.856     0.934     0.893      1.99     0.312         0
   277/299     7.81G     0.599     0.129         0     0.728         7       608     0.932     0.854     0.934     0.892      1.98     0.312         0
   278/299     7.81G     0.564     0.126         0      0.69         2       608     0.933     0.856     0.934     0.893      1.96      0.31         0
   279/299     7.81G     0.504     0.104         0     0.609         7       608     0.932     0.855     0.934     0.892      1.95     0.308         0
   280/299     7.81G     0.552     0.114         0     0.666        11       608     0.932     0.854     0.937     0.891      1.96      0.31         0
   281/299     7.81G     0.526     0.121         0     0.648         3       608     0.932     0.852     0.935      0.89      1.96      0.31         0
   282/299     7.81G     0.536     0.113         0      0.65         9       608     0.932      0.85     0.935     0.889      1.96      0.31         0
   283/299     7.81G     0.588      0.13         0     0.719         9       608     0.932     0.853     0.936     0.891      1.96      0.31         0
   284/299     7.81G     0.545     0.119         0     0.663         3       608     0.932     0.856     0.936     0.892      1.96      0.31         0
   285/299     7.81G     0.604     0.121         0     0.724         6       608     0.932     0.854     0.936     0.892      1.96      0.31         0
   286/299     7.81G     0.674      0.11         0     0.784         5       608     0.933     0.858     0.935     0.894      1.96     0.309         0
   287/299     7.81G     0.569     0.125         0     0.694         3       608     0.933     0.858     0.935     0.894      1.96      0.31         0
   288/299     7.81G     0.521     0.118         0     0.639         9       608      0.93     0.858     0.936     0.893      1.96     0.313         0
   289/299     7.81G      0.52     0.118         0     0.638        12       608     0.936     0.858     0.936     0.895      1.96     0.315         0
   290/299     7.81G     0.587     0.137         0     0.724         3       608     0.932     0.858     0.936     0.894      1.96     0.316         0
   291/299     7.81G     0.534     0.112         0     0.646         6       608     0.935     0.858     0.937     0.895      1.95     0.316         0
   292/299     7.81G     0.534     0.117         0      0.65        10       608     0.934     0.858     0.937     0.895      1.95     0.316         0
   293/299     7.81G      0.55      0.11         0      0.66         3       608     0.942     0.857     0.937     0.897      1.95     0.318         0
   294/299     7.81G     0.518     0.127         0     0.644        13       608     0.932      0.85     0.938     0.889      1.96     0.318         0
   295/299     7.81G     0.515     0.119         0     0.634         6       608     0.933     0.856     0.938     0.893      1.95     0.318         0
   296/299     7.81G     0.527     0.106         0     0.633         2       608     0.933     0.866     0.937     0.898      1.95     0.318         0
   297/299     7.81G     0.531     0.119         0      0.65        13       608     0.933     0.867     0.937     0.899      1.94     0.318         0
   298/299     7.81G     0.502      0.12         0     0.621        12       608     0.933     0.863     0.939     0.897      1.94     0.318         0
   299/299     7.81G     0.544     0.118         0     0.662         2       608     0.933     0.863     0.939     0.897      1.93     0.319         0
