     0/299     7.81G      7.96      32.8         0      40.8        26       608         0         0   0.00236         0      7.14       2.1         0
     1/299     7.81G      6.32      3.91         0      10.2        25       608         1   0.00526    0.0131    0.0105         6      2.05         0
     2/299     7.81G      5.25      3.23         0      8.48        17       608         0         0     0.048         0       5.6      1.53         0
     3/299     7.81G       4.8      2.22         0      7.03        23       608    0.0558     0.147     0.037     0.081      5.91      1.21         0
     4/299     7.81G      5.46      1.36         0      6.82        25       608     0.304     0.106     0.136     0.157      5.41     0.965         0
     5/299     7.81G      4.42      1.45         0      5.87        24       608     0.211     0.474     0.257     0.292       4.6     0.883         0
     6/299     7.81G       4.4      1.15         0      5.54        22       608     0.413     0.363     0.302     0.386      4.62     0.735         0
     7/299     7.81G      4.46      1.07         0      5.53        26       608     0.555     0.211     0.353     0.305      4.43     0.673         0
     8/299     7.81G      4.72      1.08         0      5.79        27       608      0.61      0.14     0.332     0.227      4.72     0.822         0
     9/299     7.81G      4.28      1.11         0      5.39        25       608  0.000353    0.0211   0.00038  0.000694      7.39       318         0
    10/299     7.81G      4.44      1.02         0      5.46        27       608         0         0     0.016         0      5.59      34.7         0
    11/299     7.81G       4.1     0.985         0      5.08        26       608     0.825     0.153     0.387     0.258      4.39     0.701         0
    12/299     7.81G      3.84     0.892         0      4.73        22       608     0.744     0.242     0.442     0.365      4.21     0.697         0
    13/299     7.81G      3.94     0.858         0      4.79        23       608     0.921    0.0368     0.338    0.0709      4.73     0.781         0
    14/299     7.81G      4.15     0.957         0       5.1        24       608     0.624     0.126     0.331      0.21      4.32     0.696         0
    15/299     7.81G      3.72       0.9         0      4.62        25       608     0.293     0.116     0.114     0.166       5.8     0.638         0
    16/299     7.81G      4.93      1.13         0      6.06        31       608         1   0.00526     0.291    0.0105      4.28     0.861         0
    17/299     7.81G      3.78     0.928         0      4.71        18       608     0.519     0.164     0.333      0.25       4.5     0.619         0
    18/299     7.81G      3.88     0.889         0      4.77        28       608      0.61    0.0825     0.206     0.145      5.41     0.583         0
    19/299     7.81G      3.97     0.979         0      4.95        21       608     0.958     0.119     0.457     0.212      4.08     0.661         0
    20/299     7.81G      3.71     0.849         0      4.56        26       608      0.85     0.284     0.487     0.426      4.07     0.635         0
    21/299     7.81G       3.2     0.922         0      4.12        32       608     0.728     0.542     0.603     0.621      3.57     0.565         0
    22/299     7.81G      3.51     0.785         0      4.29        21       608     0.836     0.263     0.491       0.4      4.09     0.571         0
    23/299     7.81G      3.57     0.765         0      4.34        20       608     0.708     0.353     0.468     0.471      4.82     0.526         0
    24/299     7.81G      3.28     0.913         0      4.19        28       608     0.917     0.216     0.462     0.349      4.25     0.642         0
    25/299     7.81G      3.03     0.784         0      3.81        25       608     0.801     0.359     0.474     0.496       4.1     0.589         0
    26/299     7.81G      3.17     0.738         0      3.91        28       608      0.86     0.325     0.552     0.471      3.79       0.6         0
    27/299     7.81G      2.86     0.696         0      3.55        26       608     0.717     0.389     0.528     0.505      3.84     0.563         0
    28/299     7.81G      3.09     0.714         0       3.8        27       608     0.859     0.447     0.613     0.588      3.45     0.554         0
    29/299     7.81G      2.89     0.698         0      3.58        21       608     0.832     0.418     0.612     0.557      3.72      0.54         0
    30/299     7.81G      2.77     0.668         0      3.44        30       608     0.894     0.488     0.666     0.632      3.67     0.518         0
    31/299     7.81G      2.87     0.677         0      3.55        26       608     0.818     0.426     0.602      0.56      3.65     0.553         0
    32/299     7.81G      2.57     0.652         0      3.22        22       608       0.8     0.653     0.719     0.719       3.3     0.486         0
    33/299     7.81G      2.66     0.696         0      3.35        18       608     0.813     0.647     0.705     0.721      3.37     0.492         0
    34/299     7.81G      2.62     0.651         0      3.27        26       608     0.783     0.405     0.541     0.534      3.92     0.655         0
    35/299     7.81G      2.64     0.667         0      3.31        25       608     0.386    0.0629    0.0716     0.108      5.42      1.01         0
    36/299     7.81G      2.77      0.63         0       3.4        22       608     0.631     0.274     0.348     0.382      4.16      0.77         0
    37/299     7.81G      2.42     0.619         0      3.04        21       608     0.733     0.437      0.48     0.547      3.86     0.594         0
    38/299     7.81G      2.42     0.627         0      3.04        22       608     0.844     0.514     0.597     0.639      3.87     0.528         0
    39/299     7.81G      2.39       0.6         0      2.99        21       608     0.807     0.595     0.662     0.685      3.57     0.495         0
    40/299     7.81G      2.61     0.538         0      3.15        21       608     0.869     0.563     0.707     0.683      3.45     0.507         0
    41/299     7.81G      2.54     0.629         0      3.17        28       608     0.781     0.568     0.612     0.658      3.57     0.498         0
    42/299     7.81G      2.32     0.614         0      2.93        21       608     0.779     0.557     0.628      0.65      3.62     0.541         0
    43/299     7.81G      2.49     0.586         0      3.08        24       608     0.803     0.468     0.532     0.592      3.69     0.592         0
    44/299     7.81G      2.35      0.56         0      2.91        23       608     0.767     0.532     0.629     0.628      3.64     0.509         0
    45/299     7.81G       2.3      0.59         0      2.89        25       608     0.798     0.642     0.706     0.712      3.24     0.498         0
    46/299     7.81G       2.4     0.559         0      2.96        29       608     0.752     0.621     0.643      0.68      3.22     0.502         0
    47/299     7.81G      2.28     0.549         0      2.82        25       608     0.686     0.647     0.676     0.666       3.4     0.514         0
    48/299     7.81G       2.2     0.554         0      2.75        22       608     0.837     0.593     0.655     0.694      3.45     0.533         0
    49/299     7.81G      2.17     0.589         0      2.76        29       608     0.745     0.563     0.604     0.641      3.52     0.512         0
    50/299     7.81G      2.38     0.574         0      2.95        25       608     0.757     0.474      0.54     0.583      3.64     0.545         0
    51/299     7.81G      2.17     0.568         0      2.74        21       608     0.766     0.574     0.601     0.656      3.46     0.538         0
    52/299     7.81G      2.23     0.532         0      2.76        22       608     0.786     0.484     0.568     0.599      3.63     0.566         0
    53/299     7.81G      2.14     0.584         0      2.72        22       608     0.755     0.595     0.606     0.665      3.39     0.527         0
    54/299     7.81G       2.2     0.502         0       2.7        20       608      0.69     0.605     0.627     0.645      3.39     0.521         0
    55/299     7.81G      2.19      0.52         0      2.71        22       608     0.829      0.56     0.642     0.668      3.42     0.559         0
    56/299     7.81G      2.15     0.517         0      2.67        26       608     0.792     0.547     0.621     0.647      3.42     0.574         0
    57/299     7.81G      1.97     0.528         0       2.5        22       608     0.827      0.63     0.702     0.716      3.24     0.527         0
    58/299     7.81G      2.01     0.503         0      2.51        21       608       0.8     0.589     0.627     0.679      3.33     0.537         0
    59/299     7.81G      2.24     0.493         0      2.73        23       608     0.829     0.505     0.607     0.628      3.43     0.572         0
    60/299     7.81G      1.91     0.533         0      2.44        32       608     0.831     0.569     0.641     0.675      3.48     0.556         0
    61/299     7.81G      2.16       0.5         0      2.66        28       608     0.758     0.527     0.582     0.621      3.46     0.543         0
    62/299     7.81G      2.06     0.499         0      2.56        23       608     0.827     0.616     0.723     0.706       3.3     0.524         0
    63/299     7.81G      2.15     0.509         0      2.66        26       608     0.832     0.632     0.708     0.718      3.25     0.513         0
    64/299     7.81G       2.1     0.504         0       2.6        27       608     0.872     0.568      0.69     0.688      3.12     0.557         0
    65/299     7.81G      1.99     0.493         0      2.48        28       608      0.82     0.595     0.658     0.689      3.23     0.544         0
    66/299     7.81G      2.02     0.488         0      2.51        28       608     0.792     0.658     0.703     0.719      3.17     0.504         0
    67/299     7.81G      2.02     0.485         0      2.51        14       608     0.761     0.632     0.695      0.69      3.18      0.51         0
    68/299     7.81G       1.9     0.476         0      2.37        22       608     0.732     0.661     0.694     0.694      3.14     0.495         0
    69/299     7.81G      1.91     0.483         0       2.4        27       608     0.789     0.611     0.687     0.688      3.19     0.526         0
    70/299     7.81G      1.98     0.464         0      2.44        34       608     0.791     0.532     0.604     0.636      3.35     0.552         0
    71/299     7.81G      1.85      0.49         0      2.34        33       608     0.827     0.653     0.696      0.73       3.3     0.505         0
    72/299     7.81G      1.88     0.457         0      2.34        25       608     0.793     0.705     0.717     0.747      3.35     0.484         0
    73/299     7.81G      1.75     0.473         0      2.22        17       608     0.818     0.711     0.738     0.761      3.24     0.462         0
    74/299     7.81G      1.86      0.42         0      2.28        20       608     0.825     0.693     0.727     0.753      3.26     0.485         0
    75/299     7.81G      1.82     0.449         0      2.27        26       608     0.827     0.642     0.704     0.723       3.4     0.528         0
    76/299     7.81G      1.83     0.454         0      2.29        23       608     0.826     0.674     0.713     0.742      3.24     0.517         0
    77/299     7.81G      1.88     0.428         0       2.3        20       608     0.791     0.616     0.671     0.692      3.41     0.517         0
    78/299     7.81G      1.75     0.461         0      2.21        22       608     0.779     0.621     0.683     0.691      3.26     0.508         0
    79/299     7.81G      1.94     0.458         0       2.4        29       608     0.764     0.683     0.705     0.722      3.25     0.509         0
    80/299     7.81G      1.66     0.454         0      2.12        24       608     0.739     0.684     0.709     0.711       3.1     0.505         0
    81/299     7.81G      1.84     0.425         0      2.27        25       608     0.845     0.688      0.74     0.759      3.14     0.512         0
    82/299     7.81G      1.78     0.442         0      2.23        23       608     0.779     0.689     0.714     0.732      3.19     0.505         0
    83/299     7.81G      1.74     0.456         0       2.2        24       608     0.808     0.695     0.752     0.747      3.14     0.518         0
    84/299     7.81G      1.73     0.416         0      2.15        32       608     0.771     0.653     0.687     0.707      3.27     0.513         0
    85/299     7.81G      1.89      0.45         0      2.34        23       608     0.812     0.626     0.667     0.707      3.22     0.551         0
    86/299     7.81G      1.77     0.438         0      2.21        27       608     0.848     0.605     0.644     0.706      3.27     0.583         0
    87/299     7.81G      1.74     0.418         0      2.16        27       608     0.865     0.584      0.64     0.697      3.24     0.635         0
    88/299     7.81G      1.73     0.451         0      2.18        30       608     0.774     0.632     0.664     0.696      3.16     0.535         0
    89/299     7.81G      1.76     0.423         0      2.19        24       608     0.801     0.635      0.71     0.708      3.21     0.518         0
    90/299     7.81G      1.72     0.408         0      2.13        21       608     0.819     0.713     0.762     0.762      3.08     0.524         0
    91/299     7.81G      1.76     0.419         0      2.18        23       608     0.806     0.679     0.706     0.737      3.14     0.545         0
    92/299     7.81G      1.71     0.415         0      2.13        21       608     0.863     0.695     0.765      0.77      3.07     0.545         0
    93/299     7.81G      1.61     0.417         0      2.02        24       608     0.823     0.658     0.702     0.731      3.13     0.546         0
    94/299     7.81G      1.57      0.37         0      1.94        23       608     0.808     0.695      0.73     0.747      3.16     0.527         0
    95/299     7.81G      1.79     0.401         0      2.19        26       608     0.803     0.663     0.694     0.726      3.19     0.539         0
    96/299     7.81G      1.59     0.418         0      2.01        26       608     0.852     0.696     0.759     0.766      3.11     0.525         0
    97/299     7.81G      1.58     0.421         0         2        20       608     0.814     0.689     0.736     0.747      3.19     0.518         0
    98/299     7.81G      1.67      0.42         0      2.09        18       608     0.823     0.684     0.749     0.747      3.07     0.526         0
    99/299     7.81G       1.6     0.401         0         2        24       608     0.833     0.716     0.776      0.77      3.05      0.52         0
   100/299     7.81G       1.6     0.384         0      1.99        23       608     0.816     0.654     0.727     0.726      3.21     0.526         0
   101/299     7.81G      1.55     0.384         0      1.93        16       608     0.846     0.636     0.713     0.726      3.15      0.56         0
   102/299     7.81G      1.64     0.418         0      2.06        27       608     0.818     0.546     0.656     0.655      3.36     0.604         0
   103/299     7.81G      1.54     0.383         0      1.93        24       608      0.85     0.668     0.735     0.748      3.06     0.546         0
   104/299     7.81G      1.51     0.385         0       1.9        28       608     0.827     0.637     0.692      0.72      3.17     0.528         0
   105/299     7.81G      1.56     0.379         0      1.94        23       608     0.828     0.668     0.724      0.74      3.14     0.538         0
   106/299     7.81G      1.39     0.356         0      1.75        36       608      0.82     0.689      0.73     0.749      3.11     0.537         0
   107/299     7.81G       1.4     0.373         0      1.77        28       608     0.843     0.708     0.747      0.77      3.07     0.558         0
   108/299     7.81G      1.57     0.403         0      1.97        17       608     0.815     0.616     0.659     0.702      3.16     0.593         0
   109/299     7.81G      1.55      0.35         0       1.9        23       608     0.869     0.631      0.72     0.731      3.16     0.601         0
   110/299     7.81G      1.47     0.375         0      1.85        16       608      0.84     0.684     0.724     0.754      3.11     0.566         0
   111/299     7.81G      1.47     0.392         0      1.86        19       608     0.836     0.672     0.728     0.745      3.17     0.542         0
   112/299     7.81G      1.31     0.356         0      1.66        22       608     0.753     0.684      0.72     0.717      3.12      0.54         0
   113/299     7.81G      1.46     0.387         0      1.84        29       608       0.8     0.697     0.731     0.745      3.18     0.546         0
   114/299     7.81G      1.41     0.374         0      1.79        20       608     0.834     0.686     0.746     0.753      3.08     0.553         0
   115/299     7.81G      1.34     0.379         0      1.72        25       608     0.803     0.689      0.73     0.742      3.07     0.556         0
   116/299     7.81G      1.42     0.341         0      1.76        26       608     0.815     0.642     0.711     0.718      3.18     0.581         0
   117/299     7.81G      1.44     0.376         0      1.81        26       608     0.835     0.694     0.716     0.758      3.18     0.537         0
   118/299     7.81G      1.35     0.347         0       1.7        35       608     0.789     0.689     0.719     0.736      3.22     0.532         0
   119/299     7.81G      1.49     0.347         0      1.83        27       608     0.772     0.659     0.706     0.711       3.2     0.526         0
   120/299     7.81G      1.48     0.356         0      1.83        28       608     0.815     0.642     0.708     0.718       3.2     0.581         0
   121/299     7.81G      1.44     0.378         0      1.82        24       608     0.829     0.664     0.737     0.738      3.17     0.584         0
   122/299     7.81G      1.43     0.377         0       1.8        26       608     0.793     0.653      0.74     0.716      3.15     0.569         0
   123/299     7.81G      1.33     0.349         0      1.68        23       608     0.819     0.674      0.75     0.739      3.16     0.549         0
   124/299     7.81G      1.34     0.366         0      1.71        27       608     0.804     0.679     0.766     0.736      3.09      0.54         0
   125/299     7.81G      1.34     0.345         0      1.68        20       608     0.839     0.659      0.75     0.738      3.11     0.567         0
   126/299     7.81G      1.37     0.365         0      1.73        16       608     0.858     0.668     0.744     0.751      3.11     0.574         0
   127/299     7.81G      1.26     0.362         0      1.62        19       608     0.833     0.716     0.774      0.77      2.99     0.563         0
   128/299     7.81G      1.35     0.335         0      1.68        22       608     0.825     0.711     0.754     0.763      3.01     0.576         0
   129/299     7.81G      1.22     0.319         0      1.54        29       608     0.831     0.668     0.731     0.741      3.06     0.563         0
   130/299     7.81G      1.31     0.329         0      1.64        25       608     0.849     0.624     0.709     0.719      3.16     0.568         0
   131/299     7.81G      1.27      0.34         0      1.61        25       608     0.818     0.664     0.733     0.733      3.15     0.548         0
   132/299     7.81G      1.27     0.331         0      1.61        25       608     0.813     0.642     0.724     0.718      3.18     0.571         0
   133/299     7.81G      1.21     0.347         0      1.56        25       608     0.857     0.599     0.711     0.705      3.25     0.632         0
   134/299     7.81G      1.34     0.318         0      1.66        25       608     0.857     0.693     0.739     0.766      3.14      0.59         0
   135/299     7.81G      1.32     0.337         0      1.65        18       608      0.84     0.689     0.741     0.758      3.02     0.584         0
   136/299     7.81G      1.24     0.326         0      1.57        25       608     0.826     0.705     0.749     0.761      3.05     0.564         0
   137/299     7.81G      1.33     0.339         0      1.67        24       608     0.793     0.689     0.706     0.738      3.14     0.547         0
   138/299     7.81G       1.2     0.306         0      1.51        28       608     0.842     0.703     0.751     0.767      3.03     0.546         0
   139/299     7.81G      1.25     0.328         0      1.58        31       608     0.848     0.735     0.765     0.787      3.04     0.549         0
   140/299     7.81G      1.24     0.325         0      1.56        22       608     0.824     0.711     0.755     0.763      3.03     0.566         0
   141/299     7.81G      1.19     0.316         0      1.51        22       608     0.822     0.728      0.76     0.772      3.08     0.557         0
   142/299     7.81G      1.14      0.32         0      1.46        26       608     0.817     0.727     0.777     0.769      3.04     0.547         0
   143/299     7.81G       1.2     0.313         0      1.51        26       608     0.826     0.674     0.777     0.742      3.05     0.568         0
   144/299     7.81G      1.21     0.302         0      1.51        28       608     0.864     0.711     0.767      0.78      3.05     0.558         0
   145/299     7.81G      1.25     0.307         0      1.56        28       608     0.853     0.689     0.754     0.763      2.98     0.561         0
   146/299     7.81G      1.14     0.316         0      1.46        21       608     0.859       0.7     0.775     0.771      3.01     0.567         0
   147/299     7.81G      1.21     0.318         0      1.53        28       608     0.836     0.689     0.749     0.756      3.04     0.583         0
   148/299     7.81G      1.09     0.302         0      1.39        27       608     0.817     0.704     0.756     0.757      3.07     0.577         0
   149/299     7.81G      1.14     0.304         0      1.44        28       608     0.823     0.705     0.765      0.76      2.99     0.581         0
   150/299     7.81G       1.1     0.315         0      1.41        22       608     0.814     0.712     0.767      0.76      2.99     0.572         0
   151/299     7.81G      1.12     0.298         0      1.41        29       608     0.813     0.707     0.768     0.756         3     0.561         0
   152/299     7.81G      1.22     0.316         0      1.54        23       608     0.818       0.7     0.764     0.755         3     0.564         0
   153/299     7.81G      1.06     0.312         0      1.37        29       608     0.837     0.716     0.776     0.772      2.99     0.561         0
   154/299     7.81G       1.1     0.291         0      1.39        20       608     0.826     0.695     0.765     0.755      3.04     0.564         0
   155/299     7.81G      1.12     0.315         0      1.44        23       608     0.821     0.698     0.765     0.755      3.02     0.577         0
   156/299     7.81G      1.04     0.274         0      1.31        31       608     0.815     0.695      0.76      0.75      3.08     0.575         0
   157/299     7.81G      1.09     0.286         0      1.37        27       608      0.84     0.716     0.782     0.773      3.04     0.571         0
   158/299     7.81G     0.978     0.302         0      1.28        19       608     0.821     0.705     0.777     0.759         3     0.577         0
   159/299     7.81G     0.965     0.288         0      1.25        24       608     0.814     0.705     0.779     0.756      3.04      0.57         0
   160/299     7.81G      1.13     0.279         0      1.41        20       608     0.823     0.732     0.785     0.775      3.06     0.572         0
   161/299     7.81G      1.18     0.299         0      1.48        29       608     0.838     0.732      0.79     0.781      3.06      0.57         0
   162/299     7.81G       1.1     0.286         0      1.38        19       608     0.824     0.747     0.778     0.784      3.06     0.574         0
   163/299     7.81G     0.971     0.283         0      1.25        23       608     0.806     0.747     0.779     0.776      3.03     0.569         0
   164/299     7.81G     0.986     0.293         0      1.28        21       608     0.787      0.74     0.758     0.763      3.05     0.579         0
   165/299     7.81G      1.13     0.289         0      1.42        23       608     0.769       0.7     0.725     0.733      3.13     0.587         0
   166/299     7.81G     0.948     0.274         0      1.22        22       608     0.773     0.705     0.726     0.738       3.1     0.585         0
   167/299     7.81G     0.893     0.254         0      1.15        23       608     0.776     0.716      0.75     0.745      3.07      0.59         0
   168/299     7.81G     0.998     0.268         0      1.27        23       608      0.79     0.705     0.755     0.745      3.01     0.599         0
   169/299     7.81G      1.05     0.273         0      1.33        30       608     0.815     0.696      0.75     0.751      3.03      0.62         0
   170/299     7.81G      1.03     0.265         0       1.3        17       608     0.848     0.703     0.757     0.769      3.01     0.622         0
   171/299     7.81G      1.04     0.296         0      1.34        16       608     0.819     0.716     0.765     0.764      2.97     0.614         0
   172/299     7.81G     0.969     0.282         0      1.25        22       608     0.795     0.732     0.763     0.762      2.98     0.602         0
   173/299     7.81G     0.941      0.28         0      1.22        24       608     0.768     0.716     0.761     0.741      2.97     0.603         0
   174/299     7.81G     0.982     0.279         0      1.26        20       608     0.732     0.689     0.734      0.71      3.02     0.595         0
   175/299     7.81G     0.911     0.264         0      1.17        17       608     0.741       0.7     0.715      0.72      3.05      0.59         0
   176/299     7.81G     0.943     0.247         0      1.19        27       608     0.781     0.695     0.736     0.736      3.05     0.596         0
   177/299     7.81G     0.978     0.274         0      1.25        24       608     0.822     0.705     0.744     0.759      3.06      0.61         0
   178/299     7.81G         1     0.263         0      1.27        35       608     0.815     0.694     0.751      0.75      3.07     0.617         0
   179/299     7.81G     0.903     0.299         0       1.2        30       608     0.811     0.679      0.75     0.739      3.08     0.623         0
   180/299     7.81G     0.868     0.247         0      1.11        25       608     0.827     0.681     0.776     0.747      3.03     0.634         0
   181/299     7.81G      0.86     0.236         0       1.1        26       608     0.828     0.663     0.758     0.737      3.06     0.655         0
   182/299     7.81G     0.965     0.257         0      1.22        24       608     0.832     0.647     0.745     0.728      3.12      0.68         0
   183/299     7.81G     0.939     0.268         0      1.21        26       608     0.808     0.642     0.744     0.715      3.09      0.68         0
   184/299     7.81G     0.909     0.255         0      1.16        26       608     0.807     0.663     0.747     0.728      3.08     0.666         0
   185/299     7.81G     0.967     0.259         0      1.23        23       608     0.811     0.679     0.748     0.739      3.08     0.652         0
   186/299     7.81G     0.853      0.25         0       1.1        21       608     0.811     0.698     0.764      0.75      3.07     0.627         0
   187/299     7.81G     0.879     0.258         0      1.14        30       608     0.779     0.679     0.747     0.725       3.1     0.616         0
   188/299     7.81G     0.906     0.256         0      1.16        25       608     0.799     0.674     0.746     0.731       3.1      0.62         0
   189/299     7.81G     0.871     0.261         0      1.13        20       608     0.815     0.684     0.747     0.744      3.09     0.627         0
   190/299     7.81G     0.878     0.258         0      1.14        28       608     0.814     0.689      0.74     0.746       3.1     0.622         0
   191/299     7.81G     0.862     0.243         0       1.1        21       608     0.774     0.684     0.727     0.727      3.06     0.625         0
   192/299     7.81G     0.891     0.272         0      1.16        32       608     0.808     0.684     0.733     0.741      3.02      0.63         0
   193/299     7.81G     0.846     0.252         0       1.1        29       608     0.804      0.69     0.757     0.743      3.03     0.621         0
   194/299     7.81G     0.855     0.254         0      1.11        26       608     0.809     0.705     0.759     0.754      3.02     0.631         0
   195/299     7.81G     0.913     0.246         0      1.16        31       608     0.816       0.7     0.754     0.753      3.03     0.647         0
   196/299     7.81G     0.856     0.259         0      1.12        26       608     0.828     0.685     0.753     0.749      3.05     0.672         0
   197/299     7.81G     0.813     0.248         0      1.06        28       608      0.81     0.674     0.733     0.736      3.05      0.69         0
   198/299     7.81G     0.752     0.229         0     0.981        23       608     0.821     0.699     0.765     0.755      3.02     0.658         0
   199/299     7.81G     0.854     0.236         0      1.09        27       608     0.794     0.705      0.76     0.747      3.05     0.633         0
   200/299     7.81G     0.861     0.252         0      1.11        21       608     0.798     0.705     0.762     0.749      3.05     0.629         0
   201/299     7.81G     0.772      0.22         0     0.992        27       608     0.818     0.708     0.773     0.759      3.04     0.636         0
   202/299     7.81G     0.789     0.236         0      1.02        24       608     0.824     0.711     0.775     0.763      3.04      0.64         0
   203/299     7.81G     0.794     0.242         0      1.04        29       608     0.825     0.721     0.772     0.769      3.05     0.645         0
   204/299     7.81G      0.79     0.244         0      1.03        27       608     0.816     0.699     0.757     0.753      3.06     0.656         0
   205/299     7.81G     0.766     0.216         0     0.983        24       608     0.827     0.704     0.766     0.761      3.05     0.661         0
   206/299     7.81G     0.776     0.228         0         1        30       608     0.826     0.698     0.768     0.756      3.05     0.667         0
   207/299     7.81G     0.789     0.241         0      1.03        23       608     0.823     0.689     0.756      0.75      3.08     0.673         0
   208/299     7.81G     0.796     0.225         0      1.02        20       608     0.805     0.697     0.758     0.747      3.07     0.664         0
   209/299     7.81G      0.77     0.251         0      1.02        22       608     0.817     0.704     0.762     0.756      3.05     0.649         0
   210/299     7.81G     0.797     0.243         0      1.04        36       608     0.815     0.711     0.761     0.759      3.05     0.639         0
   211/299     7.81G     0.726     0.225         0     0.951        27       608     0.817     0.721     0.759     0.766      3.04     0.634         0
   212/299     7.81G     0.785     0.246         0      1.03        22       608     0.813     0.726     0.763     0.767      3.05     0.635         0
   213/299     7.81G     0.773     0.225         0     0.998        19       608     0.801     0.721     0.766     0.759      3.04     0.636         0
   214/299     7.81G     0.728     0.216         0     0.944        30       608       0.8     0.716     0.757     0.756      3.03     0.639         0
   215/299     7.81G     0.697      0.21         0     0.907        25       608     0.822      0.73     0.778     0.773      3.01     0.639         0
   216/299     7.81G      0.72     0.215         0     0.935        24       608     0.835     0.737     0.789     0.783      2.99     0.642         0
   217/299     7.81G     0.688     0.213         0     0.901        23       608     0.813     0.747     0.787     0.779      2.99     0.652         0
   218/299     7.81G     0.721     0.229         0     0.949        25       608     0.827     0.737     0.782      0.78      3.01     0.656         0
   219/299     7.81G     0.706     0.256         0     0.962        29       608     0.829     0.742      0.79     0.784      2.98     0.648         0
   220/299     7.81G     0.677     0.214         0      0.89        28       608     0.837     0.742     0.783     0.787         3     0.645         0
   221/299     7.81G     0.729     0.252         0     0.981        29       608     0.838     0.747     0.782      0.79         3     0.653         0
   222/299     7.81G     0.693     0.207         0       0.9        29       608     0.838     0.758     0.788     0.796         3     0.654         0
   223/299     7.81G     0.736     0.214         0      0.95        22       608     0.838     0.762     0.789     0.798         3     0.655         0
   224/299     7.81G      0.66     0.196         0     0.856        26       608     0.826     0.753      0.78     0.787      3.02     0.666         0
   225/299     7.81G     0.712     0.194         0     0.907        23       608     0.816     0.747      0.78      0.78      3.01     0.672         0
   226/299     7.81G      0.71     0.211         0     0.921        27       608     0.822     0.751     0.782     0.785      3.03     0.677         0
   227/299     7.81G     0.709     0.215         0     0.924        26       608     0.794     0.732     0.759     0.762      3.03     0.671         0
   228/299     7.81G     0.735     0.215         0     0.951        25       608     0.801      0.74     0.757     0.769      3.04     0.662         0
   229/299     7.81G     0.749     0.226         0     0.974        23       608     0.815     0.742     0.772     0.777      3.05     0.666         0
   230/299     7.81G     0.698     0.195         0     0.893        18       608      0.81     0.738      0.77     0.772      3.06     0.665         0
   231/299     7.81G     0.678     0.207         0     0.886        18       608     0.803     0.732     0.765     0.766      3.05     0.667         0
   232/299     7.81G      0.67      0.22         0     0.889        29       608     0.826      0.75     0.773     0.786      3.05      0.66         0
   233/299     7.81G     0.694     0.212         0     0.906        25       608     0.807     0.747     0.771     0.776      3.06     0.658         0
   234/299     7.81G     0.686     0.208         0     0.893        23       608     0.818     0.763     0.782      0.79      3.06     0.657         0
   235/299     7.81G     0.701     0.191         0     0.891        26       608     0.801     0.753     0.767     0.776      3.06     0.664         0
   236/299     7.81G     0.656     0.209         0     0.865        26       608     0.802     0.747     0.772     0.774      3.05     0.667         0
   237/299     7.81G      0.71     0.204         0     0.913        17       608     0.815     0.737     0.778     0.774      3.04     0.669         0
   238/299     7.81G      0.66     0.229         0     0.889        36       608     0.807     0.737     0.779      0.77      3.05     0.673         0
   239/299     7.81G     0.672     0.206         0     0.878        23       608     0.813     0.742      0.78     0.776      3.06     0.674         0
   240/299     7.81G     0.677     0.212         0     0.889        24       608     0.819     0.763     0.794      0.79      3.05     0.661         0
   241/299     7.81G     0.663     0.193         0     0.856        25       608       0.8     0.758     0.789     0.779      3.04      0.66         0
   242/299     7.81G     0.675     0.223         0     0.898        21       608     0.806     0.753     0.785     0.778      3.05     0.659         0
   243/299     7.81G      0.69     0.201         0     0.891        20       608     0.815     0.753     0.786     0.783      3.05     0.658         0
   244/299     7.81G     0.656     0.196         0     0.852        28       608     0.811     0.743     0.777     0.776      3.05      0.66         0
   245/299     7.81G     0.642     0.199         0     0.841        30       608     0.801     0.747     0.782     0.773      3.04     0.673         0
   246/299     7.81G     0.622     0.198         0      0.82        20       608     0.799     0.732     0.775     0.764      3.05     0.682         0
   247/299     7.81G     0.649     0.206         0     0.855        37       608     0.806     0.745     0.773     0.774      3.05     0.686         0
   248/299     7.81G      0.66     0.214         0     0.874        24       608     0.788     0.732     0.762     0.759      3.04     0.685         0
   249/299     7.81G     0.618     0.199         0     0.817        29       608       0.8     0.737     0.763     0.767      3.05     0.686         0
   250/299     7.81G     0.631     0.195         0     0.826        36       608     0.795     0.732     0.759     0.762      3.04     0.684         0
   251/299     7.81G     0.705     0.208         0     0.913        24       608     0.805     0.737     0.767     0.769      3.04     0.683         0
   252/299     7.81G     0.619     0.173         0     0.792        23       608     0.822     0.742     0.774      0.78      3.03     0.684         0
   253/299     7.81G     0.639     0.199         0     0.838        20       608     0.822     0.737     0.771     0.777      3.03     0.684         0
   254/299     7.81G     0.627     0.196         0     0.823        27       608     0.812     0.729     0.764     0.768      3.04      0.68         0
   255/299     7.81G     0.589     0.194         0     0.783        26       608     0.793     0.726     0.755     0.758      3.03      0.68         0
   256/299     7.81G      0.64     0.195         0     0.835        31       608     0.784     0.732      0.76     0.757      3.02     0.678         0
   257/299     7.81G     0.623     0.203         0     0.826        19       608     0.802     0.742     0.761     0.771      3.02      0.68         0
   258/299     7.81G     0.642     0.209         0     0.851        28       608     0.796     0.742     0.762     0.768      3.03     0.682         0
   259/299     7.81G     0.621     0.193         0     0.814        29       608     0.788     0.747     0.768     0.767      3.03     0.683         0
   260/299     7.81G     0.638      0.22         0     0.859        33       608     0.813     0.756     0.783     0.783      3.04     0.689         0
   261/299     7.81G     0.615     0.197         0     0.812        24       608     0.808     0.751     0.774     0.778      3.05     0.693         0
   262/299     7.81G     0.647     0.188         0     0.834        19       608     0.803      0.75     0.782     0.776      3.05     0.692         0
   263/299     7.81G     0.599     0.211         0      0.81        27       608     0.811     0.745     0.782     0.777      3.05     0.691         0
   264/299     7.81G     0.613     0.181         0     0.794        35       608     0.822     0.742     0.781      0.78      3.04     0.694         0
   265/299     7.81G     0.624     0.199         0     0.823        24       608     0.835     0.748     0.786     0.789      3.04     0.694         0
   266/299     7.81G     0.597     0.198         0     0.795        24       608     0.825     0.744     0.781     0.782      3.05      0.69         0
   267/299     7.81G     0.595     0.206         0     0.802        24       608     0.811     0.748     0.782     0.778      3.04     0.688         0
   268/299     7.81G     0.619     0.207         0     0.826        27       608      0.82     0.758     0.789     0.788      3.03     0.687         0
   269/299     7.81G     0.607     0.218         0     0.824        35       608     0.807     0.747     0.774     0.776      3.03     0.691         0
   270/299     7.81G     0.671     0.195         0     0.866        27       608     0.805     0.742     0.776     0.772      3.04     0.688         0
   271/299     7.81G     0.623     0.186         0     0.808        15       608     0.792     0.737     0.766     0.763      3.04     0.682         0
   272/299     7.81G     0.602     0.189         0     0.791        33       608     0.792     0.737     0.775     0.764      3.05      0.68         0
   273/299     7.81G     0.607     0.178         0     0.785        15       608     0.804     0.755     0.778     0.779      3.06     0.682         0
   274/299     7.81G     0.635     0.201         0     0.836        30       608     0.795     0.747     0.773     0.771      3.05     0.684         0
   275/299     7.81G     0.618     0.211         0     0.829        24       608     0.807     0.742     0.775     0.773      3.05     0.682         0
   276/299     7.81G     0.593     0.199         0     0.792        25       608     0.815     0.747     0.787      0.78      3.05     0.684         0
   277/299     7.81G     0.582     0.201         0     0.783        23       608     0.803     0.737     0.778     0.769      3.05     0.688         0
   278/299     7.81G     0.597     0.183         0      0.78        25       608     0.805     0.737     0.776     0.769      3.05     0.688         0
   279/299     7.81G     0.598     0.206         0     0.805        28       608     0.808     0.742     0.776     0.774      3.04     0.688         0
   280/299     7.81G     0.573     0.188         0     0.761        28       608     0.806     0.743      0.78     0.773      3.04     0.688         0
   281/299     7.81G     0.583     0.189         0     0.772        20       608      0.82     0.747      0.78     0.782      3.05     0.687         0
   282/299     7.81G     0.586     0.175         0     0.761        30       608     0.822     0.753     0.788     0.786      3.04      0.69         0
   283/299     7.81G     0.569     0.178         0     0.747        25       608     0.825     0.753     0.782     0.787      3.04     0.693         0
   284/299     7.81G     0.594     0.208         0     0.802        22       608     0.824     0.758     0.781     0.789      3.04     0.693         0
   285/299     7.81G     0.574     0.172         0     0.746        25       608     0.807     0.753      0.78     0.779      3.03     0.695         0
   286/299     7.81G     0.627     0.186         0     0.813        17       608     0.801     0.744     0.776     0.771      3.03     0.695         0
   287/299     7.81G     0.587     0.182         0     0.769        29       608     0.803     0.742     0.777     0.772      3.03     0.692         0
   288/299     7.81G     0.573      0.19         0     0.763        26       608     0.805     0.737      0.77     0.769      3.03     0.691         0
   289/299     7.81G      0.61       0.2         0      0.81        24       608     0.806     0.737      0.77      0.77      3.03     0.694         0
   290/299     7.81G     0.607     0.175         0     0.783        17       608     0.811     0.742     0.778     0.775      3.02     0.693         0
   291/299     7.81G      0.58     0.183         0     0.764        27       608     0.801     0.737     0.768     0.768      3.03     0.698         0
   292/299     7.81G     0.599     0.215         0     0.814        18       608     0.807     0.742     0.777     0.773      3.02     0.698         0
   293/299     7.81G     0.561     0.186         0     0.746        15       608     0.794     0.737      0.77     0.764      3.02       0.7         0
   294/299     7.81G     0.584     0.182         0     0.765        30       608       0.8     0.737     0.766     0.767      3.01     0.702         0
   295/299     7.81G     0.548     0.181         0     0.729        23       608     0.802     0.737     0.766     0.768      3.02     0.704         0
   296/299     7.81G     0.565     0.183         0     0.748        20       608     0.806     0.747     0.779     0.776      3.02     0.701         0
   297/299     7.81G     0.563     0.177         0      0.74        20       608     0.802     0.742      0.78     0.771      3.02     0.699         0
   298/299     7.81G     0.581     0.177         0     0.757        21       608     0.802     0.747      0.78     0.774      3.01       0.7         0
   299/299     7.81G     0.577     0.168         0     0.745        22       608     0.799     0.747     0.782     0.772      3.01       0.7         0
