[    0.84088           0           0]
[    0.76273     0.80098     0.59418           0           0           0           0]
[    0.73469     0.71154           0     0.50869           0]
[    0.76758           0           0     0.72444]
[    0.70515           0]
[    0.46714           0     0.53436     0.44504]
[    0.82679     0.38247     0.70958     0.67855     0.74469     0.36064     0.72303     0.44289     0.44027      0.5685]
[     0.6696     0.70887]
[    0.65389]
[    0.48172           0           0]
[    0.70989           0     0.65445]
[    0.83723     0.88192]
[     0.7677           0     0.74205]
[    0.42334]
[    0.55215           0           0]
[    0.67639     0.72519]
[     0.2399     0.63094     0.36251     0.29602]
[    0.37213           0           0]
[    0.73947           0           0           0           0           0]
[    0.16179     0.34422     0.31954    0.068608    0.020617]
[    0.71822     0.76786     0.77656     0.67225           0           0           0]
[    0.85856           0     0.47708           0]
[    0.60951     0.62481     0.48818]
[    0.60752     0.23883     0.57118     0.42639     0.30744           0           0      0.2418           0]
[    0.44799     0.77396           0     0.59204           0]
[    0.83931     0.89796           0           0           0]
[    0.64003     0.41456     0.70236           0           0]
[    0.70718   0.0024706           0           0]
[    0.83177           0           0]
[    0.59452           0           0]
[    0.97174]
[    0.89884     0.82369           0     0.40889]
[    0.76942     0.85768           0     0.25075]
[    0.83883      0.7942      0.4748]
[    0.87619     0.81673           0]
[    0.81876           0     0.84542]
[    0.40383     0.60935     0.40821           0]
[    0.57958     0.44926           0           0]
[    0.94738     0.79362     0.50388     0.69727      0.5545]
[          0     0.10414     0.51939     0.21867     0.28201           0           0]
[    0.88182]
[    0.71634           0]
[    0.75499           0           0     0.45781]
[    0.92586           0]
[    0.61949           0           0]
[    0.90031      0.9192     0.67202     0.29657           0     0.70606]
[    0.57892           0           0           0     0.32213           0]
[    0.52854           0]
[          0           0]
[    0.88866     0.79308     0.73753]
[    0.90213     0.70934           0]
[          0           0      0.7922    0.062293]
[    0.84084           0           0           0           0           0           0    0.065328           0]
[    0.65502     0.41788           0]
[    0.83581     0.86183     0.74678]
[    0.84528     0.54992           0           0           0     0.42402]
[   0.025991           0           0     0.35706]
[    0.83276      0.4653]
[     0.6947     0.77707     0.78078     0.44634     0.82243           0           0           0]
[    0.69476      0.2654]
[    0.75628           0]
[    0.59661     0.64201     0.61635     0.70827]
[          0]
[    0.64673     0.54167           0]
[    0.90668]
[    0.66275       0.515     0.57042           0]
[    0.92215           0           0     0.93225]
[    0.47503]
[          0           0     0.40406     0.55966           0     0.32001           0           0           0           0           0           0]
[          0     0.38982]
[    0.79298]
[    0.16703     0.68139     0.31253     0.62993     0.21761]
[    0.92417           0     0.52245]
[    0.67984     0.44881     0.82253]
[    0.77204           0           0           0           0]
[          0     0.49567           0]
[    0.76193           0           0           0]
[    0.86435     0.85305        0.65           0     0.84661           0]
[    0.63888     0.80862     0.70606           0           0     0.69481           0           0     0.29126           0           0]
[    0.67411     0.67981     0.34861     0.68785           0]
[     0.2617           0]
[    0.60477           0           0     0.57972     0.30382           0]
[    0.83888      0.7735      0.6009     0.52331]
[    0.64871     0.84972           0           0           0     0.82051           0           0]
[      0.654     0.39996     0.73835     0.41605]
[    0.88998     0.85889           0     0.43856           0]
[      0.511           0           0]
[    0.79492      0.5619     0.64468     0.53046           0           0]
[     0.5695           0           0           0           0           0           0]
[    0.88155     0.92069     0.89073           0           0]
[    0.88615     0.86885     0.91271     0.72247     0.75929     0.51272]
[    0.61941     0.58964     0.51702     0.65425     0.51284      0.6164     0.47889           0]
[    0.61995       0.866           0           0]
[    0.58572           0           0           0           0]
[    0.71229     0.65003     0.56974     0.63313           0]
[    0.82864     0.71341           0]
[     0.8097     0.66836     0.60176]
[    0.86325     0.78589     0.66387           0           0           0     0.46775           0]
[    0.63984     0.48815     0.21633      0.6426]
