[    0.53818     0.57668     0.51358     0.37565           0     0.34064      0.5401           0           0     0.22316           0           0      0.1446]
[    0.62364     0.92029           0     0.76596           0           0]
[    0.74473     0.79343     0.59609     0.73484     0.74415     0.83266           0           0           0     0.24178     0.10669           0     0.19567      0.3149           0     0.11316]
[    0.81232           0     0.66714     0.42817]
[    0.69857      0.9223           0           0           0           0]
[    0.75452     0.61972     0.58626     0.56958           0      0.3489     0.26332           0           0     0.34641]
[     0.9169           0           0           0           0]
[    0.66951     0.64459           0]
[    0.91974     0.88727           0           0           0     0.41039           0]
[    0.83048     0.65211      0.1388           0     0.66316     0.18604           0           0]
[    0.73037           0           0           0           0     0.59032           0     0.63792]
[    0.51948     0.68025     0.61596     0.73461           0           0]
[    0.90216     0.90571     0.98092     0.85116           0]
[    0.30483     0.67784     0.31654     0.34087     0.39482]
[    0.72378           0     0.49762      0.7409     0.76091     0.71055     0.70481           0           0           0     0.35758]
[     0.8746     0.85959      0.7174     0.79958           0]
[    0.78327     0.63924     0.74371     0.54567     0.76907]
[    0.78851     0.87633     0.59571     0.69299           0]
[    0.83545     0.74324     0.80177     0.71338     0.84933     0.80011           0           0           0]
[    0.73022           0           0     0.71194]
[    0.59269           0     0.32782]
[    0.79657     0.84317           0]
[    0.89971     0.84131     0.78267           0           0           0     0.11379     0.10111]
[    0.87761           0           0]
[    0.86708     0.89115           0     0.65714     0.58126]
[    0.91869]
[    0.87581     0.88065     0.94561           0           0           0]
[    0.81482           0           0           0           0           0      0.4891           0           0]
[    0.92912     0.71972     0.75805           0           0]
[    0.85231     0.92871     0.88704           0      0.5438           0]
[    0.90216           0]
[    0.87539]
[     0.6954      0.5413     0.47576           0     0.48577]
[    0.86526     0.81746     0.80075           0     0.44623]
[    0.83493     0.88745           0           0           0]
[    0.51885     0.26053           0           0           0           0     0.26708           0           0]
[    0.91393     0.71105     0.83725     0.51524           0     0.40792]
[    0.82767     0.84708     0.82063     0.36144]
[    0.87237     0.87515     0.54053           0           0     0.46096           0           0           0]
[     0.5099     0.53651           0           0]
[    0.79592     0.76837           0]
[    0.84505     0.79281     0.59184           0           0]
[    0.86288           0]
[    0.88179     0.82623     0.75847           0           0     0.64932           0           0           0     0.43554           0]
[    0.85099     0.80718     0.90409     0.81293     0.82405     0.83661           0]
[    0.70139     0.70639     0.76759     0.55969     0.36804]
[    0.68198     0.76553     0.72818           0]
[    0.86728     0.77632]
[    0.88108     0.79223     0.89294]
[    0.88339      0.7944]
[    0.70208     0.62004     0.65266     0.77841           0     0.30914     0.32643]
[    0.73168     0.88366     0.93159           0]
[    0.81005     0.76919     0.60286           0     0.51613]
[    0.81435     0.87768     0.81005           0     0.07142    0.042271    0.056235     0.58897           0           0]
[    0.87115     0.92154     0.74787           0     0.79641           0]
[    0.93822     0.78571      0.6889     0.78724     0.28686     0.39471     0.37536]
[    0.72328     0.63458           0           0]
[    0.92614     0.87363           0           0           0     0.59479           0     0.33659     0.73935]
[    0.90433     0.58818     0.65422           0           0           0]
[     0.7813     0.76416     0.63955     0.70445           0     0.36029]
[    0.78911     0.63737      0.6435     0.80396     0.69972]
[    0.83161      0.5981     0.87794     0.57086     0.57378           0           0           0]
[    0.88616     0.89881     0.83541     0.75729]
[    0.71464     0.81502           0           0     0.23945     0.73067           0           0]
[    0.74725           0     0.54374]
[    0.82554           0]
[    0.64683     0.56833      0.7405           0           0           0           0           0]
[    0.70902     0.74475     0.73688           0           0           0           0]
[    0.73288     0.89225           0     0.85068     0.55133     0.46834      0.6144]
[    0.62748     0.81484           0           0           0]
[    0.95709     0.80911     0.42344     0.53846    0.017705]
[    0.64969     0.76217           0           0]
[    0.69186     0.74856     0.85342     0.70689     0.64408     0.84083]
[     0.7198     0.60212     0.83311       0.762     0.60927     0.78826     0.55734     0.46804     0.72486           0           0     0.57318           0           0     0.53389           0     0.50189           0     0.57937]
[    0.79626           0]
[    0.72501     0.65579     0.54665     0.58189           0]
[    0.88381     0.94686     0.87491]
[    0.88308     0.87987      0.7307     0.85994           0           0     0.61518           0     0.63025           0           0           0     0.91554]
[     0.7507     0.86476           0       0.702     0.36528]
[    0.76947     0.81901     0.71292     0.54056     0.46134     0.57215]
[    0.91494     0.86133      0.8557           0           0           0     0.46293     0.50822           0]
[    0.38118     0.61517     0.76769     0.31626           0     0.46035           0     0.17752           0           0           0]
[    0.90348      0.9296     0.79641     0.92239           0           0     0.45973           0           0     0.61206     0.43734]
[    0.67675      0.9159     0.74569     0.70334           0     0.62779           0           0           0]
[    0.72431           0     0.33202]
[    0.76239     0.80141     0.62078      0.8327     0.78067]
[    0.80679     0.60995           0    0.011498     0.52103]
[    0.88216     0.68416           0      0.8205           0]
[    0.65384           0           0           0           0           0           0]
[    0.78927     0.85685     0.85354     0.74791     0.35859     0.37992]
[    0.66657]
[    0.88444     0.91168     0.80261           0]
[    0.88707     0.91102     0.91118           0]
[    0.51215     0.76103    0.071442     0.31292]
[     0.8241     0.83923     0.88462     0.85326     0.87968     0.77949     0.59418     0.72167     0.71151       0.776     0.61865     0.29463     0.80186]
[    0.89052     0.77589     0.86819           0           0]
[    0.84451           0           0]
[    0.77637     0.71885     0.40353           0]
[    0.76966     0.92374     0.68497           0]
[    0.91601     0.88716           0           0]
