[          1]
[          1]
[          1]
[          1]
[          1]
[          1]
[          1]
[          1]
[          1]
[          1]
[          1]
[          1]
[          1]
[          1]
[          1]
[          1]
[          1]
[          1]
[          1]
[          1]
[          1]
[          1]
[          1]
[          1]
[          1]
[          1]
[          1]
[          1]
[          1]
[          1]
[          1]
[          1]
[          1]
[          1]
[          1]
[          1]
[          1]
[          1]
[          1]
[          1]
[          1]
[          1]
[          1]
[          1]
[          1]
[          1]
[          1]
[          1]
[          1]
[          1]
[          1]
[          1]
[          1]
[          1]
[          1]
[          1]
[          1]
[          1]
[          1]
[          1]
[          1]
[          1]
[          1]
[          1]
[          1]
[          1]
[          1]
[          1]
[          1]
[          1]
[          1]
[          1]
[          1]
[          1]
[          1]
[          1]
[          1]
[          1]
[          1]
[          1]
[          1]
[          1]
[          1]
[          1]
[          1]
[          1]
[          1]
[          1]
[          1]
[          1]
[          1]
[          1]
[          1]
[          1]
[          1]
[    0.98958]
[    0.98969]
[     0.9898]
[     0.9899]
[       0.98]
[     0.9703]
[    0.97059]
[    0.97087]
[    0.97115]
[    0.97143]
[     0.9717]
[    0.97196]
[    0.97222]
[    0.97248]
[    0.97273]
[    0.97297]
[    0.97321]
[     0.9646]
[    0.95614]
[    0.94783]
[    0.94828]
[    0.94017]
[     0.9322]
[    0.92437]
[      0.925]
[    0.91736]
[    0.90984]
[    0.90244]
[    0.90323]
[      0.896]
[    0.88889]
[    0.88189]
[      0.875]
[    0.86822]
[    0.86154]
[    0.85496]
[    0.84848]
[    0.84211]
[    0.83582]
[    0.82963]
[    0.82353]
[    0.81752]
[    0.81159]
[    0.80576]
[        0.8]
[    0.79433]
[    0.79577]
[    0.79021]
[    0.78472]
[    0.77931]
[    0.77397]
[    0.76871]
[    0.76351]
[    0.75839]
[    0.75333]
[    0.74834]
[    0.74342]
[    0.73856]
[    0.73377]
[    0.72903]
[    0.72436]
[    0.71975]
[    0.71519]
[    0.71069]
[    0.70625]
[    0.70186]
[    0.69753]
[    0.69325]
[    0.68902]
[    0.68485]
[    0.68072]
[    0.67665]
[    0.67262]
[    0.66864]
[    0.66471]
[    0.66082]
[    0.65698]
[    0.65318]
[    0.64943]
[    0.64571]
[    0.64205]
[    0.63842]
[    0.63483]
[    0.63128]
[    0.62778]
[    0.62431]
[    0.62088]
[    0.61749]
[    0.61413]
[    0.61081]
[    0.60753]
[    0.60428]
[    0.60106]
[    0.59788]
[    0.59474]
[    0.59162]
[    0.58854]
[    0.58549]
[    0.58247]
[    0.57949]
[    0.57653]
[     0.5736]
[    0.57071]
[    0.56784]
[      0.565]
[    0.56219]
[    0.55941]
[    0.55665]
[    0.55392]
[    0.55122]
[    0.54854]
[    0.54589]
[    0.54327]
[    0.54067]
[     0.5381]
[    0.53555]
[    0.53302]
[    0.53052]
[    0.52804]
[    0.52558]
[    0.52315]
[    0.52074]
[    0.51835]
[    0.51598]
[    0.51364]
[    0.51131]
[    0.50901]
[    0.50673]
[    0.50446]
[    0.50222]
[        0.5]
[     0.4978]
[    0.49561]
[    0.49345]
[     0.4913]
[    0.48918]
[    0.48707]
[    0.48498]
[    0.48291]
[    0.48085]
[    0.47881]
[    0.47679]
[    0.47479]
[     0.4728]
[    0.47083]
[    0.46888]
[    0.46694]
[    0.46502]
[    0.46311]
[    0.46122]
[    0.45935]
[    0.45749]
[    0.45565]
[    0.45382]
[      0.452]
[     0.4502]
[    0.44841]
[    0.44664]
[    0.44488]
[    0.44314]
[    0.44141]
[    0.43969]
[    0.43798]
[    0.43629]
[    0.43462]
[    0.43295]
[     0.4313]
[    0.42966]
[    0.42803]
[    0.42642]
[    0.42481]
[    0.42322]
[    0.42164]
[    0.42007]
[    0.41852]
[    0.41697]
[    0.41544]
[    0.41392]
[    0.41241]
[    0.41091]
[    0.40942]
[    0.40794]
[    0.40647]
[    0.40502]
[    0.40357]
[    0.40214]
[    0.40071]
[    0.39929]
