[    0.49973     0.52208     0.50543     0.29986     0.44463     0.66956]
[    0.72072     0.51498           0     0.29966           0           0]
[    0.83547     0.78513           0      0.8646     0.82532     0.67886      0.7386       0.107           0     0.13643     0.54989     0.53103     0.37892     0.62552     0.30564     0.68758     0.13763     0.22864]
[    0.76183    0.076946     0.63046           0]
[    0.75332     0.75737           0]
[    0.52164     0.44846     0.51987           0     0.71893           0]
[    0.89831           0           0           0           0]
[    0.53447     0.56646           0           0]
[    0.85671           0     0.81758           0     0.65829]
[    0.90866     0.53483     0.54997           0    0.094534      0.5764           0]
[    0.60331     0.60279     0.45313           0           0]
[    0.76341     0.67665     0.51776     0.79919           0           0     0.66893]
[    0.83092     0.85933     0.66848     0.72695     0.65064     0.76006     0.67841    0.060166     0.61858     0.69361      0.4516]
[    0.24049     0.37321     0.29408     0.43372     0.53802           0     0.46401           0           0]
[    0.52938     0.51931     0.53518     0.53683     0.43102           0           0]
[    0.88404     0.91783      0.7439     0.75585           0     0.74942           0]
[    0.72921      0.6715     0.25607     0.57135           0           0     0.30148      0.2339     0.49802     0.39488           0]
[    0.92172     0.71937     0.64397      0.6213           0     0.11011]
[    0.63838     0.69791     0.67611     0.55096     0.85605      0.6221     0.40603     0.47267     0.20763     0.28729           0       0.444     0.58995     0.18445]
[    0.66344           0           0           0           0           0           0]
[    0.61398           0     0.61203]
[    0.74957     0.80487           0           0           0           0           0           0           0           0]
[    0.56399     0.61544     0.36885     0.29937     0.58809     0.19326     0.36323     0.39458     0.20314     0.15251           0     0.18139     0.31814]
[    0.76089           0           0           0           0]
[    0.77803      0.7726      0.4875           0           0           0           0]
[     0.8814]
[    0.77306     0.79406     0.72377     0.55518           0           0     0.68026     0.70354           0           0     0.55164]
[       0.73           0           0           0]
[    0.74044     0.55964     0.66565     0.55677           0           0           0           0]
[    0.79131     0.72003     0.75388           0           0           0           0    0.055631]
[    0.77235    0.028958     0.51777]
[    0.71663           0]
[    0.66375     0.57501           0     0.56611]
[    0.77766     0.71982     0.93697     0.21211           0     0.66433     0.60392     0.47047           0     0.27211     0.68807           0     0.22195    0.066536]
[     0.8041     0.89467           0           0           0           0           0           0]
[    0.25419     0.76555           0           0           0           0           0           0           0           0           0           0           0           0]
[    0.81536     0.77853      0.5525           0     0.44786     0.45558     0.62737           0           0           0           0     0.21367     0.68505]
[    0.39377     0.55626     0.45251     0.64632           0     0.58945     0.14885     0.23531     0.54483           0           0           0           0           0]
[    0.78039      0.8655     0.60452]
[    0.66273      0.6135           0           0       0.425]
[    0.88427     0.61705           0]
[    0.65639     0.72265     0.64023           0     0.65569           0]
[    0.69618           0           0]
[    0.83932     0.79774     0.66274           0           0           0           0           0           0           0           0           0]
[    0.88071     0.85621     0.84177      0.7112     0.92043     0.84984           0           0      0.7333     0.97272           0     0.83611           0]
[    0.57932     0.72184     0.61318     0.62181           0     0.52647           0]
[    0.47265     0.59751     0.51947     0.57069           0           0]
[     0.8021     0.38739     0.28335]
[    0.80666      0.8765     0.37904     0.46686     0.66965           0    0.054329     0.86183     0.04903]
[     0.4354     0.54634     0.56742     0.71333]
[    0.58646     0.72977     0.42119     0.25863     0.62464     0.37999]
[    0.82244     0.91879     0.85863           0           0]
[    0.82946     0.80506]
[    0.59522     0.50985     0.76461     0.25063      0.1491           0     0.61582]
[    0.90996     0.74583      0.6729           0           0           0           0           0]
[    0.50077     0.87245      0.8888     0.71131     0.56095     0.44801]
[    0.78258     0.73052           0           0           0           0           0]
[    0.79474     0.71443           0     0.21993     0.55182           0     0.56042           0           0      0.5264           0]
[    0.75728     0.81936     0.56144     0.49363           0]
[    0.85631     0.82332     0.56501     0.52211           0           0           0]
[    0.77384      0.7326     0.71593     0.69471           0]
[    0.84933       0.731     0.82529           0           0           0    0.081211           0]
[    0.81924     0.86165     0.87732     0.71776     0.87011]
[    0.46365     0.49534           0           0           0           0           0]
[    0.70673     0.14615]
[    0.75566           0           0     0.77396     0.32658]
[    0.66357     0.66817     0.88885           0           0     0.32763           0     0.70606]
[    0.64357           0     0.79257     0.68246     0.57222     0.71591]
[      0.569     0.48785    0.080685     0.10294]
[    0.91523     0.78586           0]
[    0.81595      0.7929           0]
[    0.72524     0.70448           0           0     0.73752]
[    0.71581      0.7334     0.67807     0.75477     0.43527]
[    0.76614     0.81504     0.73592     0.69395     0.62921      0.4427     0.73199     0.47145      0.4141     0.40359           0]
[    0.55782           0           0           0           0           0           0           0           0           0           0]
[    0.56944     0.55184     0.69299           0           0     0.50754]
[    0.39097      0.4416     0.44067     0.02617     0.50128     0.63684           0     0.15098    0.028055]
[    0.89611     0.81686      0.7943     0.65158           0           0           0           0           0           0]
[    0.67203     0.88084]
[    0.77364     0.85782     0.75714           0]
[    0.85745     0.81061     0.85652           0           0]
[       0.48     0.69887           0     0.61037           0           0           0     0.58682     0.39927     0.41657           0           0           0     0.48392           0     0.51282]
[    0.82131     0.85303     0.86261     0.81433           0           0           0]
[    0.83068     0.71256     0.81349     0.69706           0     0.73998]
[    0.71288     0.63785]
[    0.83175     0.87406     0.68317     0.75354     0.89533           0     0.92106]
[    0.72109     0.83316           0           0           0           0]
[    0.53865     0.66761     0.27038     0.55703]
[    0.55309           0           0           0           0           0           0]
[    0.75004     0.51141     0.93811     0.82006           0           0           0           0]
[    0.50423           0           0]
[    0.78996     0.84743     0.65158           0           0      0.1057     0.65968           0     0.32472]
[    0.72921     0.81033     0.70089     0.10245     0.66335     0.69969     0.12819]
[    0.26884     0.76143     0.43454     0.74517     0.53764           0]
[    0.90396     0.85989     0.92068     0.82834     0.79644     0.86064     0.67603     0.78877     0.67969     0.41474     0.32817     0.33486     0.42188    0.072364           0]
[    0.88187     0.86607     0.89659           0           0           0]
[    0.70387           0           0]
[    0.62161     0.73351     0.64273           0     0.56124]
[    0.86183     0.63652     0.53399           0           0           0]
[    0.69775     0.79738           0     0.82674]
