     0/299     7.81G      7.83      31.7         0      39.5        12       608         0         0   0.00194         0      7.34      2.18         0
     1/299     7.81G       6.2      2.19         0       8.4        14       608         0         0   0.00214         0      6.32      2.21         0
     2/299     7.81G       5.6      1.88         0      7.48         5       608         0         0  0.000417         0      5.96      1.99         0
     3/299     7.81G      4.95      1.72         0      6.66        13       608         0         0   0.00179         0      6.95      1.86         0
     4/299     7.81G      4.52      1.49         0      6.01        14       608         0         0   0.00584         0      6.08      1.53         0
     5/299     7.81G       4.5       1.4         0       5.9         6       608         0         0    0.0187         0      5.63      1.43         0
     6/299     7.81G      4.28      1.15         0      5.43        11       608         0         0   0.00945         0      5.66      1.23         0
     7/299     7.81G      4.93         1         0      5.94        10       608         0         0    0.0262         0      5.59      1.28         0
     8/299     7.81G      4.22      1.08         0       5.3         5       608         0         0    0.0201         0      4.98      1.23         0
     9/299     7.81G       4.4     0.925         0      5.33        10       608         0         0    0.0271         0      4.79      1.17         0
    10/299     7.81G      4.48     0.885         0      5.37        11       608         0         0    0.0326         0      5.11      1.09         0
    11/299     7.81G      3.85     0.871         0      4.72         4       608         0         0    0.0567         0      4.94       1.2         0
    12/299     7.81G      4.34     0.746         0      5.08        11       608         0         0   0.00748         0      5.29      6.48         0
    13/299     7.81G      4.05     0.807         0      4.85        10       608         0         0   0.00338         0      4.95      14.2         0
    14/299     7.81G      3.95     0.791         0      4.74         4       608         0         0   0.00496         0       5.3      4.71         0
    15/299     7.81G      4.04     0.726         0      4.77        12       608   0.00246    0.0124    0.0028   0.00411      7.28      3.83         0
    16/299     7.81G      4.68     0.792         0      5.47        12       608         1   0.00526    0.0258    0.0105      5.15      1.03         0
    17/299     7.81G      3.76     0.874         0      4.63         5       608         1   0.00526    0.0911    0.0105      5.24     0.884         0
    18/299     7.81G      3.95     0.732         0      4.68        14       608         0         0    0.0983         0      5.79     0.756         0
    19/299     7.81G      4.41     0.694         0      5.11        10       608         0         0    0.0645         0      4.92     0.877         0
    20/299     7.81G      3.48       0.9         0      4.38         4       608         0         0    0.0904         0      4.75     0.864         0
    21/299     7.81G      3.79     0.792         0      4.58        12       608         0         0    0.0828         0      4.73     0.804         0
    22/299     7.81G      3.87     0.643         0      4.51         9       608         1   0.00526     0.136    0.0105      4.92     0.761         0
    23/299     7.81G      3.46     0.743         0       4.2         5       608         0         0     0.167         0      4.56      0.74         0
    24/299     7.81G      3.52     0.678         0       4.2        11       608         1   0.00526     0.272    0.0105      4.36     0.769         0
    25/299     7.81G      3.72     0.651         0      4.37        14       608    0.0511  0.000538     0.217   0.00107      4.53     0.792         0
    26/299     7.81G      3.34     0.704         0      4.04         6       608         1   0.00526     0.309    0.0105      4.25     0.835         0
    27/299     7.81G      3.13     0.752         0      3.88        10       608         1    0.0268     0.243    0.0521      4.53     0.712         0
    28/299     7.81G      3.58     0.595         0      4.17        10       608         1   0.00526     0.159    0.0105      5.01     0.757         0
    29/299     7.81G         3     0.682         0      3.68         2       608         1   0.00526     0.133    0.0105      5.15     0.708         0
    30/299     7.81G      3.01     0.625         0      3.64        12       608      0.69    0.0587     0.206     0.108      4.73     0.724         0
    31/299     7.81G      3.29     0.545         0      3.84        15       608     0.904    0.0498     0.173    0.0944      4.65      0.77         0
    32/299     7.81G      3.06     0.549         0      3.61         5       608      0.77    0.0353    0.0808    0.0675      4.82     0.809         0
    33/299     7.81G      3.31     0.527         0      3.84        11       608     0.503    0.0789     0.136     0.136      4.48     0.756         0
    34/299     7.81G      3.24     0.543         0      3.79        13       608     0.877    0.0375     0.251    0.0719      4.32     0.757         0
    35/299     7.81G      3.28     0.539         0      3.82         6       608     0.947    0.0263     0.115    0.0512      5.16      0.82         0
    36/299     7.81G      2.99     0.585         0      3.57        12       608         1    0.0192     0.142    0.0377      5.22     0.832         0
    37/299     7.81G      3.06     0.505         0      3.56        12       608         1    0.0465     0.239    0.0889      4.58     0.771         0
    38/299     7.81G      2.98      0.52         0       3.5         3       608         1    0.0253     0.315    0.0493      3.98     0.776         0
    39/299     7.81G         3     0.518         0      3.52        10       608     0.837    0.0541     0.278     0.102       4.4     0.716         0
    40/299     7.81G       2.6     0.534         0      3.14        14       608     0.918     0.178     0.381     0.298      4.26     0.671         0
    41/299     7.81G      2.83     0.447         0      3.28         4       608     0.754    0.0648     0.208     0.119      4.26     0.813         0
    42/299     7.81G       2.7     0.492         0       3.2        13       608     0.619     0.153     0.217     0.245      4.51     0.709         0
    43/299     7.81G      2.79      0.43         0      3.22        14       608     0.786     0.155     0.348     0.259      4.39     0.636         0
    44/299     7.81G      2.69     0.494         0      3.19         4       608      0.87       0.1     0.348     0.179      4.32     0.657         0
    45/299     7.81G      2.84     0.477         0      3.31        14       608     0.784    0.0958     0.294     0.171      4.68     0.648         0
    46/299     7.81G      2.62     0.459         0      3.08        10       608     0.967     0.174     0.438     0.294      3.92      0.68         0
    47/299     7.81G      2.73     0.391         0      3.12         3       608     0.562     0.253     0.286     0.349      4.24     0.675         0
    48/299     7.81G      2.58     0.484         0      3.07        11       608     0.927     0.189      0.41     0.315      4.09     0.682         0
    49/299     7.81G      2.51     0.426         0      2.94        10       608     0.841     0.194     0.369     0.316      3.92     0.714         0
    50/299     7.81G      2.58     0.436         0      3.02         4       608     0.909     0.168      0.39     0.284      4.11      0.71         0
    51/299     7.81G      2.65     0.414         0      3.06        13       608     0.878      0.19     0.386     0.312      3.97     0.693         0
    52/299     7.81G      2.65     0.421         0      3.07        10       608     0.878    0.0759     0.307      0.14      4.56     0.717         0
    53/299     7.81G      2.29      0.45         0      2.74         3       608     0.897     0.142     0.409     0.245      4.05      0.69         0
    54/299     7.81G      2.41     0.421         0      2.83        10       608     0.742     0.242     0.354     0.365       4.2      0.64         0
    55/299     7.81G      2.46     0.414         0      2.87        11       608     0.731     0.284      0.41     0.409      3.95      0.62         0
    56/299     7.81G      2.54      0.38         0      2.92         3       608     0.712     0.232     0.383      0.35      3.92     0.632         0
    57/299     7.81G      2.17     0.427         0       2.6        10       608     0.519     0.295     0.281     0.376      4.23     0.681         0
    58/299     7.81G      2.27     0.436         0      2.71        13       608     0.755     0.324     0.434     0.454      3.93     0.612         0
    59/299     7.81G      2.29     0.385         0      2.68         4       608     0.699     0.247     0.393     0.365      3.95     0.613         0
    60/299     7.81G      2.35     0.416         0      2.77        11       608     0.864     0.232     0.482     0.365      3.74     0.637         0
    61/299     7.81G      2.17     0.363         0      2.53        12       608      0.67     0.256     0.325     0.371      4.08     0.622         0
    62/299     7.81G      2.41     0.404         0      2.81         3       608     0.758     0.248     0.365     0.373       3.9     0.652         0
    63/299     7.81G      2.14     0.379         0      2.52        11       608     0.694     0.298      0.37     0.417         4     0.628         0
    64/299     7.81G      2.17     0.387         0      2.56        10       608     0.701     0.368      0.44     0.483      3.83     0.581         0
    65/299     7.81G      2.12     0.413         0      2.53         6       608     0.713     0.326     0.438     0.448      4.02     0.579         0
    66/299     7.81G      2.15     0.379         0      2.53        10       608     0.741     0.337     0.463     0.463      3.97     0.571         0
    67/299     7.81G      2.13     0.382         0      2.51        10       608     0.725     0.342     0.449     0.465      4.06     0.568         0
    68/299     7.81G      2.32     0.356         0      2.68         3       608      0.76       0.3     0.435      0.43       3.9     0.624         0
    69/299     7.81G      2.01     0.364         0      2.37        10       608     0.782     0.359     0.436     0.492      3.87     0.588         0
    70/299     7.81G      2.11     0.338         0      2.45         8       608     0.776     0.421     0.508     0.546      3.79     0.541         0
    71/299     7.81G      2.15     0.396         0      2.55         5       608     0.882     0.316     0.525     0.465      3.61     0.572         0
    72/299     7.81G      1.95     0.359         0      2.31        11       608     0.706     0.367     0.397     0.483      3.98     0.555         0
    73/299     7.81G      2.11     0.382         0      2.49        12       608     0.718     0.289     0.369     0.413       3.9     0.612         0
    74/299     7.81G      2.04     0.385         0      2.42         5       608     0.865     0.203     0.347     0.328      4.08     0.715         0
    75/299     7.81G      1.97     0.354         0      2.33        11       608     0.899     0.233     0.397      0.37      4.03     0.727         0
    76/299     7.81G      2.19     0.372         0      2.56        12       608     0.776     0.164     0.288     0.271      4.59     0.722         0
    77/299     7.81G      2.04     0.389         0      2.43         7       608     0.664     0.208     0.271     0.317      4.24     0.688         0
    78/299     7.81G      2.11     0.344         0      2.45        10       608     0.557     0.324     0.312      0.41      4.25     0.608         0
    79/299     7.81G      2.07      0.38         0      2.45        11       608     0.634     0.316     0.376     0.422      4.32     0.604         0
    80/299     7.81G      2.07     0.351         0      2.42         4       608     0.656     0.368     0.374     0.472      4.11     0.594         0
    81/299     7.81G      2.02     0.356         0      2.37        11       608     0.823     0.363     0.464     0.504      3.98     0.586         0
    82/299     7.81G      1.81     0.346         0      2.16        11       608     0.718     0.358     0.453     0.478      3.98     0.581         0
    83/299     7.81G      2.03     0.317         0      2.35         4       608     0.832     0.286      0.45     0.426      3.93     0.629         0
    84/299     7.81G      2.01     0.354         0      2.37         9       608     0.822     0.326     0.469     0.467      3.93      0.61         0
    85/299     7.81G      2.04     0.352         0      2.39        12       608     0.763     0.407     0.503     0.531      3.86     0.562         0
    86/299     7.81G      1.96     0.357         0      2.32         3       608     0.564     0.361     0.363      0.44       4.1     0.553         0
    87/299     7.81G      1.97     0.315         0      2.28        12       608     0.733     0.362     0.436     0.485      3.83     0.609         0
    88/299     7.81G      1.85     0.321         0      2.17        10       608     0.783       0.4      0.45      0.53      3.92     0.599         0
    89/299     7.81G      2.07     0.317         0      2.39         1       608      0.66     0.374     0.374     0.477      3.96     0.632         0
    90/299     7.81G      1.75     0.341         0      2.09         8       608     0.531     0.363     0.322     0.431      3.97     0.633         0
    91/299     7.81G      1.99      0.33         0      2.32        10       608       0.5     0.395     0.329     0.441      4.15     0.644         0
    92/299     7.81G      1.84      0.33         0      2.17         4       608     0.513     0.416     0.362      0.46      3.91     0.646         0
    93/299     7.81G      1.77     0.333         0       2.1         6       608     0.576     0.374      0.37     0.453      3.97     0.609         0
    94/299     7.81G      1.69     0.325         0      2.02        11       608     0.669     0.405     0.413     0.505      3.98     0.572         0
    95/299     7.81G      1.94     0.343         0      2.29         3       608     0.658     0.112     0.172     0.191      5.06     0.804         0
    96/299     7.81G       1.9     0.369         0      2.26         7       608     0.667      0.19     0.233     0.295      4.87     0.774         0
    97/299     7.81G      2.05     0.341         0       2.4        13       608     0.841     0.111     0.284     0.196      4.57     0.928         0
    98/299     7.81G      1.99     0.344         0      2.33         4       608     0.738     0.148     0.245     0.246      4.61     0.829         0
    99/299     7.81G      1.96     0.384         0      2.34         9       608     0.629     0.242     0.289      0.35      4.59     0.695         0
   100/299     7.81G      1.84     0.357         0      2.19         9       608     0.728     0.342      0.42     0.465       4.3     0.595         0
   101/299     7.81G      1.87     0.343         0      2.21         3       608     0.786     0.342     0.436     0.477      4.28     0.596         0
   102/299     7.81G      1.83     0.346         0      2.17         9       608     0.807     0.176     0.309     0.289      4.27     0.772         0
   103/299     7.81G      1.91     0.319         0      2.23        14       608     0.792     0.263     0.368     0.395      4.17     0.666         0
   104/299     7.81G      1.88     0.341         0      2.23         4       608     0.687     0.263     0.342     0.381      4.42     0.669         0
   105/299     7.81G      1.86     0.361         0      2.22        13       608     0.714     0.332     0.404     0.453      4.18     0.625         0
   106/299     7.81G      1.73       0.3         0      2.03        13       608     0.675      0.35     0.373     0.462      4.26      0.63         0
   107/299     7.81G      1.88      0.32         0       2.2         3       608      0.79     0.368     0.442     0.502      4.05     0.584         0
   108/299     7.81G      1.78     0.316         0       2.1         9       608     0.782     0.321     0.458     0.455      3.86      0.63         0
   109/299     7.81G      1.76     0.314         0      2.08         8       608     0.705     0.295     0.411     0.416      4.05     0.639         0
   110/299     7.81G      1.69     0.309         0      1.99         4       608     0.718     0.363     0.447     0.482      4.04       0.6         0
   111/299     7.81G      1.77      0.29         0      2.06        12       608     0.732     0.403     0.482      0.52      4.18     0.597         0
   112/299     7.81G      1.79     0.321         0      2.11        11       608     0.702     0.359     0.452     0.475      4.13     0.607         0
   113/299     7.81G      1.77     0.317         0      2.09         5       608     0.621     0.353     0.392      0.45      4.05     0.627         0
   114/299     7.81G      1.78     0.296         0      2.07        12       608      0.68       0.3     0.365     0.416      4.15     0.638         0
   115/299     7.81G      1.62     0.275         0      1.89         7       608     0.619     0.195     0.283     0.296      4.47     0.731         0
   116/299     7.81G      1.59     0.291         0      1.88         3       608     0.804     0.221     0.331     0.347      4.31      0.76         0
   117/299     7.81G      1.65     0.297         0      1.95        14       608     0.765     0.325     0.473     0.456      3.94     0.641         0
   118/299     7.81G      1.72     0.285         0         2         9       608     0.788     0.342     0.488     0.477      4.01      0.64         0
   119/299     7.81G      1.68     0.305         0      1.99         4       608     0.896     0.181     0.352     0.301      4.42     0.818         0
   120/299     7.81G      1.66     0.301         0      1.96        10       608      0.78     0.336     0.453     0.469      3.99     0.616         0
   121/299     7.81G      1.58     0.317         0      1.89        13       608     0.683     0.375      0.44     0.484       4.1     0.593         0
   122/299     7.81G       1.7     0.271         0      1.97         6       608     0.732     0.373     0.461     0.494      4.06     0.597         0
   123/299     7.81G      1.59     0.288         0      1.87         9       608     0.591     0.332     0.347     0.425      4.28      0.63         0
   124/299     7.81G      1.57     0.278         0      1.85        12       608     0.664     0.363     0.438      0.47       4.2     0.623         0
   125/299     7.81G      1.55     0.273         0      1.82         3       608     0.645     0.342     0.401     0.447      4.19     0.598         0
   126/299     7.81G      1.59     0.302         0       1.9        13       608     0.738     0.395     0.471     0.514      4.02     0.609         0
   127/299     7.81G       1.4     0.249         0      1.65        11       608      0.67     0.442     0.483     0.533      3.96     0.587         0
   128/299     7.81G      1.52      0.26         0      1.78         5       608     0.703     0.453      0.49     0.551       3.8      0.58         0
   129/299     7.81G       1.5     0.273         0      1.77        12       608     0.765     0.453     0.517     0.569      3.83     0.584         0
   130/299     7.81G      1.41     0.289         0       1.7        13       608     0.829     0.474      0.56     0.603      3.77     0.566         0
   131/299     7.81G      1.46     0.273         0      1.73         3       608     0.862     0.427     0.526     0.572      3.81     0.614         0
   132/299     7.81G      1.52     0.266         0      1.78        13       608     0.893     0.395     0.555     0.548      3.81     0.638         0
   133/299     7.81G      1.54     0.265         0       1.8        10       608     0.828       0.3     0.508      0.44      3.87     0.686         0
   134/299     7.81G       1.5     0.268         0      1.77         4       608     0.783     0.362       0.5     0.495      3.81     0.616         0
   135/299     7.81G      1.46     0.273         0      1.73         9       608     0.766     0.362     0.463     0.492      3.96     0.628         0
   136/299     7.81G      1.53     0.271         0       1.8        13       608     0.711     0.374     0.445      0.49      4.02     0.588         0
   137/299     7.81G      1.51     0.284         0      1.79         5       608     0.722     0.369     0.456     0.489      4.04     0.591         0
   138/299     7.81G      1.38     0.266         0      1.65        12       608     0.744     0.411      0.49     0.529      3.97     0.582         0
   139/299     7.81G      1.37     0.249         0      1.62        13       608     0.829       0.4     0.485      0.54       3.9     0.599         0
   140/299     7.81G      1.33     0.268         0       1.6         4       608     0.766     0.468     0.511     0.581      3.83     0.583         0
   141/299     7.81G      1.49     0.253         0      1.74        12       608     0.803     0.408     0.524     0.541      4.01     0.579         0
   142/299     7.81G      1.52     0.251         0      1.77        11       608     0.839     0.385      0.51     0.528      4.01      0.58         0
   143/299     7.81G      1.36     0.254         0      1.61         5       608     0.816     0.398       0.5     0.535      3.94     0.582         0
   144/299     7.81G      1.25     0.268         0      1.52        12       608     0.769     0.474     0.514     0.586       3.9     0.578         0
   145/299     7.81G      1.36     0.248         0      1.61        13       608     0.708     0.409     0.462     0.519      3.86      0.61         0
   146/299     7.81G      1.28     0.238         0      1.52         5       608     0.736     0.358     0.433     0.482      3.91     0.644         0
   147/299     7.81G      1.42     0.234         0      1.65         7       608     0.751     0.398     0.476      0.52      3.87     0.636         0
   148/299     7.81G      1.25     0.249         0       1.5        12       608     0.666     0.408     0.458     0.506      3.81     0.633         0
   149/299     7.81G      1.19     0.257         0      1.45         2       608     0.669     0.463     0.487     0.547      3.84     0.604         0
   150/299     7.81G      1.35     0.241         0      1.59        12       608     0.732     0.475     0.528     0.576      3.73     0.598         0
   151/299     7.81G      1.27     0.243         0      1.51        11       608     0.774     0.433     0.518     0.555      3.85      0.62         0
   152/299     7.81G      1.39     0.275         0      1.66         6       608     0.798     0.289     0.406     0.425      4.19     0.767         0
   153/299     7.81G       1.3     0.231         0      1.53         9       608     0.762     0.303     0.391     0.433      4.13     0.779         0
   154/299     7.81G      1.26     0.215         0      1.47         7       608     0.737     0.421     0.479     0.536      3.96     0.635         0
   155/299     7.81G      1.32      0.23         0      1.55         4       608     0.752     0.426      0.49     0.544      3.79      0.68         0
   156/299     7.81G      1.24     0.234         0      1.47        14       608     0.773     0.393     0.458     0.521      3.79     0.731         0
   157/299     7.81G      1.12     0.235         0      1.35        10       608     0.779     0.363     0.482     0.495      3.82     0.743         0
   158/299     7.81G      1.14     0.227         0      1.36         4       608     0.738     0.431      0.47     0.544      3.82     0.692         0
   159/299     7.81G      1.31     0.208         0      1.52        11       608     0.775     0.474     0.517     0.588      3.65     0.691         0
   160/299     7.81G      1.17     0.216         0      1.38        12       608     0.748     0.463       0.5     0.572       3.7     0.661         0
   161/299     7.81G       1.2     0.247         0      1.45         4       608     0.738     0.468     0.481     0.573       3.8     0.636         0
   162/299     7.81G      1.15     0.223         0      1.38         7       608      0.66     0.459     0.465     0.541      3.86     0.631         0
   163/299     7.81G      1.17     0.229         0       1.4        11       608     0.644     0.468     0.449     0.542      3.86     0.633         0
   164/299     7.81G       1.2     0.221         0      1.42         3       608     0.691     0.412     0.446     0.516       3.8     0.677         0
   165/299     7.81G      1.24     0.224         0      1.47        12       608     0.703     0.411     0.444     0.518      3.88     0.674         0
   166/299     7.81G      1.19     0.224         0      1.41        12       608     0.823     0.393     0.525     0.532      3.77     0.728         0
   167/299     7.81G      1.13     0.241         0      1.37         4       608     0.897     0.367      0.52     0.521      3.76     0.778         0
   168/299     7.81G      1.29     0.208         0       1.5         8       608     0.879     0.416     0.562     0.564      3.59     0.716         0
   169/299     7.81G      1.26      0.21         0      1.47         7       608     0.848     0.411     0.547     0.553      3.67      0.73         0
   170/299     7.81G       1.3     0.232         0      1.53         5       608     0.827       0.4      0.49     0.539      3.79     0.749         0
   171/299     7.81G      1.19     0.233         0      1.42        10       608     0.838     0.442     0.495     0.579      3.79     0.669         0
   172/299     7.81G      1.11     0.229         0      1.34         8       608     0.877     0.451     0.521     0.596      3.81      0.65         0
   173/299     7.81G      1.11     0.224         0      1.34         4       608     0.833     0.432     0.533     0.569      3.74     0.645         0
   174/299     7.81G      1.11     0.196         0       1.3        13       608     0.818     0.451      0.53     0.581      3.78     0.638         0
   175/299     7.81G      1.09     0.202         0      1.29        13       608     0.801     0.426     0.517     0.557      3.76     0.638         0
   176/299     7.81G      1.05     0.225         0      1.27         4       608     0.828      0.38     0.491      0.52      3.82       0.7         0
   177/299     7.81G      1.05      0.21         0      1.26         9       608     0.782     0.472     0.537     0.589      3.74     0.641         0
   178/299     7.81G      1.08     0.209         0      1.29        13       608     0.658     0.505     0.509     0.572      3.86     0.573         0
   179/299     7.81G      1.12     0.238         0      1.35         4       608      0.65     0.474     0.478     0.548      3.87     0.581         0
   180/299     7.81G     0.976       0.2         0      1.18        13       608     0.656     0.484     0.455     0.557      3.92     0.576         0
   181/299     7.81G      1.14     0.225         0      1.37        10       608     0.616     0.464     0.439     0.529      3.89      0.59         0
   182/299     7.81G      1.09     0.202         0      1.29         3       608     0.703     0.461     0.496     0.557       3.8     0.593         0
   183/299     7.81G       1.1     0.198         0      1.29        11       608     0.738     0.458     0.518     0.565      3.75      0.62         0
   184/299     7.81G      1.03     0.205         0      1.24        10       608      0.74      0.45     0.503      0.56      3.76     0.643         0
   185/299     7.81G     0.974     0.193         0      1.17         5       608     0.764     0.453     0.514     0.568      3.74     0.634         0
   186/299     7.81G      1.04     0.195         0      1.24         9       608     0.752     0.463     0.503     0.573      3.75      0.61         0
   187/299     7.81G     0.953     0.195         0      1.15        10       608     0.681     0.447     0.501      0.54      3.71     0.605         0
   188/299     7.81G      1.04      0.21         0      1.25         6       608     0.687     0.439     0.483     0.536      3.77      0.62         0
   189/299     7.81G      1.04     0.218         0      1.26        11       608     0.706     0.442     0.485     0.543      3.79     0.624         0
   190/299     7.81G      1.03      0.19         0      1.22        11       608     0.733     0.463     0.497     0.568      3.84     0.625         0
   191/299     7.81G     0.964     0.203         0      1.17         4       608     0.798     0.435     0.525     0.563      3.86     0.659         0
   192/299     7.81G     0.913     0.202         0      1.11        12       608     0.764     0.458     0.521     0.573      3.81     0.637         0
   193/299     7.81G      1.03     0.191         0      1.22        12       608     0.729     0.453     0.486     0.559      3.84     0.618         0
   194/299     7.81G     0.974     0.191         0      1.17         3       608     0.739     0.431     0.474     0.545       3.8     0.632         0
   195/299     7.81G     0.957      0.19         0      1.15         9       608     0.688     0.464     0.456     0.554      3.79     0.618         0
   196/299     7.81G     0.963     0.185         0      1.15        17       608     0.741     0.463     0.502      0.57      3.72     0.638         0
   197/299     7.81G     0.991     0.176         0      1.17         4       608     0.724     0.456      0.49      0.56      3.77     0.642         0
   198/299     7.81G     0.861     0.175         0      1.04        10       608     0.764     0.484     0.508     0.593       3.8     0.635         0
   199/299     7.81G     0.956     0.178         0      1.13         7       608     0.742     0.485     0.503     0.587       3.8     0.634         0
   200/299     7.81G     0.922     0.189         0      1.11         3       608     0.735     0.453     0.503     0.561       3.8     0.642         0
   201/299     7.81G     0.928     0.178         0      1.11        15       608     0.717     0.481     0.494     0.576      3.78     0.639         0
   202/299     7.81G     0.919     0.185         0       1.1        13       608     0.718     0.474     0.487     0.571      3.83     0.623         0
   203/299     7.81G     0.814     0.161         0     0.975         4       608     0.709     0.512     0.511     0.595      3.81      0.61         0
   204/299     7.81G     0.899      0.17         0      1.07        10       608     0.708     0.484     0.491     0.575      3.88      0.61         0
   205/299     7.81G     0.876     0.175         0      1.05        10       608     0.689     0.479     0.494     0.565      3.86     0.602         0
   206/299     7.81G     0.908      0.17         0      1.08         2       608     0.712     0.468     0.503     0.565      3.87     0.602         0
   207/299     7.81G     0.877     0.166         0      1.04        12       608     0.765     0.484     0.501     0.593       3.9     0.603         0
   208/299     7.81G     0.898     0.165         0      1.06         9       608     0.764     0.493     0.508     0.599      3.86      0.61         0
   209/299     7.81G     0.941       0.2         0      1.14         4       608     0.758     0.489      0.51     0.595      3.87     0.618         0
   210/299     7.81G     0.866     0.204         0      1.07        11       608     0.754       0.5     0.505     0.601      3.91     0.622         0
   211/299     7.81G     0.861     0.202         0      1.06        13       608     0.761     0.511      0.51     0.611      3.92      0.62         0
   212/299     7.81G     0.845     0.183         0      1.03         4       608     0.722     0.493     0.504     0.586      3.89     0.618         0
   213/299     7.81G     0.777     0.163         0     0.941         9       608     0.742     0.489     0.485      0.59      3.85     0.616         0
   214/299     7.81G     0.791     0.165         0     0.957         9       608      0.74     0.494     0.493     0.592      3.82     0.612         0
   215/299     7.81G       0.8     0.166         0     0.966         4       608      0.77      0.51     0.504     0.614      3.78      0.61         0
   216/299     7.81G      0.82     0.186         0      1.01        12       608     0.784     0.498     0.519     0.609      3.83     0.619         0
   217/299     7.81G     0.883     0.177         0      1.06         9       608     0.791     0.499      0.53     0.612      3.79     0.624         0
   218/299     7.81G     0.843     0.179         0      1.02         4       608      0.76     0.505     0.528     0.607      3.79     0.623         0
   219/299     7.81G     0.752     0.164         0     0.915         8       608     0.736     0.484     0.511     0.584      3.76     0.624         0
   220/299     7.81G     0.806     0.182         0     0.988         8       608     0.735     0.484     0.503     0.584      3.79     0.626         0
   221/299     7.81G     0.738     0.145         0     0.883         6       608     0.707     0.495     0.505     0.582      3.81     0.618         0
   222/299     7.81G      0.82     0.163         0     0.983         9       608     0.707     0.505     0.524     0.589      3.78     0.609         0
   223/299     7.81G      0.79     0.169         0     0.959         8       608     0.716      0.49       0.5     0.582      3.74     0.604         0
   224/299     7.81G     0.803     0.185         0     0.988         5       608     0.676     0.495     0.486     0.572      3.77     0.601         0
   225/299     7.81G     0.811     0.165         0     0.976        11       608     0.707     0.507     0.504     0.591      3.79     0.598         0
   226/299     7.81G     0.758     0.173         0      0.93        12       608     0.684      0.49     0.498     0.571      3.79     0.597         0
   227/299     7.81G     0.686     0.151         0     0.836         4       608     0.665     0.489     0.494     0.564      3.79     0.599         0
   228/299     7.81G     0.815     0.173         0     0.988        10       608     0.725     0.501     0.503     0.592      3.77     0.601         0
   229/299     7.81G     0.783     0.165         0     0.947        10       608     0.748     0.511     0.513     0.607      3.78     0.606         0
   230/299     7.81G     0.789     0.168         0     0.957         6       608      0.77     0.505     0.526      0.61      3.78     0.612         0
   231/299     7.81G     0.769     0.183         0     0.952        10       608     0.771     0.511     0.524     0.614      3.77      0.61         0
   232/299     7.81G     0.765     0.158         0     0.923        13       608      0.75     0.505     0.519     0.604      3.79     0.611         0
   233/299     7.81G     0.695     0.142         0     0.837         2       608     0.739     0.489     0.504     0.589      3.83     0.615         0
   234/299     7.81G      0.72     0.172         0     0.891        11       608      0.74     0.479     0.499     0.582      3.79     0.621         0
   235/299     7.81G      0.68      0.15         0     0.829        11       608     0.739     0.489     0.502     0.589       3.8     0.616         0
   236/299     7.81G     0.753     0.158         0      0.91         4       608     0.729       0.5     0.495     0.593      3.81     0.614         0
   237/299     7.81G     0.679      0.15         0     0.829        13       608     0.722     0.495     0.485     0.587      3.79      0.62         0
   238/299     7.81G     0.665     0.159         0     0.824        12       608     0.728       0.5     0.476     0.593      3.79     0.619         0
   239/299     7.81G     0.694     0.159         0     0.853         4       608     0.759     0.521     0.515     0.618      3.79     0.619         0
   240/299     7.81G     0.714     0.155         0     0.869        11       608     0.752       0.5     0.506     0.601      3.78     0.622         0
   241/299     7.81G     0.676     0.142         0     0.818        13       608     0.759     0.505     0.508     0.607      3.77     0.627         0
   242/299     7.81G     0.683     0.138         0     0.821         3       608     0.774     0.504     0.517     0.611      3.78      0.63         0
   243/299     7.81G     0.767     0.168         0     0.935        12       608     0.764     0.494     0.508       0.6      3.78      0.63         0
   244/299     7.81G     0.739     0.157         0     0.896         9       608     0.757     0.508      0.51     0.608       3.8     0.628         0
   245/299     7.81G     0.664     0.142         0     0.806         3       608     0.748     0.516      0.51     0.611      3.78     0.628         0
   246/299     7.81G     0.739     0.158         0     0.896        10       608     0.758      0.51     0.513      0.61      3.76     0.635         0
   247/299     7.81G     0.717     0.162         0     0.879        11       608     0.746     0.526      0.51     0.617      3.74     0.627         0
   248/299     7.81G     0.662     0.141         0     0.803         3       608     0.719     0.512     0.498     0.598      3.79     0.625         0
   249/299     7.81G     0.659     0.162         0     0.821        11       608     0.716     0.505      0.49     0.592      3.78     0.629         0
   250/299     7.81G     0.677      0.13         0     0.807         8       608     0.725       0.5     0.481     0.592      3.78     0.635         0
   251/299     7.81G     0.642     0.137         0     0.779         2       608     0.736     0.495     0.498     0.592      3.73     0.642         0
   252/299     7.81G     0.665     0.155         0      0.82         9       608     0.755       0.5     0.502     0.602      3.73     0.645         0
   253/299     7.81G      0.63     0.139         0     0.769         7       608     0.755     0.485     0.503     0.591      3.75     0.647         0
   254/299     7.81G     0.657     0.153         0     0.811         5       608     0.749     0.488     0.492     0.591      3.78      0.65         0
   255/299     7.81G     0.611     0.145         0     0.756        10       608     0.768     0.484       0.5     0.594      3.79      0.65         0
   256/299     7.81G      0.69     0.146         0     0.836        11       608     0.775     0.489     0.504       0.6      3.79     0.644         0
   257/299     7.81G      0.64     0.147         0     0.787         4       608     0.744     0.484     0.496     0.587      3.79     0.642         0
   258/299     7.81G      0.66     0.154         0     0.814        11       608     0.732     0.495     0.488      0.59      3.78      0.64         0
   259/299     7.81G     0.674     0.146         0     0.821        13       608     0.729     0.509     0.489     0.599      3.78     0.638         0
   260/299     7.81G     0.673     0.149         0     0.821         3       608     0.719     0.511     0.495     0.597      3.79     0.633         0
   261/299     7.81G     0.645     0.133         0     0.778         9       608     0.731     0.514     0.501     0.604      3.76     0.636         0
   262/299     7.81G     0.641     0.143         0     0.784        11       608     0.732     0.503     0.505     0.597      3.77     0.638         0
   263/299     7.81G     0.625      0.16         0     0.786         3       608      0.74      0.51     0.512     0.604      3.74     0.636         0
   264/299     7.81G     0.666     0.142         0     0.807        11       608     0.729     0.509     0.506       0.6      3.75     0.636         0
   265/299     7.81G     0.641     0.152         0     0.793         8       608     0.738     0.521     0.513     0.611      3.76     0.636         0
   266/299     7.81G     0.635     0.138         0     0.773         3       608     0.722     0.505     0.494     0.595      3.78     0.634         0
   267/299     7.81G     0.624     0.142         0     0.766        15       608     0.731     0.501     0.496     0.594       3.8     0.635         0
   268/299     7.81G     0.615     0.128         0     0.743        11       608      0.73     0.498      0.49     0.592       3.8     0.632         0
   269/299     7.81G     0.666     0.145         0     0.811         6       608     0.729     0.505     0.507     0.597       3.8     0.632         0
   270/299     7.81G     0.584     0.132         0     0.716        13       608     0.727     0.511     0.504       0.6       3.8     0.634         0
   271/299     7.81G     0.593     0.144         0     0.738        11       608     0.727     0.511     0.501       0.6       3.8     0.637         0
   272/299     7.81G      0.61     0.152         0     0.763         5       608     0.713     0.505     0.497     0.591      3.78     0.641         0
   273/299     7.81G     0.589      0.13         0     0.719        11       608     0.695     0.503     0.495     0.584      3.77     0.639         0
   274/299     7.81G     0.587     0.142         0      0.73        10       608     0.719     0.516     0.501     0.601      3.77      0.64         0
   275/299     7.81G      0.65     0.117         0     0.767         5       608     0.745     0.516     0.508      0.61      3.78     0.643         0
   276/299     7.81G     0.649      0.15         0     0.799        15       608     0.742     0.505     0.498     0.601      3.79     0.645         0
   277/299     7.81G     0.687     0.147         0     0.835         8       608     0.752     0.511     0.506     0.609      3.78     0.641         0
   278/299     7.81G     0.622      0.14         0     0.762         3       608     0.751     0.508     0.508     0.606      3.77     0.641         0
   279/299     7.81G     0.558     0.119         0     0.677         8       608     0.763     0.508     0.506      0.61      3.77     0.638         0
   280/299     7.81G     0.569     0.126         0     0.696        12       608     0.757     0.509     0.508     0.609      3.79     0.636         0
   281/299     7.81G     0.592     0.135         0     0.727         3       608     0.741       0.5     0.499     0.597       3.8     0.633         0
   282/299     7.81G     0.603     0.128         0     0.732         9       608     0.723     0.495     0.493     0.587      3.78     0.636         0
   283/299     7.81G     0.626     0.141         0     0.767        10       608     0.724       0.5     0.498     0.591      3.77     0.635         0
   284/299     7.81G     0.632     0.144         0     0.776         5       608     0.725     0.499     0.499     0.591      3.78     0.636         0
   285/299     7.81G      0.66      0.14         0       0.8         7       608     0.729     0.505     0.504     0.597      3.78     0.636         0
   286/299     7.81G     0.683     0.129         0     0.812         7       608     0.729     0.511      0.51     0.601      3.79     0.637         0
   287/299     7.81G     0.617     0.136         0     0.752         4       608     0.749     0.516      0.51     0.611      3.79     0.638         0
   288/299     7.81G     0.599     0.134         0     0.733        11       608     0.716     0.505       0.5     0.592      3.79     0.634         0
   289/299     7.81G     0.594     0.153         0     0.746        13       608     0.716       0.5       0.5     0.589      3.79     0.635         0
   290/299     7.81G      0.65     0.161         0     0.811         6       608      0.72     0.495     0.497     0.586      3.79     0.639         0
   291/299     7.81G     0.582     0.127         0     0.708         7       608      0.73       0.5     0.504     0.594      3.77     0.643         0
   292/299     7.81G     0.571      0.13         0       0.7        11       608     0.743     0.505     0.514     0.601      3.76     0.647         0
   293/299     7.81G     0.604     0.134         0     0.738         5       608     0.766     0.511     0.512     0.613      3.76      0.65         0
   294/299     7.81G     0.555     0.141         0     0.697        15       608     0.783     0.514      0.54     0.621      3.75     0.653         0
   295/299     7.81G     0.583     0.139         0     0.723         7       608     0.786     0.511     0.531     0.619      3.75     0.657         0
   296/299     7.81G     0.576     0.123         0     0.699         2       608     0.787     0.505     0.542     0.615      3.75     0.659         0
   297/299     7.81G     0.562     0.133         0     0.695        14       608     0.798     0.505     0.539     0.619      3.76     0.661         0
   298/299     7.81G     0.586     0.132         0     0.718        13       608     0.786     0.502     0.537     0.613      3.75     0.659         0
   299/299     7.81G     0.615     0.145         0      0.76         4       608     0.794       0.5     0.538     0.613      3.74     0.661         0
