[    0.78718     0.52882]
[     0.7461     0.66738     0.47042           0]
[    0.55173           0           0     0.62083     0.55178     0.70547           0           0           0           0]
[    0.75501           0]
[    0.60173     0.80578           0           0           0           0     0.67493           0]
[    0.64021     0.13742           0     0.58158     0.29243           0]
[    0.61212     0.62461     0.80367     0.65512     0.45008     0.36108     0.37365     0.57676     0.51226     0.62603]
[    0.65813     0.65244     0.70693           0           0]
[    0.75701]
[    0.56144     0.52604           0]
[    0.69213           0      0.4904]
[    0.82734     0.36436           0]
[    0.66462     0.45689           0     0.50636     0.43765]
[    0.51818           0]
[     0.5209           0           0]
[    0.50322           0           0           0           0           0]
[    0.64505     0.36818     0.28992     0.48148           0           0]
[    0.37446     0.42116]
[     0.7149           0     0.80323           0           0           0           0]
[    0.38667      0.5331           0     0.45769           0     0.53566           0           0           0           0]
[    0.59002     0.63201     0.64548     0.68284           0     0.29814           0           0           0]
[    0.77989           0]
[    0.59355      0.3822           0           0           0           0]
[    0.23148     0.18075           0           0           0]
[    0.43361     0.46078           0     0.77049           0           0           0]
[    0.70443     0.77278     0.72518           0           0     0.66126           0]
[    0.58086]
[    0.75946           0]
[    0.82585      0.0195     0.84556     0.40744]
[    0.58366           0]
[    0.94956]
[    0.79424     0.89249           0]
[    0.83928     0.66833     0.39256     0.12018           0]
[    0.73703     0.71406           0           0]
[    0.79347     0.84438           0     0.31933           0           0        0.27     0.73869     0.72607     0.36987]
[    0.59061           0]
[          0           0           0           0]
[     0.5029     0.64097           0           0]
[    0.88504     0.61483     0.72413     0.52972     0.48902           0]
[     0.2594    0.062553     0.27664           0           0           0     0.24479           0    0.044705]
[      0.871           0     0.48396]
[    0.63236           0           0]
[     0.6208           0           0           0           0           0           0           0           0           0           0]
[    0.92128           0]
[    0.57543]
[    0.93254     0.70571     0.88068     0.78985]
[    0.84778           0     0.42873           0     0.41048           0     0.56487]
[    0.63701     0.60913           0]
[    0.42213     0.64746           0]
[    0.79724     0.70626     0.85943     0.53912]
[    0.70895     0.59424     0.64613     0.82174     0.60651     0.65968]
[          0           0     0.20416     0.35879           0           0           0           0           0     0.17051           0           0]
[    0.84698           0           0           0           0           0           0           0           0           0]
[    0.50108     0.54547           0]
[    0.80542     0.85299     0.74907     0.84187       0.361]
[    0.74948      0.5275           0     0.37657     0.17652           0           0           0]
[    0.55229     0.31644           0           0           0           0           0           0           0]
[     0.7571]
[    0.77352     0.70512     0.63669      0.7388     0.57369           0     0.63839     0.38229     0.27543]
[    0.84464           0     0.71704           0           0           0]
[    0.81625]
[    0.66261     0.85652     0.78433]
[    0.57866    0.056721           0           0           0           0           0           0           0           0           0]
[     0.6884     0.53568           0]
[          0     0.69601           0           0           0           0           0           0           0           0           0           0           0           0]
[    0.58714     0.69502           0           0           0     0.48844]
[    0.90309           0     0.91568           0     0.40346]
[    0.63535      0.6855           0]
[          0     0.39465     0.48992     0.47474           0           0           0]
[    0.42569           0           0           0     0.42952]
[    0.88949           0           0]
[    0.65935     0.31045     0.11032     0.52567    0.072089      0.6428]
[    0.96844           0]
[    0.73229     0.72403     0.46276     0.61028           0]
[    0.78762           0           0]
[     0.4302           0           0           0           0]
[    0.77194           0           0           0]
[     0.8783     0.70043      0.5768     0.51384]
[    0.73065     0.66573     0.92618     0.65808           0           0       0.265           0]
[    0.88139     0.65329     0.65412     0.41265     0.55067     0.55252     0.44941           0     0.74444]
[    0.25565           0           0]
[    0.60205           0           0           0     0.52635]
[    0.81308     0.66102      0.5499           0           0           0           0           0           0           0     0.40881           0           0]
[    0.81127     0.69617           0]
[    0.79716     0.70911     0.32241     0.73905     0.76198     0.24444]
[    0.84746     0.83706    0.025724     0.40518     0.15221      0.7253]
[    0.73991           0           0     0.72742           0]
[    0.52968     0.53098     0.57753           0]
[    0.75516     0.55433     0.58777     0.81644           0]
[    0.51108     0.57253           0           0           0     0.76619           0]
[    0.88983     0.83619     0.92127     0.53252           0     0.36625           0]
[    0.72294       0.814     0.72093     0.58636      0.8205     0.84553     0.58319           0]
[    0.36837     0.35217     0.48808     0.47656     0.49845           0     0.16489           0     0.32647           0           0           0]
[    0.67528      0.7123      0.5237]
[    0.59994      0.6293]
[    0.69226     0.49675     0.51592     0.81145           0           0           0           0           0]
[    0.85424     0.64899]
[    0.76717     0.57543     0.72236     0.64575]
[     0.8876      0.9011     0.67071           0           0           0     0.70631           0]
[    0.79988     0.77789     0.83499      0.2351]
