[          1]
[          1]
[          1]
[          1]
[          1]
[          1]
[          1]
[          1]
[          1]
[          1]
[          1]
[          1]
[          1]
[          1]
[          1]
[          1]
[          1]
[          1]
[          1]
[          1]
[          1]
[          1]
[          1]
[          1]
[          1]
[          1]
[          1]
[          1]
[          1]
[          1]
[          1]
[          1]
[          1]
[          1]
[          1]
[          1]
[          1]
[          1]
[          1]
[          1]
[          1]
[          1]
[          1]
[          1]
[          1]
[          1]
[          1]
[          1]
[          1]
[          1]
[          1]
[          1]
[          1]
[          1]
[          1]
[          1]
[    0.98246]
[    0.98276]
[    0.98305]
[    0.98333]
[    0.98361]
[    0.98387]
[    0.98413]
[    0.98438]
[    0.98462]
[     0.9697]
[    0.97015]
[    0.97059]
[    0.97101]
[    0.95714]
[    0.95775]
[    0.95833]
[     0.9589]
[    0.95946]
[       0.96]
[    0.96053]
[    0.96104]
[    0.94872]
[    0.94937]
[       0.95]
[    0.93827]
[    0.93902]
[    0.93976]
[    0.94048]
[    0.92941]
[    0.93023]
[    0.93103]
[    0.93182]
[    0.93258]
[    0.93333]
[    0.93407]
[    0.93478]
[    0.92473]
[    0.92553]
[    0.91579]
[    0.91667]
[    0.90722]
[    0.90816]
[    0.90909]
[        0.9]
[    0.90099]
[    0.89216]
[     0.8932]
[    0.88462]
[    0.88571]
[    0.88679]
[     0.8785]
[    0.87037]
[    0.86239]
[    0.85455]
[    0.84685]
[    0.84821]
[    0.84071]
[    0.83333]
[    0.82609]
[    0.81897]
[    0.81197]
[    0.80508]
[    0.79832]
[    0.79167]
[    0.78512]
[    0.77869]
[    0.77236]
[    0.76613]
[       0.76]
[    0.75397]
[    0.75591]
[       0.75]
[    0.74419]
[    0.73846]
[    0.74046]
[    0.73485]
[    0.72932]
[    0.72388]
[    0.71852]
[    0.71324]
[    0.70803]
[    0.71014]
[    0.70504]
[        0.7]
[    0.69504]
[    0.69014]
[    0.68531]
[    0.68056]
[    0.67586]
[    0.67123]
[    0.66667]
[    0.66216]
[    0.65772]
[    0.65333]
[    0.64901]
[    0.64474]
[    0.64052]
[    0.63636]
[    0.63226]
[    0.62821]
[     0.6242]
[    0.62025]
[    0.61635]
[     0.6125]
[     0.6087]
[    0.60494]
[    0.60123]
[    0.59756]
[    0.59394]
[    0.59036]
[    0.58683]
[    0.58333]
[    0.57988]
[    0.57647]
[     0.5731]
[    0.56977]
[    0.57225]
[    0.56897]
[    0.56571]
[     0.5625]
[    0.55932]
[    0.55618]
[    0.55307]
[       0.55]
[    0.54696]
[    0.54396]
[    0.54098]
[    0.53804]
[    0.53514]
[    0.53226]
[    0.52941]
[     0.5266]
[    0.52381]
[    0.52105]
[    0.51832]
[    0.51562]
[    0.51295]
[    0.51031]
[    0.50769]
[     0.5051]
[    0.50254]
[        0.5]
[    0.49749]
[      0.495]
[    0.49254]
[     0.4901]
[    0.48768]
[    0.48529]
[    0.48293]
[    0.48058]
[    0.47826]
[    0.47596]
[    0.47368]
[    0.47143]
[    0.46919]
[    0.46698]
[    0.46479]
[    0.46262]
[    0.46047]
[    0.45833]
[    0.45622]
[    0.45413]
[    0.45205]
[       0.45]
[    0.44796]
[    0.44595]
[    0.44395]
[    0.44196]
[       0.44]
[    0.43805]
[    0.43612]
[    0.43421]
[    0.43231]
[    0.43043]
[    0.42857]
[    0.42672]
[    0.42489]
[    0.42308]
[    0.42128]
[    0.41949]
[    0.41772]
[    0.41597]
[    0.41423]
[     0.4125]
[    0.41079]
[    0.40909]
[    0.40741]
[    0.40574]
[    0.40408]
[    0.40244]
[    0.40081]
[    0.39919]
[    0.39759]
[      0.396]
[    0.39442]
[    0.39286]
[     0.3913]
[    0.38976]
[    0.38824]
[    0.38672]
[    0.38521]
[    0.38372]
[    0.38224]
[    0.38077]
[    0.37931]
[    0.37786]
[    0.37643]
[      0.375]
[    0.37358]
[    0.37218]
[    0.37079]
[     0.3694]
[    0.36803]
[    0.36667]
[    0.36531]
[    0.36765]
[     0.3663]
[    0.36861]
[    0.36727]
[    0.36594]
[    0.36462]
[    0.36331]
[    0.36201]
[    0.36071]
[    0.35943]
[    0.35816]
[    0.35689]
[    0.35563]
[    0.35439]
[    0.35315]
[    0.35192]
[    0.35069]
[    0.34948]
[    0.34828]
[    0.34708]
[    0.34589]
[    0.34471]
[    0.34354]
[    0.34237]
[    0.34122]
[    0.34007]
[    0.33893]
[    0.33779]
[    0.33667]
[    0.33555]
[    0.33444]
[    0.33333]
[    0.33224]
[    0.33115]
[    0.33007]
[    0.32899]
[    0.32792]
[    0.32686]
[    0.32581]
[    0.32476]
[    0.32372]
[    0.32268]
[    0.32166]
[    0.32063]
[    0.31962]
[    0.31861]
[    0.31761]
[    0.31661]
[    0.31562]
[    0.31464]
[    0.31366]
[    0.31269]
[    0.31173]
[    0.31077]
[    0.30982]
[    0.30887]
[    0.30793]
[    0.30699]
[    0.30606]
[    0.30514]
[    0.30422]
[     0.3033]
[     0.3024]
[    0.30149]
[     0.3006]
[     0.2997]
[    0.29882]
[    0.29794]
[    0.29706]
[    0.29619]
[    0.29532]
[    0.29446]
[     0.2936]
[    0.29275]
[    0.29191]
[    0.29107]
[    0.29023]
[     0.2894]
[    0.28857]
[    0.28775]
[    0.28693]
[    0.28612]
[    0.28531]
[    0.28451]
[    0.28371]
[    0.28291]
[    0.28212]
[    0.28134]
[    0.28056]
[    0.27978]
[    0.27901]
[    0.27824]
[    0.27747]
[    0.27671]
[    0.27596]
[     0.2752]
[    0.27446]
[    0.27371]
[    0.27297]
[    0.27224]
[    0.27151]
[    0.27078]
[    0.27005]
[    0.26933]
[    0.26862]
[     0.2679]
[     0.2672]
[    0.26649]
[    0.26579]
[    0.26509]
[     0.2644]
[    0.26371]
[    0.26302]
[    0.26234]
[    0.26166]
[    0.26098]
[    0.26031]
[    0.25964]
[    0.25897]
[    0.25831]
[    0.25765]
[      0.257]
[    0.25635]
[     0.2557]
[    0.25505]
[    0.25441]
[    0.25377]
[    0.25313]
[     0.2525]
[    0.25187]
[    0.25124]
[    0.25062]
[       0.25]
[    0.24938]
[    0.24877]
[    0.24816]
[    0.24755]
[    0.24694]
[    0.24634]
[    0.24574]
[    0.24515]
[    0.24455]
[    0.24396]
[    0.24337]
[    0.24279]
[    0.24221]
[    0.24163]
[    0.24105]
[    0.24048]
[     0.2399]
[    0.23934]
[    0.23877]
[    0.23821]
[    0.23765]
[    0.23709]
[    0.23653]
[    0.23598]
[    0.23543]
[    0.23488]
[    0.23434]
[     0.2338]
[    0.23326]
[    0.23272]
[    0.23218]
[    0.23165]
[    0.23112]
[    0.23059]
[    0.23007]
[    0.22955]
[    0.22902]
[    0.22851]
[    0.22799]
[    0.22748]
[    0.22697]
[    0.22646]
[    0.22595]
[    0.22545]
[    0.22494]
[    0.22444]
[    0.22395]
[    0.22345]
[    0.22296]
[    0.22247]
[    0.22198]
[    0.22149]
[    0.22101]
[    0.22052]
[    0.22004]
[    0.21957]
[    0.21909]
[    0.21861]
[    0.21814]
[    0.21767]
[     0.2172]
[    0.21674]
[    0.21627]
[    0.21581]
[    0.21535]
[    0.21489]
[    0.21444]
[    0.21398]
[    0.21353]
[    0.21308]
[    0.21263]
[    0.21218]
[    0.21174]
[     0.2113]
[    0.21086]
[    0.21042]
[    0.20998]
[    0.20954]
[    0.20911]
[    0.20868]
[    0.20825]
[    0.20782]
[    0.20739]
[    0.20697]
[    0.20654]
[    0.20612]
[     0.2057]
[    0.20528]
[    0.20487]
[    0.20445]
[    0.20404]
[    0.20363]
[    0.20322]
[    0.20281]
[     0.2024]
[      0.202]
[     0.2016]
[     0.2012]
[     0.2008]
[     0.2004]
[        0.2]
[     0.1996]
[    0.19921]
[    0.19882]
[    0.19843]
[    0.19804]
[    0.19765]
[    0.19727]
[    0.19688]
[     0.1965]
[    0.19612]
[    0.19574]
[    0.19536]
[    0.19498]
[    0.19461]
[    0.19423]
[    0.19386]
[    0.19349]
[    0.19312]
[    0.19275]
[    0.19238]
[    0.19202]
[    0.19165]
[    0.19129]
[    0.19093]
[    0.19057]
[    0.19021]
[    0.18985]
[    0.18949]
[    0.18914]
[    0.18879]
[    0.18843]
[    0.18808]
[    0.18773]
[    0.18738]
[    0.18704]
[    0.18669]
[    0.18635]
[      0.186]
[    0.18566]
[    0.18532]
[    0.18498]
[    0.18464]
[    0.18431]
[    0.18397]
[    0.18364]
[     0.1833]
[    0.18297]
[    0.18264]
[    0.18231]
[    0.18198]
[    0.18165]
[    0.18133]
[      0.181]
[    0.18068]
[    0.18036]
[    0.18004]
[    0.17972]
[     0.1794]
[    0.17908]
[    0.17876]
[    0.17845]
[    0.17813]
[    0.17782]
[     0.1775]
[    0.17719]
[    0.17688]
[    0.17657]
[    0.17627]
[    0.17596]
[    0.17565]
[    0.17535]
[    0.17504]
[    0.17474]
[    0.17444]
[    0.17414]
[    0.17384]
[    0.17354]
[    0.17324]
[    0.17295]
[    0.17265]
