     0/299     7.81G      8.12      31.6         0      39.8        18       608         0         0   0.00873         0       7.5      1.67         0
     1/299     7.81G      6.59      2.16         0      8.75        15       608         0         0  0.000357         0      6.34      1.68         0
     2/299     7.81G       5.5      1.85         0      7.34         8       608         0         0         0         0      5.57      1.49         0
     3/299     7.81G      5.18      1.76         0      6.93        18       608         0         0     0.116         0      5.14      1.23         0
     4/299     7.81G      5.03      1.47         0       6.5        17       608         0         0    0.0946         0      5.78      1.09         0
     5/299     7.81G      4.74      1.29         0      6.04        10       608    0.0173     0.106    0.0095    0.0298      5.88      5.72         0
     6/299     7.81G       4.8      1.08         0      5.88        16       608         0         0    0.0757         0      5.68      1.04         0
     7/299     7.81G      4.98      1.16         0      6.14        18       608         0         0    0.0556         0      6.16     0.986         0
     8/299     7.81G       4.7      1.17         0      5.87         8       608   0.00103   0.00885   0.00327   0.00185      5.53      2.96         0
     9/299     7.81G      4.46       1.2         0      5.65        17       608   0.00312    0.0177   0.00775    0.0053      5.36      1.89         0
    10/299     7.81G      4.34     0.947         0      5.29        20       608         0         0      0.08         0      4.96     0.884         0
    11/299     7.81G      4.29     0.956         0      5.25         8       608     0.849    0.0265     0.172    0.0515      5.06     0.841         0
    12/299     7.81G      4.11     0.876         0      4.99        19       608     0.181    0.0354     0.119    0.0592      4.92     0.877         0
    13/299     7.81G      4.35      0.94         0      5.29        13       608         0         0    0.0787         0      4.98      0.82         0
    14/299     7.81G       4.3     0.846         0      5.14         7       608     0.444     0.113     0.228     0.181      5.17     0.699         0
    15/299     7.81G      4.38     0.839         0      5.22        15       608         0         0     0.105         0      5.41     0.728         0
    16/299     7.81G      4.07     0.885         0      4.96        17       608     0.751   0.00885    0.0844    0.0175      5.04     0.734         0
    17/299     7.81G      4.28     0.784         0      5.07         8       608         0         0     0.206         0      4.91     0.656         0
    18/299     7.81G      3.96     0.719         0      4.68        17       608     0.521    0.0292     0.241    0.0553      4.72      0.66         0
    19/299     7.81G      4.04      0.73         0      4.77        16       608     0.536    0.0354     0.148    0.0664      5.09     0.627         0
    20/299     7.81G      3.99     0.784         0      4.77         6       608         1   0.00885     0.356    0.0175      4.53     0.656         0
    21/299     7.81G      4.07     0.724         0      4.79        17       608     0.359    0.0708     0.131     0.118      5.22     0.581         0
    22/299     7.81G      3.82     0.765         0      4.58        18       608         1   0.00885       0.2    0.0175      6.21     0.571         0
    23/299     7.81G      3.99     0.702         0       4.7         7       608     0.405    0.0265     0.145    0.0498      5.71     0.544         0
    24/299     7.81G      3.91     0.716         0      4.62        17       608     0.537     0.212     0.232     0.304      4.75     0.604         0
    25/299     7.81G      3.83     0.696         0      4.52        19       608     0.241    0.0354      0.22    0.0617      4.52     0.608         0
    26/299     7.81G      3.79     0.679         0      4.46         6       608     0.522      0.15     0.239     0.234      4.63     0.596         0
    27/299     7.81G      3.55     0.687         0      4.24        19       608     0.505     0.216     0.213     0.303      5.51     0.554         0
    28/299     7.81G      3.77     0.687         0      4.46        18       608     0.204     0.186    0.0912     0.195      4.97     0.601         0
    29/299     7.81G      3.53     0.636         0      4.17         8       608     0.598     0.265     0.365     0.368      5.12     0.514         0
    30/299     7.81G      3.71     0.631         0      4.34        12       608     0.524     0.389     0.352     0.446      4.79     0.551         0
    31/299     7.81G      3.76     0.652         0      4.41        20       608     0.627     0.239     0.409     0.346      4.49     0.572         0
    32/299     7.81G      3.42     0.665         0      4.08         8       608      0.67     0.323     0.437     0.436       4.2     0.609         0
    33/299     7.81G      3.24     0.687         0      3.93        21       608     0.635     0.398     0.422     0.489      4.44     0.596         0
    34/299     7.81G      3.36     0.682         0      4.04        24       608     0.677     0.446     0.487     0.538      4.24     0.569         0
    35/299     7.81G      3.27     0.677         0      3.95         8       608     0.427     0.301     0.275     0.353      4.66     0.572         0
    36/299     7.81G      3.33     0.631         0      3.96        15       608     0.509     0.442     0.376     0.473      4.21     0.595         0
    37/299     7.81G      3.42     0.572         0      3.99        20       608     0.619      0.36     0.487     0.455      4.15     0.564         0
    38/299     7.81G      3.22     0.658         0      3.88        12       608     0.734     0.464     0.578     0.568      4.09     0.539         0
    39/299     7.81G      3.26     0.601         0      3.86        12       608     0.667     0.487     0.581     0.563      3.99     0.567         0
    40/299     7.81G       3.1      0.57         0      3.67        15       608     0.806     0.404     0.608     0.538      3.93     0.569         0
    41/299     7.81G      2.95     0.575         0      3.53         4       608     0.684     0.478     0.527     0.563      4.05     0.536         0
    42/299     7.81G         3     0.596         0       3.6        19       608     0.698     0.566      0.62     0.625      3.99     0.521         0
    43/299     7.81G      3.02     0.617         0      3.63        13       608      0.69     0.646      0.65     0.667      3.97     0.486         0
    44/299     7.81G      3.35     0.569         0      3.92         6       608     0.803     0.469     0.665     0.592      4.12     0.477         0
    45/299     7.81G      2.76     0.595         0      3.35        19       608     0.755     0.572     0.682     0.651      3.94     0.492         0
    46/299     7.81G      3.02     0.538         0      3.56        15       608     0.765     0.398     0.533     0.524      3.84     0.496         0
    47/299     7.81G      2.86     0.504         0      3.37         3       608     0.755      0.46     0.597     0.572      3.85     0.467         0
    48/299     7.81G      2.83     0.503         0      3.33        12       608     0.678     0.465     0.611     0.552      3.61     0.483         0
    49/299     7.81G      3.02     0.496         0      3.52        18       608      0.71     0.412     0.512     0.521      4.25     0.462         0
    50/299     7.81G      2.83     0.537         0      3.37         7       608     0.719     0.425     0.512     0.534      3.97     0.518         0
    51/299     7.81G      2.68     0.555         0      3.23        21       608     0.673     0.564     0.637     0.614      3.64      0.53         0
    52/299     7.81G      2.63     0.511         0      3.15        19       608     0.713     0.522     0.641     0.603      3.75     0.485         0
    53/299     7.81G      2.71      0.47         0      3.18         7       608     0.745     0.544      0.63     0.629      3.45     0.482         0
    54/299     7.81G      2.76     0.492         0      3.26        13       608     0.756      0.54     0.652      0.63      3.82     0.439         0
    55/299     7.81G      2.58     0.481         0      3.06        19       608     0.758     0.582     0.667     0.659      3.68     0.445         0
    56/299     7.81G      2.95      0.48         0      3.43        11       608     0.837     0.317     0.618      0.46      3.84     0.472         0
    57/299     7.81G      2.78     0.502         0      3.28        19       608     0.777     0.524     0.699     0.626      3.55     0.465         0
    58/299     7.81G      2.64     0.471         0      3.11        19       608     0.829     0.472     0.661     0.601      3.68     0.444         0
    59/299     7.81G      2.57     0.431         0         3         8       608     0.854      0.46     0.643     0.598      3.59     0.447         0
    60/299     7.81G      2.58     0.497         0      3.08        15       608     0.783     0.628     0.707     0.697      3.58     0.421         0
    61/299     7.81G      2.55      0.47         0      3.02        19       608     0.757     0.637     0.678     0.692      3.65     0.408         0
    62/299     7.81G      2.62     0.432         0      3.05         7       608     0.672     0.619     0.621     0.645      3.79     0.397         0
    63/299     7.81G      2.55     0.426         0      2.98        22       608      0.74     0.664     0.701       0.7      3.56     0.403         0
    64/299     7.81G      2.75     0.392         0      3.14        19       608     0.793     0.711     0.763     0.749      3.52     0.407         0
    65/299     7.81G      2.46     0.462         0      2.92         7       608     0.648     0.761     0.708       0.7      3.49     0.432         0
    66/299     7.81G      2.65     0.453         0       3.1        17       608     0.787     0.623     0.726     0.695      3.65     0.413         0
    67/299     7.81G      2.55     0.481         0      3.03        16       608     0.704     0.628     0.689     0.664      3.82     0.401         0
    68/299     7.81G      2.52     0.432         0      2.96         8       608     0.733     0.704     0.715     0.718      3.62     0.419         0
    69/299     7.81G      2.27     0.438         0      2.71        21       608     0.695     0.681     0.712     0.688      3.53     0.406         0
    70/299     7.81G      2.51     0.389         0       2.9        22       608     0.657     0.728     0.702      0.69      3.75     0.389         0
    71/299     7.81G      2.43     0.419         0      2.85         6       608     0.698     0.637     0.687     0.666      3.49     0.405         0
    72/299     7.81G      2.36     0.417         0      2.78        26       608      0.74     0.655     0.736     0.695      3.34     0.416         0
    73/299     7.81G      2.29     0.399         0      2.68        25       608     0.678     0.746     0.745     0.711      3.23     0.417         0
    74/299     7.81G       2.4     0.414         0      2.81         8       608     0.698     0.715     0.745     0.706       3.3      0.41         0
    75/299     7.81G      2.49     0.401         0      2.89        23       608     0.708     0.611     0.702     0.656      3.72     0.398         0
    76/299     7.81G      2.31     0.407         0      2.72        15       608     0.735     0.735     0.755     0.735      3.41     0.409         0
    77/299     7.81G      2.19     0.406         0       2.6        13       608     0.791     0.761     0.796     0.776      3.33     0.412         0
    78/299     7.81G      2.41     0.355         0      2.76        16       608     0.814     0.657      0.76     0.727      3.45     0.408         0
    79/299     7.81G       2.3     0.416         0      2.72        12       608     0.879     0.706     0.812     0.783      3.32     0.399         0
    80/299     7.81G      2.21      0.32         0      2.53         5       608     0.769     0.779     0.798     0.774      3.22     0.421         0
    81/299     7.81G      2.15     0.399         0      2.55        16       608     0.714     0.686     0.711       0.7      3.42     0.443         0
    82/299     7.81G       2.2     0.397         0      2.59        14       608     0.761      0.69     0.743     0.724      3.29      0.44         0
    83/299     7.81G      2.05     0.335         0      2.38         5       608     0.679     0.655     0.698     0.667      3.49     0.402         0
    84/299     7.81G      2.29     0.371         0      2.66        17       608     0.766     0.699     0.741     0.731      3.61     0.392         0
    85/299     7.81G       2.2     0.353         0      2.56        13       608     0.671     0.708     0.738     0.689      3.35     0.417         0
    86/299     7.81G      2.13     0.339         0      2.46        10       608     0.667     0.744     0.721     0.703      3.43     0.402         0
    87/299     7.81G      2.26     0.386         0      2.65        23       608     0.704     0.653     0.708     0.677      3.48     0.407         0
    88/299     7.81G      2.18     0.388         0      2.57        19       608     0.719      0.77     0.778     0.743      3.44     0.428         0
    89/299     7.81G      2.07     0.367         0      2.44         7       608      0.74     0.761     0.749      0.75      3.58      0.43         0
    90/299     7.81G      1.99     0.401         0      2.39        18       608     0.782     0.805     0.821     0.793      3.27     0.411         0
    91/299     7.81G      2.18     0.372         0      2.56        15       608     0.786     0.752     0.811     0.769      3.38     0.395         0
    92/299     7.81G      2.15      0.36         0      2.51         9       608     0.803     0.758     0.784      0.78       3.2     0.407         0
    93/299     7.81G      2.19     0.387         0      2.58        22       608     0.788     0.625     0.688     0.697      3.48     0.422         0
    94/299     7.81G      1.91     0.365         0      2.27        25       608     0.752     0.681     0.719     0.715      3.49     0.414         0
    95/299     7.81G      2.11     0.358         0      2.47         4       608     0.787     0.735     0.786      0.76      3.44      0.39         0
    96/299     7.81G      1.97     0.354         0      2.32        19       608     0.723     0.735     0.724     0.729      3.43     0.397         0
    97/299     7.81G      2.01     0.355         0      2.37        19       608     0.696     0.752     0.712     0.723       3.5     0.391         0
    98/299     7.81G      2.15     0.365         0      2.51        13       608     0.762     0.735     0.748     0.748      3.42     0.392         0
    99/299     7.81G      1.93     0.369         0       2.3        15       608      0.73     0.761      0.77     0.745      3.24     0.402         0
   100/299     7.81G      2.06     0.326         0      2.39        20       608     0.696     0.708     0.713     0.702      3.39     0.424         0
   101/299     7.81G      2.04     0.366         0      2.41         6       608     0.759     0.699     0.726     0.728      3.53     0.404         0
   102/299     7.81G      1.96     0.326         0      2.28        15       608     0.709      0.69     0.687     0.699      3.54      0.39         0
   103/299     7.81G      2.03     0.338         0      2.37        19       608     0.745      0.69     0.723     0.717      3.48      0.38         0
   104/299     7.81G      1.93     0.368         0       2.3         5       608     0.724     0.717     0.716     0.721      3.57     0.377         0
   105/299     7.81G      2.17      0.33         0       2.5        23       608     0.725     0.717     0.723     0.721      3.37     0.384         0
   106/299     7.81G      1.98     0.347         0      2.33        18       608     0.707     0.726     0.724     0.716      3.52     0.387         0
   107/299     7.81G      1.79     0.328         0      2.12         8       608     0.661     0.726     0.697     0.692      3.52       0.4         0
   108/299     7.81G         2     0.354         0      2.36        16       608     0.774     0.752     0.798     0.763      3.34     0.399         0
   109/299     7.81G      1.87     0.343         0      2.22        19       608     0.731     0.768     0.787     0.749      3.28     0.404         0
   110/299     7.81G      1.89     0.345         0      2.24         8       608       0.7     0.699     0.716     0.699       3.5     0.398         0
   111/299     7.81G      1.71     0.324         0      2.03        15       608     0.728     0.758     0.787     0.743       3.3     0.402         0
   112/299     7.81G      1.86     0.317         0      2.18        14       608     0.766     0.761     0.777     0.763      3.36     0.379         0
   113/299     7.81G      1.93     0.287         0      2.21         8       608     0.736     0.726     0.747     0.731       3.3     0.394         0
   114/299     7.81G      1.88     0.318         0       2.2        16       608      0.79     0.697     0.751     0.741      3.18     0.411         0
   115/299     7.81G      1.79     0.311         0       2.1        20       608     0.766     0.726     0.779     0.746      3.21     0.403         0
   116/299     7.81G      1.78     0.296         0      2.07         9       608     0.773     0.743     0.783     0.758       3.2     0.399         0
   117/299     7.81G       1.7     0.305         0      2.01        22       608     0.805     0.788     0.816     0.796      3.13     0.399         0
   118/299     7.81G      1.84     0.295         0      2.13        17       608     0.803      0.77     0.822     0.786      3.23     0.397         0
   119/299     7.81G      1.85     0.298         0      2.15         9       608     0.836     0.722     0.789     0.775      3.22     0.406         0
   120/299     7.81G      1.79     0.313         0       2.1        12       608     0.729     0.713     0.743     0.721      3.31     0.417         0
   121/299     7.81G      1.95     0.294         0      2.24        10       608     0.767     0.726     0.766     0.746      3.31     0.418         0
   122/299     7.81G      1.87     0.301         0      2.17         6       608     0.788     0.735     0.755      0.76      3.23     0.418         0
   123/299     7.81G      1.63      0.29         0      1.91        20       608     0.737     0.769     0.773     0.753       3.1     0.416         0
   124/299     7.81G      1.64     0.308         0      1.95        14       608     0.713     0.761     0.764     0.736      3.28     0.409         0
   125/299     7.81G      1.72     0.306         0      2.02         8       608     0.718     0.761     0.765     0.739      3.31     0.404         0
   126/299     7.81G      1.79       0.3         0      2.09        13       608     0.711     0.742     0.766     0.726      3.22     0.408         0
   127/299     7.81G      1.72     0.284         0         2        19       608     0.686     0.743     0.764     0.714      3.36     0.413         0
   128/299     7.81G       1.7      0.29         0      1.99         5       608     0.727     0.707      0.77     0.717      3.29     0.441         0
   129/299     7.81G      1.57     0.283         0      1.86        20       608     0.732     0.726     0.764     0.729      3.26     0.426         0
   130/299     7.81G      1.71     0.288         0         2        19       608     0.716     0.735     0.761     0.725      3.34     0.409         0
   131/299     7.81G      1.59     0.283         0      1.87         7       608      0.74     0.752     0.773     0.746      3.23     0.408         0
   132/299     7.81G      1.62     0.288         0      1.91        18       608      0.78     0.726     0.777     0.752      3.24     0.412         0
   133/299     7.81G      1.66     0.318         0      1.97        21       608     0.808     0.717     0.763      0.76      3.28     0.418         0
   134/299     7.81G      1.56     0.271         0      1.83         5       608     0.779     0.752     0.763     0.766      3.18     0.404         0
   135/299     7.81G      1.62     0.273         0      1.89        22       608      0.74     0.732     0.747     0.736      3.26     0.396         0
   136/299     7.81G      1.52      0.28         0       1.8        21       608     0.692     0.796     0.763     0.741       3.2      0.39         0
   137/299     7.81G      1.67     0.284         0      1.96         6       608     0.703     0.779     0.747     0.739      3.23     0.394         0
   138/299     7.81G      1.47      0.26         0      1.73        25       608     0.741     0.758     0.759     0.749      3.32     0.384         0
   139/299     7.81G      1.48     0.267         0      1.75        14       608     0.781     0.788     0.799     0.784      3.26     0.378         0
   140/299     7.81G      1.48     0.258         0      1.73         8       608      0.76     0.785     0.782     0.772      3.27      0.38         0
   141/299     7.81G      1.43     0.242         0      1.67        13       608     0.768     0.788     0.793     0.778      3.12     0.389         0
   142/299     7.81G      1.57     0.256         0      1.82        15       608     0.759     0.761     0.766      0.76      3.43     0.396         0
   143/299     7.81G      1.63     0.274         0       1.9        10       608     0.772     0.748     0.788     0.759      3.32     0.404         0
   144/299     7.81G      1.43     0.281         0      1.71        21       608     0.737     0.788     0.791     0.762      3.25     0.411         0
   145/299     7.81G      1.62     0.263         0      1.88        21       608     0.762     0.792     0.791     0.776      3.26     0.416         0
   146/299     7.81G      1.43     0.257         0      1.69        10       608     0.742     0.738     0.771      0.74      3.31     0.409         0
   147/299     7.81G      1.41     0.282         0      1.69        19       608     0.743     0.743     0.761     0.743      3.38     0.406         0
   148/299     7.81G      1.48     0.268         0      1.75        16       608     0.748      0.79      0.79     0.769      3.25       0.4         0
   149/299     7.81G      1.58      0.25         0      1.83         7       608     0.764     0.746      0.77     0.755      3.33      0.41         0
   150/299     7.81G      1.52     0.255         0      1.78        16       608      0.79     0.717      0.78     0.752      3.23     0.417         0
   151/299     7.81G      1.44     0.269         0      1.71        19       608     0.771     0.684     0.755     0.725      3.26     0.426         0
   152/299     7.81G      1.35     0.263         0      1.62         5       608     0.747     0.783     0.751     0.764      3.28     0.419         0
   153/299     7.81G      1.39     0.253         0      1.65        22       608     0.772      0.78      0.76     0.776      3.31     0.405         0
   154/299     7.81G      1.38      0.25         0      1.63        15       608     0.773     0.814     0.779     0.793      3.38     0.388         0
   155/299     7.81G      1.35     0.234         0      1.59         8       608     0.757     0.826     0.811      0.79      3.21     0.384         0
   156/299     7.81G      1.55     0.257         0      1.81        15       608     0.769     0.823     0.809     0.795      3.29      0.39         0
   157/299     7.81G       1.4     0.231         0      1.63        12       608     0.771     0.823     0.782     0.796      3.17     0.402         0
   158/299     7.81G      1.31     0.278         0      1.58         7       608     0.767     0.815     0.785      0.79      3.22     0.403         0
   159/299     7.81G      1.37     0.224         0       1.6        14       608     0.778     0.814     0.797     0.796      3.18     0.408         0
   160/299     7.81G      1.29     0.222         0      1.52        18       608     0.782     0.796     0.784     0.789      3.18     0.412         0
   161/299     7.81G      1.36     0.242         0       1.6        10       608     0.788     0.779     0.782     0.784       3.2     0.406         0
   162/299     7.81G      1.35     0.249         0       1.6        19       608     0.818     0.796     0.783     0.807      3.29     0.395         0
   163/299     7.81G      1.27     0.229         0       1.5        18       608     0.809     0.814      0.79     0.811      3.21     0.397         0
   164/299     7.81G      1.32     0.235         0      1.56        12       608     0.754     0.814     0.762     0.783      3.22     0.407         0
   165/299     7.81G      1.29     0.238         0      1.53        14       608     0.744     0.799     0.785     0.771      3.14     0.413         0
   166/299     7.81G      1.35     0.263         0      1.61        19       608     0.804     0.761     0.782     0.782      3.22      0.42         0
   167/299     7.81G      1.21     0.245         0      1.45         7       608     0.792     0.779     0.779     0.785      3.21     0.421         0
   168/299     7.81G      1.22     0.231         0      1.46        19       608     0.787     0.788     0.777     0.787      3.21     0.416         0
   169/299     7.81G      1.28     0.241         0      1.52        16       608      0.78     0.779     0.771     0.779      3.26      0.42         0
   170/299     7.81G      1.26     0.244         0      1.51         4       608     0.758      0.75     0.757     0.754       3.2     0.424         0
   171/299     7.81G      1.29     0.238         0      1.53        30       608     0.738     0.752     0.759     0.745      3.25     0.435         0
   172/299     7.81G      1.28     0.231         0      1.51        14       608     0.744      0.77     0.776     0.757      3.21     0.431         0
   173/299     7.81G      1.26     0.224         0      1.49         7       608     0.771     0.777     0.779     0.774      3.21     0.432         0
   174/299     7.81G      1.16     0.241         0       1.4        19       608     0.749     0.743     0.762     0.746      3.31     0.434         0
   175/299     7.81G      1.22     0.243         0      1.46        19       608     0.771     0.779     0.775     0.775      3.16     0.436         0
   176/299     7.81G      1.23     0.202         0      1.44         8       608     0.746     0.808     0.785     0.776      3.13     0.436         0
   177/299     7.81G      1.21     0.221         0      1.43        11       608     0.757     0.805     0.783     0.781      3.18     0.432         0
   178/299     7.81G      1.24     0.232         0      1.47        19       608     0.768     0.788     0.779     0.778      3.19     0.431         0
   179/299     7.81G       1.1      0.22         0      1.32         8       608     0.782     0.792     0.792     0.787      3.19     0.427         0
   180/299     7.81G      1.15     0.234         0      1.39        15       608       0.8     0.823     0.774     0.811      3.12     0.426         0
   181/299     7.81G      1.14     0.225         0      1.37        21       608     0.803     0.814     0.775     0.809      3.17     0.431         0
   182/299     7.81G      1.19     0.208         0       1.4         6       608     0.736     0.764     0.728     0.749       3.4      0.44         0
   183/299     7.81G       1.1     0.218         0      1.32        17       608     0.736     0.814     0.757     0.773      3.24     0.437         0
   184/299     7.81G      1.23     0.232         0      1.46        15       608     0.753     0.788     0.748      0.77      3.29     0.431         0
   185/299     7.81G      1.19     0.225         0      1.41         7       608     0.759     0.796     0.764     0.777      3.28     0.426         0
   186/299     7.81G       1.2     0.231         0      1.43        14       608     0.775     0.796     0.769     0.786      3.29     0.424         0
   187/299     7.81G      1.14     0.203         0      1.34        15       608     0.761     0.805     0.768     0.783      3.44     0.418         0
   188/299     7.81G      1.15     0.234         0      1.38         7       608     0.731     0.796     0.742     0.762      3.27     0.424         0
   189/299     7.81G      1.19     0.224         0      1.41        18       608     0.746     0.805     0.768     0.774      3.29     0.423         0
   190/299     7.81G      1.14     0.214         0      1.36        20       608     0.748      0.77     0.754     0.759      3.28     0.418         0
   191/299     7.81G      1.17     0.208         0      1.37         8       608     0.748     0.787     0.791     0.767       3.3     0.422         0
   192/299     7.81G      1.16     0.203         0      1.36        17       608     0.753      0.81     0.787      0.78      3.25     0.429         0
   193/299     7.81G     0.991     0.217         0      1.21        16       608     0.746     0.814     0.786     0.778      3.42     0.429         0
   194/299     7.81G      1.08     0.193         0      1.27         5       608     0.733     0.826     0.793     0.777      3.31     0.428         0
   195/299     7.81G      1.08     0.213         0      1.29        13       608     0.699     0.823     0.769     0.756      3.32      0.43         0
   196/299     7.81G      1.03     0.214         0      1.24        18       608     0.728     0.823     0.769     0.772      3.23     0.425         0
   197/299     7.81G       1.1     0.201         0       1.3         8       608     0.743     0.805      0.77     0.773      3.24     0.427         0
   198/299     7.81G     0.992      0.22         0      1.21        21       608     0.761     0.805     0.775     0.783      3.16      0.43         0
   199/299     7.81G      1.02     0.199         0      1.22        16       608     0.746     0.788     0.788     0.766      3.16     0.429         0
   200/299     7.81G      1.04     0.191         0      1.23         8       608     0.758     0.805     0.784     0.781      3.19     0.432         0
   201/299     7.81G      1.06     0.204         0      1.27        13       608     0.721     0.814     0.797     0.765      3.13     0.436         0
   202/299     7.81G     0.998     0.229         0      1.23        19       608       0.7     0.814     0.781     0.753      3.21     0.434         0
   203/299     7.81G      1.03     0.201         0      1.23         8       608     0.699     0.814     0.777     0.752      3.24     0.433         0
   204/299     7.81G      1.01      0.21         0      1.22        16       608     0.697     0.823     0.793     0.755      3.22     0.433         0
   205/299     7.81G     0.995     0.199         0      1.19        15       608     0.682     0.841     0.812     0.753      3.18     0.439         0
   206/299     7.81G      1.01     0.188         0       1.2         5       608     0.697     0.832     0.804     0.758      3.21     0.447         0
   207/299     7.81G     0.987     0.186         0      1.17        17       608     0.682     0.814     0.783     0.742      3.14     0.449         0
   208/299     7.81G     0.966     0.204         0      1.17        18       608     0.756     0.841     0.813     0.796      3.09     0.448         0
   209/299     7.81G      1.01     0.209         0      1.22         9       608     0.771     0.832     0.806       0.8      3.13     0.445         0
   210/299     7.81G     0.967     0.198         0      1.16        19       608     0.793     0.832     0.818     0.812      3.07     0.443         0
   211/299     7.81G      0.99     0.193         0      1.18        15       608     0.824     0.841     0.841     0.832      3.08     0.444         0
   212/299     7.81G     0.983     0.183         0      1.17         5       608     0.807     0.815      0.84     0.811      3.06     0.443         0
   213/299     7.81G     0.955     0.179         0      1.13        21       608     0.776     0.796     0.805     0.785      3.14     0.443         0
   214/299     7.81G     0.971     0.199         0      1.17        20       608     0.776     0.805     0.791      0.79       3.1     0.445         0
   215/299     7.81G     0.896     0.181         0      1.08         6       608     0.758     0.814      0.81     0.785      3.14     0.443         0
   216/299     7.81G      0.95      0.18         0      1.13        17       608     0.776     0.823     0.823     0.799      3.11     0.445         0
   217/299     7.81G     0.926     0.187         0      1.11        12       608     0.737     0.814     0.813     0.774      3.14     0.438         0
   218/299     7.81G     0.878     0.196         0      1.07         5       608     0.721     0.801     0.788     0.759      3.22      0.43         0
   219/299     7.81G      1.04     0.185         0      1.23        15       608     0.725     0.815     0.802     0.767      3.21     0.427         0
   220/299     7.81G     0.962     0.186         0      1.15        19       608     0.759      0.81     0.801     0.784      3.22     0.425         0
   221/299     7.81G      0.95     0.194         0      1.14         6       608     0.771     0.796     0.802     0.784      3.22      0.43         0
   222/299     7.81G     0.893     0.187         0      1.08        17       608     0.738     0.799     0.789     0.768      3.21     0.435         0
   223/299     7.81G     0.921      0.18         0       1.1        18       608     0.746     0.805     0.797     0.774      3.18     0.436         0
   224/299     7.81G     0.888     0.195         0      1.08         7       608     0.726     0.805     0.781     0.764      3.18     0.439         0
   225/299     7.81G     0.892     0.189         0      1.08        21       608     0.724     0.788     0.776     0.755      3.27      0.44         0
   226/299     7.81G     0.916      0.16         0      1.08        18       608     0.728      0.77     0.783     0.748      3.24     0.435         0
   227/299     7.81G     0.888     0.179         0      1.07         4       608     0.736     0.765     0.791      0.75      3.25     0.434         0
   228/299     7.81G     0.931     0.207         0      1.14        20       608      0.75     0.796     0.798     0.773      3.23     0.435         0
   229/299     7.81G     0.887     0.199         0      1.09        18       608     0.767     0.823     0.802     0.794      3.22     0.435         0
   230/299     7.81G     0.859     0.187         0      1.05         6       608     0.762     0.814     0.805     0.787      3.19     0.439         0
   231/299     7.81G     0.818     0.174         0     0.993        16       608     0.782     0.796     0.805     0.789      3.16     0.439         0
   232/299     7.81G     0.825      0.19         0      1.02        25       608     0.773     0.813     0.804     0.793      3.13     0.441         0
   233/299     7.81G     0.873     0.185         0      1.06         9       608     0.772     0.841     0.819     0.805      3.07     0.438         0
   234/299     7.81G     0.876     0.178         0      1.05        16       608     0.771     0.823     0.808     0.796      3.09     0.436         0
   235/299     7.81G     0.871     0.205         0      1.08        21       608     0.762     0.832     0.807     0.795      3.11     0.438         0
   236/299     7.81G     0.855      0.19         0      1.05         8       608      0.76     0.832     0.801     0.794      3.09      0.44         0
   237/299     7.81G     0.844     0.176         0      1.02        20       608     0.754     0.832     0.797     0.791      3.13     0.443         0
   238/299     7.81G       0.9     0.188         0      1.09        17       608     0.744     0.832     0.793     0.786      3.18     0.444         0
   239/299     7.81G     0.896     0.184         0      1.08         7       608     0.754     0.832     0.796     0.791      3.18     0.444         0
   240/299     7.81G     0.878     0.185         0      1.06        20       608     0.756     0.823     0.798     0.788      3.17     0.441         0
   241/299     7.81G     0.832     0.162         0     0.994        14       608     0.758     0.814     0.795     0.785      3.14     0.439         0
   242/299     7.81G      0.77     0.162         0     0.931         9       608     0.754     0.796     0.785     0.774      3.13     0.439         0
   243/299     7.81G     0.837     0.175         0      1.01        20       608     0.748     0.788     0.769     0.767      3.18      0.44         0
   244/299     7.81G     0.799     0.164         0     0.963        12       608     0.753     0.796      0.78     0.774      3.14      0.44         0
   245/299     7.81G     0.858     0.193         0      1.05         7       608     0.758     0.804     0.788     0.781      3.11     0.439         0
   246/299     7.81G     0.818     0.169         0     0.987        15       608     0.756     0.805     0.801      0.78      3.08     0.442         0
   247/299     7.81G      0.83     0.188         0      1.02        22       608     0.749     0.805     0.789     0.776      3.06     0.444         0
   248/299     7.81G     0.797     0.184         0     0.981        11       608     0.758     0.823     0.805     0.789      3.08     0.444         0
   249/299     7.81G     0.783     0.171         0     0.954        13       608     0.744     0.823     0.796     0.782      3.08     0.444         0
   250/299     7.81G     0.771     0.159         0     0.929        20       608     0.745     0.823     0.794     0.782      3.09     0.445         0
   251/299     7.81G     0.769     0.149         0     0.918         9       608     0.755     0.823     0.794     0.788      3.11     0.448         0
   252/299     7.81G     0.747     0.159         0     0.905        21       608      0.75     0.814     0.773     0.781      3.15     0.451         0
   253/299     7.81G     0.815     0.167         0     0.982        19       608     0.758     0.805      0.78     0.781      3.15     0.456         0
   254/299     7.81G     0.781     0.146         0     0.926         7       608     0.748     0.814     0.781     0.779      3.13     0.457         0
   255/299     7.81G     0.759     0.161         0      0.92        24       608     0.749     0.817     0.782     0.781      3.16     0.457         0
   256/299     7.81G     0.813     0.171         0     0.983        24       608     0.769     0.823     0.794     0.795      3.13     0.455         0
   257/299     7.81G     0.775     0.157         0     0.932         6       608     0.754     0.796     0.791     0.775      3.14     0.458         0
   258/299     7.81G     0.786     0.146         0     0.932        17       608     0.767     0.814     0.788     0.789      3.13     0.458         0
   259/299     7.81G     0.743     0.169         0     0.913        17       608     0.753     0.814     0.796     0.782      3.14     0.461         0
   260/299     7.81G     0.722     0.152         0     0.874         8       608     0.763     0.814     0.796     0.788      3.11     0.462         0
   261/299     7.81G     0.746     0.157         0     0.903        21       608     0.786     0.823     0.808     0.804      3.09     0.462         0
   262/299     7.81G     0.813     0.192         0      1.01        20       608      0.77     0.805     0.795     0.787      3.09     0.462         0
   263/299     7.81G     0.768     0.181         0     0.949        15       608     0.775     0.796     0.799     0.786      3.11     0.464         0
   264/299     7.81G     0.747     0.155         0     0.902        16       608     0.759     0.805     0.801     0.781      3.11     0.463         0
   265/299     7.81G     0.753     0.162         0     0.915        29       608     0.758     0.805     0.801     0.781      3.11     0.462         0
   266/299     7.81G     0.827     0.157         0     0.984         8       608     0.768     0.814       0.8     0.791       3.1     0.461         0
   267/299     7.81G     0.752     0.158         0      0.91        19       608     0.768      0.82     0.808     0.793      3.11     0.459         0
   268/299     7.81G     0.791     0.158         0     0.949        16       608      0.77     0.832     0.818       0.8      3.11     0.458         0
   269/299     7.81G     0.738     0.143         0     0.882         7       608     0.767     0.832     0.806     0.798      3.13      0.46         0
   270/299     7.81G      0.73     0.165         0     0.895        16       608     0.763     0.825     0.804     0.793      3.11      0.46         0
   271/299     7.81G     0.764     0.172         0     0.936        15       608     0.756     0.814     0.797     0.784      3.12      0.46         0
   272/299     7.81G     0.757     0.182         0     0.939         6       608     0.751     0.814     0.796     0.782      3.12     0.459         0
   273/299     7.81G     0.709     0.168         0     0.877        19       608      0.75     0.814     0.791     0.781      3.12      0.46         0
   274/299     7.81G      0.74     0.177         0     0.916        15       608     0.752     0.814     0.788     0.782      3.14      0.46         0
   275/299     7.81G     0.721     0.156         0     0.877        13       608     0.757     0.823     0.791     0.789      3.12     0.459         0
   276/299     7.81G     0.678     0.152         0      0.83        20       608     0.752     0.823     0.793     0.786      3.14     0.459         0
   277/299     7.81G     0.772     0.181         0     0.953        19       608     0.754     0.823     0.792     0.787      3.14     0.459         0
   278/299     7.81G     0.737     0.153         0      0.89         7       608     0.763     0.823     0.792     0.792       3.1     0.459         0
   279/299     7.81G     0.711     0.148         0     0.859        23       608     0.765     0.823     0.793     0.793       3.1     0.461         0
   280/299     7.81G      0.73     0.162         0     0.892        14       608     0.765     0.814     0.793     0.789      3.11     0.464         0
   281/299     7.81G      0.74     0.163         0     0.904         6       608      0.77     0.832     0.802       0.8      3.11     0.464         0
   282/299     7.81G     0.713     0.169         0     0.882        13       608      0.76     0.815     0.791     0.787      3.14     0.466         0
   283/299     7.81G     0.713     0.158         0     0.871        21       608      0.76     0.814     0.793     0.786      3.13     0.465         0
   284/299     7.81G     0.724     0.164         0     0.888         8       608     0.764     0.831     0.794     0.796      3.15     0.463         0
   285/299     7.81G     0.741     0.168         0     0.908        15       608     0.755     0.823      0.79     0.787      3.13     0.462         0
   286/299     7.81G     0.744     0.176         0      0.92        23       608     0.763     0.832     0.794     0.796      3.14     0.461         0
   287/299     7.81G      0.69     0.162         0     0.852        12       608     0.751     0.814     0.789     0.782      3.15     0.463         0
   288/299     7.81G     0.715     0.164         0     0.878        13       608     0.759     0.805      0.79     0.781      3.17     0.463         0
   289/299     7.81G      0.73     0.189         0     0.918        22       608     0.764     0.802     0.791     0.783      3.18     0.467         0
   290/299     7.81G     0.723     0.148         0     0.871         8       608     0.757     0.796     0.791     0.776      3.18     0.466         0
   291/299     7.81G     0.703     0.181         0     0.884        23       608     0.754     0.796      0.79     0.774      3.17     0.468         0
   292/299     7.81G     0.712     0.162         0     0.874        24       608     0.751     0.799     0.788     0.774      3.16     0.468         0
   293/299     7.81G     0.731     0.188         0     0.919         5       608     0.751     0.802     0.787     0.776      3.13     0.469         0
   294/299     7.81G     0.721     0.146         0     0.867        17       608     0.754     0.812     0.788     0.782      3.13     0.468         0
   295/299     7.81G     0.708     0.162         0      0.87        23       608     0.757     0.814     0.787     0.785      3.13     0.469         0
   296/299     7.81G     0.721     0.155         0     0.876         8       608     0.755     0.814     0.792     0.783      3.14     0.466         0
   297/299     7.81G     0.657     0.142         0       0.8        16       608     0.756     0.823     0.794     0.788      3.13     0.465         0
   298/299     7.81G     0.682     0.162         0     0.845        16       608     0.755     0.814     0.787     0.783      3.13     0.467         0
   299/299     7.81G     0.704     0.154         0     0.858         5       608     0.751     0.814     0.788     0.781      3.14     0.469         0
