[          1]
[          1]
[          1]
[          1]
[          1]
[          1]
[          1]
[          1]
[          1]
[          1]
[          1]
[          1]
[          1]
[          1]
[          1]
[          1]
[          1]
[          1]
[          1]
[          1]
[          1]
[          1]
[          1]
[          1]
[          1]
[          1]
[          1]
[          1]
[          1]
[          1]
[          1]
[          1]
[          1]
[          1]
[          1]
[          1]
[          1]
[          1]
[          1]
[          1]
[          1]
[    0.97619]
[    0.97674]
[    0.97727]
[    0.95556]
[    0.95652]
[    0.95745]
[    0.95833]
[    0.95918]
[       0.96]
[    0.96078]
[    0.96154]
[    0.96226]
[    0.96296]
[    0.96364]
[    0.96429]
[    0.96491]
[    0.96552]
[     0.9661]
[    0.96667]
[    0.96721]
[    0.96774]
[    0.96825]
[    0.96875]
[    0.96923]
[     0.9697]
[    0.97015]
[    0.97059]
[    0.95652]
[    0.95714]
[    0.95775]
[    0.95833]
[     0.9589]
[    0.95946]
[       0.96]
[    0.96053]
[    0.96104]
[    0.96154]
[    0.96203]
[     0.9625]
[    0.96296]
[    0.96341]
[    0.96386]
[    0.96429]
[    0.96471]
[    0.96512]
[    0.96552]
[    0.96591]
[    0.96629]
[    0.96667]
[    0.96703]
[    0.96739]
[    0.95699]
[    0.95745]
[    0.95789]
[    0.95833]
[    0.95876]
[    0.95918]
[     0.9596]
[       0.96]
[     0.9604]
[    0.96078]
[    0.96117]
[    0.96154]
[     0.9619]
[    0.96226]
[    0.95327]
[     0.9537]
[    0.95413]
[    0.94545]
[    0.94595]
[     0.9375]
[    0.93805]
[     0.9386]
[    0.93913]
[    0.93966]
[    0.94017]
[    0.94068]
[    0.94118]
[    0.94167]
[    0.94215]
[    0.94262]
[    0.94309]
[    0.93548]
[      0.936]
[    0.93651]
[    0.93701]
[    0.92969]
[    0.93023]
[    0.93077]
[    0.92366]
[    0.92424]
[    0.91729]
[    0.91791]
[    0.91852]
[    0.91912]
[    0.91971]
[    0.91304]
[    0.91367]
[    0.90714]
[     0.9078]
[    0.90845]
[    0.90909]
[    0.90972]
[    0.91034]
[    0.90411]
[    0.90476]
[    0.90541]
[    0.90604]
[    0.90667]
[    0.90728]
[    0.90789]
[    0.90196]
[     0.9026]
[    0.90323]
[    0.90385]
[    0.90446]
[    0.90506]
[    0.90566]
[        0.9]
[    0.90062]
[    0.89506]
[    0.89571]
[    0.89024]
[    0.88485]
[    0.88554]
[    0.88623]
[     0.8869]
[    0.88757]
[    0.88824]
[    0.88889]
[    0.88953]
[    0.89017]
[     0.8908]
[    0.89143]
[    0.89205]
[    0.89266]
[    0.89326]
[    0.88827]
[    0.88889]
[     0.8895]
[    0.89011]
[    0.89071]
[     0.8913]
[    0.89189]
[    0.89247]
[    0.89305]
[     0.8883]
[    0.88889]
[    0.88421]
[    0.88482]
[    0.88542]
[    0.88601]
[     0.8866]
[    0.88718]
[    0.88776]
[    0.88832]
[    0.88889]
[    0.88945]
[       0.89]
[    0.89055]
[    0.89109]
[    0.89163]
[    0.89216]
[    0.89268]
[     0.8932]
[    0.89372]
[    0.89423]
[    0.89474]
[    0.89048]
[      0.891]
[    0.89151]
[    0.89202]
[    0.89252]
[    0.89302]
[    0.89352]
[    0.89401]
[     0.8945]
[    0.89498]
[    0.89091]
[    0.88688]
[    0.88739]
[    0.88789]
[    0.88839]
[    0.88889]
[    0.88938]
[    0.88987]
[    0.88596]
[    0.88646]
[    0.88696]
[    0.88745]
[    0.88793]
[    0.88841]
[    0.88889]
[    0.88936]
[    0.88983]
[     0.8903]
[    0.89076]
[    0.88703]
[     0.8875]
[    0.88382]
[     0.8843]
[    0.88066]
[    0.88115]
[    0.88163]
[    0.88211]
[    0.88259]
[    0.87903]
[    0.87952]
[       0.88]
[    0.87649]
[    0.87302]
[    0.86957]
[    0.87008]
[    0.87059]
[    0.87109]
[     0.8716]
[    0.87209]
[    0.86873]
[    0.86538]
[     0.8659]
[    0.86641]
[    0.86692]
[    0.86742]
[    0.86792]
[    0.86466]
[    0.86517]
[    0.86567]
[    0.86245]
[    0.86296]
[    0.85978]
[    0.85662]
[    0.85348]
[    0.85036]
[    0.84727]
[     0.8442]
[    0.84116]
[    0.83813]
[    0.83871]
[    0.83571]
[     0.8363]
[    0.83333]
[    0.83039]
[    0.82746]
[    0.82456]
[    0.82517]
[    0.82578]
[    0.82292]
[    0.82007]
[    0.81724]
[    0.81443]
[    0.81164]
[    0.81229]
[    0.80952]
[    0.80678]
[    0.80405]
[    0.80135]
[    0.79866]
[    0.79599]
[    0.79333]
[     0.7907]
[    0.79139]
[    0.78878]
[    0.78618]
[    0.78689]
[    0.78431]
[    0.78176]
[    0.77922]
[     0.7767]
[    0.77419]
[     0.7717]
[    0.76923]
[    0.76677]
[    0.76433]
[     0.7619]
[    0.75949]
[     0.7571]
[    0.75786]
[    0.75549]
[    0.75313]
[    0.75078]
[    0.74845]
[    0.74613]
[    0.74383]
[    0.74154]
[    0.73926]
[      0.737]
[    0.73476]
[    0.73252]
[     0.7303]
[     0.7281]
[     0.7259]
[    0.72372]
[    0.72156]
[     0.7194]
[    0.71726]
[    0.71513]
[    0.71302]
[    0.71091]
[    0.70882]
[    0.70674]
[    0.70468]
[    0.70262]
[    0.70058]
[    0.69855]
[    0.69653]
[    0.69452]
[    0.69253]
[    0.69054]
[    0.68857]
[    0.68661]
[    0.68466]
[    0.68272]
[    0.68079]
[    0.67887]
[    0.67697]
[    0.67507]
[    0.67318]
[    0.67409]
[    0.67222]
[    0.67036]
[    0.66851]
[    0.66667]
[    0.66484]
[    0.66301]
[     0.6612]
[     0.6594]
[    0.65761]
[    0.65583]
[    0.65405]
[    0.65229]
[    0.65054]
[    0.64879]
[    0.64706]
[    0.64533]
[    0.64362]
[    0.64191]
[    0.64021]
[    0.63852]
[    0.63684]
[    0.63517]
[    0.63351]
[    0.63185]
[    0.63021]
[    0.62857]
[    0.62694]
[    0.62532]
[    0.62371]
[    0.62211]
[    0.62308]
[    0.62148]
[     0.6199]
[    0.61832]
[    0.61675]
[    0.61519]
[    0.61364]
[    0.61209]
[    0.61055]
[    0.60902]
[     0.6075]
[    0.60599]
[    0.60448]
[    0.60298]
[    0.60149]
[        0.6]
[    0.60099]
[    0.59951]
[    0.59804]
[    0.59658]
[    0.59512]
[    0.59367]
[    0.59223]
[     0.5908]
[    0.58937]
[    0.58795]
[    0.58654]
[    0.58513]
[    0.58373]
[    0.58234]
[    0.58095]
[    0.57957]
[     0.5782]
[    0.57683]
[    0.57547]
[    0.57412]
[    0.57277]
[    0.57143]
[    0.57009]
[    0.56876]
[    0.56744]
[    0.56613]
[    0.56481]
[    0.56351]
[    0.56221]
[    0.56092]
[    0.55963]
[    0.55835]
[    0.55708]
[    0.55581]
[    0.55455]
[    0.55329]
[    0.55204]
[    0.55079]
[    0.54955]
[    0.54831]
[    0.54709]
[    0.54586]
[    0.54464]
[    0.54343]
[    0.54222]
[    0.54102]
[    0.53982]
[    0.53863]
[    0.53744]
[    0.53626]
[    0.53509]
[    0.53392]
[    0.53275]
[    0.53159]
[    0.53043]
[    0.52928]
[    0.52814]
[      0.527]
[    0.52586]
[    0.52688]
[    0.52575]
[    0.52463]
[     0.5235]
[    0.52239]
[    0.52128]
[    0.52017]
[    0.51907]
[    0.51797]
[    0.51688]
[    0.51579]
[    0.51471]
[    0.51363]
[    0.51255]
[    0.51148]
[    0.51042]
[    0.50936]
[     0.5083]
[    0.50725]
[     0.5062]
[    0.50515]
[    0.50412]
[    0.50308]
[    0.50205]
[    0.50102]
[        0.5]
[    0.49898]
[    0.49797]
[    0.49696]
[    0.49595]
[    0.49495]
[    0.49395]
[    0.49296]
[    0.49398]
[    0.49299]
[      0.492]
[    0.49102]
[    0.49004]
[    0.48907]
[     0.4881]
[    0.48713]
[    0.48617]
[    0.48521]
[    0.48425]
[     0.4833]
[    0.48235]
[    0.48141]
[    0.48047]
[    0.47953]
[     0.4786]
[    0.47767]
[    0.47674]
[    0.47582]
[     0.4749]
[    0.47399]
[    0.47308]
[    0.47217]
[    0.47126]
[    0.47036]
[    0.46947]
[    0.46857]
[    0.46768]
[    0.46869]
[     0.4678]
[    0.46692]
[    0.46604]
[    0.46516]
[    0.46429]
[    0.46341]
[    0.46255]
[    0.46168]
[    0.46082]
[    0.45996]
[    0.45911]
[    0.45826]
[    0.45741]
[    0.45656]
[    0.45572]
[    0.45488]
[    0.45404]
[    0.45321]
[    0.45238]
[    0.45155]
[    0.45073]
[    0.44991]
[    0.44909]
[    0.44828]
[    0.44746]
[    0.44665]
[    0.44585]
[    0.44505]
[    0.44424]
[    0.44345]
[    0.44265]
[    0.44186]
[    0.44107]
[    0.44029]
[     0.4395]
[    0.43872]
[    0.43794]
[    0.43717]
[     0.4364]
[    0.43563]
[    0.43486]
[    0.43409]
[    0.43333]
[    0.43257]
[    0.43357]
[    0.43281]
[    0.43206]
[     0.4313]
[    0.43056]
[    0.42981]
[    0.42907]
[    0.42832]
[    0.42759]
[    0.42685]
[    0.42612]
[    0.42539]
[    0.42466]
[    0.42393]
[    0.42321]
[    0.42249]
[    0.42177]
[    0.42105]
[    0.42034]
[    0.41963]
[    0.41892]
[    0.41821]
[    0.41919]
[    0.41849]
[    0.41779]
[    0.41709]
[    0.41639]
[    0.41569]
[      0.415]
[    0.41431]
[    0.41362]
[    0.41294]
[    0.41391]
[    0.41322]
[    0.41254]
[    0.41186]
[    0.41118]
[    0.41051]
[    0.40984]
[    0.40917]
[     0.4085]
[    0.40783]
[    0.40717]
[     0.4065]
[    0.40584]
[    0.40519]
[    0.40453]
[    0.40388]
[    0.40323]
[    0.40258]
[    0.40193]
[    0.40128]
[    0.40064]
[     0.4016]
[    0.40096]
[    0.40032]
[    0.39968]
[    0.39905]
[    0.39841]
[    0.39778]
[    0.39715]
[    0.39652]
[     0.3959]
[    0.39528]
[    0.39465]
[    0.39403]
[    0.39342]
[     0.3928]
[    0.39219]
[    0.39158]
[    0.39097]
[    0.39036]
[    0.38975]
[    0.38915]
[    0.38854]
[    0.38794]
[    0.38735]
[    0.38675]
[    0.38615]
[    0.38556]
[    0.38497]
[    0.38438]
[    0.38379]
[    0.38321]
[    0.38262]
[    0.38204]
[    0.38146]
[    0.38088]
[     0.3803]
[    0.37973]
[    0.37915]
[    0.37858]
[    0.37801]
[    0.37744]
[    0.37688]
[    0.37631]
[    0.37575]
[    0.37519]
[    0.37463]
[    0.37407]
[    0.37351]
[    0.37296]
[     0.3724]
[    0.37185]
[     0.3713]
[    0.37075]
[    0.37021]
[    0.36966]
[    0.36912]
[    0.36858]
[    0.36804]
[     0.3675]
[    0.36696]
[    0.36642]
[    0.36589]
[    0.36536]
[    0.36483]
[     0.3643]
[    0.36377]
[    0.36324]
[    0.36272]
[    0.36219]
[    0.36167]
[    0.36115]
[    0.36063]
[    0.36011]
