[    0.55541     0.75818           0           0           0           0           0           0           0           0           0      0.4958           0           0           0           0           0           0           0           0           0           0           0     0.52672           0           0
           0           0           0           0           0    0.015374           0           0]
[    0.61647     0.81778     0.81769     0.22899     0.51146      0.2883           0     0.57735     0.58958           0     0.72192           0           0           0           0           0     0.65255           0           0           0           0           0           0           0           0           0
           0           0           0     0.85875           0    0.059229           0           0           0           0]
[    0.61872     0.64692      0.8566           0     0.61891           0           0           0     0.65466           0           0           0           0     0.63863           0           0           0           0           0           0           0           0           0           0           0           0
           0           0           0           0           0           0           0           0           0           0           0           0           0           0           0           0           0           0           0           0           0           0           0           0           0           0]
[    0.48613           0           0     0.54784           0           0           0           0           0     0.51348           0           0           0           0           0           0     0.07974           0           0           0           0           0           0           0           0           0
           0           0           0           0           0           0           0           0           0           0           0           0           0           0           0           0           0           0           0           0           0           0     0.50102           0           0           0
           0           0           0           0           0           0           0           0           0           0           0           0]
[    0.84452     0.40691           0           0           0           0           0           0           0           0           0           0           0           0           0           0           0           0           0           0           0           0           0           0           0           0
           0           0           0           0           0           0           0           0           0           0           0           0           0           0           0           0           0           0           0           0           0           0           0           0           0           0
           0           0           0           0           0           0           0           0           0           0           0           0           0           0           0           0           0           0           0           0           0           0           0           0           0           0
           0           0           0           0           0           0           0           0           0           0           0           0           0           0           0           0           0           0           0           0           0           0           0           0           0           0
           0           0           0           0           0           0           0           0           0]
[    0.54068           0           0     0.51098           0     0.37842           0           0           0           0           0           0           0           0           0           0           0           0           0           0           0           0           0           0           0           0
           0           0           0           0           0           0           0           0           0           0           0           0           0           0           0           0           0           0           0           0           0           0           0           0           0           0
           0           0           0           0           0           0           0           0           0           0           0           0           0           0           0           0           0           0           0           0           0           0           0           0           0           0
           0           0           0           0           0           0     0.41992           0           0           0           0           0           0]
[    0.82869     0.59296     0.83621     0.47245     0.36681     0.61112      0.4068           0     0.61635     0.54164           0     0.74151      0.5813           0           0           0           0           0           0     0.25035     0.44743           0           0     0.58002           0           0
           0           0           0           0           0           0]
[          0     0.71555     0.72066     0.78331     0.58812     0.54343           0           0     0.70638           0           0           0           0           0]
[    0.56394     0.49608           0           0           0           0           0           0           0]
[    0.70768     0.38983           0           0           0           0           0           0           0           0           0     0.76702     0.49383           0           0           0           0           0           0           0           0           0           0           0           0           0
           0           0           0           0           0           0           0           0           0           0           0           0           0           0           0           0           0           0           0           0           0           0           0           0           0           0
           0           0           0           0           0           0           0           0           0           0           0           0           0           0           0           0           0           0           0           0           0           0           0           0           0           0]
[    0.61593           0           0           0           0     0.43796           0           0           0           0           0           0           0           0           0     0.66679           0      0.6381           0           0           0           0           0           0           0           0
           0           0           0           0           0           0           0           0           0           0           0           0           0           0           0           0           0           0           0           0           0           0           0           0           0           0
           0           0           0           0           0           0           0           0           0           0           0           0           0           0]
[    0.92935           0           0           0           0           0           0           0           0           0           0           0           0           0           0           0           0           0           0           0           0           0           0           0           0           0
           0           0           0           0           0           0           0           0           0           0           0           0           0           0           0           0           0           0           0           0           0           0           0     0.32628           0]
[    0.65438     0.44477     0.55629   0.0017413           0     0.66218     0.24561    0.037402           0           0           0           0           0           0           0]
[    0.65074      0.5615           0     0.51035           0           0           0           0     0.69562           0           0           0           0           0     0.61351           0           0           0           0           0           0]
[          0           0           0           0           0     0.53756           0           0           0           0           0           0           0           0     0.52245           0           0           0           0           0           0           0           0           0           0           0
           0           0           0           0           0           0           0           0           0           0           0           0           0           0           0           0           0           0           0           0           0           0           0           0           0           0
           0           0           0           0           0           0           0           0           0           0           0           0           0           0           0           0           0           0           0           0           0           0]
[    0.67877     0.62528     0.68133           0           0           0           0           0     0.68657           0           0]
[    0.42829     0.60084       0.466           0     0.58996           0     0.48995           0     0.65975           0           0           0     0.55178      0.5749]
[    0.43475           0     0.38947     0.20089     0.47782           0           0           0           0           0           0]
[    0.76954     0.87644           0     0.66705           0           0           0           0           0           0           0           0           0           0           0           0           0           0           0           0           0           0           0           0           0           0
           0           0           0           0           0           0           0           0           0           0           0           0           0           0           0           0           0           0           0           0           0           0           0           0           0           0
           0           0           0           0           0           0           0           0           0           0           0           0           0           0           0           0           0           0]
[    0.62951     0.53274     0.44913     0.52762     0.43423     0.44763           0           0     0.45009           0           0           0     0.65126           0     0.48493]
[    0.69355     0.83625     0.67149     0.65323      0.5593     0.53997     0.87166     0.60835           0           0           0           0           0           0           0           0           0           0           0           0           0           0           0           0           0           0
           0           0           0           0           0           0           0]
[    0.81532     0.65718     0.68642           0           0           0           0     0.80823           0           0           0           0           0           0           0           0           0           0           0           0           0           0           0           0           0           0
           0           0           0           0           0           0           0           0           0           0           0           0           0           0           0           0           0           0           0           0           0]
[    0.63064     0.60646     0.68984     0.20986           0     0.56769     0.62777           0           0           0           0           0           0     0.24618           0]
[    0.29783     0.33253     0.72457     0.48855           0           0           0     0.74051           0           0           0     0.50668           0           0           0     0.65983           0     0.13358           0           0           0           0     0.72375           0           0           0
           0           0           0           0           0           0           0           0           0           0           0           0           0           0           0           0           0           0           0           0           0           0           0           0           0           0
           0           0           0           0           0           0           0           0           0           0           0           0           0           0           0           0           0           0           0]
[    0.63045     0.53488     0.52079           0           0           0           0           0           0     0.49466     0.38079           0           0           0           0           0           0           0           0           0           0           0           0           0           0           0
           0           0           0           0           0           0           0           0           0           0           0           0           0]
[    0.66074     0.84049           0     0.53357     0.46311           0           0           0     0.58204     0.76272           0           0           0           0     0.64474           0           0           0           0           0     0.73352           0           0           0           0           0
           0           0           0           0           0     0.69823           0           0           0           0           0           0           0     0.58614]
[    0.58311           0           0           0     0.48774           0           0           0           0           0           0           0           0           0           0           0           0]
[    0.65651           0           0     0.70213           0           0           0           0           0           0           0           0           0           0           0           0           0           0           0]
[      0.779           0           0           0           0           0     0.45562           0           0           0           0           0           0           0      0.3969     0.52688           0     0.74143           0           0           0           0           0           0           0           0
           0           0]
[    0.78375           0           0           0           0           0           0           0           0           0           0           0           0           0           0           0           0           0           0           0           0           0           0]
[     0.7524           0           0     0.12407           0           0           0           0           0           0           0           0           0           0           0           0           0           0           0           0           0           0           0           0           0           0
     0.60952           0           0           0           0           0     0.13189           0           0           0           0           0           0           0           0           0           0     0.38819           0           0     0.49541           0           0           0           0           0
           0           0           0           0           0           0           0           0           0           0           0           0           0           0           0           0           0           0           0           0           0           0           0           0           0           0
           0           0           0]
[    0.69813     0.66637           0           0           0           0           0           0           0     0.77537     0.44786           0           0           0     0.56259           0]
[    0.74109     0.83044      0.3663     0.73772     0.66794           0           0           0           0     0.56213           0           0           0           0           0     0.50848           0           0           0     0.13736     0.84077           0           0           0           0           0
           0           0           0           0           0           0           0     0.34141           0           0           0           0           0           0           0           0           0           0           0           0           0           0           0           0           0           0
           0           0           0           0           0           0     0.31051           0           0           0           0           0           0           0           0           0           0]
[    0.76189     0.71463     0.74557     0.80333           0     0.82481           0           0           0           0           0           0           0           0           0           0           0           0           0           0           0           0           0           0           0           0
           0           0           0           0           0           0           0           0           0           0           0           0           0           0           0           0           0           0           0]
[    0.73746     0.80836           0     0.44197           0           0           0           0           0           0           0           0           0           0           0           0           0      0.7006           0           0     0.71255           0           0           0           0           0
           0           0           0           0           0           0           0           0           0           0           0           0           0           0           0           0           0           0           0           0           0           0           0           0           0           0
           0           0           0           0           0           0           0           0           0           0           0           0           0           0]
[    0.69633      0.2862           0           0           0           0           0           0           0           0           0           0           0           0           0           0           0           0           0           0           0           0           0           0           0           0
           0           0           0           0           0]
[    0.73716     0.37943           0     0.65588           0           0           0           0     0.44141           0     0.61634           0     0.57282           0           0           0           0]
[    0.51656      0.6307     0.57455     0.56031           0           0     0.29297           0           0     0.45939           0     0.33661           0           0           0]
[    0.82124     0.79494     0.82104      0.7812           0     0.72069     0.62115     0.81708           0           0     0.74845           0      0.7697           0]
[    0.34539     0.25225     0.57743     0.36336           0           0     0.37096     0.53399           0           0           0     0.45722     0.29447           0           0           0]
[    0.72618     0.73781           0           0           0     0.74693           0           0           0           0           0           0           0           0           0     0.71444           0           0           0           0           0           0           0           0           0           0
           0           0]
[    0.64654           0           0     0.42834     0.53729           0           0           0           0           0           0           0           0     0.49107           0           0           0     0.36467]
[     0.7223           0           0     0.51936           0           0           0           0           0           0           0           0           0           0     0.39546           0           0           0           0           0]
[    0.80067           0           0           0           0           0           0           0     0.69324           0           0           0           0           0           0           0           0           0           0           0           0           0           0           0           0           0
           0           0           0           0           0           0           0           0           0           0           0           0           0           0           0           0           0           0           0           0           0           0           0           0           0           0
           0           0           0           0           0           0           0           0           0           0           0           0           0           0           0           0           0     0.62397           0           0           0           0           0           0           0           0
           0           0     0.01912           0           0           0           0           0           0           0           0           0           0           0           0           0           0]
[    0.65951           0           0           0           0           0           0           0           0           0           0           0           0           0           0           0           0           0           0           0           0     0.71118           0           0           0           0
           0           0           0           0           0]
[    0.69106     0.63121     0.58557      0.5332           0           0           0     0.56575           0           0           0     0.77014           0           0           0           0           0           0           0           0           0           0           0           0           0     0.43291
           0           0           0           0           0           0           0           0           0           0]
[    0.80779     0.71233           0           0     0.72316           0           0           0           0           0           0           0           0      0.7918           0           0           0           0           0           0           0           0           0     0.62802           0           0
     0.69717           0           0           0           0           0           0           0           0           0           0           0           0           0]
[    0.59964           0           0     0.78348           0           0           0           0           0           0           0           0           0           0           0           0           0     0.55929           0           0           0           0           0           0           0           0
           0           0           0           0           0           0           0           0           0           0           0           0           0           0           0           0           0           0           0           0           0           0           0           0           0           0
           0           0           0           0           0           0           0           0           0           0           0           0           0           0           0           0           0           0           0           0           0           0           0           0           0           0
           0           0]
[    0.28262      0.4055     0.10144      0.6003    0.033614     0.12625     0.36723           0      0.2399    0.031394           0           0           0           0           0           0           0           0           0     0.22732]
[    0.83277      0.7762     0.64525     0.36561     0.38928     0.76488           0     0.28677     0.65362  0.00048086     0.51108           0     0.61509]
[    0.68727     0.82872     0.68327     0.65183           0     0.61079           0           0     0.21239           0           0           0     0.73552     0.66561           0           0     0.87943           0           0     0.53501           0           0]
[    0.38368           0           0           0           0           0           0           0           0           0           0           0      0.3846           0           0           0           0           0           0           0           0           0           0           0           0           0
           0           0           0           0           0           0           0     0.44042           0]
[    0.70958           0     0.40398           0           0           0           0           0           0           0           0           0           0           0           0           0           0           0           0           0     0.73498           0           0           0           0           0
           0           0    0.020088           0           0           0           0           0           0           0           0           0           0           0           0           0           0           0           0           0           0           0           0           0           0           0
           0           0           0           0           0           0           0           0           0           0           0           0           0           0           0           0           0           0           0           0           0           0           0           0           0           0
           0           0           0           0           0           0     0.40131           0           0           0           0           0           0           0           0           0           0]
[      0.499      0.6789           0           0           0           0           0           0       0.652           0           0           0           0           0           0           0           0           0           0           0           0]
[    0.83477      0.9247     0.75017           0     0.42195           0     0.72043           0           0           0           0           0           0           0           0           0]
[    0.68685           0     0.79243           0     0.51877     0.19728           0           0           0     0.10763     0.38758           0           0           0           0           0           0           0           0    0.061788           0           0           0           0           0           0
           0           0           0           0           0           0           0     0.45077           0           0           0           0     0.63379           0     0.02708           0           0           0           0           0           0           0]
[    0.37151           0     0.30089           0           0           0     0.52082           0           0           0           0]
[    0.82198     0.71072           0           0           0           0           0           0     0.76803           0           0]
[     0.6105     0.70695     0.70406      0.4898     0.68337           0           0           0           0           0           0           0           0           0           0           0           0           0           0           0           0           0           0           0           0           0
           0           0           0           0           0           0           0           0           0           0           0           0           0           0           0           0           0           0           0           0           0           0           0           0           0           0
           0           0           0]
[    0.61908      0.7246           0     0.38916           0           0           0           0           0           0           0           0           0           0           0           0           0           0           0           0           0           0           0           0           0           0
           0           0           0           0           0           0           0           0           0           0           0           0           0           0           0           0           0           0           0     0.82518           0           0           0           0           0]
[    0.84624           0           0      0.7805           0           0           0           0           0           0           0           0]
[    0.72959     0.51029     0.61993     0.50501           0     0.50692     0.49715     0.50735           0           0           0           0           0           0]
[          0     0.62077           0           0           0           0           0           0           0     0.58786           0           0           0           0           0           0           0           0           0           0           0           0           0           0           0           0
           0           0           0           0]
[    0.52016     0.73772     0.53593     0.54285     0.30322     0.43951     0.67194           0           0           0     0.23805           0           0           0           0           0           0     0.27508     0.31693           0           0     0.45433           0     0.10208           0]
[          0           0           0           0           0           0           0           0           0           0           0           0           0           0           0           0           0           0           0           0           0           0           0     0.14324]
[    0.40209           0      0.4489           0     0.29336           0           0     0.71307           0      0.4194           0           0     0.65743           0     0.16873           0           0           0           0           0           0           0           0           0           0           0
           0           0           0           0           0           0           0           0           0           0           0           0           0           0           0           0]
[    0.88009           0      0.8566     0.43048           0           0           0           0           0           0           0           0           0           0           0           0           0           0           0           0           0           0           0           0           0           0
           0           0           0           0           0           0           0           0           0           0           0           0           0           0           0           0           0           0]
[    0.63102           0           0           0           0           0           0           0           0           0           0           0           0           0           0]
[     0.6156           0           0           0           0           0           0           0           0     0.66903           0     0.63738           0           0      0.5045           0           0           0]
[    0.49619     0.37576     0.46907           0           0           0           0           0           0      0.2935     0.55604           0           0     0.32654           0           0           0]
[    0.94694           0           0           0           0           0           0           0           0           0           0           0           0           0           0           0           0           0           0           0           0           0           0           0           0           0
           0           0           0]
[    0.56052     0.76551     0.68928     0.39126     0.69996     0.35598     0.43782     0.62015     0.38564     0.77096     0.50543     0.27324     0.56211     0.72075     0.43246     0.69192     0.65637           0           0     0.56765     0.54052     0.27491     0.58538     0.56344     0.36665     0.35275
     0.47038           0     0.47082     0.55813           0           0           0     0.42229           0           0           0           0           0           0           0           0           0           0           0           0           0           0           0           0           0           0]
[    0.83181           0           0           0           0           0           0           0           0           0           0           0           0           0           0           0           0           0           0           0           0           0           0           0           0           0
           0           0           0           0           0           0           0           0           0           0           0           0           0           0           0           0           0           0           0           0           0           0           0           0           0           0
           0           0           0           0           0           0           0           0           0           0           0           0           0           0           0           0           0           0           0           0           0           0           0           0           0           0
           0           0           0           0           0           0           0           0           0           0           0           0           0           0           0           0           0     0.84439           0           0           0           0           0           0           0           0
           0           0           0           0]
[    0.65043     0.73581     0.75177     0.59415           0           0           0           0           0           0           0     0.62386]
[    0.63895           0           0           0           0           0           0           0           0           0           0           0           0           0           0]
[    0.59515     0.57559     0.47771     0.42297           0     0.38566    0.080565        0.17           0           0           0   0.0057896           0           0           0]
[    0.72826     0.76483     0.67308    0.064209           0           0           0           0           0     0.79968           0     0.13021]
[    0.85185     0.65169     0.53468     0.51056           0           0     0.59803           0     0.53338     0.64433     0.48838           0           0           0           0           0     0.55889           0           0           0           0           0           0           0           0           0
           0           0           0           0           0           0           0           0     0.59775]
[    0.77889     0.62892     0.75238           0     0.66952     0.58756           0           0     0.69728           0           0           0     0.80043     0.65475           0           0     0.41286           0           0           0     0.66681           0           0           0           0           0
     0.56196      0.7408           0           0           0           0           0           0           0           0           0           0           0           0           0           0           0           0           0           0           0           0           0           0           0           0
           0           0           0           0           0           0           0           0           0           0           0           0           0           0           0           0           0           0           0           0]
[    0.81472     0.69421     0.64362           0           0           0           0           0     0.82097     0.68329           0           0           0           0           0           0     0.68636           0           0           0           0           0           0           0]
[    0.46619           0     0.62113           0           0     0.33202           0           0           0           0           0           0           0           0           0           0           0           0           0           0]
[    0.40475           0           0     0.60337     0.23859     0.41234           0           0           0           0     0.39991           0           0           0           0           0           0           0           0           0           0           0           0           0           0           0
           0           0           0           0           0           0           0           0           0           0           0           0           0           0           0           0           0           0           0           0           0           0           0           0           0           0
           0           0           0]
[    0.72617     0.58629     0.34765     0.73492           0           0     0.60036           0           0     0.25204    0.065833           0           0     0.23064    0.068738           0     0.16893           0           0     0.64012           0           0    0.033137           0           0           0
           0           0     0.45377           0     0.52043           0           0           0           0           0           0]
[    0.83002     0.82476           0           0           0     0.94001           0           0           0           0           0           0     0.76217           0           0           0     0.73764           0           0]
[    0.51938     0.73381           0           0           0           0           0     0.63084           0     0.25539     0.54948           0           0     0.46672           0           0      0.3985     0.62985           0           0           0           0           0           0           0           0
           0           0           0           0           0           0           0           0           0           0           0           0           0     0.73931           0           0           0           0           0           0           0           0           0           0           0           0
           0           0           0           0           0           0           0           0           0]
[     0.7437     0.82228           0           0           0           0           0           0           0           0           0           0           0           0           0           0           0           0           0           0           0           0           0           0           0     0.79506
           0           0           0           0           0     0.78859           0           0           0           0           0           0           0           0           0           0           0           0           0           0]
[    0.73096     0.79055     0.69868     0.21271     0.41032     0.10974           0           0     0.89907           0     0.69347           0           0     0.50412           0           0           0           0     0.36474           0           0           0           0           0           0           0
           0           0]
[    0.59083           0     0.74356           0      0.5562           0           0           0           0           0           0           0]
[    0.80038     0.59652     0.56408     0.79711     0.70605           0     0.84027           0           0           0           0     0.72871      0.6454     0.36015           0           0           0     0.53379           0]
[     0.4388     0.49362     0.13711     0.17406           0           0           0           0    0.092357           0           0           0           0           0           0]
[    0.76198      0.8117     0.84013     0.64573       0.838           0           0     0.87293           0           0           0           0           0           0           0           0           0           0           0           0           0           0           0           0           0           0
           0           0           0           0           0           0           0           0           0           0           0           0           0           0           0           0           0           0           0           0           0           0           0           0           0           0
           0           0           0           0           0           0           0           0           0           0           0           0]
[    0.75734     0.51792     0.74732     0.73182     0.78703     0.69247     0.68277           0     0.39983           0     0.74597           0           0           0           0           0           0           0     0.72649           0           0           0           0           0           0           0
           0           0           0           0           0           0           0           0           0           0     0.68945           0           0           0           0           0           0           0           0           0           0           0           0           0           0           0
           0           0           0           0           0           0           0           0           0     0.51135           0           0     0.58043           0           0           0           0           0           0           0           0           0           0           0           0           0
           0           0           0           0           0           0           0           0           0           0           0           0           0           0           0           0           0           0     0.46817           0           0           0           0           0           0           0
           0           0           0           0           0]
[    0.49461     0.42722     0.28708     0.45975     0.70363     0.24267           0     0.19804      0.3263     0.18529     0.17922     0.49997     0.70662     0.38005           0           0]
[    0.75484     0.51992     0.58178           0           0           0           0           0           0           0           0           0           0           0           0           0           0           0           0           0           0           0           0           0           0           0
           0           0           0           0           0           0           0           0           0           0]
[    0.55454           0           0           0           0           0           0           0           0           0           0           0           0           0           0           0           0           0           0           0           0           0           0           0           0           0
           0           0           0           0           0           0           0           0           0           0           0           0           0           0           0           0           0           0           0           0           0           0           0           0           0           0
           0           0           0           0           0           0           0           0           0           0           0           0           0           0           0           0           0           0           0           0           0           0           0           0           0           0
           0           0           0           0           0           0           0           0           0           0           0           0           0           0           0           0           0           0           0           0           0           0           0           0           0           0
           0           0           0           0           0           0]
[    0.81512     0.60576     0.68586     0.75933      0.5708           0     0.48018           0     0.78258     0.61605           0           0]
[    0.61098     0.52726           0     0.68227           0           0           0     0.76031    0.026583    0.036413           0]
[    0.81064     0.73643     0.72727     0.60165     0.02394     0.22835           0     0.84039      0.7356     0.78519           0           0     0.64538           0]
[     0.7975     0.74151     0.74252      0.7862     0.62242           0      0.7005           0           0           0     0.78901           0     0.42919           0           0           0           0           0           0           0           0]
[    0.17209     0.39169     0.18519     0.22346     0.44192    0.060522     0.12609     0.34931     0.25521           0           0    0.037923           0     0.04318           0           0     0.51463           0     0.14489           0           0     0.10543     0.15652     0.15179     0.71327           0
           0    0.097324           0     0.20026           0           0           0           0           0     0.11821           0      0.4326           0           0           0           0           0           0           0     0.19192           0           0           0           0           0           0
           0           0           0           0           0           0           0           0           0           0           0           0           0           0           0           0           0           0           0           0           0           0           0           0           0           0
           0           0           0           0           0           0           0           0]
