[          1]
[          1]
[          1]
[          1]
[          1]
[          1]
[          1]
[          1]
[          1]
[          1]
[          1]
[    0.91667]
[    0.92308]
[    0.92857]
[    0.93333]
[     0.9375]
[    0.94118]
[    0.94444]
[    0.94737]
[       0.95]
[    0.95238]
[    0.95455]
[    0.95652]
[    0.95833]
[       0.96]
[    0.96154]
[    0.96296]
[    0.96429]
[    0.96552]
[    0.96667]
[    0.96774]
[    0.96875]
[     0.9697]
[    0.97059]
[    0.97143]
[    0.94444]
[    0.94595]
[    0.94737]
[    0.94872]
[       0.95]
[    0.92683]
[    0.90476]
[    0.90698]
[    0.88636]
[    0.88889]
[     0.8913]
[    0.89362]
[    0.89583]
[    0.89796]
[        0.9]
[    0.90196]
[    0.90385]
[    0.90566]
[    0.90741]
[    0.90909]
[    0.91071]
[    0.91228]
[    0.89655]
[    0.89831]
[        0.9]
[    0.90164]
[    0.90323]
[    0.90476]
[    0.90625]
[    0.90769]
[    0.90909]
[    0.91045]
[    0.91176]
[    0.91304]
[    0.91429]
[    0.91549]
[    0.91667]
[    0.90411]
[    0.90541]
[    0.89333]
[    0.89474]
[     0.8961]
[    0.88462]
[    0.88608]
[     0.8875]
[    0.88889]
[    0.89024]
[    0.89157]
[    0.89286]
[    0.89412]
[    0.89535]
[    0.88506]
[    0.88636]
[     0.8764]
[    0.87778]
[    0.86813]
[    0.86957]
[    0.87097]
[    0.87234]
[    0.87368]
[      0.875]
[    0.86598]
[    0.85714]
[    0.85859]
[       0.86]
[    0.85149]
[    0.84314]
[    0.84466]
[    0.84615]
[    0.84762]
[    0.83962]
[    0.84112]
[    0.83333]
[    0.83486]
[    0.83636]
[    0.83784]
[    0.83036]
[    0.83186]
[    0.82456]
[    0.81739]
[    0.81034]
[    0.81197]
[    0.80508]
[    0.80672]
[    0.80833]
[    0.80992]
[    0.80328]
[    0.80488]
[    0.80645]
[        0.8]
[    0.80159]
[    0.79528]
[    0.78906]
[    0.78295]
[    0.77692]
[    0.77099]
[    0.76515]
[    0.76692]
[    0.76119]
[    0.76296]
[    0.75735]
[    0.75182]
[    0.74638]
[    0.74101]
[    0.74286]
[    0.73759]
[    0.73239]
[    0.73427]
[    0.72917]
[    0.72414]
[    0.71918]
[    0.72109]
[    0.71622]
[    0.71141]
[    0.70667]
[    0.70199]
[    0.69737]
[    0.69281]
[    0.69481]
[    0.69032]
[     0.6859]
[     0.6879]
[    0.68354]
[    0.68553]
[    0.68125]
[    0.67702]
[    0.67901]
[    0.67485]
[    0.67073]
[    0.67273]
[    0.66867]
[    0.66467]
[    0.66071]
[     0.6568]
[    0.65294]
[    0.64912]
[    0.64535]
[     0.6474]
[    0.64368]
[       0.64]
[    0.63636]
[    0.63277]
[    0.62921]
[     0.6257]
[    0.62222]
[    0.61878]
[    0.61538]
[    0.61202]
[    0.61413]
[    0.61081]
[    0.60753]
[    0.60428]
[    0.60638]
[    0.60847]
[    0.60526]
[    0.60733]
[    0.60417]
[    0.60104]
[    0.59794]
[    0.59487]
[    0.59184]
[    0.58883]
[    0.58586]
[    0.58291]
[       0.58]
[    0.57711]
[    0.57426]
[    0.57143]
[    0.56863]
[    0.56585]
[    0.56311]
[    0.56522]
[    0.56731]
[    0.56459]
[     0.5619]
[    0.55924]
[    0.56132]
[    0.55869]
[    0.55607]
[    0.55814]
[    0.55556]
[      0.553]
[    0.55046]
[    0.54795]
[    0.54545]
[    0.54299]
[    0.54054]
[    0.53812]
[    0.53571]
[    0.53333]
[    0.53097]
[    0.52863]
[    0.52632]
[    0.52402]
[    0.52174]
[    0.51948]
[    0.51724]
[    0.51502]
[    0.51282]
[    0.51064]
[    0.51271]
[    0.51055]
[     0.5084]
[    0.50628]
[    0.50833]
[    0.50622]
[    0.50413]
[    0.50206]
[     0.5041]
[    0.50204]
[        0.5]
[    0.49798]
[    0.49597]
[    0.49398]
[      0.492]
[    0.49004]
[     0.4881]
[    0.48617]
[    0.48425]
[    0.48235]
[    0.48047]
[    0.48249]
[     0.4845]
[    0.48263]
[    0.48077]
[    0.47893]
[     0.4771]
[    0.47529]
[    0.47348]
[     0.4717]
[    0.46992]
[    0.46816]
[    0.46642]
[    0.46468]
[    0.46667]
[    0.46494]
[    0.46324]
[    0.46154]
[    0.45985]
[    0.45818]
[    0.45652]
[    0.45487]
[    0.45324]
[    0.45161]
[       0.45]
[     0.4484]
[    0.45035]
[    0.44876]
[    0.44718]
[    0.44561]
[    0.44406]
[    0.44251]
[    0.44444]
[    0.44291]
[    0.44138]
[    0.43986]
[    0.43836]
[    0.43686]
[    0.43537]
[     0.4339]
[    0.43243]
[    0.43098]
[    0.42953]
[    0.42809]
[    0.42667]
[    0.42857]
[    0.42715]
[    0.42574]
[    0.42763]
[    0.42623]
[    0.42484]
[    0.42345]
[    0.42208]
[    0.42071]
[    0.41935]
[    0.41801]
[    0.41667]
[    0.41534]
[    0.41401]
[     0.4127]
[    0.41139]
[    0.41009]
[    0.40881]
[    0.40752]
[    0.40625]
[    0.40498]
[    0.40373]
[    0.40248]
[    0.40432]
[    0.40308]
[    0.40184]
[    0.40061]
[    0.39939]
[    0.39818]
[    0.39697]
[    0.39577]
[    0.39458]
[    0.39339]
[    0.39222]
[    0.39104]
[    0.38988]
[    0.39169]
[    0.39053]
[    0.38938]
[    0.38824]
[     0.3871]
[    0.38596]
[    0.38484]
[    0.38372]
[    0.38261]
[     0.3815]
[     0.3804]
[    0.37931]
[    0.37822]
[    0.37714]
[    0.37607]
[      0.375]
[    0.37394]
[    0.37288]
[    0.37183]
[    0.37079]
[    0.36975]
[    0.36872]
[    0.36769]
[    0.36667]
[    0.36565]
[    0.36464]
[    0.36364]
[    0.36264]
[    0.36164]
[    0.36066]
[    0.35967]
[     0.3587]
[    0.36043]
[    0.35946]
[    0.35849]
[    0.35753]
[    0.35657]
[    0.35561]
[    0.35467]
[    0.35372]
[    0.35279]
[    0.35185]
[    0.35092]
[       0.35]
[    0.34908]
[    0.34817]
[    0.34726]
[    0.34896]
[    0.34805]
[    0.34715]
[    0.34625]
[    0.34536]
[    0.34447]
[    0.34359]
[    0.34271]
[    0.34184]
[    0.34097]
[     0.3401]
[    0.33924]
[    0.33838]
[    0.33753]
[    0.33668]
[    0.33584]
[      0.335]
[    0.33416]
[    0.33333]
[    0.33251]
[    0.33168]
[    0.33086]
[    0.33251]
[     0.3317]
[    0.33088]
[    0.33007]
[    0.32927]
[    0.32847]
[    0.32767]
[    0.32688]
[    0.32609]
[     0.3253]
[    0.32692]
[    0.32614]
[    0.32536]
[    0.32458]
[    0.32381]
[    0.32304]
[    0.32227]
[    0.32151]
[    0.32075]
[       0.32]
[    0.31925]
[     0.3185]
[    0.31776]
[    0.31702]
[    0.31628]
[    0.31555]
[    0.31713]
[     0.3164]
[    0.31567]
[    0.31494]
[    0.31422]
[     0.3135]
[    0.31279]
[    0.31207]
[    0.31136]
[    0.31066]
[    0.30995]
[    0.30926]
[    0.30856]
[    0.30787]
[    0.30717]
[    0.30649]
[     0.3058]
[    0.30512]
[    0.30444]
[    0.30377]
[     0.3031]
[    0.30243]
[    0.30176]
[     0.3011]
[    0.30044]
[    0.29978]
[    0.29913]
[    0.29847]
[    0.29783]
[    0.29718]
[    0.29654]
[     0.2959]
[    0.29526]
[    0.29462]
[    0.29399]
[    0.29336]
[    0.29274]
[    0.29211]
[    0.29362]
[    0.29299]
[    0.29449]
[    0.29387]
[    0.29325]
[    0.29263]
[    0.29202]
[     0.2914]
[    0.29079]
[    0.29019]
[    0.28958]
[    0.28898]
[    0.28838]
[    0.28778]
[    0.28719]
[     0.2866]
[    0.28601]
[    0.28542]
[    0.28484]
[    0.28425]
[    0.28367]
[     0.2831]
[    0.28252]
[    0.28195]
[    0.28138]
[    0.28081]
[    0.28024]
[    0.27968]
[    0.27912]
[    0.27856]
[      0.278]
[    0.27745]
[    0.27888]
[    0.27833]
[    0.27778]
[    0.27723]
[    0.27668]
[    0.27613]
[    0.27559]
[    0.27505]
[    0.27451]
[    0.27397]
[    0.27344]
[     0.2729]
[    0.27237]
[    0.27184]
[    0.27132]
[    0.27079]
[    0.27027]
[    0.26975]
[    0.26923]
[    0.26871]
[     0.2682]
[    0.26769]
[    0.26718]
[    0.26667]
[    0.26616]
[    0.26565]
[    0.26515]
[    0.26465]
[    0.26415]
[    0.26365]
[    0.26316]
[    0.26266]
[    0.26217]
[    0.26168]
[    0.26119]
[    0.26071]
[    0.26022]
[    0.25974]
[    0.25926]
[    0.25878]
[     0.2583]
[    0.25783]
[    0.25735]
[    0.25688]
[    0.25641]
[    0.25594]
[    0.25547]
[    0.25501]
[    0.25455]
[    0.25408]
[    0.25362]
[    0.25316]
[    0.25271]
[    0.25225]
[     0.2518]
[    0.25135]
[     0.2509]
[    0.25045]
[       0.25]
[    0.24955]
[    0.24911]
[    0.24867]
[    0.24823]
[    0.24779]
[    0.24735]
[    0.24691]
[    0.24648]
[    0.24605]
[    0.24561]
[    0.24518]
[    0.24476]
[    0.24433]
[     0.2439]
[    0.24348]
[    0.24306]
[    0.24263]
[    0.24221]
[     0.2418]
[    0.24138]
[    0.24096]
[    0.24055]
[    0.24014]
[    0.23973]
[    0.23932]
[    0.23891]
[     0.2385]
[     0.2381]
[    0.23769]
[    0.23729]
[    0.23689]
[    0.23649]
[    0.23609]
[    0.23569]
[    0.23529]
[     0.2349]
[    0.23451]
[    0.23411]
[    0.23372]
[    0.23333]
[    0.23295]
[    0.23256]
[    0.23217]
[    0.23179]
[     0.2314]
[    0.23102]
[    0.23064]
[    0.23026]
[    0.22989]
[    0.22951]
[    0.22913]
[    0.22876]
[    0.22838]
[    0.22801]
[    0.22764]
[    0.22727]
[     0.2269]
[    0.22654]
[    0.22617]
[    0.22581]
[    0.22544]
[    0.22508]
[    0.22472]
[    0.22436]
[      0.224]
[    0.22364]
