[          1]
[          1]
[          1]
[          1]
[          1]
[          1]
[          1]
[          1]
[          1]
[          1]
[          1]
[          1]
[          1]
[          1]
[          1]
[     0.9375]
[    0.94118]
[    0.94444]
[    0.94737]
[       0.95]
[    0.95238]
[    0.95455]
[    0.95652]
[    0.95833]
[       0.96]
[    0.96154]
[    0.96296]
[    0.96429]
[    0.96552]
[    0.96667]
[    0.96774]
[    0.96875]
[     0.9697]
[    0.97059]
[    0.97143]
[    0.97222]
[    0.97297]
[    0.97368]
[    0.97436]
[      0.975]
[    0.97561]
[    0.97619]
[    0.97674]
[    0.97727]
[    0.97778]
[    0.97826]
[    0.97872]
[    0.97917]
[    0.97959]
[       0.98]
[    0.98039]
[    0.98077]
[    0.98113]
[    0.98148]
[    0.96364]
[    0.96429]
[    0.96491]
[    0.96552]
[    0.94915]
[       0.95]
[    0.93443]
[    0.93548]
[    0.93651]
[     0.9375]
[    0.93846]
[    0.93939]
[     0.9403]
[    0.94118]
[    0.94203]
[    0.94286]
[    0.94366]
[    0.94444]
[    0.94521]
[    0.94595]
[    0.94667]
[    0.94737]
[    0.94805]
[    0.94872]
[    0.94937]
[       0.95]
[    0.95062]
[    0.95122]
[    0.95181]
[    0.95238]
[    0.95294]
[    0.95349]
[    0.95402]
[    0.95455]
[    0.95506]
[    0.95556]
[    0.95604]
[    0.95652]
[    0.95699]
[    0.95745]
[    0.94737]
[    0.94792]
[    0.94845]
[    0.94898]
[    0.94949]
[       0.94]
[    0.94059]
[    0.94118]
[    0.94175]
[    0.94231]
[    0.94286]
[     0.9434]
[    0.94393]
[    0.93519]
[    0.93578]
[    0.93636]
[    0.93694]
[     0.9375]
[     0.9292]
[    0.92105]
[    0.91304]
[    0.91379]
[    0.91453]
[    0.91525]
[    0.90756]
[        0.9]
[    0.90083]
[    0.90164]
[    0.90244]
[    0.90323]
[      0.896]
[    0.89683]
[    0.89764]
[    0.89844]
[    0.89922]
[        0.9]
[    0.90076]
[    0.89394]
[    0.88722]
[     0.8806]
[    0.88148]
[    0.88235]
[    0.88321]
[    0.88406]
[     0.8777]
[    0.87857]
[    0.87234]
[    0.87324]
[    0.87413]
[      0.875]
[    0.86897]
[    0.86301]
[    0.85714]
[    0.85135]
[    0.85235]
[    0.84667]
[    0.84768]
[    0.84868]
[    0.84967]
[    0.85065]
[    0.84516]
[    0.83974]
[    0.83439]
[    0.82911]
[    0.83019]
[      0.825]
[    0.82609]
[    0.82099]
[    0.81595]
[    0.81707]
[    0.81212]
[    0.80723]
[     0.8024]
[    0.80357]
[    0.79882]
[    0.79412]
[    0.79532]
[    0.79651]
[    0.79191]
[     0.7931]
[    0.78857]
[    0.78409]
[    0.77966]
[    0.77528]
[    0.77654]
[    0.77222]
[    0.76796]
[    0.76374]
[    0.75956]
[    0.75543]
[    0.75135]
[    0.74731]
[    0.74332]
[    0.73936]
[    0.73545]
[    0.73158]
[    0.72775]
[    0.72396]
[    0.72021]
[    0.71649]
[    0.71282]
[    0.70918]
[    0.71066]
[    0.70707]
[    0.70352]
[        0.7]
[    0.69652]
[    0.69802]
[    0.69951]
[    0.69608]
[    0.69268]
[    0.69417]
[    0.69082]
[     0.6875]
[    0.68421]
[    0.68095]
[    0.67773]
[    0.67453]
[    0.67136]
[    0.66822]
[    0.66512]
[    0.66204]
[    0.66359]
[    0.66055]
[    0.65753]
[    0.65909]
[    0.66063]
[    0.66216]
[    0.65919]
[    0.65625]
[    0.65333]
[    0.65044]
[    0.64758]
[    0.64474]
[    0.64192]
[    0.63913]
[    0.63636]
[    0.63793]
[    0.63519]
[    0.63248]
[    0.63404]
[    0.63136]
[    0.63291]
[    0.63025]
[    0.62762]
[      0.625]
[    0.62241]
[    0.61983]
[    0.61728]
[    0.61475]
[    0.61224]
[    0.61382]
[    0.61134]
[    0.60887]
[    0.61044]
[      0.608]
[    0.60956]
[    0.61111]
[     0.6087]
[     0.6063]
[    0.60392]
[    0.60156]
[    0.59922]
[     0.5969]
[    0.59459]
[    0.59231]
[    0.59004]
[    0.58779]
[    0.58555]
[    0.58333]
[    0.58113]
[    0.57895]
[    0.57678]
[    0.57463]
[    0.57249]
[    0.57037]
[    0.56827]
[    0.56618]
[     0.5641]
[    0.56204]
[       0.56]
[    0.55797]
[    0.55596]
[    0.55755]
[    0.55914]
[    0.55714]
[    0.55516]
[    0.55319]
[    0.55124]
[     0.5493]
[    0.54737]
[    0.54545]
[    0.54355]
[    0.54167]
[    0.53979]
[    0.53793]
[    0.53608]
[    0.53425]
[    0.53242]
[    0.53061]
[    0.52881]
[    0.52703]
[    0.52525]
[    0.52349]
[    0.52174]
[       0.52]
[    0.51827]
[    0.51987]
[    0.51815]
[    0.51645]
[    0.51475]
[    0.51307]
[     0.5114]
[    0.50974]
[    0.50809]
[    0.50645]
[    0.50482]
[    0.50321]
[     0.5016]
[        0.5]
[    0.49841]
[    0.49684]
[    0.49527]
[    0.49371]
[    0.49216]
[    0.49062]
[     0.4891]
[    0.49068]
[    0.48916]
[    0.48765]
[    0.48615]
[    0.48466]
[    0.48318]
[    0.48171]
[    0.48024]
[    0.47879]
[    0.47734]
[     0.4759]
[    0.47447]
[    0.47305]
[    0.47164]
[    0.47024]
[    0.46884]
[    0.46746]
[    0.46608]
[    0.46471]
[    0.46334]
[    0.46199]
[    0.46356]
[    0.46221]
[    0.46087]
[    0.45954]
[    0.45821]
[     0.4569]
[    0.45559]
[    0.45429]
[    0.45299]
[    0.45455]
[    0.45326]
[    0.45198]
[     0.4507]
[    0.44944]
[    0.44818]
[    0.44693]
[    0.44568]
[    0.44444]
[    0.44321]
[    0.44199]
[    0.44077]
[    0.43956]
[    0.43836]
[    0.43716]
[    0.43597]
[    0.43478]
[     0.4336]
[    0.43243]
[    0.43127]
[    0.43011]
[    0.42895]
[    0.42781]
[    0.42667]
[    0.42553]
[     0.4244]
[    0.42328]
[    0.42216]
[    0.42105]
[    0.41995]
[    0.41885]
[    0.42037]
[    0.41927]
[    0.41818]
[     0.4171]
[    0.41602]
[    0.41495]
[    0.41388]
[    0.41282]
[    0.41176]
[    0.41071]
[    0.40967]
[    0.40863]
[    0.40759]
[    0.40657]
[    0.40554]
[    0.40452]
[    0.40602]
[      0.405]
[    0.40399]
[    0.40547]
[    0.40447]
[    0.40347]
[    0.40247]
[    0.40148]
[    0.40049]
[    0.40196]
[    0.40098]
[        0.4]
[    0.39903]
[    0.39806]
[    0.39709]
[    0.39614]
[    0.39518]
[    0.39423]
[    0.39329]
[    0.39234]
[    0.39141]
[    0.39048]
[    0.38955]
[    0.38863]
[    0.38771]
[    0.38679]
[    0.38588]
[    0.38498]
[    0.38407]
[    0.38318]
[    0.38228]
[     0.3814]
[    0.38051]
[    0.37963]
[    0.37875]
[    0.37788]
[    0.37701]
[    0.37615]
[    0.37529]
[    0.37443]
[    0.37585]
[      0.375]
[    0.37415]
[     0.3733]
[    0.37246]
[    0.37162]
[    0.37079]
[    0.36996]
[    0.36913]
[     0.3683]
[    0.36748]
[    0.36667]
[    0.36585]
[    0.36504]
[    0.36424]
[    0.36344]
[    0.36264]
[    0.36184]
[    0.36105]
[    0.36026]
[    0.35948]
[     0.3587]
[    0.35792]
[    0.35714]
[    0.35637]
[     0.3556]
[    0.35484]
[    0.35622]
[    0.35546]
[     0.3547]
[    0.35394]
[    0.35319]
[    0.35244]
[    0.35169]
[    0.35095]
[    0.35021]
[    0.34947]
[    0.34874]
[    0.34801]
[    0.34728]
[    0.34656]
[    0.34583]
[    0.34511]
[     0.3444]
[    0.34369]
[    0.34298]
[    0.34227]
[    0.34156]
[    0.34086]
[    0.34016]
[    0.33947]
[    0.33878]
[    0.33809]
[     0.3374]
[    0.33671]
[    0.33603]
[    0.33535]
[    0.33468]
[      0.334]
[    0.33333]
[    0.33267]
[      0.332]
[    0.33134]
[    0.33068]
[    0.33002]
[    0.32937]
[    0.32871]
[    0.32806]
[    0.32742]
[    0.32677]
[    0.32613]
[    0.32549]
[    0.32485]
[    0.32422]
[    0.32359]
[    0.32296]
[    0.32233]
[    0.32171]
[    0.32108]
[    0.32046]
[    0.31985]
[    0.31923]
[    0.31862]
[    0.31801]
[     0.3174]
[    0.31679]
[    0.31619]
[    0.31559]
[    0.31499]
[    0.31439]
[     0.3138]
[    0.31321]
[    0.31262]
[    0.31203]
[    0.31144]
[    0.31086]
[    0.31028]
[     0.3097]
[    0.30912]
[    0.30855]
[    0.30798]
[    0.30741]
[    0.30684]
[    0.30627]
[    0.30571]
[    0.30515]
[    0.30459]
[    0.30403]
[    0.30347]
[    0.30292]
[    0.30237]
[    0.30182]
[    0.30127]
[    0.30072]
[    0.30018]
[    0.29964]
[     0.2991]
[    0.29856]
[    0.29803]
[    0.29749]
[    0.29696]
[    0.29643]
[     0.2959]
[    0.29537]
[    0.29485]
[    0.29433]
[    0.29381]
[    0.29329]
[    0.29277]
[    0.29225]
[    0.29174]
[    0.29123]
[    0.29072]
[    0.29021]
[     0.2897]
[     0.2892]
[     0.2887]
[    0.28819]
[    0.28769]
[     0.2872]
[     0.2867]
[    0.28621]
[    0.28571]
[    0.28522]
[    0.28473]
[    0.28425]
[    0.28376]
[    0.28328]
[    0.28279]
[    0.28231]
[    0.28183]
[    0.28136]
[    0.28088]
[    0.28041]
[    0.27993]
[    0.27946]
[    0.27899]
[    0.27852]
[    0.27806]
[    0.27759]
[    0.27713]
[    0.27667]
[    0.27621]
[    0.27575]
[    0.27529]
[    0.27483]
[    0.27438]
[    0.27393]
[    0.27348]
[    0.27303]
[    0.27258]
[    0.27213]
[    0.27169]
[    0.27124]
[     0.2708]
[    0.27036]
[    0.26992]
[    0.26948]
[    0.26904]
[    0.26861]
[    0.26817]
[    0.26774]
[    0.26731]
[    0.26688]
[    0.26645]
[    0.26603]
[     0.2656]
[    0.26518]
[    0.26475]
[    0.26433]
[    0.26391]
[    0.26349]
[    0.26307]
[    0.26266]
[    0.26224]
[    0.26183]
[    0.26142]
[    0.26101]
[     0.2606]
[    0.26019]
[    0.25978]
[    0.25938]
[    0.25897]
[    0.25857]
[    0.25816]
[    0.25776]
[    0.25736]
[    0.25697]
[    0.25657]
[    0.25617]
[    0.25578]
[    0.25538]
[    0.25499]
[     0.2546]
[    0.25421]
[    0.25382]
[    0.25344]
[    0.25305]
[    0.25266]
[    0.25228]
[     0.2519]
[    0.25152]
[    0.25113]
[    0.25076]
[    0.25038]
[       0.25]
[    0.24962]
[    0.24925]
[    0.24888]
[     0.2485]
[    0.24813]
[    0.24776]
[    0.24739]
[    0.24702]
[    0.24666]
[    0.24629]
[    0.24593]
[    0.24556]
[     0.2452]
[    0.24484]
[    0.24448]
[    0.24412]
[    0.24523]
[    0.24487]
[    0.24451]
[    0.24415]
[     0.2438]
[    0.24344]
[    0.24309]
[    0.24273]
[    0.24238]
[    0.24203]
[    0.24168]
[    0.24133]
[    0.24098]
[    0.24063]
[    0.24173]
[    0.24138]
[    0.24103]
[    0.24069]
[    0.24034]
[       0.24]
[    0.23966]
[    0.23932]
[    0.23898]
[    0.23864]
[     0.2383]
[    0.23796]
[    0.23762]
[    0.23729]
[    0.23695]
[    0.23662]
[    0.23629]
[    0.23596]
[    0.23562]
[    0.23529]
[    0.23497]
[    0.23464]
[    0.23431]
[    0.23398]
[    0.23366]
[    0.23333]
[    0.23301]
[    0.23269]
[    0.23237]
[    0.23204]
[    0.23172]
[     0.2314]
[    0.23109]
[    0.23077]
[    0.23045]
[    0.23014]
[    0.22982]
[    0.22951]
[     0.2292]
[    0.22888]
[    0.22857]
[    0.22826]
[    0.22795]
[    0.22764]
[    0.22733]
[    0.22703]
[    0.22672]
[    0.22642]
[    0.22611]
[    0.22581]
[     0.2255]
[     0.2252]
[     0.2249]
[     0.2246]
[     0.2243]
[      0.224]
[     0.2237]
[     0.2234]
[    0.22311]
[    0.22281]
[    0.22252]
[    0.22222]
[    0.22193]
[    0.22164]
[    0.22134]
[    0.22105]
[    0.22076]
[    0.22047]
[    0.22018]
[     0.2199]
[    0.21961]
[    0.21932]
[    0.21904]
[    0.21875]
[    0.21847]
[    0.21818]
[     0.2179]
[    0.21762]
[    0.21734]
[    0.21705]
[    0.21677]
[    0.21649]
[    0.21622]
[    0.21594]
[    0.21566]
[    0.21538]
[    0.21511]
[    0.21483]
[    0.21456]
[    0.21429]
[    0.21401]
[    0.21374]
[    0.21347]
[     0.2132]
[    0.21293]
[    0.21266]
[    0.21239]
[    0.21212]
[    0.21185]
[    0.21159]
[    0.21132]
[    0.21106]
[    0.21079]
[    0.21053]
[    0.21026]
[       0.21]
[    0.20974]
[    0.20948]
[    0.20922]
[    0.20896]
[     0.2087]
[    0.20844]
[    0.20818]
[    0.20792]
[    0.20766]
[    0.20741]
[    0.20715]
[     0.2069]
[    0.20664]
[    0.20639]
[    0.20613]
[    0.20588]
[    0.20563]
[    0.20538]
[    0.20513]
[    0.20488]
[    0.20463]
[    0.20438]
[    0.20413]
[    0.20388]
[    0.20364]
[    0.20339]
[    0.20314]
[     0.2029]
[    0.20265]
[    0.20241]
[    0.20217]
[    0.20192]
[    0.20168]
[    0.20144]
[     0.2012]
[    0.20096]
[    0.20072]
[    0.20048]
[    0.20024]
[        0.2]
[    0.19976]
[    0.19952]
[    0.19929]
[    0.19905]
[    0.19882]
[    0.19858]
[    0.19835]
[    0.19811]
[    0.19788]
[    0.19765]
[    0.19741]
[    0.19718]
[    0.19695]
[    0.19672]
[    0.19649]
[    0.19626]
[    0.19603]
[     0.1958]
[    0.19558]
[    0.19535]
[    0.19512]
[     0.1949]
[    0.19467]
[    0.19444]
[    0.19422]
[      0.194]
[    0.19377]
[    0.19355]
[    0.19333]
[     0.1931]
[    0.19288]
[    0.19266]
[    0.19244]
[    0.19222]
[      0.192]
[    0.19178]
[    0.19156]
[    0.19134]
[    0.19113]
[    0.19091]
[    0.19069]
[    0.19048]
[    0.19026]
[    0.19005]
[    0.18983]
[    0.18962]
[     0.1894]
[    0.18919]
[    0.18898]
[    0.18876]
[    0.18855]
[    0.18834]
[    0.18813]
[    0.18792]
[    0.18771]
[     0.1875]
