[    0.49075     0.45836     0.54714           0           0           0           0]
[    0.87564     0.53999     0.69108           0]
[    0.58996     0.84001     0.49389     0.85436     0.83219     0.59264           0           0      0.7613           0           0]
[    0.84648     0.47885           0     0.40298           0]
[    0.70604     0.81669           0           0           0           0           0           0    0.040122           0           0]
[    0.81677      0.6186     0.61662     0.58265           0]
[    0.91067           0           0           0           0           0           0           0]
[     0.4444     0.54521           0           0]
[    0.88673     0.83191           0     0.90068           0           0           0     0.42061]
[    0.69369           0           0     0.75197     0.72224           0]
[    0.67159     0.44895     0.54693           0           0           0           0     0.74828           0           0]
[    0.64191     0.53279     0.50389     0.65674           0           0      0.4452           0]
[    0.85916     0.92761     0.86813     0.90242     0.81839    0.067573     0.12113           0     0.19424           0]
[    0.57167     0.49355     0.32022           0     0.65419           0      0.3536           0]
[    0.41338           0      0.3998     0.47499     0.30832     0.22594           0           0           0      0.3331      0.4345           0           0           0           0           0           0           0           0]
[    0.81251     0.69707     0.80203     0.50627           0           0     0.57783           0           0           0           0]
[    0.56699     0.53983     0.65478     0.60513     0.74056     0.40399           0     0.54447           0       0.681           0]
[    0.75465     0.92002     0.63349     0.65371           0           0]
[    0.82586     0.83743      0.4726     0.79419     0.63284     0.73524           0           0     0.80242           0     0.56011           0     0.73314]
[    0.74234     0.60916           0           0           0           0      0.6642]
[    0.29503           0     0.35747]
[    0.90475       0.782     0.51905     0.81224]
[    0.81245     0.79928     0.79951     0.38722           0     0.49863           0           0           0           0]
[    0.91701           0           0]
[    0.85452     0.74323      0.7397           0]
[    0.84878           0           0]
[     0.8592     0.96601     0.96338           0           0           0     0.71469]
[    0.87562           0           0           0     0.35801]
[    0.39721     0.45134     0.49692     0.33172           0           0           0]
[    0.86959     0.91023     0.88221     0.86882           0           0           0]
[    0.75431           0           0]
[    0.86639           0           0     0.79768           0]
[    0.53479     0.73291     0.44223           0           0     0.45343     0.49151       0.646           0]
[    0.79366     0.85091     0.71377     0.57994      0.9159           0           0     0.72826]
[    0.79357       0.898           0           0           0]
[    0.24613      0.3954           0           0]
[    0.87222     0.65065     0.81489           0           0           0           0           0           0]
[    0.80881     0.84096     0.48994     0.87851     0.57722     0.46092     0.47895     0.18717     0.81163]
[    0.83061     0.89791     0.37403     0.59393           0     0.42846           0     0.73575           0           0           0           0           0           0]
[    0.71162     0.70548     0.72608]
[     0.7169     0.57899           0     0.60963           0     0.65295           0           0]
[     0.7043     0.60837     0.56985     0.46134           0           0           0           0]
[     0.8256]
[    0.90335     0.63446     0.76131    0.028437     0.67068           0     0.41479     0.81994           0           0           0]
[    0.61429     0.60239     0.53388     0.57559     0.72564     0.54009     0.77072     0.66797           0     0.11972      0.6372]
[    0.66859     0.70575     0.75815     0.60023     0.54067     0.68605     0.47537     0.58428]
[    0.80816     0.74732     0.78626           0     0.58083     0.70194           0]
[    0.73568     0.53994           0]
[    0.91716     0.92167     0.80964     0.11389     0.50637     0.10406     0.86673           0]
[    0.87319     0.81573           0     0.82709]
[    0.59032           0     0.64575     0.31272           0           0           0     0.26254           0]
[    0.72341     0.87234     0.87026     0.84262           0     0.38704      0.4043]
[     0.8106     0.76343     0.57589     0.57623           0]
[    0.76116     0.73694     0.65555     0.60602      0.8072           0           0           0]
[    0.82254       0.827     0.68914           0           0           0           0           0           0           0]
[    0.49936     0.31758     0.41947     0.43017           0     0.29472           0           0]
[    0.88793     0.72331     0.42023     0.60223           0]
[    0.86918     0.83301           0           0     0.60421           0     0.49696]
[    0.62262     0.57088     0.52772     0.43563     0.61983           0]
[    0.79689     0.30433     0.52289     0.53404        0.41           0           0           0     0.45657           0       0.471]
[    0.45687     0.83172     0.82499     0.81936     0.58833    0.093707           0]
[    0.83472     0.67037     0.90476     0.43506           0           0           0     0.90174           0     0.50788]
[    0.78481     0.89622     0.84262     0.87859     0.32648           0     0.29268]
[    0.33089           0           0           0           0           0     0.37351           0]
[    0.73333]
[    0.86436           0           0           0           0           0]
[    0.43251     0.58678     0.59008     0.58954     0.22826           0           0           0]
[     0.6556     0.79207     0.70361           0           0    0.001335]
[    0.69584     0.84771           0     0.36971]
[    0.72787     0.56837     0.69029     0.49944           0           0           0]
[    0.89476      0.6778      0.5374     0.53356           0]
[    0.76771     0.66184     0.49092     0.81372           0           0           0]
[    0.80209     0.82649      0.8736     0.72123     0.33429           0     0.49569     0.82314]
[    0.69451     0.91761     0.55331     0.77855     0.52933     0.34103     0.70054      0.4981           0     0.49446     0.70393     0.64157     0.34697           0]
[     0.7431     0.61584           0           0           0           0           0           0     0.38792           0]
[    0.61251     0.37489     0.54069           0           0           0           0     0.62162]
[    0.87272     0.90532     0.78125     0.49716     0.36252           0     0.32592]
[    0.90637     0.63158     0.80294     0.70763           0     0.83317           0      0.8466     0.37716           0           0           0           0]
[     0.6504      0.8461           0     0.66789           0           0           0           0           0     0.44425           0           0           0           0           0           0           0           0           0           0           0           0           0           0           0           0
           0]
[    0.51556     0.66839     0.85396     0.88227           0     0.76463     0.86348           0           0           0           0           0]
[    0.91985     0.85327     0.71028      0.5294     0.88268     0.70518     0.84219           0]
[    0.76153     0.65114     0.72158           0           0           0     0.71668           0           0           0           0]
[    0.89516     0.87201     0.77852     0.91743           0           0     0.85829     0.45579           0           0     0.58491           0]
[    0.78845     0.82593     0.80964           0           0           0           0     0.54863           0      0.4852           0]
[    0.90025           0           0           0     0.81001           0           0           0           0           0           0]
[    0.66456     0.94961     0.68948     0.88833     0.69192     0.55676     0.67892           0     0.63051           0]
[     0.8756     0.68529     0.47299]
[    0.83367     0.58391     0.34379           0     0.66829     0.66792           0           0]
[    0.60091           0           0           0           0           0]
[    0.97961     0.86031     0.69026     0.64256     0.42505     0.41654           0      0.5878           0           0]
[    0.52022     0.39047           0           0           0           0           0     0.39541]
[    0.90042     0.88383     0.66995           0           0           0]
[    0.90106     0.91648     0.80732           0    0.073905     0.66483    0.078986]
[    0.65431     0.55744           0      0.4381]
[    0.77317     0.80581     0.90397       0.633     0.67901     0.78005     0.86004     0.70049      0.7438           0     0.57569           0      0.5005     0.71599     0.80959     0.80746     0.64153           0]
[    0.77133     0.86304     0.69479     0.74292           0           0     0.85867]
[    0.64271     0.62529           0           0           0           0]
[    0.94168     0.78682     0.89517     0.55721     0.57678     0.19859           0     0.26111           0           0]
[    0.71808     0.90864      0.8777           0     0.87593           0]
[    0.88664     0.89792           0           0    0.077244           0           0           0           0]
