[          1]
[          1]
[          1]
[          1]
[          1]
[          1]
[          1]
[          1]
[          1]
[          1]
[          1]
[          1]
[          1]
[          1]
[          1]
[          1]
[          1]
[          1]
[          1]
[          1]
[          1]
[          1]
[          1]
[          1]
[       0.96]
[    0.96154]
[    0.96296]
[    0.92857]
[    0.93103]
[        0.9]
[    0.90323]
[    0.90625]
[    0.90909]
[    0.91176]
[    0.91429]
[    0.91667]
[    0.91892]
[    0.92105]
[    0.92308]
[      0.925]
[    0.92683]
[    0.92857]
[    0.93023]
[    0.93182]
[    0.91111]
[    0.91304]
[    0.89362]
[    0.89583]
[    0.89796]
[       0.88]
[    0.88235]
[    0.88462]
[    0.88679]
[    0.88889]
[    0.89091]
[    0.89286]
[    0.87719]
[    0.87931]
[    0.86441]
[    0.86667]
[    0.86885]
[    0.87097]
[    0.87302]
[      0.875]
[    0.87692]
[    0.87879]
[     0.8806]
[    0.88235]
[    0.88406]
[    0.88571]
[    0.88732]
[      0.875]
[    0.87671]
[    0.86486]
[    0.86667]
[    0.86842]
[    0.87013]
[    0.87179]
[    0.86076]
[       0.85]
[    0.83951]
[    0.82927]
[    0.83133]
[    0.82143]
[    0.82353]
[    0.82558]
[    0.81609]
[    0.81818]
[    0.82022]
[    0.82222]
[    0.82418]
[    0.82609]
[     0.8172]
[    0.81915]
[    0.82105]
[    0.82292]
[    0.81443]
[    0.81633]
[    0.81818]
[       0.82]
[    0.82178]
[    0.82353]
[    0.81553]
[    0.81731]
[    0.80952]
[    0.81132]
[    0.80374]
[     0.7963]
[    0.78899]
[    0.78182]
[    0.77477]
[    0.77679]
[    0.76991]
[    0.76316]
[    0.75652]
[    0.75862]
[    0.75214]
[    0.74576]
[     0.7395]
[    0.73333]
[    0.72727]
[    0.72131]
[    0.71545]
[    0.70968]
[      0.704]
[    0.69841]
[    0.69291]
[     0.6875]
[    0.68217]
[    0.67692]
[    0.67939]
[    0.67424]
[    0.66917]
[    0.66418]
[    0.65926]
[    0.65441]
[    0.64964]
[    0.64493]
[    0.64029]
[    0.64286]
[     0.6383]
[     0.6338]
[    0.62937]
[      0.625]
[    0.62069]
[    0.61644]
[    0.61224]
[    0.60811]
[    0.60403]
[        0.6]
[    0.59603]
[    0.59211]
[    0.58824]
[    0.58442]
[    0.58065]
[    0.57692]
[    0.57325]
[    0.56962]
[    0.56604]
[     0.5625]
[    0.55901]
[    0.55556]
[    0.55215]
[    0.54878]
[    0.54545]
[    0.54217]
[    0.53892]
[    0.53571]
[    0.53254]
[    0.52941]
[    0.52632]
[    0.52326]
[    0.52023]
[    0.51724]
[    0.51429]
[    0.51136]
[    0.50847]
[    0.50562]
[    0.50279]
[        0.5]
[    0.49724]
[    0.49451]
[     0.4918]
[    0.48913]
[    0.48649]
[    0.48387]
[    0.48128]
[    0.47872]
[    0.47619]
[    0.47368]
[     0.4712]
[    0.46875]
[    0.46632]
[    0.46392]
[    0.46154]
[    0.45918]
[    0.45685]
[    0.45455]
[    0.45226]
[       0.45]
[    0.44776]
[    0.44554]
[    0.44335]
[    0.44118]
[    0.43902]
[    0.43689]
[    0.43478]
[    0.43269]
[    0.43062]
[    0.42857]
[    0.42654]
[    0.42453]
[    0.42254]
[    0.42056]
[     0.4186]
[    0.41667]
[    0.41475]
[    0.41284]
[    0.41096]
[    0.40909]
[    0.40724]
[    0.40541]
[    0.40359]
[    0.40179]
[        0.4]
[    0.39823]
[    0.39648]
[    0.39474]
[    0.39301]
[     0.3913]
[    0.38961]
[    0.38793]
[    0.38627]
[    0.38462]
[    0.38298]
[    0.38136]
[    0.37975]
[    0.37815]
[    0.37657]
[      0.375]
[    0.37344]
[     0.3719]
[    0.37037]
[    0.36885]
[    0.36735]
[    0.36585]
[    0.36437]
[     0.3629]
[    0.36145]
[       0.36]
[    0.35857]
[    0.35714]
[    0.35573]
[    0.35433]
[    0.35294]
[    0.35156]
[    0.35019]
[    0.34884]
[    0.34749]
[    0.34615]
[    0.34483]
[    0.34351]
[    0.34221]
[    0.34091]
[    0.33962]
[    0.33835]
[    0.33708]
[    0.33582]
[    0.33457]
[    0.33333]
[     0.3321]
[    0.33088]
[    0.32967]
[    0.32847]
[    0.32727]
[    0.32609]
[    0.32491]
[    0.32374]
[    0.32258]
[    0.32143]
[    0.32028]
[    0.31915]
[    0.31802]
[     0.3169]
[    0.31579]
[    0.31469]
[    0.31359]
[     0.3125]
[    0.31142]
[    0.31034]
[    0.30928]
[    0.30822]
[    0.30717]
[    0.30612]
[    0.30508]
[    0.30405]
[    0.30303]
[    0.30201]
[      0.301]
[        0.3]
[      0.299]
[    0.29801]
[    0.29703]
[    0.29605]
[    0.29508]
[    0.29412]
[    0.29316]
[    0.29221]
[    0.29126]
[    0.29032]
[    0.28939]
[    0.28846]
[    0.28754]
[    0.28662]
[    0.28571]
[    0.28481]
[    0.28391]
[    0.28302]
[    0.28213]
[    0.28125]
[    0.28037]
[     0.2795]
[    0.27864]
[    0.27778]
[    0.27692]
[    0.27607]
[    0.27523]
[    0.27439]
[    0.27356]
[    0.27273]
[     0.2719]
[    0.27108]
[    0.27027]
[    0.26946]
[    0.26866]
[    0.26786]
[    0.26706]
[    0.26627]
[    0.26549]
[    0.26471]
[    0.26393]
[    0.26316]
[    0.26239]
[    0.26163]
[    0.26087]
[    0.26012]
[    0.25937]
[    0.25862]
[    0.25788]
[    0.25714]
[    0.25641]
[    0.25568]
[    0.25496]
[    0.25424]
[    0.25352]
[    0.25281]
[     0.2521]
[     0.2514]
[     0.2507]
[       0.25]
[    0.24931]
[    0.24862]
[    0.24793]
[    0.24725]
[    0.24658]
[     0.2459]
[    0.24523]
[    0.24457]
[     0.2439]
[    0.24324]
[    0.24259]
[    0.24194]
[    0.24129]
[    0.24064]
[       0.24]
[    0.23936]
[    0.23873]
[     0.2381]
[    0.23747]
[    0.23684]
[    0.23622]
[     0.2356]
[    0.23499]
[    0.23438]
[    0.23377]
[    0.23316]
[    0.23256]
[    0.23196]
[    0.23136]
[    0.23077]
[    0.23018]
[    0.22959]
[    0.22901]
[    0.22843]
[    0.22785]
[    0.22727]
[     0.2267]
[    0.22613]
[    0.22556]
[      0.225]
[    0.22444]
[    0.22388]
[    0.22333]
[    0.22277]
[    0.22222]
[    0.22167]
[    0.22113]
[    0.22059]
[    0.22005]
[    0.21951]
[    0.21898]
[    0.21845]
[    0.21792]
[    0.21739]
[    0.21687]
[    0.21635]
[    0.21583]
[    0.21531]
[     0.2148]
[    0.21429]
[    0.21378]
[    0.21327]
[    0.21277]
[    0.21226]
[    0.21176]
[    0.21127]
[    0.21077]
[    0.21028]
[    0.20979]
[     0.2093]
[    0.20882]
[    0.20833]
[    0.20785]
[    0.20737]
[     0.2069]
[    0.20642]
[    0.20595]
[    0.20548]
[    0.20501]
[    0.20455]
[    0.20408]
[    0.20362]
[    0.20316]
[     0.2027]
[    0.20225]
[    0.20179]
[    0.20134]
[    0.20089]
[    0.20045]
[        0.2]
[    0.19956]
[    0.19912]
[    0.19868]
[    0.19824]
[     0.1978]
[    0.19737]
[    0.19694]
[    0.19651]
[    0.19608]
[    0.19565]
[    0.19523]
[    0.19481]
[    0.19438]
[    0.19397]
[    0.19355]
[    0.19313]
[    0.19272]
[    0.19231]
[     0.1919]
[    0.19149]
[    0.19108]
[    0.19068]
[    0.19027]
[    0.18987]
[    0.18947]
[    0.18908]
[    0.18868]
[    0.18828]
[    0.18789]
[     0.1875]
[    0.18711]
[    0.18672]
[    0.18634]
[    0.18595]
[    0.18557]
[    0.18519]
[     0.1848]
[    0.18443]
[    0.18405]
[    0.18367]
[     0.1833]
[    0.18293]
[    0.18256]
[    0.18219]
[    0.18182]
[    0.18145]
[    0.18109]
[    0.18072]
[    0.18036]
[       0.18]
[    0.17964]
[    0.17928]
[    0.17893]
[    0.17857]
[    0.17822]
[    0.17787]
[    0.17751]
[    0.17717]
[    0.17682]
[    0.17647]
[    0.17613]
[    0.17578]
[    0.17544]
[     0.1751]
[    0.17476]
[    0.17442]
[    0.17408]
[    0.17375]
[    0.17341]
[    0.17308]
[    0.17274]
[    0.17241]
[    0.17208]
[    0.17176]
[    0.17143]
[     0.1711]
[    0.17078]
[    0.17045]
[    0.17013]
[    0.16981]
[    0.16949]
[    0.16917]
[    0.16886]
[    0.16854]
[    0.16822]
[    0.16791]
[     0.1676]
[    0.16729]
[    0.16698]
[    0.16667]
[    0.16636]
[    0.16605]
[    0.16575]
[    0.16544]
[    0.16514]
[    0.16484]
[    0.16453]
[    0.16423]
[    0.16393]
[    0.16364]
[    0.16334]
[    0.16304]
[    0.16275]
[    0.16245]
[    0.16216]
[    0.16187]
[    0.16158]
[    0.16129]
[      0.161]
[    0.16071]
[    0.16043]
[    0.16014]
[    0.15986]
[    0.15957]
[    0.15929]
[    0.15901]
[    0.15873]
[    0.15845]
[    0.15817]
[    0.15789]
[    0.15762]
[    0.15734]
[    0.15707]
[    0.15679]
[    0.15652]
[    0.15625]
[    0.15598]
[    0.15571]
[    0.15544]
[    0.15517]
[    0.15491]
[    0.15464]
[    0.15437]
[    0.15411]
[    0.15385]
[    0.15358]
[    0.15332]
[    0.15306]
[     0.1528]
[    0.15254]
[    0.15228]
[    0.15203]
[    0.15177]
[    0.15152]
[    0.15126]
[    0.15101]
[    0.15075]
[     0.1505]
[    0.15025]
[       0.15]
[    0.14975]
[     0.1495]
[    0.14925]
[    0.14901]
[    0.14876]
[    0.14851]
[    0.14827]
[    0.14803]
[    0.14778]
[    0.14754]
[     0.1473]
[    0.14706]
[    0.14682]
[    0.14658]
[    0.14634]
[     0.1461]
[    0.14587]
[    0.14563]
[     0.1454]
[    0.14516]
[    0.14493]
[    0.14469]
[    0.14446]
[    0.14423]
[      0.144]
[    0.14377]
[    0.14354]
[    0.14331]
[    0.14308]
[    0.14286]
[    0.14263]
[    0.14241]
[    0.14218]
[    0.14196]
[    0.14173]
[    0.14151]
[    0.14129]
[    0.14107]
[    0.14085]
[    0.14062]
[    0.14041]
[    0.14019]
[    0.13997]
[    0.13975]
[    0.13953]
[    0.13932]
[     0.1391]
[    0.13889]
[    0.13867]
[    0.13846]
[    0.13825]
[    0.13804]
[    0.13783]
[    0.13761]
[     0.1374]
[     0.1372]
[    0.13699]
[    0.13678]
[    0.13657]
[    0.13636]
[    0.13616]
[    0.13595]
[    0.13575]
[    0.13554]
[    0.13534]
[    0.13514]
[    0.13493]
[    0.13473]
[    0.13453]
[    0.13433]
[    0.13413]
[    0.13393]
[    0.13373]
[    0.13353]
[    0.13333]
[    0.13314]
[    0.13294]
[    0.13274]
[    0.13255]
[    0.13235]
[    0.13216]
[    0.13196]
[    0.13177]
[    0.13158]
[    0.13139]
[     0.1312]
[      0.131]
[    0.13081]
[    0.13062]
[    0.13043]
[    0.13025]
[    0.13006]
[    0.12987]
[    0.12968]
[     0.1295]
[    0.12931]
[    0.12912]
[    0.12894]
[    0.12876]
[    0.12857]
[    0.12839]
[    0.12821]
[    0.12802]
[    0.12784]
[    0.12766]
[    0.12748]
[     0.1273]
[    0.12712]
[    0.12694]
[    0.12676]
[    0.12658]
[     0.1264]
[    0.12623]
[    0.12605]
[    0.12587]
[     0.1257]
[    0.12552]
[    0.12535]
[    0.12517]
[      0.125]
[    0.12483]
[    0.12465]
[    0.12448]
[    0.12431]
[    0.12414]
[    0.12397]
[     0.1238]
[    0.12363]
[    0.12346]
[    0.12329]
[    0.12312]
[    0.12295]
[    0.12278]
[    0.12262]
[    0.12245]
[    0.12228]
[    0.12212]
[    0.12195]
[    0.12179]
[    0.12162]
[    0.12146]
[    0.12129]
[    0.12113]
[    0.12097]
[    0.12081]
[    0.12064]
[    0.12048]
[    0.12032]
[    0.12016]
[       0.12]
[    0.11984]
[    0.11968]
[    0.11952]
[    0.11936]
[    0.11921]
[    0.11905]
[    0.11889]
[    0.11873]
[    0.11858]
[    0.11842]
[    0.11827]
[    0.11811]
[    0.11796]
[     0.1178]
[    0.11765]
[    0.11749]
[    0.11734]
[    0.11719]
[    0.11704]
[    0.11688]
[    0.11673]
[    0.11658]
[    0.11643]
[    0.11628]
[    0.11613]
[    0.11598]
[    0.11583]
[    0.11568]
[    0.11553]
[    0.11538]
[    0.11524]
[    0.11509]
[    0.11494]
[     0.1148]
[    0.11465]
[     0.1145]
[    0.11436]
[    0.11421]
[    0.11407]
[    0.11392]
[    0.11378]
[    0.11364]
[    0.11349]
[    0.11335]
[    0.11447]
[    0.11432]
[    0.11418]
[    0.11404]
[    0.11389]
[    0.11375]
[    0.11361]
[    0.11347]
[    0.11333]
[    0.11318]
[    0.11304]
[     0.1129]
[    0.11276]
[    0.11262]
[    0.11248]
[    0.11235]
[    0.11221]
[    0.11207]
[    0.11193]
[    0.11179]
[    0.11166]
[    0.11152]
[    0.11138]
[    0.11125]
[    0.11111]
[    0.11098]
[    0.11084]
[    0.11071]
[    0.11057]
[    0.11044]
[     0.1103]
[    0.11017]
[    0.11004]
[     0.1099]
[    0.10977]
[    0.10964]
[    0.10951]
[    0.10938]
[    0.10924]
[    0.10911]
[    0.10898]
[    0.10885]
[    0.10872]
[    0.10859]
[    0.10846]
[    0.10833]
[     0.1082]
[    0.10808]
[    0.10795]
[    0.10782]
[    0.10769]
[    0.10757]
[    0.10744]
[    0.10731]
[    0.10718]
[    0.10706]
[    0.10693]
