[    0.50401           0           0      0.5951     0.55354           0           0           0     0.77681           0           0           0           0           0           0           0           0           0           0           0           0           0     0.21202           0           0     0.21938
           0           0           0           0           0           0           0           0           0           0           0           0           0           0           0           0     0.69346           0           0           0]
[    0.68047     0.31302     0.20367     0.42746     0.68599     0.72521     0.30229     0.28787     0.33771     0.47537           0           0     0.42334     0.20242     0.11133     0.23383     0.17445     0.18354           0     0.44053     0.22412       0.271     0.42667           0      0.2983     0.21669
     0.48397           0     0.64097           0     0.28258           0     0.43334      0.5699     0.27726     0.15651           0     0.43838     0.20851]
[    0.67293           0           0           0     0.53375     0.31784     0.55938     0.64529           0           0           0           0           0     0.67055           0           0           0           0           0           0           0      0.3389           0           0           0           0
           0     0.47934           0     0.64902           0           0           0           0           0           0     0.52958     0.35982           0           0      0.1787           0     0.21217           0           0           0           0    0.020474           0     0.62492     0.62016           0
           0           0           0           0      0.7418           0     0.39613           0           0           0     0.19443     0.29832           0]
[    0.37359     0.48811     0.64355           0           0           0           0           0           0           0           0           0           0     0.36586           0           0           0           0           0           0           0           0           0     0.26457           0           0
           0           0     0.40423     0.43782           0           0           0           0           0           0           0     0.33769           0           0           0           0           0           0           0           0           0           0           0           0           0           0
     0.47348           0           0           0     0.40061           0           0           0           0           0           0           0           0           0]
[          0     0.55166           0           0           0     0.43392           0           0           0           0           0           0           0           0           0           0           0           0           0           0           0           0           0           0     0.63753           0
     0.45945           0           0     0.36689           0           0           0           0           0           0           0           0           0           0           0           0     0.42465           0           0           0           0           0]
[    0.43657     0.49135           0           0     0.38011           0           0           0           0           0      0.3515     0.18562           0     0.27777           0           0           0     0.58731           0           0           0           0           0           0           0           0
           0           0           0           0           0           0           0           0           0           0           0           0]
[    0.70731     0.57086     0.65686     0.51005     0.55065       0.571     0.17294     0.57123     0.66122     0.42825     0.70069     0.52629     0.51996     0.63909     0.64713      0.6236     0.51842     0.26669     0.49827     0.63804     0.25877     0.52362     0.52202           0     0.57779      0.2635
     0.14129     0.46186     0.57917     0.62736     0.37661     0.56324     0.41651     0.21199     0.72282     0.47216     0.53334]
[     0.5455           0     0.63141           0           0     0.51365           0           0     0.76028           0           0           0     0.55439           0           0     0.21121           0           0           0     0.48577           0           0           0           0           0     0.59825
           0           0           0           0           0           0           0     0.49617           0           0           0]
[      0.504     0.39182     0.61726     0.26767           0           0           0           0      0.2306     0.55096           0           0]
[    0.46819     0.41336           0       0.505           0           0           0           0           0           0           0           0           0     0.46179     0.46091           0           0           0           0           0           0           0           0           0           0     0.58539
           0           0           0           0           0]
[          0           0           0     0.39772           0     0.41562           0           0           0           0           0     0.29417     0.37708           0     0.45664           0           0           0           0           0     0.46249     0.48527           0           0           0           0
           0           0           0           0           0           0           0           0     0.40253           0           0           0           0           0           0     0.34066           0           0           0           0           0           0           0           0           0           0
           0           0]
[    0.71349     0.67454           0     0.45257           0           0           0           0           0           0       0.614           0           0           0           0           0           0           0           0           0           0           0     0.43888           0           0     0.42818
           0           0           0           0           0           0           0           0           0           0]
[    0.44563     0.45476           0           0           0           0           0           0           0           0     0.27797           0           0           0           0     0.16471           0           0     0.59656           0     0.50731           0           0           0     0.50311           0
           0           0           0           0           0           0     0.12895      0.5705           0           0           0]
[    0.51306     0.76787           0           0           0           0           0     0.71298           0     0.51956     0.40896           0           0           0           0           0           0           0           0           0           0           0           0     0.60023           0           0
           0           0           0           0           0           0           0           0           0           0           0      0.2807           0           0           0           0     0.47064           0           0           0           0     0.38635           0]
[          0     0.51462           0     0.66671           0           0     0.30685           0           0           0           0           0           0           0           0           0           0           0      0.3868           0           0           0           0           0           0           0
           0           0           0           0           0           0           0           0           0           0           0           0      0.5938           0           0           0           0           0           0           0           0           0           0           0           0           0
           0           0           0           0           0           0           0]
[    0.70148           0     0.47947           0     0.61324     0.83115           0     0.40495     0.46405           0           0           0           0      0.4716           0]
[    0.52475     0.34608           0     0.51929           0     0.49898     0.48991     0.27068     0.41886           0      0.4456           0     0.52734     0.32923     0.41815           0     0.29563           0           0           0           0           0           0           0     0.51506           0
     0.46241           0           0           0           0     0.43029           0]
[          0           0     0.46507     0.37096           0     0.52157     0.51907           0      0.3712     0.44486           0           0     0.31458           0           0           0           0           0           0           0           0           0           0           0     0.35286           0
           0      0.4756           0     0.41425           0           0           0           0           0           0           0           0           0           0           0           0           0           0           0           0           0     0.30346     0.27908           0           0           0
           0           0     0.62829           0]
[     0.6703           0           0           0           0           0           0           0     0.52448           0           0           0           0           0           0           0           0           0           0           0           0           0           0           0           0           0
           0           0      0.1583           0           0           0           0           0           0           0           0           0           0           0           0           0           0           0           0     0.41051           0           0     0.41666           0           0           0
           0           0           0           0]
[          0     0.43625     0.56735     0.45975     0.43617           0           0           0     0.45739     0.61603     0.26808           0           0     0.49683           0     0.52864     0.28908           0           0           0           0           0           0           0           0           0
     0.68283           0           0           0           0           0           0           0           0     0.28723     0.39507           0           0           0           0     0.58352           0           0           0           0           0           0     0.30941           0       0.521           0
           0           0           0           0     0.21857           0           0     0.54549           0           0           0     0.52264           0     0.27629]
[    0.27254     0.51906     0.57517           0     0.46356           0           0           0     0.55093           0     0.55418           0     0.60922     0.31592     0.30881           0     0.55599           0     0.70194           0           0     0.29726           0     0.30598           0           0
     0.61681           0]
[    0.52165           0           0     0.49849           0           0     0.54734           0           0      0.5248           0           0           0           0     0.50288           0           0           0           0           0           0           0           0           0           0           0
           0           0           0           0           0           0           0           0           0           0           0           0           0     0.36932           0           0           0           0           0           0           0           0           0           0           0     0.42283
           0           0]
[     0.5013     0.60753     0.37271     0.55699      0.4611     0.60747     0.44481           0     0.43893       0.455     0.59626           0     0.66523     0.32768           0           0           0           0     0.59135           0           0           0     0.36695     0.49202           0           0
           0     0.54804           0     0.65813           0     0.38308     0.32472     0.81052           0]
[    0.42604           0           0     0.36289     0.63351     0.30397           0           0           0           0           0           0           0           0           0     0.25792           0           0           0     0.56092     0.60915     0.53456           0     0.52773           0           0
           0           0           0           0           0     0.17537           0           0           0    0.054843           0           0           0           0     0.57256     0.42316           0]
[    0.67259     0.35784     0.34914     0.24917           0     0.48127     0.27635     0.28342     0.41393           0           0           0           0           0           0           0     0.31696     0.31802     0.55121           0           0     0.53881     0.61564           0     0.24246           0
     0.41988     0.51226           0     0.71416           0           0           0           0      0.6829           0           0           0           0           0           0           0           0     0.48402     0.35292]
[    0.50313     0.61742     0.52908     0.67666           0           0     0.59119           0           0     0.59042           0     0.24494           0    0.053937     0.74343           0           0           0           0           0           0           0           0           0           0     0.26764
           0           0           0     0.37288           0           0     0.39851           0     0.30212           0           0           0     0.67536           0     0.57679           0           0]
[    0.64557           0           0     0.58876      0.4305           0           0           0      0.5381           0           0           0           0           0           0           0           0     0.44217           0           0           0           0           0           0           0           0
      0.2605           0           0     0.34687           0           0           0           0           0           0           0           0           0           0           0           0           0     0.25055           0           0           0           0           0           0]
[          0           0           0     0.65084           0           0           0           0           0           0           0           0           0           0           0           0           0           0     0.51337           0           0           0           0           0           0           0
           0           0           0           0           0           0           0           0]
[     0.7911     0.56558     0.75502     0.66324           0           0           0           0           0           0           0           0           0           0     0.48392]
[    0.39088     0.31942     0.73875           0    0.013345     0.46807           0    0.058766           0     0.46783           0           0     0.23133           0           0           0           0]
[    0.56219     0.64493     0.42626     0.46681           0     0.20405           0      0.4228           0           0     0.52427           0           0           0     0.64428     0.36536           0     0.14057]
[    0.51347      0.6325      0.4506     0.30451           0     0.68314           0      0.3539     0.70399           0           0           0     0.52035           0           0           0           0           0           0           0           0           0           0           0           0       0.607
           0           0           0           0           0           0           0           0           0           0     0.27184     0.27564]
[    0.60308     0.60745     0.32702     0.79409     0.69404      0.5501     0.35635     0.74848     0.59064     0.53806     0.58582           0           0     0.41187           0     0.33937     0.45663           0           0           0           0     0.20571           0           0           0    0.025959
           0           0           0     0.66645      0.4473           0      0.3244           0           0           0     0.23935    0.013121           0           0           0           0           0           0           0           0           0           0           0     0.26376     0.25033           0]
[    0.61084     0.63013     0.42985     0.51936     0.42517     0.43231           0           0           0           0           0           0           0           0           0     0.51953           0     0.60125     0.64919           0           0           0           0           0           0           0
      0.4235           0           0           0     0.23735           0           0           0     0.31742           0           0           0     0.32969      0.2559           0]
[    0.69768     0.73559     0.51489           0           0           0           0           0           0           0           0           0     0.75309     0.55935     0.29552           0           0           0           0           0      0.4833           0     0.71274      0.5468           0]
[    0.68464           0     0.31514     0.44753           0           0           0           0           0           0           0           0           0           0           0           0           0           0           0           0     0.34119           0           0           0           0           0
           0           0           0           0           0           0           0           0           0           0           0           0           0           0           0           0     0.53936           0           0           0           0           0           0           0           0           0]
[          0     0.69363      0.8009      0.4749     0.72628      0.5994           0     0.37252     0.63458     0.37274     0.73831     0.80066     0.37357           0           0           0           0           0     0.44482           0           0     0.52788     0.69588     0.47383           0           0
           0           0           0     0.27114           0           0     0.34801           0     0.14546           0           0           0           0           0     0.38802           0     0.40516]
[    0.51986     0.55755     0.43188     0.40971           0           0           0     0.55698           0     0.51238           0           0           0           0           0           0           0           0     0.60088           0           0           0           0           0           0           0
           0           0           0           0           0           0           0           0           0           0           0           0           0           0           0           0           0     0.53547           0           0           0           0           0           0           0           0
           0           0     0.58851           0           0           0           0      0.3305]
[    0.62083     0.67842     0.63866     0.76625     0.38778     0.60912     0.54114    0.098641      0.1484      0.6862     0.42463     0.11725     0.28558     0.66821           0     0.60167           0       0.275     0.65623           0           0           0      0.6417           0      0.5821           0
           0     0.78238     0.50132           0     0.53103           0     0.57384     0.24962     0.45696           0           0       0.265           0           0     0.31544           0     0.67992           0]
[    0.55566           0     0.26034           0     0.45781      0.3728           0     0.20762     0.25666           0           0           0           0      0.3138           0           0           0           0           0           0           0   0.0065547           0           0           0           0
           0     0.24282           0           0           0           0           0           0           0           0      0.1469           0           0     0.25095           0           0           0           0           0     0.24635           0           0           0           0           0           0
           0           0           0           0     0.16857           0           0           0           0     0.24021           0           0           0           0           0           0           0           0           0           0     0.22401           0           0     0.53139           0           0
           0           0    0.019866           0           0           0           0           0           0           0           0           0           0           0           0           0           0           0           0           0           0           0           0           0           0     0.31311
     0.23449           0           0           0           0           0           0           0           0     0.15197           0           0     0.12078           0           0     0.69092           0           0           0           0           0           0           0     0.17418           0           0
           0           0           0           0           0    0.058757           0           0           0           0           0           0           0           0           0           0           0           0           0           0           0     0.20184           0           0    0.090306           0
           0]
[    0.50932     0.80051     0.72805     0.49905     0.69092           0           0           0           0           0           0           0           0           0           0           0           0]
[          0           0     0.39892           0     0.43407           0           0           0           0           0           0           0           0           0           0           0           0           0           0           0           0           0           0           0           0           0
           0     0.41143           0           0           0           0           0           0           0           0           0           0           0           0     0.40494           0           0           0           0           0           0           0           0           0           0]
[          0           0     0.53986     0.62878           0           0           0           0           0           0       0.652           0           0           0     0.36956           0           0           0     0.39274           0           0           0           0           0           0           0
           0           0           0           0           0           0           0           0           0           0           0           0           0]
[    0.61913     0.54809           0           0           0           0           0           0           0           0           0           0     0.52213           0           0     0.58935           0           0           0           0           0           0           0           0           0           0
           0           0           0]
[    0.51376           0     0.47066           0           0           0           0           0           0           0           0           0      0.4065           0           0           0           0]
[    0.78797      0.7344     0.48873           0           0     0.70164     0.39833           0     0.62789           0     0.69305           0           0     0.36084           0     0.29408     0.71822           0    0.055136           0           0     0.69025     0.68325           0           0           0
           0           0           0           0           0     0.21974           0           0     0.62842           0     0.54882     0.77523           0]
[    0.47991     0.61346     0.85305           0           0       0.312           0           0           0           0           0     0.53295     0.42246     0.82168           0           0           0           0           0           0           0           0           0           0     0.40689           0
     0.39285           0           0           0           0           0           0           0           0           0     0.82633     0.37199           0           0           0           0           0           0           0     0.27399           0           0           0     0.21999           0           0
           0           0           0     0.41477           0           0           0           0     0.13768]
[    0.54895     0.66589           0           0           0           0           0     0.62632     0.34256     0.41772]
[          0     0.25495     0.24106     0.16621           0           0           0           0      0.3129           0           0           0           0     0.15724           0           0           0           0           0           0           0           0           0           0           0           0
           0     0.26447           0           0           0           0           0]
[          0     0.62651      0.5342     0.42016     0.16434     0.58305       0.489     0.67005           0     0.51121     0.40332     0.56127           0           0      0.4183      0.4812      0.4006           0     0.32587           0           0     0.14357     0.44151           0           0           0
     0.69974     0.65289           0           0           0           0     0.20284           0           0     0.27197           0       0.296     0.17897           0]
[    0.79501     0.56334      0.5396     0.53797     0.31433     0.54181           0     0.46489           0      0.2833     0.60606           0           0           0     0.52935     0.77167     0.60667           0     0.61028     0.44954     0.38399     0.50485           0           0           0     0.75996
           0     0.55986           0           0           0     0.64398           0     0.49719     0.50411     0.44978     0.29872     0.24078           0      0.7642     0.66366]
[          0           0           0     0.67453           0           0           0           0           0           0           0           0           0           0           0           0           0           0           0     0.59744           0           0           0           0           0           0
           0           0           0           0           0           0           0     0.66609           0           0           0           0           0           0           0           0           0           0           0           0           0           0           0           0           0           0
     0.47636           0           0           0           0     0.42233           0           0           0           0           0           0           0     0.54858           0           0           0           0           0           0     0.40487           0           0]
[          0           0           0     0.34546     0.29514           0           0     0.29259           0           0           0     0.17432           0     0.13454           0           0           0     0.37259           0           0           0           0           0    0.084648           0           0
           0     0.23126           0           0           0           0           0           0    0.053812           0     0.16667           0           0           0           0           0    0.082364    0.058333           0           0]
[    0.42511     0.79931           0           0           0     0.52779           0     0.39935           0           0     0.47226           0     0.47024           0           0           0     0.26515           0           0           0           0           0     0.27018           0           0     0.73751
           0           0     0.56951     0.38935           0           0           0           0      0.2643]
[    0.72088     0.60799     0.61505     0.69243     0.69355     0.63273     0.38139     0.50897     0.49072           0     0.41045     0.38128     0.69727     0.61991     0.29096     0.53043     0.33218        0.72     0.33966           0           0     0.38875      0.6476     0.30014     0.27579     0.56216]
[    0.65744     0.69215     0.57016           0           0           0           0     0.51481     0.39602     0.66722     0.32522           0           0           0           0           0     0.27178     0.26669     0.61393           0     0.68638           0           0           0     0.18777           0
     0.63585           0           0           0           0           0           0     0.51455           0     0.68825     0.44022]
[    0.37593     0.31579           0           0           0     0.40747           0     0.29234           0           0           0     0.14646           0           0           0           0           0           0           0           0           0           0           0           0     0.38389           0
           0           0           0           0           0           0           0           0           0           0           0           0     0.59639           0           0           0           0           0           0     0.26848           0           0           0           0           0           0
           0           0           0           0           0           0     0.24517           0           0           0     0.10295           0           0           0           0           0]
[    0.52039           0           0           0           0     0.41553           0           0           0           0           0     0.70404           0           0           0           0           0           0           0           0           0           0           0           0           0    0.081273
           0     0.71793           0]
[    0.41358     0.56331     0.64885      0.5944     0.52482     0.45899     0.55477       0.564      0.3282      0.5263     0.34558     0.64544      0.4171     0.57037     0.62308     0.55504      0.6665     0.64311     0.28304           0     0.63492     0.30204     0.46731           0     0.44042     0.30687
           0           0           0     0.37261           0     0.37204     0.58202     0.28144     0.41323]
[    0.44281           0           0     0.11954     0.34971     0.32259     0.39836           0     0.23865           0           0           0     0.47897           0     0.38417           0           0           0     0.12615     0.30113     0.48211           0    0.092286           0           0           0
           0     0.34865           0           0]
[    0.27237     0.32313           0     0.55264     0.19169     0.15683           0           0     0.31091           0           0           0           0     0.60479           0           0           0     0.20652           0           0           0           0           0     0.28152           0           0
           0           0           0           0           0]
[    0.37142     0.50041     0.37705     0.45064     0.72424           0     0.43149           0           0           0           0           0           0           0           0           0           0     0.46939           0     0.53602           0           0     0.30847           0           0     0.29078
           0           0           0     0.41457     0.43282           0           0           0           0     0.47701           0           0           0           0           0     0.70252           0           0           0           0           0           0           0           0     0.58177           0
           0           0           0           0           0     0.43755           0           0           0     0.20655           0           0           0           0           0           0           0           0           0           0           0           0           0           0           0]
[          0           0           0     0.35822           0           0           0           0           0     0.47415           0           0           0           0           0           0     0.36709           0           0           0           0           0     0.26992     0.46629           0           0
           0           0           0           0           0           0           0           0           0           0           0           0           0           0           0           0           0           0           0           0           0           0           0           0           0           0
           0           0           0           0           0           0           0           0           0           0           0           0           0           0           0           0           0           0           0           0           0           0           0]
[    0.38824     0.40674     0.43392     0.53911     0.27195     0.31376     0.60559           0      0.3473     0.61235     0.29261           0           0           0           0           0     0.15189           0           0           0           0           0           0     0.64823           0           0
           0     0.28767           0           0           0           0     0.28582           0           0           0     0.23394           0           0   0.0014427           0           0     0.28359           0           0           0           0           0           0           0           0           0
           0           0     0.33169           0           0           0           0           0           0           0           0      0.5981]
[    0.84863     0.42209           0           0           0     0.31779           0           0           0           0           0           0           0           0           0     0.21046           0           0     0.48823     0.34085           0           0           0           0           0     0.82795
           0           0           0           0           0           0           0           0     0.31212           0           0           0           0           0           0           0     0.87507           0           0           0           0           0           0           0           0]
[    0.83559       0.801           0     0.74579     0.77816     0.83158           0           0           0           0     0.88056           0     0.85566     0.51376           0     0.55614           0           0     0.37209           0     0.46777     0.72709           0           0           0           0
           0           0           0           0]
[          0     0.21753     0.54485           0     0.28488           0           0     0.49989     0.24388     0.11347     0.22311    0.063902     0.29484           0     0.26169           0      0.1973     0.35068           0           0           0           0           0]
[    0.57755     0.65248           0     0.42686           0           0           0           0           0           0]
[          0           0     0.38206           0           0           0           0           0           0           0           0           0           0           0     0.40709           0           0           0           0           0           0           0           0     0.17074           0           0
           0           0           0           0           0           0           0           0           0           0           0           0           0           0           0           0           0           0           0           0           0           0           0           0           0           0
           0     0.13144           0           0           0           0           0           0           0           0           0           0           0           0           0           0           0           0           0           0           0           0           0           0           0           0
           0           0           0     0.30759           0           0           0           0           0           0           0           0     0.33189           0           0     0.38912]
[    0.29342      0.1692           0           0           0           0     0.29842           0           0           0           0           0           0           0     0.50577           0           0           0           0           0           0           0           0           0           0           0
           0           0           0           0           0           0           0]
[          0     0.15864           0     0.23564           0           0      0.4873     0.32782     0.11301           0           0           0           0           0           0     0.24716           0     0.15244           0           0     0.27195           0           0           0           0           0
     0.11382           0           0           0           0           0           0]
[    0.68378     0.51793      0.6531     0.36951       0.702     0.56368     0.35074     0.91352     0.56193     0.50836      0.6143     0.65665     0.59517     0.70842     0.24472     0.67312     0.55652     0.56549     0.35409     0.52821           0           0     0.66673     0.44731      0.4984     0.51265
     0.52253      0.3713     0.57065           0     0.53671     0.50369     0.55254           0           0     0.17922     0.64484     0.35628     0.63414     0.57887     0.37038     0.49787           0     0.10914     0.50252           0     0.72263     0.34076           0      0.6556     0.27613     0.52303
     0.17568           0           0           0           0           0           0     0.11522     0.48863     0.39211     0.44799     0.45263           0           0           0     0.53681           0           0]
[    0.78073     0.84882           0           0           0           0     0.21677           0           0           0           0           0           0           0           0     0.62031           0     0.56704           0           0           0           0           0           0     0.64665           0
           0     0.67234           0           0      0.2755]
[    0.40491     0.47015     0.67497     0.65308     0.62524     0.38325     0.40713           0           0     0.18314     0.28522           0     0.39838           0           0           0     0.12086           0           0           0     0.55094           0           0     0.58459           0           0
           0           0           0     0.37734           0     0.51963           0     0.58953           0           0     0.48124           0           0           0      0.3489     0.60163]
[    0.54561      0.6416     0.60902           0     0.47474           0           0           0     0.41302           0           0     0.47226           0           0           0           0           0           0           0           0           0           0           0           0           0           0
           0     0.26734     0.60657           0           0           0           0           0           0     0.25101           0     0.45841           0           0           0           0     0.22256           0           0           0           0           0     0.27481]
[    0.38685           0     0.40613     0.15282     0.37995     0.45982      0.2847           0           0           0           0           0           0           0           0           0           0           0           0           0           0           0           0           0           0           0
           0     0.34638           0      0.1123           0           0           0           0           0           0           0           0     0.47442           0     0.12928           0           0           0           0           0     0.36414           0           0           0           0           0]
[      0.554           0     0.72593           0           0     0.53152           0           0           0           0           0     0.53272     0.27123           0           0           0           0           0           0           0           0           0           0           0           0           0
           0           0           0     0.11331           0           0     0.47145           0           0           0           0           0           0           0     0.52418           0           0           0           0           0           0           0           0           0           0           0
           0           0           0           0           0           0      0.5105           0           0     0.32723           0           0           0           0           0           0           0           0           0     0.04211           0           0           0           0           0           0
           0           0           0]
[    0.81171           0     0.38149     0.63798     0.46587     0.72338     0.29478     0.70436     0.36757      0.6329           0      0.4122     0.27744     0.53893           0     0.21803     0.70057     0.64243     0.61876     0.17537     0.25916           0           0           0     0.64466     0.20933
     0.55744           0           0           0           0           0     0.21068           0           0     0.76772     0.58046           0           0     0.24826     0.49573     0.45325     0.38924     0.63741           0           0           0           0    0.064347           0]
[    0.54977     0.61363     0.52885     0.69682           0     0.46383     0.41831     0.55792           0     0.51378     0.46836    0.021473     0.43028     0.51602           0    0.015796           0     0.58703     0.56517           0           0    0.029097     0.66085     0.36626      0.5941           0
           0     0.67364           0           0           0     0.49048     0.42826           0           0           0    0.033675           0    0.014376      0.3871           0           0           0           0    0.015764           0           0     0.10563     0.45935           0           0     0.58118
           0           0           0     0.45642           0    0.006998           0     0.30551           0           0           0           0           0     0.42297      0.3098           0           0     0.54929     0.29617           0      0.2893           0           0           0           0           0
           0     0.52432           0     0.52605           0           0           0    0.078464     0.12317]
[    0.56697     0.52165     0.32049     0.59518     0.55299     0.26306     0.35518     0.37989     0.29463     0.27869     0.63184     0.43291     0.58842     0.51015           0           0     0.16385           0           0           0           0     0.33281     0.35676           0    0.054137     0.57514
     0.19774    0.094294     0.31914           0   0.0038356           0     0.17028     0.48664           0           0           0           0     0.50177  4.4252e-05           0     0.32007           0     0.15285     0.21873     0.17427           0           0     0.27515           0           0           0
     0.44721           0           0     0.16255           0     0.16456]
[          0           0           0     0.30751           0           0           0           0           0           0           0           0           0           0           0           0           0           0           0           0           0           0           0           0           0           0
           0     0.36493           0           0           0           0           0           0           0           0           0           0           0     0.26491           0           0           0           0           0           0           0           0           0           0           0           0
           0           0           0           0      0.2497           0           0           0           0           0           0           0     0.30727           0           0           0           0           0           0           0           0           0           0     0.26805           0           0
           0           0           0           0           0     0.35147           0           0           0           0           0           0     0.40628           0           0           0           0           0           0           0           0           0           0           0           0           0
           0           0           0           0           0           0           0           0     0.13135           0           0           0           0           0           0           0]
[          0     0.52878           0           0     0.60282           0           0           0           0           0           0           0     0.43238    0.040022           0           0     0.18856           0           0     0.57605           0           0           0    0.090582           0           0
           0           0           0           0     0.24986           0           0           0           0           0           0           0     0.50969           0           0           0      0.5521           0           0           0           0           0           0           0           0           0
           0           0           0           0           0           0]
[    0.27429      0.4532     0.22313     0.37119     0.65909           0           0    0.043687           0           0      0.5733     0.25591           0           0      0.3232           0           0     0.11694     0.26783           0      0.2608     0.42835           0           0           0           0
           0           0     0.37345           0     0.42302           0           0           0     0.32622           0           0           0      0.2937           0           0           0           0           0           0           0           0     0.23808     0.36713      0.3614      0.3548     0.14267
           0           0           0           0           0     0.32527           0           0           0    0.095291    0.041371     0.28304           0           0           0     0.20862           0           0     0.10414     0.18618           0    0.032629           0           0           0           0
           0           0           0           0           0           0           0           0           0     0.14917           0           0     0.12574           0           0           0     0.35375           0           0           0           0           0           0           0           0           0
           0           0           0           0           0           0     0.31707           0     0.63804      0.3095           0           0           0           0           0    0.015549     0.12681]
[    0.74685     0.66912     0.79209           0     0.57122     0.45278     0.46533           0           0           0     0.52195     0.21629           0           0     0.30999           0           0           0     0.77899           0           0           0           0           0           0     0.83383
           0           0           0           0     0.15836           0     0.49374     0.26993           0     0.53552           0           0     0.26514           0           0     0.35534           0           0           0           0           0           0           0]
[    0.44371           0           0     0.40652     0.22886           0           0     0.44943           0           0     0.36365           0           0           0           0           0           0           0           0           0     0.41924           0           0           0     0.43057           0
           0           0           0           0           0     0.30682           0           0           0           0           0           0     0.33006           0           0           0           0           0           0     0.67032     0.37189           0           0           0           0           0
           0           0     0.51777           0           0           0           0           0]
[    0.84134     0.59577     0.75248     0.66109      0.4335     0.71177           0           0           0     0.63083           0           0           0           0     0.32302           0           0           0           0     0.47156           0           0           0     0.50768           0]
[    0.66699      0.4038     0.58114      0.6522     0.39458     0.64944           0           0     0.53528           0           0           0           0      0.1417           0     0.53066           0     0.25006     0.31004           0     0.55453           0           0           0     0.53226     0.27797
           0           0           0     0.54132           0     0.26802           0     0.44141]
[    0.79361     0.81536           0     0.57698           0     0.81716     0.20996           0           0           0     0.30563           0           0           0           0           0           0           0           0           0           0           0           0     0.30113           0           0
     0.71499           0           0     0.40869           0]
[    0.64216      0.5171     0.61221     0.69222           0     0.55802       0.593     0.72535     0.40998     0.65352     0.47749     0.70961           0     0.49013           0     0.71033     0.75336           0     0.57561      0.3875     0.61805           0     0.32493           0     0.55095    0.015028
      0.7554           0           0           0           0      0.3187     0.74189           0     0.37177      0.5521     0.27248           0     0.71433     0.59935     0.34158           0           0]
[    0.70159           0     0.65354           0           0           0           0           0     0.54427           0           0           0           0           0     0.16652           0           0     0.68616    0.084427           0           0           0           0           0           0           0
           0           0           0     0.67148           0           0           0           0           0           0           0           0           0     0.65043           0           0           0           0           0           0           0           0           0           0           0           0
           0           0           0           0           0     0.54191           0           0           0           0     0.19523           0           0     0.52231           0           0           0           0           0           0           0           0           0]
[    0.61048     0.49759     0.62126      0.8817           0     0.58471           0     0.55057     0.57299           0           0     0.54071           0           0           0     0.58264           0     0.74352           0           0           0           0           0           0           0           0
     0.65877           0           0     0.27957           0     0.17919           0           0     0.48793           0           0     0.65153           0     0.18722           0           0           0           0           0      0.5041           0           0     0.38413           0     0.28981           0
     0.30173           0]
[     0.3581     0.58434     0.23091     0.57143     0.38148      0.2146     0.41156     0.53593     0.22649     0.57319     0.45128     0.55999       0.573     0.46425     0.29508     0.56812     0.18523     0.48632     0.13574     0.77623     0.85378     0.19256     0.20994     0.38658     0.18599     0.52072
     0.20371     0.63186     0.40135     0.54453     0.35211     0.55302     0.31221           0     0.26135     0.61554      0.4107     0.52092     0.33074     0.36012     0.23567     0.50021    0.058003      0.5781     0.19558     0.47619      0.3678     0.46498     0.25346     0.50616     0.21908     0.58732
     0.21502     0.47761]
[    0.37559      0.3145     0.57365     0.26427     0.18619     0.57394     0.43003     0.38816     0.32413           0     0.23417     0.29479           0           0     0.60016     0.30932     0.41846           0           0     0.16278     0.40599     0.27178           0           0           0     0.38599
     0.43545           0           0     0.56532           0     0.39538           0     0.71654     0.40644           0           0     0.25148     0.39687           0           0     0.28021           0     0.57712           0     0.32766           0           0     0.25174           0     0.25088     0.47953
     0.56713     0.34955     0.24368     0.20234           0           0           0           0     0.69762           0     0.48514     0.60119           0     0.29116           0     0.29729           0     0.54431           0]
[     0.6482     0.37435           0     0.69937           0     0.68417       0.531           0           0           0     0.74653           0     0.52737           0           0           0           0           0           0           0           0           0           0     0.46903           0           0
           0      0.4306     0.45852           0     0.61761           0           0           0           0     0.70049           0           0           0           0           0           0           0           0]
[    0.54594           0      0.5652           0     0.41502     0.52671     0.37904           0     0.44529           0           0           0     0.62012           0           0     0.58089           0           0           0           0           0     0.45529           0           0     0.28597           0
           0           0           0           0     0.34396           0           0           0           0     0.55478]
[    0.58438      0.5789     0.49301     0.43037     0.52899     0.52566     0.62768           0     0.64184     0.48622           0     0.59104     0.52185           0           0           0           0     0.42157     0.58288           0     0.64845     0.50961     0.28775           0     0.54549]
[    0.65926     0.46262     0.82374     0.43421           0           0     0.55351           0     0.36135           0           0           0           0           0           0           0     0.54051           0     0.37185           0     0.54924           0           0           0           0           0
           0           0           0     0.37424           0           0           0           0     0.66704]
[    0.33006     0.45997     0.51035           0           0     0.51822     0.47293     0.44757           0           0           0     0.42446     0.46008           0     0.61112           0           0     0.27142           0           0           0           0           0     0.40216           0     0.30369
      0.2621           0           0           0           0           0           0           0           0     0.51836           0           0           0           0           0     0.49821]
[    0.74672     0.58068     0.48487     0.62402     0.54211           0     0.43691           0     0.48074           0     0.37148           0     0.40683     0.56093     0.61297           0           0           0     0.38898           0     0.77657           0           0           0           0           0
           0           0     0.26784           0     0.39993]
[    0.35912           0           0     0.50342           0           0     0.41474           0      0.4899           0     0.29868     0.30212           0           0           0           0           0     0.30677     0.43957    0.058619           0           0     0.15594           0           0           0
           0     0.16857    0.032369           0]
