     0/299     7.81G      7.83      31.6         0      39.4        12       608         0         0  0.000762         0      7.08      1.61         0
     1/299     7.81G       6.1      2.09         0      8.19        14       608         0         0         0         0       5.8      1.57         0
     2/299     7.81G      5.19      1.78         0      6.97         5       608         1   0.00885   0.00722    0.0175      5.14      1.34         0
     3/299     7.81G      4.68      1.59         0      6.26        13       608         0         0     0.123         0      4.83      1.07         0
     4/299     7.81G      4.57      1.31         0      5.87        14       608         0         0   0.00636         0      6.46      2.64         0
     5/299     7.81G      4.48      1.23         0      5.72         6       608         0         0    0.0346         0      4.71      2.57         0
     6/299     7.81G      4.43     0.983         0      5.41        11       608    0.0148    0.0619    0.0416    0.0239      4.52      15.5         0
     7/299     7.81G      4.21     0.907         0      5.11        10       608   0.00959    0.0442    0.0376    0.0158      3.96      21.3         0
     8/299     7.81G      4.58     0.881         0      5.46         5       608         0         0     0.036         0      4.48      9.06         0
     9/299     7.81G      4.05     0.898         0      4.95        10       608    0.0268    0.0531     0.092    0.0356       4.1      1.55         0
    10/299     7.81G      4.77     0.781         0      5.55        11       608         0         0    0.0931         0      4.34      1.06         0
    11/299     7.81G      3.83     0.895         0      4.72         4       608         0         0     0.203         0      4.02     0.708         0
    12/299     7.81G      3.82     0.801         0      4.62        11       608    0.0282     0.115    0.0751    0.0453      3.96      2.16         0
    13/299     7.81G      4.19     0.707         0       4.9        10       608         0         0    0.0442         0      4.97     0.858         0
    14/299     7.81G      3.75     0.798         0      4.55         4       608   0.00707    0.0265    0.0393    0.0112      4.67      1.99         0
    15/299     7.81G      4.24     0.743         0      4.99        12       608         0         0    0.0424         0      4.78      1.55         0
    16/299     7.81G      4.02     0.755         0      4.78        12       608  0.000352   0.00885   0.00771  0.000677      4.47      5.16         0
    17/299     7.81G      3.94     0.727         0      4.67         5       608   0.00219    0.0177   0.00991   0.00389      4.22      1.24         0
    18/299     7.81G      3.42      0.73         0      4.15        14       608     0.718      0.31       0.5     0.433       4.4     0.539         0
    19/299     7.81G      4.41     0.554         0      4.96        10       608         0         0    0.0451         0      4.26     0.619         0
    20/299     7.81G       3.5     0.837         0      4.33         4       608         1   0.00885     0.507    0.0175      3.99     0.676         0
    21/299     7.81G       3.6     0.726         0      4.33        12       608      0.87     0.118     0.511     0.208      4.14     0.548         0
    22/299     7.81G      3.87     0.621         0      4.49         9       608     0.251   0.00885     0.137    0.0171      4.52     0.556         0
    23/299     7.81G      3.47     0.772         0      4.24         5       608         1    0.0131     0.437    0.0259      4.26     0.583         0
    24/299     7.81G      3.47     0.678         0      4.15        11       608     0.843     0.143     0.519     0.244      3.92     0.521         0
    25/299     7.81G      3.68     0.611         0      4.29        14       608         1    0.0389       0.6    0.0749       3.8     0.529         0
    26/299     7.81G      3.32     0.627         0      3.94         6       608         1    0.0478     0.558    0.0913      3.71     0.537         0
    27/299     7.81G       3.3     0.672         0      3.97        10       608     0.735     0.372      0.56     0.494      3.83     0.489         0
    28/299     7.81G       3.4     0.609         0      4.01        10       608     0.889    0.0885      0.47     0.161      3.89     0.501         0
    29/299     7.81G      3.04     0.617         0      3.66         2       608     0.962     0.224     0.555     0.364      3.68     0.496         0
    30/299     7.81G      3.41     0.544         0      3.96        12       608     0.785     0.483     0.634     0.598      3.69     0.456         0
    31/299     7.81G      3.14     0.515         0      3.65        15       608     0.757     0.468     0.629     0.579      3.61     0.409         0
    32/299     7.81G      3.09     0.519         0      3.61         5       608     0.899     0.235     0.713     0.373      3.33     0.464         0
    33/299     7.81G       3.2     0.537         0      3.74        11       608     0.704     0.422     0.543     0.528      3.57     0.426         0
    34/299     7.81G      2.85     0.542         0       3.4        13       608     0.697     0.451      0.53     0.548      3.52     0.495         0
    35/299     7.81G      3.21     0.508         0      3.72         6       608         1     0.394     0.719     0.566       3.5     0.417         0
    36/299     7.81G         3     0.563         0      3.56        12       608         1    0.0825     0.702     0.152      3.24     0.514         0
    37/299     7.81G      2.95     0.512         0      3.46        12       608     0.881      0.46     0.704     0.604      3.45     0.416         0
    38/299     7.81G      3.23      0.52         0      3.75         3       608         1     0.247     0.687     0.396      3.65     0.466         0
    39/299     7.81G      2.66     0.554         0      3.21        10       608     0.888     0.559     0.744     0.686      3.15     0.416         0
    40/299     7.81G      3.01     0.492         0       3.5        14       608     0.746     0.285     0.509     0.413      3.73     0.452         0
    41/299     7.81G      2.88     0.499         0      3.38         4       608    0.0687     0.345    0.0702     0.115      3.87      2.81         0
    42/299     7.81G      2.93     0.463         0       3.4        13       608     0.503     0.549     0.407     0.525      3.19     0.482         0
    43/299     7.81G      2.96     0.451         0      3.42        14       608     0.907     0.517     0.715     0.659      3.11     0.397         0
    44/299     7.81G      2.81     0.464         0      3.27         4       608     0.906     0.513     0.782     0.655      3.08      0.39         0
    45/299     7.81G      2.67     0.479         0      3.15        14       608      0.89     0.576     0.806     0.699       2.9     0.383         0
    46/299     7.81G      2.74     0.451         0      3.19        10       608     0.931     0.475     0.771     0.629      3.08     0.395         0
    47/299     7.81G      2.68     0.402         0      3.08         3       608     0.897     0.513     0.708     0.653      3.31     0.384         0
    48/299     7.81G      2.74     0.468         0      3.21        11       608     0.903     0.575      0.74     0.703      3.24     0.386         0
    49/299     7.81G      2.69      0.43         0      3.12        10       608     0.956      0.58     0.773     0.722      3.11     0.388         0
    50/299     7.81G      2.43     0.431         0      2.86         4       608     0.895     0.529     0.757     0.665      2.94     0.387         0
    51/299     7.81G       2.6     0.409         0      3.01        13       608     0.955     0.558     0.822     0.704      2.94     0.395         0
    52/299     7.81G      2.49     0.411         0       2.9        10       608     0.815     0.611     0.742     0.698      2.99     0.381         0
    53/299     7.81G      2.51     0.384         0      2.89         3       608     0.816     0.626     0.738     0.709      2.98     0.397         0
    54/299     7.81G      2.35     0.452         0      2.81        10       608     0.866      0.57     0.765     0.688      2.98     0.398         0
    55/299     7.81G      2.43     0.421         0      2.85        11       608     0.812     0.637     0.733     0.714      3.23     0.372         0
    56/299     7.81G      2.49      0.39         0      2.88         3       608     0.944     0.451     0.751     0.611      3.02     0.444         0
    57/299     7.81G      2.36     0.416         0      2.77        10       608     0.914     0.659     0.836     0.766      3.06      0.42         0
    58/299     7.81G      2.39     0.425         0      2.81        13       608      0.86       0.6     0.748     0.707      2.93     0.403         0
    59/299     7.81G      2.44     0.408         0      2.85         4       608     0.491     0.683     0.591     0.571      3.21     0.422         0
    60/299     7.81G      2.55     0.409         0      2.96        11       608     0.685     0.726     0.729     0.705      2.93     0.387         0
    61/299     7.81G      2.43     0.393         0      2.82        12       608     0.871     0.657     0.815     0.749      2.82     0.368         0
    62/299     7.81G      2.47      0.42         0      2.89         3       608     0.786      0.69     0.793     0.735      2.83     0.377         0
    63/299     7.81G       2.3     0.421         0      2.72        11       608     0.793     0.611     0.732      0.69      2.88     0.388         0
    64/299     7.81G      2.36     0.425         0      2.79        10       608     0.856      0.58      0.75     0.691      2.94     0.386         0
    65/299     7.81G      2.21     0.455         0      2.67         6       608     0.843     0.664     0.773     0.743      2.84     0.364         0
    66/299     7.81G      2.45     0.386         0      2.84        10       608     0.875     0.618     0.787     0.725      2.83     0.416         0
    67/299     7.81G      2.26     0.404         0      2.66        10       608     0.824     0.746     0.861     0.783      2.64     0.365         0
    68/299     7.81G      2.17     0.344         0      2.52         3       608     0.882     0.794     0.867     0.836      2.69     0.345         0
    69/299     7.81G       2.2     0.339         0      2.54        10       608     0.891     0.717     0.846     0.795       2.7     0.342         0
    70/299     7.81G      2.24     0.362         0       2.6         8       608      0.89     0.719      0.85     0.796      2.92     0.347         0
    71/299     7.81G      2.23     0.409         0      2.64         5       608     0.898     0.701     0.822     0.788       2.8     0.369         0
    72/299     7.81G      2.21     0.373         0      2.59        11       608     0.768     0.726      0.77     0.746      2.83     0.366         0
    73/299     7.81G      2.13     0.417         0      2.55        12       608     0.815     0.761     0.844     0.787      2.59     0.346         0
    74/299     7.81G       2.2     0.369         0      2.57         5       608     0.851     0.788     0.834     0.818      2.68     0.342         0
    75/299     7.81G      1.99     0.361         0      2.35        11       608     0.973     0.643      0.78     0.774      2.78     0.397         0
    76/299     7.81G      2.02     0.361         0      2.38        12       608      0.95     0.679     0.824     0.792       2.8     0.382         0
    77/299     7.81G      2.06     0.373         0      2.43         7       608     0.904     0.752     0.826     0.821      2.82     0.371         0
    78/299     7.81G      2.14      0.36         0       2.5        10       608     0.892     0.438     0.582     0.588      3.53      0.55         0
    79/299     7.81G      1.98     0.353         0      2.34        11       608     0.638     0.513     0.513     0.569      3.62     0.441         0
    80/299     7.81G      1.98     0.339         0      2.31         4       608     0.426     0.637     0.392     0.511       3.6     0.462         0
    81/299     7.81G      2.02     0.341         0      2.36        11       608     0.873     0.726     0.763     0.793      3.08     0.373         0
    82/299     7.81G      1.95      0.34         0      2.29        11       608     0.886     0.685     0.756     0.772      3.04     0.374         0
    83/299     7.81G      2.22     0.327         0      2.54         4       608     0.917     0.655     0.812     0.764      2.93     0.384         0
    84/299     7.81G      2.02     0.336         0      2.35         9       608     0.878     0.708     0.801     0.784      2.83     0.367         0
    85/299     7.81G      2.07     0.359         0      2.43        12       608      0.88     0.716     0.845      0.79      2.84     0.351         0
    86/299     7.81G      1.94     0.357         0       2.3         3       608     0.858     0.726     0.853     0.786      2.72     0.344         0
    87/299     7.81G      1.97     0.328         0       2.3        12       608     0.863     0.778     0.843     0.818      2.75     0.324         0
    88/299     7.81G      1.92     0.325         0      2.24        10       608     0.856      0.77     0.846     0.811      2.79     0.326         0
    89/299     7.81G      1.95     0.302         0      2.25         1       608     0.897     0.708     0.841     0.791       2.7     0.347         0
    90/299     7.81G      1.95     0.333         0      2.28         8       608     0.887     0.699      0.82     0.782      2.75     0.355         0
    91/299     7.81G      2.15     0.318         0      2.47        10       608     0.823     0.708     0.794     0.761      2.77     0.359         0
    92/299     7.81G       1.9     0.308         0      2.21         4       608      0.82     0.752     0.834     0.784      2.74     0.364         0
    93/299     7.81G      1.89     0.322         0      2.21         6       608     0.767     0.727     0.783     0.746      2.66     0.368         0
    94/299     7.81G       1.8     0.333         0      2.14        11       608     0.729     0.761     0.793     0.744      2.74     0.356         0
    95/299     7.81G      1.84     0.326         0      2.17         3       608     0.836     0.726     0.793     0.777      2.63     0.357         0
    96/299     7.81G       1.7      0.33         0      2.03         7       608     0.866      0.69     0.823     0.768      2.62     0.362         0
    97/299     7.81G       1.8     0.302         0       2.1        13       608     0.899     0.706     0.824     0.791      2.54     0.369         0
    98/299     7.81G      1.77     0.309         0      2.08         4       608     0.886     0.708     0.827     0.787      2.66     0.371         0
    99/299     7.81G      1.79     0.319         0      2.11         9       608     0.828     0.735     0.813     0.779      2.56     0.362         0
   100/299     7.81G      1.82     0.323         0      2.14         9       608     0.858     0.673      0.78     0.754      2.51     0.391         0
   101/299     7.81G      1.71     0.337         0      2.04         3       608     0.802     0.726     0.795     0.762      2.43     0.374         0
   102/299     7.81G      1.71     0.306         0      2.01         9       608     0.772     0.726       0.8     0.748      2.39     0.369         0
   103/299     7.81G      1.95     0.303         0      2.25        14       608     0.809     0.708     0.792     0.755      2.53     0.377         0
   104/299     7.81G      1.71     0.304         0      2.01         4       608      0.89     0.726     0.846       0.8      2.54      0.35         0
   105/299     7.81G      1.76     0.323         0      2.08        13       608     0.842     0.726     0.832      0.78      2.57     0.344         0
   106/299     7.81G      1.74     0.281         0      2.02        13       608     0.853     0.743      0.84     0.794      2.49     0.345         0
   107/299     7.81G      1.77     0.286         0      2.05         3       608     0.865     0.738     0.841     0.797      2.44     0.341         0
   108/299     7.81G      1.69     0.298         0      1.99         9       608     0.882     0.728     0.844     0.798      2.43     0.343         0
   109/299     7.81G      1.69     0.298         0      1.99         8       608     0.853     0.768     0.844     0.808      2.52     0.343         0
   110/299     7.81G      1.69     0.284         0      1.97         4       608     0.872     0.779     0.862     0.823      2.52     0.348         0
   111/299     7.81G      1.68     0.283         0      1.97        12       608     0.824     0.779     0.846     0.801      2.43     0.348         0
   112/299     7.81G      1.63     0.301         0      1.93        11       608      0.86     0.779     0.841     0.817      2.47     0.347         0
   113/299     7.81G      1.54     0.311         0      1.86         5       608     0.857     0.745     0.828     0.797      2.57     0.341         0
   114/299     7.81G      1.54     0.278         0      1.81        12       608     0.834     0.756     0.834     0.793      2.54     0.334         0
   115/299     7.81G      1.63     0.273         0       1.9         7       608     0.829     0.779     0.843     0.803       2.6     0.325         0
   116/299     7.81G      1.57      0.27         0      1.84         3       608     0.903     0.742     0.853     0.815      2.46     0.333         0
   117/299     7.81G      1.51     0.274         0      1.79        14       608     0.871      0.77     0.867     0.817      2.34     0.323         0
   118/299     7.81G      1.56     0.274         0      1.84         9       608     0.849     0.795     0.877     0.821      2.37     0.316         0
   119/299     7.81G      1.63     0.277         0       1.9         4       608     0.893     0.741     0.881      0.81      2.42     0.328         0
   120/299     7.81G      1.56     0.284         0      1.84        10       608     0.903     0.743      0.89     0.815      2.39     0.347         0
   121/299     7.81G      1.54     0.304         0      1.85        13       608     0.884      0.77     0.895     0.823      2.36     0.333         0
   122/299     7.81G       1.5     0.252         0      1.75         6       608     0.896     0.761      0.89     0.823      2.33     0.339         0
   123/299     7.81G      1.46     0.275         0      1.74         9       608     0.907     0.735     0.861     0.812      2.41     0.345         0
   124/299     7.81G      1.59     0.259         0      1.85        12       608     0.936     0.772     0.883     0.846      2.45      0.35         0
   125/299     7.81G      1.48     0.259         0      1.74         3       608     0.921     0.725     0.862     0.811      2.48     0.366         0
   126/299     7.81G       1.5      0.28         0      1.78        13       608     0.921     0.725     0.842     0.811      2.46     0.357         0
   127/299     7.81G      1.45     0.242         0      1.69        11       608     0.969     0.717     0.857     0.824      2.46     0.359         0
   128/299     7.81G      1.46     0.257         0      1.71         5       608     0.943      0.73     0.854     0.823      2.43     0.364         0
   129/299     7.81G      1.47     0.267         0      1.74        12       608     0.868     0.726      0.85     0.791      2.47     0.364         0
   130/299     7.81G      1.51     0.274         0      1.79        13       608     0.879     0.709     0.848     0.785      2.45     0.371         0
   131/299     7.81G      1.38     0.256         0      1.64         3       608      0.86     0.705      0.83     0.775      2.36     0.356         0
   132/299     7.81G      1.44     0.243         0      1.69        13       608     0.853     0.717     0.842     0.779       2.4     0.345         0
   133/299     7.81G      1.56     0.253         0      1.82        10       608     0.922     0.733     0.862     0.817      2.35     0.343         0
   134/299     7.81G      1.47     0.264         0      1.73         4       608     0.941     0.707     0.844     0.808      2.41     0.345         0
   135/299     7.81G       1.4      0.25         0      1.65         9       608     0.952     0.697     0.854     0.805      2.41     0.345         0
   136/299     7.81G      1.45     0.256         0      1.71        13       608     0.921     0.722     0.823     0.809      2.54     0.347         0
   137/299     7.81G      1.44     0.264         0      1.71         5       608      0.87     0.767      0.85     0.815      2.48     0.331         0
   138/299     7.81G      1.65      0.26         0      1.91        12       608      0.91     0.726     0.854     0.807      2.47     0.353         0
   139/299     7.81G      1.42     0.262         0      1.68        13       608     0.878     0.702     0.845      0.78      2.56     0.362         0
   140/299     7.81G      1.34     0.257         0      1.59         4       608     0.876     0.752     0.852      0.81      2.55     0.357         0
   141/299     7.81G       1.4     0.253         0      1.65        12       608     0.885     0.747      0.85      0.81      2.52     0.352         0
   142/299     7.81G      1.49     0.251         0      1.74        11       608     0.894     0.717      0.84     0.796       2.5     0.362         0
   143/299     7.81G      1.29     0.236         0      1.52         5       608     0.864     0.699      0.81     0.773      2.36     0.348         0
   144/299     7.81G       1.3     0.248         0      1.55        12       608      0.88     0.735      0.85     0.801       2.3     0.333         0
   145/299     7.81G      1.36     0.245         0       1.6        13       608     0.897     0.775     0.874     0.832       2.3     0.336         0
   146/299     7.81G      1.31     0.246         0      1.56         5       608     0.875     0.747     0.858     0.806      2.31     0.347         0
   147/299     7.81G      1.34     0.223         0      1.56         7       608     0.874     0.737     0.848       0.8      2.37     0.338         0
   148/299     7.81G      1.34     0.234         0      1.58        12       608      0.91     0.761     0.877     0.829      2.29      0.34         0
   149/299     7.81G      1.19     0.245         0      1.44         2       608     0.914     0.752     0.893     0.825      2.25     0.349         0
   150/299     7.81G       1.3     0.216         0      1.51        12       608     0.933     0.735     0.896     0.822       2.3     0.363         0
   151/299     7.81G      1.32     0.241         0      1.56        11       608     0.947     0.735      0.89     0.827      2.26     0.355         0
   152/299     7.81G      1.29      0.25         0      1.54         6       608     0.926     0.777       0.9     0.845       2.3     0.336         0
   153/299     7.81G      1.26     0.217         0      1.48         9       608     0.917     0.782     0.906     0.844      2.29     0.323         0
   154/299     7.81G      1.29     0.211         0       1.5         7       608     0.908     0.784     0.898     0.841      2.32     0.326         0
   155/299     7.81G      1.27     0.218         0      1.48         4       608     0.899      0.79      0.88     0.841      2.36     0.324         0
   156/299     7.81G      1.26      0.23         0      1.49        14       608     0.867     0.807     0.871     0.836      2.38     0.332         0
   157/299     7.81G      1.23     0.243         0      1.47        10       608     0.851     0.796     0.856     0.823      2.37     0.342         0
   158/299     7.81G      1.18     0.235         0      1.41         4       608     0.882     0.794     0.872     0.836      2.34     0.339         0
   159/299     7.81G      1.18     0.211         0      1.39        11       608     0.865     0.737     0.873     0.796       2.4     0.333         0
   160/299     7.81G      1.22     0.212         0      1.43        12       608     0.883     0.737     0.852     0.803      2.34     0.344         0
   161/299     7.81G      1.12     0.239         0      1.36         4       608     0.882     0.726     0.851     0.797      2.32     0.346         0
   162/299     7.81G      1.12     0.218         0      1.34         7       608     0.864     0.728     0.867      0.79      2.36     0.337         0
   163/299     7.81G      1.16     0.214         0      1.37        11       608     0.876     0.747     0.876     0.806      2.45     0.335         0
   164/299     7.81G      1.23     0.217         0      1.45         3       608      0.88      0.77     0.895     0.821      2.29      0.34         0
   165/299     7.81G      1.17     0.214         0      1.38        12       608     0.916     0.768     0.902     0.835      2.27     0.343         0
   166/299     7.81G      1.16     0.197         0      1.35        12       608     0.936     0.777     0.898     0.849      2.29     0.343         0
   167/299     7.81G       1.1     0.214         0      1.31         4       608     0.936     0.774      0.89     0.847      2.24     0.351         0
   168/299     7.81G      1.23     0.205         0      1.44         8       608     0.922     0.796     0.887     0.855      2.26     0.343         0
   169/299     7.81G       1.2     0.204         0       1.4         7       608     0.913     0.779     0.866     0.841      2.26     0.346         0
   170/299     7.81G       1.2     0.225         0      1.42         5       608     0.906     0.761     0.869     0.827       2.3     0.351         0
   171/299     7.81G      1.11     0.214         0      1.32        10       608     0.913     0.743     0.867      0.82       2.3     0.355         0
   172/299     7.81G      1.19     0.219         0      1.41         8       608     0.921     0.752     0.882     0.828      2.36     0.353         0
   173/299     7.81G       1.2      0.21         0      1.41         4       608      0.93     0.752     0.887     0.832      2.34     0.349         0
   174/299     7.81G      1.13     0.193         0      1.32        13       608     0.959     0.735      0.89     0.832      2.34     0.353         0
   175/299     7.81G      1.08     0.194         0      1.28        13       608     0.926      0.77     0.902     0.841      2.38     0.337         0
   176/299     7.81G      1.08     0.219         0       1.3         4       608     0.901     0.806     0.911     0.851      2.41     0.333         0
   177/299     7.81G      1.03     0.212         0      1.25         9       608     0.897     0.846     0.916      0.87      2.41     0.319         0
   178/299     7.81G     0.973     0.214         0      1.19        13       608     0.913     0.858     0.917     0.885      2.37     0.316         0
   179/299     7.81G      1.04     0.212         0      1.26         4       608     0.886     0.825     0.897     0.854      2.34     0.321         0
   180/299     7.81G       1.1     0.197         0       1.3        13       608     0.891     0.788     0.894     0.836      2.35     0.335         0
   181/299     7.81G      1.08     0.201         0      1.29        10       608     0.906      0.77     0.905     0.833      2.38     0.347         0
   182/299     7.81G      1.09     0.195         0      1.29         3       608      0.87     0.773      0.89     0.819      2.35     0.345         0
   183/299     7.81G      1.03     0.189         0      1.22        11       608     0.881     0.789     0.907     0.833      2.29     0.346         0
   184/299     7.81G         1     0.198         0       1.2        10       608     0.895      0.77     0.898     0.828      2.31      0.34         0
   185/299     7.81G     0.977     0.187         0      1.16         5       608     0.916     0.777     0.894     0.841      2.29     0.338         0
   186/299     7.81G      1.03     0.198         0      1.22         9       608     0.892     0.805      0.89     0.846      2.28     0.336         0
   187/299     7.81G     0.952     0.193         0      1.14        10       608     0.882     0.814     0.896     0.847      2.28     0.325         0
   188/299     7.81G      1.01     0.197         0      1.21         6       608     0.884     0.806     0.897     0.843       2.3     0.322         0
   189/299     7.81G      1.04     0.211         0      1.25        11       608     0.898     0.814     0.899     0.854      2.29     0.322         0
   190/299     7.81G     0.973     0.187         0      1.16        11       608     0.899     0.841     0.903     0.869      2.29     0.317         0
   191/299     7.81G     0.891     0.198         0      1.09         4       608     0.903      0.82     0.905     0.859      2.29     0.321         0
   192/299     7.81G     0.921     0.207         0      1.13        12       608     0.921     0.832     0.908     0.874      2.36     0.322         0
   193/299     7.81G     0.977      0.19         0      1.17        12       608     0.907     0.823      0.91     0.863      2.34     0.326         0
   194/299     7.81G     0.919     0.185         0       1.1         3       608     0.908     0.823      0.91     0.863      2.31     0.327         0
   195/299     7.81G     0.918     0.188         0      1.11         9       608     0.882     0.841     0.916     0.861      2.29     0.322         0
   196/299     7.81G     0.904     0.181         0      1.08        17       608     0.871     0.841     0.908     0.855      2.31     0.323         0
   197/299     7.81G     0.995     0.167         0      1.16         4       608     0.871      0.84     0.908     0.855       2.3     0.326         0
   198/299     7.81G     0.874     0.176         0      1.05        10       608     0.901     0.805     0.906      0.85      2.29     0.328         0
   199/299     7.81G     0.943     0.172         0      1.12         7       608     0.901     0.807     0.905     0.851       2.3     0.327         0
   200/299     7.81G     0.975     0.198         0      1.17         3       608     0.902     0.812     0.906     0.854       2.3     0.331         0
   201/299     7.81G     0.864     0.174         0      1.04        15       608     0.912      0.82     0.914     0.864      2.29      0.33         0
   202/299     7.81G     0.845     0.181         0      1.03        13       608     0.912     0.829     0.911     0.869      2.27     0.326         0
   203/299     7.81G     0.832     0.165         0     0.997         4       608     0.913     0.839     0.914     0.875      2.24     0.319         0
   204/299     7.81G     0.898     0.171         0      1.07        10       608     0.931      0.84      0.93     0.883      2.24     0.313         0
   205/299     7.81G      0.82     0.189         0      1.01        10       608     0.925     0.841     0.921     0.881      2.25     0.307         0
   206/299     7.81G     0.896     0.164         0      1.06         2       608     0.925     0.841     0.913     0.881      2.24     0.307         0
   207/299     7.81G     0.919      0.17         0      1.09        12       608     0.924     0.841     0.919      0.88      2.21     0.311         0
   208/299     7.81G     0.934     0.162         0       1.1         9       608     0.904      0.85     0.923     0.876      2.19     0.319         0
   209/299     7.81G      0.94     0.207         0      1.15         4       608     0.904     0.832     0.924     0.866      2.19     0.329         0
   210/299     7.81G      0.84     0.192         0      1.03        11       608     0.888     0.823     0.919     0.854      2.21      0.34         0
   211/299     7.81G     0.833     0.185         0      1.02        13       608      0.91     0.823     0.925     0.865      2.21     0.346         0
   212/299     7.81G     0.847     0.191         0      1.04         4       608       0.9     0.823     0.926      0.86      2.23     0.345         0
   213/299     7.81G     0.818     0.172         0     0.991         9       608     0.906     0.832     0.921     0.867      2.25     0.343         0
   214/299     7.81G     0.815     0.164         0      0.98         9       608     0.887     0.834      0.92      0.86      2.26     0.343         0
   215/299     7.81G     0.801     0.161         0     0.962         4       608     0.896     0.858      0.92     0.877      2.26     0.345         0
   216/299     7.81G     0.821     0.165         0     0.986        12       608     0.903     0.828      0.92     0.864      2.27     0.345         0
   217/299     7.81G     0.893     0.177         0      1.07         9       608     0.912     0.814     0.916      0.86      2.27     0.344         0
   218/299     7.81G     0.819     0.185         0         1         4       608      0.91      0.81     0.922     0.857      2.26     0.346         0
   219/299     7.81G     0.765     0.162         0     0.927         8       608     0.901     0.805     0.919      0.85      2.27     0.345         0
   220/299     7.81G     0.802     0.187         0     0.988         8       608     0.901     0.808     0.923     0.852      2.28     0.342         0
   221/299     7.81G     0.749     0.151         0       0.9         6       608     0.901     0.808     0.924     0.852      2.27     0.341         0
   222/299     7.81G     0.843     0.163         0      1.01         9       608     0.904     0.814     0.922     0.857      2.27     0.341         0
   223/299     7.81G     0.796     0.163         0      0.96         8       608     0.902     0.815     0.923     0.856      2.28     0.339         0
   224/299     7.81G     0.844     0.181         0      1.03         5       608     0.894     0.823     0.923     0.857      2.27     0.337         0
   225/299     7.81G     0.818     0.144         0     0.962        11       608     0.894     0.819     0.923     0.855      2.28      0.34         0
   226/299     7.81G     0.714      0.18         0     0.894        12       608     0.904     0.832     0.926     0.866      2.28     0.341         0
   227/299     7.81G     0.701     0.148         0     0.848         4       608     0.913     0.841     0.926     0.876      2.27      0.34         0
   228/299     7.81G     0.781     0.167         0     0.948        10       608     0.921      0.85      0.93     0.884      2.26      0.34         0
   229/299     7.81G     0.779     0.163         0     0.941        10       608     0.914     0.851     0.937     0.882      2.24     0.339         0
   230/299     7.81G     0.771      0.17         0     0.941         6       608      0.92     0.858     0.939     0.888      2.21     0.339         0
   231/299     7.81G     0.764     0.177         0     0.941        10       608     0.941     0.847     0.932     0.892      2.22     0.344         0
   232/299     7.81G     0.781     0.164         0     0.944        13       608     0.922     0.842     0.921     0.881      2.23     0.349         0
   233/299     7.81G     0.715     0.136         0     0.851         2       608     0.927     0.832     0.917     0.877      2.25     0.355         0
   234/299     7.81G     0.706     0.181         0     0.887        11       608     0.916     0.814     0.917     0.862      2.26     0.358         0
   235/299     7.81G     0.667     0.146         0     0.813        11       608     0.903     0.805     0.917     0.851      2.26     0.361         0
   236/299     7.81G     0.796     0.157         0     0.953         4       608     0.911     0.813     0.919     0.859      2.25     0.355         0
   237/299     7.81G      0.66     0.143         0     0.804        13       608     0.922     0.831     0.921     0.874      2.24     0.353         0
   238/299     7.81G     0.659     0.153         0     0.812        12       608     0.925     0.841     0.924     0.881      2.23     0.354         0
   239/299     7.81G     0.715     0.158         0     0.874         4       608     0.931      0.85     0.925     0.889      2.24     0.353         0
   240/299     7.81G     0.721      0.14         0     0.861        11       608     0.924      0.86     0.918     0.891      2.23     0.352         0
   241/299     7.81G     0.646     0.152         0     0.798        13       608     0.915     0.858     0.916     0.886      2.24     0.355         0
   242/299     7.81G     0.681      0.14         0     0.822         3       608     0.916     0.863      0.92     0.889      2.23     0.356         0
   243/299     7.81G     0.809     0.153         0     0.962        12       608     0.914      0.85     0.919     0.881      2.23     0.361         0
   244/299     7.81G     0.742     0.153         0     0.896         9       608     0.915     0.856     0.923     0.885      2.23     0.363         0
   245/299     7.81G     0.642     0.146         0     0.789         3       608     0.915     0.861     0.922     0.887      2.23     0.362         0
   246/299     7.81G     0.736     0.154         0     0.889        10       608     0.915      0.86     0.919     0.887      2.23     0.363         0
   247/299     7.81G     0.668     0.161         0     0.828        11       608     0.915     0.861     0.917     0.887      2.22     0.361         0
   248/299     7.81G     0.654     0.141         0     0.795         3       608     0.914     0.858      0.91     0.885      2.22      0.36         0
   249/299     7.81G     0.649     0.175         0     0.823        11       608     0.913     0.839     0.911     0.875      2.21     0.362         0
   250/299     7.81G     0.648     0.135         0     0.783         8       608     0.912     0.823      0.91     0.865      2.21      0.36         0
   251/299     7.81G     0.636     0.138         0     0.774         2       608     0.912     0.827     0.912     0.867      2.21     0.356         0
   252/299     7.81G     0.704     0.149         0     0.853         9       608     0.912     0.831     0.913      0.87      2.22     0.354         0
   253/299     7.81G     0.671     0.143         0     0.814         7       608     0.919     0.832     0.913     0.873      2.21     0.351         0
   254/299     7.81G     0.642     0.148         0      0.79         5       608     0.917     0.832     0.919     0.872      2.21     0.351         0
   255/299     7.81G     0.628      0.14         0     0.769        10       608      0.91     0.832     0.922     0.869      2.21     0.351         0
   256/299     7.81G     0.662     0.143         0     0.805        11       608     0.904     0.823     0.921     0.862       2.2      0.35         0
   257/299     7.81G     0.674     0.154         0     0.828         4       608     0.903      0.82     0.922     0.859      2.21     0.351         0
   258/299     7.81G     0.677     0.157         0     0.834        11       608     0.906      0.85     0.923     0.877       2.2     0.351         0
   259/299     7.81G     0.657     0.154         0     0.812        13       608     0.899     0.841     0.923     0.869       2.2     0.354         0
   260/299     7.81G     0.686     0.147         0     0.833         3       608     0.914     0.841     0.925     0.876      2.18     0.355         0
   261/299     7.81G     0.606     0.132         0     0.739         9       608     0.909     0.841     0.922     0.873      2.19     0.357         0
   262/299     7.81G     0.642     0.147         0     0.789        11       608     0.909      0.85     0.922     0.878      2.19     0.358         0
   263/299     7.81G     0.598     0.166         0     0.765         3       608     0.906      0.85     0.922     0.877      2.19     0.358         0
   264/299     7.81G     0.663     0.143         0     0.807        11       608     0.909      0.85      0.92     0.878      2.19     0.354         0
   265/299     7.81G     0.644     0.152         0     0.796         8       608     0.909      0.85     0.911     0.878       2.2     0.354         0
   266/299     7.81G     0.642      0.14         0     0.782         3       608     0.908      0.85     0.907     0.878      2.19     0.353         0
   267/299     7.81G     0.624     0.141         0     0.764        15       608     0.915     0.861     0.913     0.888       2.2     0.354         0
   268/299     7.81G     0.593     0.137         0      0.73        11       608     0.916     0.865     0.914     0.889      2.21     0.354         0
   269/299     7.81G      0.66     0.151         0     0.811         6       608     0.916     0.865     0.914     0.889      2.19     0.351         0
   270/299     7.81G     0.622     0.133         0     0.755        13       608     0.916     0.865     0.913      0.89      2.19      0.35         0
   271/299     7.81G       0.6     0.141         0     0.742        11       608     0.916     0.863     0.913     0.889      2.18      0.35         0
   272/299     7.81G      0.64     0.147         0     0.787         5       608     0.915     0.859     0.919     0.886      2.17      0.35         0
   273/299     7.81G     0.613     0.124         0     0.737        11       608     0.915      0.86     0.918     0.887      2.16      0.35         0
   274/299     7.81G     0.594     0.135         0      0.73        10       608     0.917     0.858     0.917     0.887      2.18      0.35         0
   275/299     7.81G     0.608     0.115         0     0.723         5       608     0.915     0.859     0.919     0.886      2.18      0.35         0
   276/299     7.81G     0.638     0.145         0     0.783        15       608     0.922     0.858     0.918     0.889      2.18     0.351         0
   277/299     7.81G     0.729     0.145         0     0.874         8       608     0.914      0.85     0.918     0.881      2.18      0.35         0
   278/299     7.81G     0.611     0.139         0      0.75         3       608     0.914     0.858     0.919     0.886      2.18     0.351         0
   279/299     7.81G     0.583     0.123         0     0.707         8       608     0.915     0.858      0.92     0.886      2.18     0.352         0
   280/299     7.81G     0.562     0.129         0     0.691        12       608     0.918      0.85     0.917     0.883      2.18     0.354         0
   281/299     7.81G     0.558     0.126         0     0.684         3       608     0.926      0.85     0.918     0.886      2.18     0.356         0
   282/299     7.81G     0.577     0.129         0     0.706         9       608     0.925      0.85     0.917     0.886      2.18     0.359         0
   283/299     7.81G     0.626     0.142         0     0.769        10       608     0.925      0.85     0.919     0.885      2.17     0.359         0
   284/299     7.81G       0.6     0.141         0     0.741         5       608     0.923      0.85     0.919     0.885      2.16     0.359         0
   285/299     7.81G     0.647     0.132         0     0.779         7       608     0.924     0.855     0.918     0.888      2.16     0.359         0
   286/299     7.81G     0.723      0.13         0     0.853         7       608     0.923     0.853      0.91     0.887      2.17     0.359         0
   287/299     7.81G     0.631     0.146         0     0.776         4       608     0.923     0.849     0.912     0.884      2.18     0.359         0
   288/299     7.81G     0.597     0.139         0     0.736        11       608     0.934     0.871     0.917     0.901      2.18     0.355         0
   289/299     7.81G       0.6     0.137         0     0.737        13       608     0.934     0.873     0.918     0.903      2.17     0.354         0
   290/299     7.81G     0.621     0.184         0     0.805         6       608     0.934     0.873     0.917     0.902      2.17     0.355         0
   291/299     7.81G     0.568     0.126         0     0.695         7       608     0.934     0.872     0.917     0.902      2.16     0.356         0
   292/299     7.81G     0.607     0.127         0     0.734        11       608     0.934      0.87      0.92     0.901      2.16     0.356         0
   293/299     7.81G     0.583     0.122         0     0.705         5       608     0.933     0.868      0.92     0.899      2.16     0.357         0
   294/299     7.81G     0.566     0.139         0     0.705        15       608     0.932     0.853     0.917     0.891      2.17     0.357         0
   295/299     7.81G     0.576     0.138         0     0.713         7       608     0.929     0.858     0.921     0.893      2.17     0.357         0
   296/299     7.81G     0.565     0.115         0      0.68         2       608     0.932      0.85      0.92     0.889      2.16     0.359         0
   297/299     7.81G      0.57     0.124         0     0.694        14       608     0.932     0.849     0.921     0.888      2.16     0.359         0
   298/299     7.81G     0.578     0.138         0     0.716        13       608     0.932     0.849     0.921     0.888      2.16     0.358         0
   299/299     7.81G     0.611     0.138         0     0.749         4       608     0.923     0.843     0.922     0.881      2.15      0.36         0
