     0/299     7.81G      7.93      32.7         0      40.6        23       608         0         0   0.00525         0      6.85      2.12         0
     1/299     7.81G      6.02       3.8         0      9.82        28       608         1   0.00526    0.0159    0.0105      5.83      1.94         0
     2/299     7.81G      5.19      3.06         0      8.24         7       608         0         0    0.0836         0      5.88      1.42         0
     3/299     7.81G       4.7      2.06         0      6.76        17       608    0.0532     0.611     0.103    0.0979      4.91      2.01         0
     4/299     7.81G      5.84      1.24         0      7.08        23       608    0.0486    0.0158    0.0721    0.0238      5.59     0.911         0
     5/299     7.81G      4.71       1.3         0      6.01         2       608     0.261     0.311     0.177     0.284      5.01      1.29         0
     6/299     7.81G      4.61      1.11         0      5.72        20       608     0.352     0.391     0.276      0.37      4.96      3.32         0
     7/299     7.81G      4.42      1.08         0       5.5        24       608     0.166    0.0316     0.169    0.0531       5.1     0.789         0
     8/299     7.81G      4.35       1.1         0      5.45         6       608      0.73     0.227     0.444     0.347      4.16     0.742         0
     9/299     7.81G       4.3     0.924         0      5.22        30       608     0.649     0.253     0.389     0.364      4.69     0.727         0
    10/299     7.81G      4.58      1.12         0       5.7        25       608         1    0.0175     0.349    0.0343      4.42     0.824         0
    11/299     7.81G      4.18     0.942         0      5.12         6       608     0.915     0.113     0.532     0.201       4.1     0.718         0
    12/299     7.81G      4.04      0.91         0      4.95        22       608     0.778      0.24     0.484     0.366      4.07     0.671         0
    13/299     7.81G       3.9     0.889         0      4.78        25       608     0.854     0.195     0.538     0.317      4.05     0.638         0
    14/299     7.81G      3.86     0.896         0      4.76         9       608     0.749     0.236     0.507     0.359      3.87     0.649         0
    15/299     7.81G      3.69     0.833         0      4.52        14       608     0.446     0.279     0.292     0.343      5.87      0.52         0
    16/299     7.81G      4.79      1.03         0      5.82        25       608     0.833     0.236     0.544     0.368      4.27     0.607         0
    17/299     7.81G      3.73     0.861         0      4.59         6       608       0.8     0.132     0.417     0.226      3.91     0.661         0
    18/299     7.81G      3.65     0.868         0      4.52        21       608     0.537     0.153     0.312     0.238      5.01     0.563         0
    19/299     7.81G      3.94     0.855         0      4.79        20       608     0.853     0.216      0.48     0.344      4.55     0.571         0
    20/299     7.81G      3.73     0.837         0      4.57        12       608     0.827     0.252     0.578     0.386      4.16     0.587         0
    21/299     7.81G      3.49     0.758         0      4.24        21       608     0.538     0.484      0.42     0.509      4.82     0.549         0
    22/299     7.81G      3.23     0.939         0      4.17        24       608     0.787     0.388     0.539      0.52      3.98     0.582         0
    23/299     7.81G      3.25     0.807         0      4.06         7       608      0.81     0.427      0.63     0.559      4.16     0.533         0
    24/299     7.81G      3.29     0.824         0      4.12        27       608     0.894     0.267      0.53     0.411      4.24     0.577         0
    25/299     7.81G      3.23     0.694         0      3.92        18       608     0.881     0.351     0.548     0.502      3.85     0.615         0
    26/299     7.81G      3.09     0.738         0      3.82         8       608     0.741     0.295     0.447     0.422      3.98     0.595         0
    27/299     7.81G       2.9     0.698         0       3.6        22       608     0.853     0.307     0.442     0.451      4.13     0.639         0
    28/299     7.81G      2.82     0.682         0       3.5        28       608     0.817     0.453     0.561     0.583      3.93     0.562         0
    29/299     7.81G      2.97     0.653         0      3.62        10       608     0.817     0.379     0.498     0.518      4.05     0.614         0
    30/299     7.81G      3.01     0.651         0      3.66        19       608      0.72     0.379     0.442     0.497      4.02     0.602         0
    31/299     7.81G       2.7     0.655         0      3.35        21       608     0.763     0.237     0.373     0.361      4.31     0.694         0
    32/299     7.81G      2.72     0.649         0      3.37        10       608      0.89     0.353     0.531     0.505       3.7     0.597         0
    33/299     7.81G      2.38     0.592         0      2.97        22       608     0.613     0.532     0.518     0.569      3.88      0.51         0
    34/299     7.81G      2.66      0.73         0      3.39        26       608     0.854     0.458     0.627     0.596      3.38     0.553         0
    35/299     7.81G      2.58     0.601         0      3.18         9       608     0.822     0.438     0.612     0.571       3.7      0.57         0
    36/299     7.81G      2.33     0.621         0      2.96        19       608     0.812     0.431     0.585     0.563      3.85     0.555         0
    37/299     7.81G      2.74     0.641         0      3.39        24       608     0.893     0.441     0.677      0.59      3.39     0.521         0
    38/299     7.81G      2.52     0.637         0      3.15        14       608     0.842     0.588     0.706     0.693      3.41     0.508         0
    39/299     7.81G      2.24       0.6         0      2.84        26       608     0.835     0.505     0.623     0.629      3.64     0.531         0
    40/299     7.81G       2.3     0.549         0      2.85        30       608      0.77     0.647     0.691     0.703      3.28     0.499         0
    41/299     7.81G      2.46     0.567         0      3.03         8       608     0.822     0.605     0.699     0.697       3.3     0.533         0
    42/299     7.81G      2.22     0.568         0      2.79        18       608     0.762     0.589     0.644     0.665      3.39     0.531         0
    43/299     7.81G      2.08     0.528         0       2.6        18       608     0.696     0.595     0.613     0.642       3.6     0.529         0
    44/299     7.81G       2.4     0.566         0      2.97        12       608     0.816     0.532     0.646     0.644       3.4     0.561         0
    45/299     7.81G      2.17     0.591         0      2.76        22       608     0.814     0.632     0.701     0.711      3.33     0.512         0
    46/299     7.81G      2.27     0.548         0      2.82        22       608      0.86      0.55     0.685     0.671      3.49     0.521         0
    47/299     7.81G      2.21     0.513         0      2.72         7       608       0.8     0.563     0.648     0.661      3.41     0.521         0
    48/299     7.81G      2.08     0.527         0       2.6        18       608     0.872     0.537     0.624     0.665      3.42     0.531         0
    49/299     7.81G      2.28      0.55         0      2.83        33       608     0.871     0.534     0.659     0.662      3.48     0.532         0
    50/299     7.81G       2.1     0.526         0      2.62        10       608     0.773     0.542     0.628     0.637      3.52     0.535         0
    51/299     7.81G      2.01      0.54         0      2.55        31       608     0.724     0.634     0.644     0.676      3.39      0.51         0
    52/299     7.81G      2.07     0.506         0      2.58        25       608       0.8     0.611     0.708     0.693      3.44     0.514         0
    53/299     7.81G      1.91     0.572         0      2.48         8       608     0.816     0.652     0.708     0.725      3.37     0.502         0
    54/299     7.81G       1.9     0.522         0      2.42        31       608     0.806     0.592     0.712     0.683      3.55     0.517         0
    55/299     7.81G      2.12     0.529         0      2.65        32       608      0.79     0.695     0.722     0.739      3.29     0.492         0
    56/299     7.81G      2.01     0.496         0       2.5        12       608     0.756     0.695     0.693     0.724      3.38     0.501         0
    57/299     7.81G      2.11     0.512         0      2.63        23       608     0.751     0.632     0.662     0.686      3.52     0.511         0
    58/299     7.81G      1.98     0.524         0      2.51        32       608     0.678     0.642     0.627      0.66      3.47     0.488         0
    59/299     7.81G       1.9     0.507         0      2.41         8       608     0.793     0.605     0.651     0.686      3.53     0.504         0
    60/299     7.81G      1.84     0.461         0       2.3        20       608     0.781     0.658     0.676     0.715      3.47     0.468         0
    61/299     7.81G       1.9     0.506         0       2.4        28       608     0.864     0.633     0.732      0.73      3.35     0.497         0
    62/299     7.81G      1.89     0.498         0      2.39         8       608     0.862     0.589     0.714       0.7      3.35     0.478         0
    63/299     7.81G      1.94     0.465         0       2.4        30       608     0.747     0.616     0.657     0.675      3.36     0.499         0
    64/299     7.81G      1.83     0.454         0      2.28        24       608     0.816     0.559     0.632     0.663      3.27      0.54         0
    65/299     7.81G      1.81     0.421         0      2.23         9       608     0.842     0.534     0.641     0.653      3.24     0.541         0
    66/299     7.81G      1.81     0.416         0      2.22        20       608     0.858      0.57     0.706     0.685      3.36      0.54         0
    67/299     7.81G      1.93     0.463         0      2.39        22       608     0.786     0.656     0.667     0.715      3.36     0.517         0
    68/299     7.81G      1.77     0.483         0      2.26        14       608     0.793     0.621     0.654     0.697      3.31     0.515         0
    69/299     7.81G      1.75      0.44         0      2.19        24       608      0.81     0.616      0.66       0.7      3.24     0.522         0
    70/299     7.81G       1.9     0.467         0      2.37        30       608     0.856     0.668     0.716     0.751      3.26     0.506         0
    71/299     7.81G      1.82     0.473         0      2.29         9       608     0.882     0.511     0.652     0.647       3.3     0.579         0
    72/299     7.81G      1.84     0.472         0      2.31        21       608     0.853     0.519     0.634     0.645      3.28     0.557         0
    73/299     7.81G      1.81     0.452         0      2.26        21       608     0.891     0.537     0.679      0.67      3.29     0.557         0
    74/299     7.81G      1.83     0.468         0       2.3         8       608     0.851     0.479     0.626     0.613      3.23      0.59         0
    75/299     7.81G      1.76      0.44         0       2.2        20       608     0.813     0.617     0.675     0.701      3.28     0.561         0
    76/299     7.81G      1.79     0.444         0      2.23        28       608     0.859     0.641      0.72     0.734      3.23     0.539         0
    77/299     7.81G      1.72     0.454         0      2.18         5       608     0.806     0.611     0.645     0.695      3.34     0.541         0
    78/299     7.81G      1.77     0.422         0      2.19        24       608     0.729     0.679     0.663     0.703      3.22     0.513         0
    79/299     7.81G      1.72     0.456         0      2.18        33       608     0.769     0.611     0.644     0.681       3.3     0.557         0
    80/299     7.81G      1.66      0.41         0      2.07         8       608     0.786     0.678     0.728     0.728      3.24     0.538         0
    81/299     7.81G      1.61     0.409         0      2.02        29       608     0.861     0.651     0.748     0.741      3.25     0.531         0
    82/299     7.81G       1.7     0.433         0      2.13        18       608     0.838     0.464     0.643     0.597      3.38     0.606         0
    83/299     7.81G      1.71     0.455         0      2.17        11       608     0.848     0.648     0.755     0.735      3.28     0.493         0
    84/299     7.81G       1.7     0.414         0      2.11        31       608     0.826     0.673     0.709     0.742      3.31     0.495         0
    85/299     7.81G      1.67      0.42         0      2.09        22       608     0.808     0.641     0.711     0.715      3.26     0.508         0
    86/299     7.81G      1.58     0.402         0      1.98         7       608     0.808      0.62     0.697     0.701      3.31     0.516         0
    87/299     7.81G      1.65     0.402         0      2.05        26       608     0.833       0.6      0.71     0.698      3.35     0.529         0
    88/299     7.81G      1.64     0.418         0      2.06        26       608     0.834     0.642     0.696     0.725      3.16     0.542         0
    89/299     7.81G       1.6     0.409         0      2.01         7       608     0.811     0.656     0.698     0.726      3.27     0.526         0
    90/299     7.81G      1.74     0.412         0      2.15        27       608     0.829     0.595     0.698     0.693      3.38     0.542         0
    91/299     7.81G       1.6     0.418         0      2.02        23       608     0.797     0.681     0.703     0.734      3.23      0.52         0
    92/299     7.81G      1.58      0.39         0      1.97         5       608     0.792      0.66     0.716      0.72       3.2     0.517         0
    93/299     7.81G      1.63     0.398         0      2.03        21       608     0.856      0.47     0.622     0.607      3.36     0.653         0
    94/299     7.81G      1.48     0.383         0      1.86        13       608     0.864     0.416     0.598     0.561      3.36     0.675         0
    95/299     7.81G      1.54     0.369         0      1.91         4       608     0.855     0.542     0.672     0.664      3.22     0.591         0
    96/299     7.81G      1.48     0.413         0      1.89        27       608     0.855     0.591     0.678     0.699      3.33      0.57         0
    97/299     7.81G      1.56     0.384         0      1.95        26       608     0.817     0.589     0.668     0.685      3.27     0.564         0
    98/299     7.81G      1.46      0.38         0      1.84        10       608     0.808     0.574     0.642     0.671      3.22     0.555         0
    99/299     7.81G      1.47     0.365         0      1.83        20       608       0.8     0.558     0.645     0.657       3.2      0.58         0
   100/299     7.81G      1.47     0.383         0      1.85        25       608     0.779     0.632     0.677     0.698      3.14      0.55         0
   101/299     7.81G      1.43     0.383         0      1.81         6       608     0.844     0.574     0.648     0.683       3.2     0.577         0
   102/299     7.81G      1.37     0.389         0      1.76        20       608     0.832     0.647     0.697     0.728      3.23     0.527         0
   103/299     7.81G      1.46     0.372         0      1.84        22       608     0.838     0.571     0.693     0.679      3.24     0.556         0
   104/299     7.81G      1.57     0.367         0      1.94        10       608     0.872     0.467     0.641     0.608      3.34     0.631         0
   105/299     7.81G      1.42     0.379         0       1.8        18       608     0.841     0.527     0.662     0.648      3.24     0.591         0
   106/299     7.81G       1.4     0.361         0      1.77        21       608      0.81     0.538     0.653     0.646      3.14     0.615         0
   107/299     7.81G      1.37     0.367         0      1.73         8       608      0.81     0.589     0.681     0.682       3.1     0.576         0
   108/299     7.81G      1.47     0.371         0      1.84        24       608     0.783     0.587     0.667     0.671      3.21     0.552         0
   109/299     7.81G      1.43     0.341         0      1.77        22       608     0.723      0.55     0.646     0.625      3.29     0.555         0
   110/299     7.81G      1.39     0.366         0      1.75        12       608     0.785     0.616      0.68      0.69      3.24     0.559         0
   111/299     7.81G      1.29     0.335         0      1.63        18       608     0.794     0.629     0.712     0.702      3.21     0.569         0
   112/299     7.81G      1.38     0.351         0      1.74        13       608     0.812     0.592     0.689     0.685      3.23     0.581         0
   113/299     7.81G      1.45     0.367         0      1.82         9       608     0.804     0.563      0.65     0.662      3.13     0.612         0
   114/299     7.81G      1.37     0.333         0      1.71        18       608     0.814     0.599     0.666      0.69      3.14     0.574         0
   115/299     7.81G      1.32     0.329         0      1.65        14       608     0.777     0.542     0.664     0.639      3.23     0.598         0
   116/299     7.81G      1.39     0.337         0      1.73         4       608     0.804     0.411     0.555     0.543      3.31     0.693         0
   117/299     7.81G      1.32     0.347         0      1.67        23       608     0.756     0.474     0.547     0.582      3.21     0.659         0
   118/299     7.81G      1.28     0.337         0      1.62        23       608       0.8     0.484     0.594     0.603      3.18      0.64         0
   119/299     7.81G      1.32     0.343         0      1.66         8       608     0.826     0.479     0.588     0.606      3.25     0.676         0
   120/299     7.81G      1.28     0.344         0      1.62        17       608     0.855      0.56     0.656     0.677      3.25     0.658         0
   121/299     7.81G      1.36      0.35         0      1.71        24       608     0.797      0.62     0.695     0.698       3.2     0.593         0
   122/299     7.81G      1.27     0.338         0      1.61         8       608     0.771     0.637     0.682     0.698       3.2     0.582         0
   123/299     7.81G      1.31     0.328         0      1.64        19       608     0.763     0.632     0.692     0.691      3.24     0.599         0
   124/299     7.81G      1.34     0.357         0       1.7        18       608      0.82     0.632     0.711     0.713      3.27      0.59         0
   125/299     7.81G      1.34     0.329         0      1.67        13       608     0.857     0.602     0.673     0.707      3.34     0.626         0
   126/299     7.81G      1.33     0.317         0      1.65        20       608     0.827     0.637     0.696      0.72      3.16     0.608         0
   127/299     7.81G      1.26      0.35         0      1.61        28       608     0.835     0.637     0.694     0.723      3.15     0.618         0
   128/299     7.81G      1.28     0.338         0      1.61         5       608     0.799     0.621     0.672     0.699      3.25     0.597         0
   129/299     7.81G      1.13     0.307         0      1.44        26       608     0.838     0.674     0.727     0.747      3.16     0.581         0
   130/299     7.81G      1.31     0.312         0      1.62        26       608     0.859     0.595     0.719     0.703      3.15     0.608         0
   131/299     7.81G      1.26     0.311         0      1.57        16       608     0.886     0.553     0.713     0.681      3.12     0.634         0
   132/299     7.81G      1.22     0.328         0      1.55        23       608     0.895     0.586     0.677     0.708      3.28      0.61         0
   133/299     7.81G      1.23     0.352         0      1.58        24       608     0.844     0.637     0.709     0.726      3.24     0.569         0
   134/299     7.81G      1.27     0.317         0      1.59         6       608     0.842     0.617     0.694     0.712      3.22     0.572         0
   135/299     7.81G      1.33     0.345         0      1.67        21       608     0.824     0.666     0.721     0.737      3.13     0.559         0
   136/299     7.81G      1.13     0.306         0      1.44        19       608      0.81     0.689     0.722     0.745       3.1     0.551         0
   137/299     7.81G      1.18     0.314         0      1.49        10       608     0.848     0.663     0.727     0.744      3.15      0.57         0
   138/299     7.81G       1.2     0.321         0      1.52        24       608     0.877     0.626     0.724     0.731      3.19     0.584         0
   139/299     7.81G      1.21     0.305         0      1.51        24       608     0.868     0.611     0.707     0.717       3.2     0.596         0
   140/299     7.81G      1.16     0.276         0      1.43         6       608     0.837     0.605     0.712     0.703      3.21     0.588         0
   141/299     7.81G      1.07     0.323         0      1.39        33       608     0.807     0.617     0.725     0.699      3.15     0.571         0
   142/299     7.81G      1.12     0.286         0      1.41        22       608     0.815     0.649     0.734     0.723      3.13     0.567         0
   143/299     7.81G      1.16     0.282         0      1.44         9       608     0.802       0.7     0.743     0.748      3.09     0.561         0
   144/299     7.81G      1.16     0.284         0      1.44        14       608     0.827     0.653     0.743     0.729       3.1     0.575         0
   145/299     7.81G      1.06     0.316         0      1.38        18       608     0.816       0.6     0.703     0.691      3.12     0.592         0
   146/299     7.81G      1.03     0.291         0      1.32         6       608      0.82     0.623     0.712     0.708      3.15     0.576         0
   147/299     7.81G       1.1     0.298         0       1.4        22       608     0.791     0.611       0.7     0.689      3.19     0.577         0
   148/299     7.81G      1.25     0.279         0      1.53        27       608     0.817     0.542     0.664     0.652      3.24     0.616         0
   149/299     7.81G      1.15     0.283         0      1.44         9       608     0.819     0.558     0.668     0.664      3.16     0.613         0
   150/299     7.81G      1.08     0.311         0      1.39        24       608      0.78     0.616     0.691     0.688      3.15     0.589         0
   151/299     7.81G      1.12     0.314         0      1.43        20       608     0.802     0.597     0.673     0.685      3.13     0.586         0
   152/299     7.81G      1.03      0.28         0      1.31        11       608     0.781     0.621     0.694     0.692      3.13     0.568         0
   153/299     7.81G      1.08     0.283         0      1.36        23       608      0.79     0.674     0.716     0.728      3.14     0.555         0
   154/299     7.81G      1.09     0.277         0      1.37        26       608     0.787     0.662     0.705     0.719      3.12     0.564         0
   155/299     7.81G     0.961     0.272         0      1.23         2       608      0.82     0.616     0.691     0.703      3.16     0.577         0
   156/299     7.81G      1.01     0.289         0      1.29        19       608     0.863     0.621      0.72     0.722       3.2     0.581         0
   157/299     7.81G     0.994     0.281         0      1.27        22       608     0.811     0.595     0.676     0.686      3.18      0.58         0
   158/299     7.81G       1.1      0.28         0      1.38        11       608     0.831     0.626     0.716     0.714      3.19     0.583         0
   159/299     7.81G      0.99     0.277         0      1.27        24       608     0.836     0.642     0.715     0.726      3.14     0.583         0
   160/299     7.81G      1.09     0.276         0      1.36        28       608     0.843     0.616     0.734     0.712      3.17     0.611         0
   161/299     7.81G      1.08     0.275         0      1.35         7       608     0.857     0.563     0.714      0.68      3.15     0.624         0
   162/299     7.81G      1.02     0.248         0      1.27        31       608     0.844     0.541     0.713     0.659      3.12     0.613         0
   163/299     7.81G     0.957     0.262         0      1.22        30       608     0.838     0.574     0.747     0.681      3.08     0.609         0
   164/299     7.81G         1     0.264         0      1.27        10       608     0.832     0.573      0.73     0.678      3.09     0.626         0
   165/299     7.81G     0.993     0.265         0      1.26        22       608     0.867     0.568     0.699     0.687      3.13     0.629         0
   166/299     7.81G     0.875     0.268         0      1.14        21       608     0.857     0.605     0.716     0.709      3.09     0.607         0
   167/299     7.81G     0.931     0.274         0      1.21        11       608     0.835     0.611     0.714     0.705      3.11     0.598         0
   168/299     7.81G     0.978     0.251         0      1.23        20       608     0.821     0.647     0.735     0.724      3.12     0.595         0
   169/299     7.81G     0.961      0.27         0      1.23        23       608     0.822     0.668     0.737     0.737      3.13      0.59         0
   170/299     7.81G      0.91     0.259         0      1.17        11       608     0.821     0.651      0.73     0.726       3.1     0.588         0
   171/299     7.81G     0.929     0.274         0       1.2        20       608     0.831     0.648      0.72     0.728      3.15     0.598         0
   172/299     7.81G     0.901     0.278         0      1.18        23       608     0.806     0.611     0.698     0.695      3.09     0.607         0
   173/299     7.81G     0.914     0.284         0       1.2        10       608     0.815     0.589     0.687     0.684       3.1     0.632         0
   174/299     7.81G     0.875     0.252         0      1.13        18       608     0.803      0.58      0.68     0.674       3.1     0.634         0
   175/299     7.81G     0.926     0.247         0      1.17        20       608       0.8     0.568     0.687     0.665      3.11     0.639         0
   176/299     7.81G     0.935     0.247         0      1.18         7       608     0.802     0.553     0.669     0.654      3.12     0.635         0
   177/299     7.81G     0.813     0.252         0      1.06        16       608     0.805       0.6     0.694     0.688      3.11     0.616         0
   178/299     7.81G     0.868     0.237         0       1.1        29       608     0.831     0.653     0.721     0.731      3.12     0.608         0
   179/299     7.81G     0.898     0.239         0      1.14        10       608     0.845     0.631     0.701     0.723      3.12     0.615         0
   180/299     7.81G     0.838     0.243         0      1.08        21       608     0.825     0.637      0.72     0.719       3.1     0.608         0
   181/299     7.81G     0.892     0.275         0      1.17        25       608      0.79     0.633     0.695     0.703      3.09     0.621         0
   182/299     7.81G     0.845     0.229         0      1.07         5       608     0.837     0.632     0.695      0.72      3.11     0.629         0
   183/299     7.81G     0.868      0.23         0       1.1        21       608     0.821     0.621     0.695     0.707      3.13     0.633         0
   184/299     7.81G     0.938     0.207         0      1.15        18       608      0.83     0.632     0.714     0.717      3.12     0.621         0
   185/299     7.81G     0.852     0.231         0      1.08         9       608     0.827     0.628     0.727     0.714      3.11     0.621         0
   186/299     7.81G     0.796      0.23         0      1.03        24       608     0.822     0.637     0.722     0.718      3.11     0.615         0
   187/299     7.81G     0.842     0.259         0       1.1        22       608     0.863     0.633     0.729      0.73       3.1     0.617         0
   188/299     7.81G     0.819     0.229         0      1.05         5       608     0.849      0.59     0.699     0.696      3.12     0.623         0
   189/299     7.81G     0.758     0.214         0     0.972        24       608     0.832     0.595     0.705     0.694      3.12     0.622         0
   190/299     7.81G     0.786     0.232         0      1.02        22       608      0.83     0.621      0.71      0.71      3.11     0.615         0
   191/299     7.81G      0.77     0.248         0      1.02        15       608     0.822      0.63     0.697     0.713       3.1     0.616         0
   192/299     7.81G     0.829     0.231         0      1.06        25       608      0.81     0.632     0.714      0.71       3.1     0.624         0
   193/299     7.81G     0.798     0.225         0      1.02        24       608     0.798     0.622     0.712     0.699      3.06     0.625         0
   194/299     7.81G     0.749     0.217         0     0.966        10       608     0.788     0.642     0.715     0.708      3.06      0.62         0
   195/299     7.81G     0.798     0.229         0      1.03        20       608     0.798     0.624     0.697       0.7      3.03     0.633         0
   196/299     7.81G      0.78     0.242         0      1.02        20       608     0.804     0.611     0.688     0.694      3.04     0.639         0
   197/299     7.81G     0.779     0.218         0     0.998         9       608     0.802     0.626     0.689     0.703      3.07     0.636         0
   198/299     7.81G     0.753     0.228         0     0.981        32       608     0.793     0.632     0.697     0.703      3.07     0.636         0
   199/299     7.81G     0.715     0.242         0     0.957        27       608     0.788     0.637     0.691     0.705      3.06     0.632         0
   200/299     7.81G     0.762     0.202         0     0.964         6       608     0.786     0.632     0.703       0.7      3.07      0.63         0
   201/299     7.81G     0.779     0.234         0      1.01        27       608      0.81     0.607     0.714     0.694      3.06      0.64         0
   202/299     7.81G     0.733     0.209         0     0.942        23       608     0.831     0.632     0.721     0.718      3.06     0.636         0
   203/299     7.81G     0.757     0.231         0     0.988         7       608     0.832     0.616     0.705     0.708      3.07     0.643         0
   204/299     7.81G     0.711     0.208         0     0.919        19       608     0.837     0.647     0.717      0.73      3.08     0.638         0
   205/299     7.81G     0.718     0.203         0     0.921        27       608     0.826     0.649     0.722     0.727      3.06     0.641         0
   206/299     7.81G     0.707     0.222         0     0.929         7       608     0.844     0.663     0.732     0.743      3.05     0.644         0
   207/299     7.81G     0.678     0.199         0     0.876        22       608     0.813     0.684     0.734     0.743      3.03     0.637         0
   208/299     7.81G      0.73      0.21         0      0.94        31       608     0.796     0.658      0.72      0.72      3.03     0.631         0
   209/299     7.81G     0.706      0.22         0     0.926         8       608     0.799     0.658      0.72     0.722      3.05     0.634         0
   210/299     7.81G     0.669     0.207         0     0.876        26       608     0.792     0.641     0.708     0.708      3.06     0.641         0
   211/299     7.81G      0.69     0.221         0     0.911        19       608     0.795     0.642     0.716      0.71      3.06      0.64         0
   212/299     7.81G     0.681     0.224         0     0.906         9       608     0.805     0.616     0.696     0.698      3.05     0.657         0
   213/299     7.81G     0.663     0.192         0     0.855        16       608     0.815     0.626     0.689     0.708      3.06      0.66         0
   214/299     7.81G     0.681     0.201         0     0.883        20       608     0.824     0.641     0.692     0.721      3.07     0.653         0
   215/299     7.81G     0.643     0.205         0     0.847        15       608     0.821     0.652     0.684     0.727      3.07     0.655         0
   216/299     7.81G     0.708     0.216         0     0.925        17       608     0.827     0.654     0.697      0.73      3.06     0.658         0
   217/299     7.81G       0.7     0.199         0     0.899        29       608     0.835     0.637     0.705     0.723      3.06     0.668         0
   218/299     7.81G     0.628     0.202         0     0.831         5       608     0.807     0.637     0.684     0.712      3.07     0.665         0
   219/299     7.81G     0.623     0.202         0     0.825        21       608     0.826     0.637     0.698     0.719      3.09     0.668         0
   220/299     7.81G      0.64     0.166         0     0.806        17       608     0.834     0.642     0.712     0.725      3.08     0.675         0
   221/299     7.81G     0.643     0.209         0     0.852        16       608     0.843     0.637     0.707     0.726      3.08     0.673         0
   222/299     7.81G     0.635     0.206         0     0.841        23       608      0.82     0.632     0.712     0.714      3.08     0.668         0
   223/299     7.81G     0.667     0.185         0     0.852        24       608     0.819     0.626     0.707      0.71      3.11     0.664         0
   224/299     7.81G     0.715     0.185         0       0.9         5       608      0.81     0.628     0.713     0.708       3.1      0.66         0
   225/299     7.81G     0.642     0.206         0     0.848        36       608      0.81     0.637     0.701     0.713      3.08     0.657         0
   226/299     7.81G      0.65     0.191         0     0.841        22       608     0.823     0.661     0.721     0.733      3.07     0.663         0
   227/299     7.81G     0.611     0.198         0     0.809         8       608     0.821     0.651       0.7     0.726      3.06     0.664         0
   228/299     7.81G     0.642     0.203         0     0.844        24       608     0.806     0.657     0.701     0.724      3.07     0.664         0
   229/299     7.81G     0.604     0.189         0     0.794        21       608     0.814     0.658     0.702     0.728      3.09     0.667         0
   230/299     7.81G     0.603     0.186         0     0.789         7       608     0.815      0.65     0.708     0.723      3.06     0.662         0
   231/299     7.81G     0.655     0.192         0     0.847        26       608     0.801     0.656     0.712     0.721      3.05     0.656         0
   232/299     7.81G     0.622     0.187         0     0.809        23       608     0.813     0.663     0.723      0.73      3.07     0.653         0
   233/299     7.81G     0.651     0.208         0     0.859         6       608     0.807     0.647     0.707     0.718      3.08     0.655         0
   234/299     7.81G     0.643     0.183         0     0.826        24       608     0.811     0.637     0.702     0.713      3.09     0.658         0
   235/299     7.81G     0.593      0.18         0     0.772        27       608     0.797     0.642     0.693     0.711      3.08     0.657         0
   236/299     7.81G     0.596     0.189         0     0.785        11       608     0.791     0.663     0.705     0.722      3.06     0.653         0
   237/299     7.81G     0.604     0.179         0     0.783        32       608      0.78     0.653     0.693     0.711      3.04     0.658         0
   238/299     7.81G     0.627      0.19         0     0.817        25       608     0.794     0.642     0.688      0.71      3.05     0.668         0
   239/299     7.81G     0.633     0.198         0     0.831         7       608      0.81     0.651     0.693     0.722      3.04     0.671         0
   240/299     7.81G     0.597      0.19         0     0.787        39       608     0.798     0.644     0.693     0.713      3.04     0.673         0
   241/299     7.81G     0.562     0.158         0      0.72        16       608     0.806     0.647     0.693     0.718      3.04     0.673         0
   242/299     7.81G     0.583     0.191         0     0.773         9       608     0.794     0.626      0.69       0.7      3.04     0.676         0
   243/299     7.81G     0.598     0.169         0     0.767        26       608     0.794     0.626      0.68       0.7      3.05      0.68         0
   244/299     7.81G      0.61      0.19         0       0.8        30       608     0.775     0.621     0.669     0.689      3.06     0.684         0
   245/299     7.81G     0.561     0.194         0     0.755         5       608     0.779     0.611     0.674     0.685      3.06     0.684         0
   246/299     7.81G     0.571     0.193         0     0.764        25       608      0.77       0.6     0.674     0.675      3.07     0.689         0
   247/299     7.81G     0.576     0.175         0     0.752        27       608     0.785       0.6     0.674      0.68      3.07     0.688         0
   248/299     7.81G     0.603       0.2         0     0.803        12       608     0.783       0.6     0.682     0.679      3.08     0.689         0
   249/299     7.81G     0.551     0.182         0     0.734        20       608     0.775     0.611     0.682     0.683      3.08     0.687         0
   250/299     7.81G     0.609     0.191         0     0.799        31       608     0.781      0.62     0.682     0.691      3.08     0.684         0
   251/299     7.81G     0.602     0.176         0     0.778         5       608     0.785     0.634     0.694     0.702      3.08     0.686         0
   252/299     7.81G     0.556     0.165         0     0.722        26       608     0.774     0.632     0.687     0.696      3.08     0.684         0
   253/299     7.81G     0.581     0.165         0     0.745        19       608     0.775     0.652      0.71     0.708      3.07     0.679         0
   254/299     7.81G     0.535     0.178         0     0.712         6       608     0.787     0.641     0.709     0.706      3.08      0.68         0
   255/299     7.81G     0.551     0.166         0     0.717        24       608     0.784     0.632       0.7     0.699      3.07     0.681         0
   256/299     7.81G      0.56     0.183         0     0.743        29       608     0.795     0.637       0.7     0.707      3.06     0.682         0
   257/299     7.81G     0.562     0.178         0      0.74        11       608     0.791     0.632      0.69     0.702      3.07     0.681         0
   258/299     7.81G     0.539     0.169         0     0.708        21       608     0.805     0.632     0.696     0.708      3.07      0.68         0
   259/299     7.81G     0.548     0.176         0     0.724        20       608     0.805     0.637     0.694     0.711      3.06      0.68         0
   260/299     7.81G     0.556     0.162         0     0.718         9       608     0.801     0.635     0.694     0.708      3.07     0.677         0
   261/299     7.81G     0.541     0.192         0     0.733        29       608     0.802     0.641     0.691     0.713      3.06     0.678         0
   262/299     7.81G     0.571     0.172         0     0.743        27       608     0.805     0.631      0.69     0.707      3.07     0.682         0
   263/299     7.81G     0.522     0.171         0     0.693        13       608     0.796     0.637     0.694     0.708      3.06     0.678         0
   264/299     7.81G     0.514      0.18         0     0.694        19       608     0.794     0.674     0.699     0.729      3.06     0.675         0
   265/299     7.81G     0.542     0.167         0     0.709        32       608     0.781     0.668       0.7      0.72      3.05     0.675         0
   266/299     7.81G     0.521     0.159         0      0.68        17       608     0.793     0.667       0.7     0.724      3.05     0.676         0
   267/299     7.81G     0.554     0.192         0     0.746        23       608     0.807     0.663     0.703     0.728      3.05      0.68         0
   268/299     7.81G     0.533     0.152         0     0.686        22       608     0.801     0.656     0.694     0.721      3.05      0.68         0
   269/299     7.81G     0.576     0.181         0     0.757        14       608     0.807     0.658     0.703     0.725      3.04     0.682         0
   270/299     7.81G     0.548     0.182         0     0.731        27       608     0.809     0.648     0.697      0.72      3.05     0.684         0
   271/299     7.81G     0.542     0.168         0      0.71        19       608     0.805     0.629     0.701     0.706      3.05     0.686         0
   272/299     7.81G     0.514     0.167         0     0.681         7       608     0.794     0.627     0.689     0.701      3.06     0.685         0
   273/299     7.81G      0.52     0.162         0     0.682        28       608     0.796     0.632      0.69     0.704      3.06      0.69         0
   274/299     7.81G     0.534     0.178         0     0.712        28       608     0.795     0.635     0.697     0.706      3.06      0.69         0
   275/299     7.81G     0.542     0.177         0     0.719        10       608     0.797     0.642     0.691     0.711      3.06     0.688         0
   276/299     7.81G     0.547     0.186         0     0.733        29       608     0.794     0.649     0.695     0.714      3.06     0.686         0
   277/299     7.81G     0.523     0.193         0     0.716        19       608     0.794      0.65     0.693     0.715      3.05     0.686         0
   278/299     7.81G     0.532      0.18         0     0.712         9       608     0.791     0.647     0.695     0.712      3.06     0.689         0
   279/299     7.81G     0.533      0.16         0     0.693        28       608     0.784     0.648     0.689     0.709      3.07     0.687         0
   280/299     7.81G     0.541     0.165         0     0.707        22       608     0.784      0.65      0.69      0.71      3.06     0.687         0
   281/299     7.81G     0.543     0.161         0     0.704         8       608     0.775     0.647      0.69     0.706      3.06      0.69         0
   282/299     7.81G      0.53     0.166         0     0.696        21       608     0.792     0.637     0.692     0.706      3.05     0.693         0
   283/299     7.81G     0.554     0.167         0     0.721        24       608     0.791     0.632     0.689     0.702      3.06     0.695         0
   284/299     7.81G     0.511     0.173         0     0.684        12       608     0.795     0.632     0.688     0.704      3.06     0.698         0
   285/299     7.81G      0.51     0.166         0     0.677        16       608     0.792     0.632     0.687     0.703      3.07     0.699         0
   286/299     7.81G     0.526     0.167         0     0.693        29       608     0.791     0.632     0.685     0.703      3.07       0.7         0
   287/299     7.81G     0.514     0.166         0     0.679         9       608     0.796     0.642     0.691     0.711      3.07     0.703         0
   288/299     7.81G     0.508     0.179         0     0.687        30       608     0.784     0.649     0.692      0.71      3.07       0.7         0
   289/299     7.81G     0.511      0.16         0     0.671        26       608     0.783     0.646     0.684     0.708      3.07       0.7         0
   290/299     7.81G     0.509     0.156         0     0.665         8       608     0.791     0.658     0.701     0.718      3.06     0.702         0
   291/299     7.81G     0.533     0.163         0     0.696        17       608     0.783     0.647     0.686     0.709      3.06       0.7         0
   292/299     7.81G     0.524     0.174         0     0.697        21       608     0.786     0.658     0.694     0.717      3.06     0.699         0
   293/299     7.81G     0.484     0.145         0     0.629        10       608     0.795     0.673     0.702     0.729      3.07     0.698         0
   294/299     7.81G     0.514     0.158         0     0.672        28       608     0.792     0.674     0.698     0.728      3.07       0.7         0
   295/299     7.81G     0.509     0.171         0      0.68        23       608     0.776     0.647     0.679     0.706      3.07       0.7         0
   296/299     7.81G     0.518     0.161         0      0.68        11       608     0.781     0.637     0.682     0.702      3.08     0.701         0
   297/299     7.81G     0.527     0.171         0     0.698        20       608     0.789     0.632     0.684     0.702      3.09     0.702         0
   298/299     7.81G     0.499     0.155         0     0.654        21       608     0.778     0.637     0.681       0.7      3.08     0.703         0
   299/299     7.81G     0.528     0.173         0       0.7        12       608     0.775     0.634      0.68     0.697      3.07     0.701         0
