[    0.80941           0     0.83299     0.74776]
[    0.80428           0]
[    0.66909     0.58039     0.32689     0.59062     0.48231     0.31828           0           0]
[    0.51074           0     0.71585           0     0.27251           0]
[    0.24195     0.52052           0           0           0           0           0           0     0.46874           0]
[    0.65901     0.75255     0.76395     0.41242           0]
[    0.52781           0     0.42493           0           0           0           0           0           0]
[    0.82119]
[    0.82327           0]
[     0.5185           0           0           0           0]
[     0.8147           0           0]
[    0.68324]
[    0.62083           0           0]
[    0.91998           0      0.8339           0]
[    0.87209           0]
[    0.83748           0           0           0           0           0           0           0]
[    0.83348           0           0           0]
[    0.34915           0           0           0           0]
[    0.88234     0.12208           0      0.8258]
[    0.80831     0.64497     0.29333]
[     0.9324     0.85999     0.69331]
[    0.67549           0           0           0           0     0.20389]
[    0.64005           0           0     0.28049]
[    0.84155           0           0           0     0.67448           0           0           0           0]
[    0.56512     0.50553]
[    0.83481     0.12775           0           0]
[    0.56927     0.66748           0           0]
[     0.9051           0           0           0]
[    0.80538     0.42073]
[    0.77177     0.33586]
[    0.60671           0     0.45543           0]
[    0.83629     0.60608]
[    0.66783           0]
[    0.89982           0]
[    0.67959           0           0           0     0.63829     0.61178    0.062071]
[     0.7925           0     0.77381     0.36919]
[    0.76874           0     0.15737           0           0           0           0]
[    0.71849           0           0]
[    0.79207           0]
[    0.71943           0           0           0           0           0]
[    0.77246     0.57297           0]
[    0.78075           0]
[    0.72737    0.078618           0           0]
[    0.86359           0           0]
[    0.61748           0     0.26976]
[    0.74886           0     0.41235           0]
[    0.78803           0           0           0]
[    0.43137     0.53116]
[    0.74211           0]
[     0.6413     0.73373     0.25191   0.0072308           0    0.012714           0           0     0.75387           0]
[    0.77218     0.67791           0     0.81771]
[    0.53895           0]
[    0.92429     0.55235           0]
[    0.60798     0.52161           0           0           0     0.66287     0.49222           0]
[    0.89173           0     0.76433]
[    0.83119           0     0.70033]
[    0.84942           0           0           0           0           0]
[    0.54309           0           0           0           0           0           0]
[    0.81255     0.52082           0]
[    0.48009           0           0           0     0.69015           0           0           0           0           0           0           0           0           0]
[    0.80896           0           0]
[    0.90632]
[    0.83949           0           0           0           0           0           0           0     0.51084]
[          0     0.75485]
[    0.90988     0.79583     0.72232     0.78641     0.53359           0           0           0           0           0           0           0]
[    0.81259           0     0.80723]
[    0.70675     0.88297     0.42138     0.89061]
[    0.93773     0.55567           0     0.47625]
[    0.88624]
[    0.50142           0      0.6293]
[    0.74353     0.76835           0]
[    0.91259           0]
[    0.93813]
[    0.82042           0           0           0      0.4179    0.053386]
[    0.72717           0     0.41513     0.32326           0]
[    0.86178           0     0.42406]
[    0.95058           0           0]
[    0.53224     0.49548     0.29508           0           0]
[    0.78583           0     0.31048     0.61581     0.73737           0]
[    0.80043     0.62526           0           0           0           0     0.75992]
[    0.68408           0           0           0           0]
[    0.56016           0]
[     0.7836]
[    0.53096     0.20239     0.56734]
[    0.86407           0     0.64281]
[    0.64202           0]
[    0.60727           0     0.58669]
[    0.62781]
[    0.83155           0]
[    0.89562           0           0]
[    0.70921           0           0           0           0           0           0           0           0]
[    0.65216     0.76083           0           0     0.23224]
[    0.76944     0.67579]
[    0.70965     0.91512           0           0     0.65115]
[    0.65985      0.8338           0           0]
[    0.75655     0.61778]
[    0.71572     0.34158]
[    0.78755     0.59091           0]
[    0.67598           0]
[    0.68818           0           0]
