[          1]
[          1]
[          1]
[          1]
[          1]
[          1]
[          1]
[          1]
[          1]
[          1]
[          1]
[          1]
[          1]
[          1]
[          1]
[          1]
[    0.94118]
[    0.94444]
[    0.94737]
[       0.95]
[    0.95238]
[    0.95455]
[    0.95652]
[    0.95833]
[       0.96]
[    0.96154]
[    0.96296]
[    0.96429]
[    0.96552]
[    0.96667]
[    0.96774]
[    0.96875]
[     0.9697]
[    0.97059]
[    0.97143]
[    0.97222]
[    0.97297]
[    0.97368]
[    0.97436]
[      0.975]
[    0.97561]
[    0.97619]
[    0.97674]
[    0.97727]
[    0.95556]
[    0.95652]
[    0.95745]
[    0.95833]
[    0.95918]
[       0.96]
[    0.96078]
[    0.96154]
[    0.96226]
[    0.96296]
[    0.96364]
[    0.96429]
[    0.96491]
[    0.96552]
[     0.9661]
[    0.96667]
[    0.96721]
[    0.96774]
[    0.96825]
[    0.96875]
[    0.96923]
[     0.9697]
[    0.97015]
[    0.97059]
[    0.97101]
[    0.97143]
[    0.97183]
[    0.97222]
[     0.9726]
[    0.97297]
[    0.97333]
[    0.97368]
[    0.97403]
[    0.96154]
[    0.96203]
[     0.9625]
[    0.96296]
[    0.96341]
[    0.95181]
[    0.95238]
[    0.95294]
[    0.95349]
[    0.95402]
[    0.95455]
[    0.95506]
[    0.94444]
[    0.94505]
[    0.94565]
[    0.94624]
[    0.94681]
[    0.94737]
[    0.94792]
[    0.94845]
[    0.94898]
[    0.93939]
[       0.94]
[    0.94059]
[    0.94118]
[    0.94175]
[    0.94231]
[    0.94286]
[     0.9434]
[    0.94393]
[    0.94444]
[    0.94495]
[    0.94545]
[    0.94595]
[    0.94643]
[     0.9469]
[    0.94737]
[    0.94783]
[    0.94828]
[    0.94017]
[    0.94068]
[    0.94118]
[    0.94167]
[    0.94215]
[    0.93443]
[    0.93496]
[    0.93548]
[      0.928]
[    0.92857]
[    0.92913]
[    0.92969]
[    0.92248]
[    0.91538]
[    0.91603]
[    0.91667]
[    0.91729]
[    0.91791]
[    0.91852]
[    0.91912]
[    0.91971]
[    0.92029]
[    0.91367]
[    0.90714]
[    0.90071]
[    0.90141]
[     0.8951]
[    0.89583]
[    0.88966]
[    0.88356]
[    0.87755]
[    0.87838]
[    0.87919]
[    0.87333]
[    0.87417]
[    0.86842]
[    0.86928]
[    0.87013]
[    0.86452]
[    0.85897]
[     0.8535]
[     0.8481]
[    0.84277]
[     0.8375]
[     0.8323]
[    0.82716]
[    0.82822]
[    0.82927]
[     0.8303]
[     0.8253]
[    0.82036]
[    0.81548]
[    0.81657]
[    0.81176]
[    0.80702]
[    0.80233]
[    0.79769]
[    0.79885]
[        0.8]
[    0.79545]
[    0.79096]
[    0.79213]
[    0.78771]
[    0.78889]
[    0.78453]
[    0.78022]
[    0.77596]
[    0.77174]
[    0.76757]
[    0.76882]
[    0.76471]
[    0.76064]
[    0.75661]
[    0.75263]
[    0.74869]
[       0.75]
[     0.7513]
[    0.74742]
[    0.74872]
[       0.75]
[    0.74619]
[    0.74747]
[    0.74874]
[      0.745]
[    0.74129]
[    0.73762]
[    0.73399]
[    0.73039]
[    0.72683]
[     0.7233]
[    0.71981]
[    0.71635]
[    0.71292]
[    0.71429]
[     0.7109]
[    0.70755]
[    0.70423]
[    0.70561]
[    0.70233]
[    0.69907]
[    0.69585]
[    0.69725]
[    0.69406]
[    0.69091]
[    0.68778]
[    0.68468]
[    0.68161]
[    0.67857]
[       0.68]
[    0.67699]
[    0.67401]
[    0.67105]
[    0.66812]
[    0.66522]
[    0.66234]
[    0.66379]
[    0.66094]
[    0.65812]
[    0.65532]
[    0.65254]
[    0.64979]
[    0.64706]
[    0.64435]
[    0.64167]
[      0.639]
[    0.63636]
[    0.63786]
[    0.63525]
[    0.63265]
[    0.63415]
[    0.63158]
[    0.62903]
[    0.62651]
[      0.624]
[    0.62151]
[    0.61905]
[     0.6166]
[    0.61417]
[    0.61176]
[    0.60938]
[      0.607]
[    0.60465]
[    0.60618]
[    0.60385]
[    0.60153]
[    0.59924]
[    0.59696]
[     0.5947]
[    0.59245]
[    0.59023]
[    0.58801]
[    0.58582]
[    0.58364]
[    0.58148]
[    0.57934]
[    0.57721]
[    0.57509]
[    0.57299]
[    0.57455]
[    0.57246]
[     0.5704]
[    0.56835]
[    0.56631]
[    0.56429]
[    0.56228]
[    0.56028]
[     0.5583]
[    0.55634]
[    0.55439]
[    0.55245]
[    0.55052]
[    0.54861]
[    0.55017]
[    0.54828]
[    0.54639]
[    0.54452]
[    0.54266]
[    0.54082]
[    0.53898]
[    0.53716]
[    0.53535]
[    0.53356]
[    0.53177]
[    0.53333]
[    0.53156]
[     0.5298]
[    0.52805]
[    0.52632]
[    0.52459]
[    0.52288]
[    0.52117]
[    0.51948]
[     0.5178]
[    0.51613]
[    0.51447]
[    0.51282]
[    0.51118]
[    0.50955]
[    0.50794]
[    0.50633]
[    0.50473]
[    0.50314]
[    0.50157]
[        0.5]
[    0.49844]
[    0.49689]
[    0.49536]
[    0.49383]
[    0.49231]
[     0.4908]
[     0.4893]
[     0.4878]
[    0.48632]
[    0.48485]
[    0.48338]
[    0.48193]
[    0.48048]
[    0.48204]
[     0.4806]
[    0.47917]
[    0.47774]
[    0.47633]
[    0.47493]
[    0.47647]
[    0.47507]
[    0.47368]
[     0.4723]
[    0.47093]
[    0.46957]
[    0.46821]
[    0.46686]
[    0.46552]
[    0.46418]
[    0.46286]
[    0.46154]
[    0.46023]
[    0.45892]
[    0.45763]
[    0.45634]
[    0.45506]
[    0.45378]
[    0.45251]
[    0.45125]
[       0.45]
[    0.44875]
[    0.44751]
[    0.44628]
[    0.44505]
[    0.44384]
[    0.44262]
[    0.44142]
[    0.44022]
[    0.43902]
[    0.43784]
[    0.43666]
[    0.43548]
[    0.43432]
[    0.43316]
[      0.432]
[    0.43085]
[    0.42971]
[    0.42857]
[    0.42744]
[    0.42632]
[     0.4252]
[    0.42408]
[    0.42298]
[    0.42188]
[    0.42078]
[    0.41969]
[     0.4186]
[    0.41753]
[    0.41645]
[    0.41538]
[    0.41432]
[    0.41327]
[    0.41221]
[    0.41117]
[    0.41013]
[    0.40909]
[    0.40806]
[    0.40704]
[    0.40602]
[      0.405]
[    0.40399]
[    0.40299]
[    0.40199]
[    0.40099]
[        0.4]
[    0.39901]
[    0.39803]
[    0.39706]
[    0.39609]
[    0.39512]
[    0.39416]
[     0.3932]
[    0.39225]
[     0.3913]
[    0.39036]
[    0.38942]
[    0.38849]
[    0.38756]
[    0.38663]
[     0.3881]
[    0.38717]
[    0.38626]
[    0.38534]
[    0.38443]
[    0.38353]
[    0.38263]
[    0.38173]
[    0.38084]
[    0.38228]
[     0.3814]
[    0.38051]
[    0.37963]
[    0.37875]
[    0.37788]
[    0.37701]
[    0.37615]
[    0.37529]
[    0.37443]
[    0.37358]
[    0.37273]
[    0.37188]
[    0.37104]
[     0.3702]
[    0.36937]
[    0.36854]
[    0.36771]
[    0.36689]
[    0.36607]
[    0.36526]
[    0.36444]
[    0.36364]
[    0.36283]
[    0.36203]
[    0.36123]
[    0.36044]
[    0.35965]
[    0.35886]
[    0.35808]
[     0.3573]
[    0.35652]
[    0.35575]
[    0.35498]
[    0.35421]
[    0.35345]
[    0.35269]
[    0.35193]
[    0.35118]
[    0.35043]
[    0.34968]
[    0.34894]
[     0.3482]
[    0.34746]
[    0.34672]
[    0.34599]
[    0.34526]
[    0.34454]
[    0.34382]
[     0.3431]
[    0.34238]
[    0.34167]
[    0.34096]
[    0.34025]
[    0.33954]
[    0.33884]
[    0.33814]
[    0.33745]
[    0.33676]
[    0.33607]
[    0.33538]
[    0.33469]
[    0.33401]
[    0.33333]
[    0.33266]
[    0.33198]
[    0.33131]
[    0.33065]
[    0.32998]
[    0.32932]
[    0.32866]
[      0.328]
[    0.32735]
[    0.32669]
[    0.32604]
[     0.3254]
[    0.32475]
[    0.32411]
[    0.32347]
[    0.32283]
[     0.3222]
[    0.32157]
[    0.32094]
[    0.32031]
[    0.31969]
[    0.31907]
[    0.31845]
[    0.31783]
[    0.31721]
[     0.3166]
[    0.31599]
[    0.31538]
[    0.31478]
[    0.31418]
[    0.31358]
[    0.31298]
[    0.31238]
[    0.31179]
[     0.3112]
[    0.31061]
[    0.31002]
[    0.30943]
[    0.30885]
[    0.30827]
[    0.30769]
[    0.30712]
[    0.30654]
[    0.30597]
[    0.30726]
[    0.30669]
[    0.30612]
[    0.30556]
[    0.30499]
[    0.30443]
[    0.30387]
[    0.30331]
[    0.30275]
[     0.3022]
[    0.30165]
[    0.30292]
[    0.30237]
[    0.30182]
[    0.30127]
[    0.30072]
[    0.30018]
[    0.29964]
[     0.2991]
[    0.29856]
[    0.29803]
[    0.29749]
[    0.29696]
[    0.29643]
[     0.2959]
[    0.29537]
[    0.29485]
[    0.29433]
[    0.29381]
[    0.29329]
[    0.29277]
[    0.29225]
[    0.29174]
[    0.29123]
[    0.29072]
[    0.29021]
[     0.2897]
[     0.2892]
[     0.2887]
[    0.28819]
[    0.28769]
[     0.2872]
[     0.2867]
[    0.28621]
[    0.28571]
[    0.28522]
[    0.28473]
[    0.28425]
[    0.28376]
[    0.28328]
[    0.28279]
[    0.28231]
[    0.28183]
[    0.28136]
[    0.28088]
[    0.28041]
[    0.27993]
[    0.27946]
[    0.27899]
[    0.27852]
[    0.27806]
[    0.27759]
[    0.27713]
[    0.27667]
[    0.27621]
[    0.27575]
[    0.27529]
[    0.27483]
[    0.27438]
[    0.27393]
[    0.27348]
[    0.27303]
[    0.27258]
[    0.27213]
[    0.27169]
[    0.27124]
[     0.2708]
[    0.27036]
[    0.26992]
[    0.26948]
[    0.26904]
[    0.26861]
[    0.26817]
[    0.26774]
[    0.26731]
[    0.26688]
[    0.26645]
[    0.26603]
[     0.2656]
[    0.26518]
[    0.26475]
[    0.26433]
[    0.26391]
[    0.26349]
[    0.26307]
[    0.26266]
[    0.26224]
[    0.26183]
[    0.26142]
[    0.26101]
[     0.2606]
[    0.26019]
[    0.25978]
[    0.25938]
[    0.25897]
[    0.25857]
[    0.25816]
[    0.25932]
[    0.25891]
[    0.25851]
[    0.25811]
[    0.25772]
[    0.25732]
[    0.25692]
[    0.25653]
[    0.25613]
[    0.25574]
[    0.25535]
[    0.25496]
[    0.25457]
[    0.25419]
[     0.2538]
[    0.25341]
[    0.25303]
[    0.25265]
[    0.25227]
[    0.25189]
[    0.25151]
[    0.25113]
[    0.25075]
[    0.25037]
[       0.25]
[    0.24963]
[    0.25075]
[    0.25037]
[       0.25]
[    0.24963]
[    0.24926]
[    0.24889]
[    0.24852]
[    0.24815]
[    0.24779]
[    0.24742]
[    0.24706]
[     0.2467]
[    0.24633]
[    0.24597]
[    0.24561]
[    0.24526]
[     0.2449]
[    0.24454]
[    0.24419]
[    0.24383]
[    0.24348]
[    0.24313]
[    0.24277]
[    0.24242]
[    0.24207]
[    0.24173]
[    0.24138]
[    0.24103]
[    0.24069]
[    0.24034]
[       0.24]
[    0.23966]
[    0.23932]
[    0.23898]
[    0.24006]
[    0.23972]
[    0.23938]
[    0.23904]
[     0.2387]
[    0.23836]
[    0.23803]
[    0.23769]
[    0.23736]
[    0.23703]
[    0.23669]
[    0.23636]
[    0.23603]
[     0.2357]
[    0.23538]
[    0.23505]
[    0.23472]
[     0.2344]
[    0.23407]
[    0.23375]
[    0.23343]
[     0.2331]
[    0.23278]
[    0.23246]
[    0.23214]
[    0.23182]
[    0.23151]
[    0.23119]
[    0.23087]
[    0.23056]
[    0.23025]
[    0.22993]
[    0.22962]
[    0.22931]
[      0.229]
[    0.22869]
[    0.22838]
[    0.22807]
[    0.22776]
[    0.22746]
[    0.22715]
[    0.22685]
[    0.22654]
[    0.22624]
[    0.22594]
[    0.22563]
[    0.22533]
[    0.22503]
[    0.22473]
[    0.22444]
[    0.22414]
[    0.22384]
[    0.22354]
[    0.22325]
[    0.22296]
[    0.22266]
[    0.22237]
[    0.22208]
[    0.22178]
[    0.22149]
[     0.2212]
[    0.22092]
[    0.22063]
[    0.22034]
[    0.22005]
[    0.21977]
[    0.21948]
[     0.2192]
[    0.21891]
[    0.21863]
[    0.21835]
[    0.21806]
[    0.21778]
[     0.2175]
[    0.21722]
[    0.21694]
[    0.21667]
[    0.21639]
[    0.21611]
[    0.21584]
[    0.21556]
[    0.21529]
[    0.21501]
[    0.21474]
[    0.21447]
[     0.2142]
[    0.21392]
[    0.21365]
[    0.21338]
[    0.21311]
[    0.21285]
[    0.21258]
[    0.21231]
[    0.21205]
[    0.21178]
[    0.21151]
[    0.21125]
[    0.21099]
[    0.21072]
[    0.21046]
[     0.2102]
[    0.20994]
[    0.20968]
[    0.20942]
[    0.20916]
[     0.2089]
[    0.20864]
[    0.20838]
[    0.20813]
[    0.20787]
[    0.20885]
[    0.20859]
[    0.20833]
[    0.20808]
[    0.20782]
[    0.20757]
[    0.20732]
[    0.20706]
[    0.20681]
[    0.20656]
[    0.20631]
[    0.20606]
[    0.20581]
[    0.20556]
[    0.20531]
[    0.20507]
[    0.20482]
[    0.20457]
[    0.20433]
[    0.20408]
[    0.20384]
[    0.20359]
[    0.20335]
[    0.20311]
[    0.20286]
[    0.20262]
[    0.20238]
[    0.20214]
[     0.2019]
[    0.20166]
[    0.20142]
[    0.20118]
[    0.20095]
[    0.20071]
[    0.20047]
[    0.20024]
[        0.2]
[    0.19976]
[    0.19953]
[     0.1993]
[    0.19906]
[    0.19883]
[     0.1986]
[    0.19837]
[    0.19814]
[     0.1979]
[    0.19767]
[    0.19744]
[    0.19722]
[    0.19699]
[    0.19676]
[    0.19653]
[     0.1963]
[    0.19608]
[    0.19585]
[    0.19563]
[    0.19655]
[    0.19633]
[     0.1961]
[    0.19588]
[    0.19565]
[    0.19543]
[    0.19521]
[    0.19498]
[    0.19476]
[    0.19454]
[    0.19432]
[     0.1941]
[    0.19388]
[    0.19366]
[    0.19344]
[    0.19322]
[      0.193]
[    0.19278]
[    0.19257]
[    0.19235]
[    0.19213]
[    0.19192]
[     0.1917]
[    0.19149]
[    0.19128]
[    0.19106]
[    0.19085]
[    0.19064]
[    0.19042]
[    0.19021]
[       0.19]
[    0.18979]
[    0.18958]
[    0.18937]
[    0.18916]
[    0.18895]
[    0.18874]
[    0.18853]
[    0.18833]
[    0.18812]
[    0.18791]
[    0.18771]
[     0.1875]
[    0.18729]
[    0.18709]
[    0.18689]
[    0.18668]
[    0.18648]
[    0.18627]
[    0.18607]
[    0.18587]
[    0.18567]
[    0.18547]
[    0.18527]
[    0.18506]
[    0.18486]
[    0.18467]
[    0.18447]
[    0.18427]
[    0.18407]
[    0.18387]
[    0.18367]
[    0.18348]
[    0.18328]
[    0.18308]
[    0.18289]
[    0.18269]
[     0.1825]
[     0.1823]
[    0.18211]
[    0.18191]
[    0.18172]
[    0.18153]
[    0.18134]
[     0.1822]
[    0.18201]
[    0.18182]
[    0.18163]
[    0.18143]
[    0.18124]
[    0.18105]
[    0.18086]
[    0.18067]
[    0.18048]
[    0.18029]
[     0.1801]
[    0.17992]
[    0.17973]
[    0.17954]
[    0.17935]
[    0.17917]
[    0.17898]
[    0.17879]
[    0.17861]
[    0.17842]
[    0.17824]
[    0.17805]
[    0.17787]
[    0.17769]
[     0.1775]
[    0.17732]
[    0.17714]
[    0.17695]
[    0.17677]
[    0.17659]
[    0.17641]
[    0.17623]
[    0.17605]
[    0.17587]
[    0.17569]
[    0.17551]
[    0.17533]
[    0.17515]
[    0.17497]
[     0.1748]
[    0.17462]
[    0.17444]
[    0.17427]
[    0.17409]
[    0.17391]
[    0.17374]
[    0.17356]
[    0.17339]
[    0.17321]
[    0.17304]
[    0.17286]
[    0.17269]
[    0.17252]
[    0.17234]
[    0.17217]
[      0.172]
[    0.17183]
[    0.17166]
[    0.17149]
[    0.17131]
[    0.17114]
[    0.17097]
[     0.1708]
[    0.17063]
[    0.17047]
[     0.1703]
[    0.17013]
[    0.16996]
[    0.16979]
[    0.16963]
[    0.16946]
[    0.16929]
[    0.16912]
[    0.16896]
[    0.16879]
[    0.16863]
[    0.16846]
[     0.1683]
[    0.16813]
[    0.16797]
[     0.1678]
[    0.16764]
[    0.16748]
[    0.16732]
[    0.16715]
[    0.16699]
[    0.16683]
[    0.16667]
[    0.16651]
[    0.16634]
[    0.16618]
[    0.16602]
[    0.16586]
[     0.1657]
[    0.16554]
[    0.16538]
[    0.16523]
[    0.16507]
[    0.16491]
[    0.16475]
[    0.16459]
[    0.16444]
[    0.16428]
[    0.16412]
[    0.16397]
[    0.16381]
[    0.16365]
[     0.1635]
[    0.16334]
[    0.16319]
[    0.16303]
[    0.16288]
[    0.16272]
[    0.16257]
[    0.16242]
[    0.16226]
[    0.16211]
[    0.16196]
[    0.16181]
[    0.16165]
[     0.1615]
[    0.16135]
[     0.1612]
[    0.16105]
[     0.1609]
[    0.16075]
[     0.1606]
[    0.16045]
[     0.1603]
[    0.16015]
[       0.16]
[    0.15985]
[     0.1597]
[    0.15955]
[    0.15941]
[    0.15926]
[    0.15911]
[    0.15896]
[    0.15882]
[    0.15867]
[    0.15853]
[    0.15838]
[    0.15823]
[    0.15809]
[    0.15794]
[     0.1578]
[    0.15765]
[    0.15751]
[    0.15737]
[    0.15722]
[    0.15708]
[    0.15693]
[    0.15679]
[    0.15665]
[    0.15651]
[    0.15636]
[    0.15622]
[    0.15608]
[    0.15594]
[     0.1558]
[    0.15566]
[    0.15552]
[    0.15537]
[    0.15523]
[    0.15509]
[    0.15495]
[    0.15482]
[    0.15468]
[    0.15454]
[     0.1544]
[    0.15426]
[    0.15412]
[    0.15398]
[    0.15385]
[    0.15371]
[    0.15357]
[    0.15343]
[     0.1533]
[    0.15316]
[    0.15302]
[    0.15289]
[    0.15275]
[    0.15262]
[    0.15248]
[    0.15235]
[    0.15221]
[    0.15208]
[    0.15194]
[    0.15181]
[    0.15168]
[    0.15154]
[    0.15141]
[    0.15128]
[    0.15114]
[    0.15101]
[    0.15088]
[    0.15074]
[    0.15061]
[    0.15048]
[    0.15035]
[    0.15022]
[    0.15009]
[    0.14996]
[    0.14983]
[     0.1497]
[    0.14957]
[    0.14944]
[    0.14931]
[    0.14918]
[    0.14905]
[    0.14892]
[    0.14879]
[    0.14866]
[    0.14853]
[     0.1484]
[    0.14828]
[    0.14815]
[    0.14802]
[    0.14789]
[    0.14777]
[    0.14764]
[    0.14751]
[    0.14739]
[    0.14726]
[    0.14713]
[    0.14701]
[    0.14688]
[    0.14676]
[    0.14663]
[    0.14651]
[    0.14638]
[    0.14626]
[    0.14613]
[    0.14601]
[    0.14589]
[    0.14576]
[    0.14564]
[    0.14552]
[    0.14539]
[    0.14527]
[    0.14515]
[    0.14503]
[    0.14575]
[    0.14562]
[     0.1455]
[    0.14538]
[    0.14526]
[    0.14513]
[    0.14501]
[    0.14489]
[    0.14477]
[    0.14465]
[    0.14453]
[    0.14441]
[    0.14429]
[    0.14417]
[    0.14405]
[    0.14393]
[    0.14381]
[    0.14369]
[    0.14357]
[    0.14345]
[    0.14333]
[    0.14321]
[    0.14309]
[    0.14298]
[    0.14286]
[    0.14274]
[    0.14262]
[     0.1425]
[    0.14239]
[    0.14227]
[    0.14215]
[    0.14204]
[    0.14192]
[     0.1418]
[    0.14169]
[    0.14157]
[    0.14146]
[    0.14134]
[    0.14122]
[    0.14111]
[    0.14099]
[    0.14088]
[    0.14076]
[    0.14065]
[    0.14054]
[    0.14042]
[    0.14031]
[    0.14019]
[    0.14008]
[    0.13997]
[    0.13985]
[    0.13974]
[    0.13963]
[    0.13952]
[     0.1394]
[    0.13929]
[    0.13918]
[    0.13907]
[    0.13896]
[    0.13884]
[    0.13873]
[    0.13862]
[    0.13851]
[     0.1384]
[    0.13829]
[    0.13818]
[    0.13807]
[    0.13796]
[    0.13785]
[    0.13774]
[    0.13763]
[    0.13752]
[    0.13741]
[     0.1373]
[    0.13719]
[    0.13708]
[    0.13698]
[    0.13687]
[    0.13676]
[    0.13665]
[    0.13654]
[    0.13644]
[    0.13633]
[    0.13622]
[    0.13611]
[    0.13601]
[     0.1359]
[    0.13579]
[    0.13569]
[    0.13558]
[    0.13547]
[    0.13537]
[    0.13526]
[    0.13516]
[    0.13505]
[    0.13495]
[    0.13484]
[    0.13474]
[    0.13463]
[    0.13453]
[    0.13442]
[    0.13432]
[    0.13421]
[    0.13411]
[      0.134]
[     0.1339]
[     0.1338]
[    0.13369]
[    0.13359]
[    0.13349]
[    0.13338]
[    0.13328]
[    0.13318]
[    0.13308]
[    0.13297]
[    0.13287]
[    0.13277]
[    0.13267]
[    0.13257]
[    0.13247]
[    0.13236]
[    0.13226]
[    0.13216]
[    0.13206]
[    0.13196]
[    0.13186]
[    0.13176]
[    0.13166]
[    0.13156]
[    0.13146]
[    0.13136]
[    0.13126]
[    0.13116]
[    0.13106]
[    0.13096]
[    0.13086]
[    0.13076]
[    0.13066]
[    0.13057]
[    0.13047]
[    0.13037]
[    0.13102]
[    0.13093]
[    0.13083]
[    0.13073]
[    0.13063]
[    0.13053]
[    0.13043]
[    0.13034]
[    0.13024]
[    0.13014]
[    0.13004]
[    0.12995]
[    0.12985]
[    0.12975]
[    0.12966]
[    0.12956]
[    0.12946]
[    0.12937]
[    0.12927]
[    0.12918]
[    0.12908]
[    0.12898]
[    0.12889]
[    0.12879]
[     0.1287]
[     0.1286]
[    0.12851]
[    0.12841]
[    0.12832]
[    0.12822]
[    0.12813]
[    0.12804]
[    0.12794]
[    0.12785]
[    0.12775]
[    0.12766]
[    0.12757]
[    0.12747]
[    0.12738]
[    0.12729]
[    0.12719]
[     0.1271]
[    0.12701]
[    0.12691]
[    0.12682]
[    0.12673]
[    0.12664]
[    0.12655]
[    0.12645]
[    0.12636]
[    0.12627]
[    0.12618]
[    0.12609]
[      0.126]
[     0.1259]
[    0.12581]
[    0.12572]
[    0.12563]
[    0.12554]
[    0.12545]
[    0.12536]
[    0.12527]
[    0.12518]
[    0.12509]
[      0.125]
[    0.12491]
[    0.12482]
[    0.12473]
[    0.12464]
[    0.12455]
[    0.12446]
[    0.12437]
[    0.12429]
[     0.1242]
[    0.12411]
[    0.12402]
[    0.12393]
[    0.12384]
[    0.12376]
[    0.12367]
[    0.12358]
[    0.12349]
[     0.1234]
[    0.12332]
[    0.12323]
[    0.12314]
[    0.12306]
[    0.12297]
[    0.12288]
[    0.12279]
[    0.12271]
[    0.12262]
[    0.12254]
[    0.12245]
[    0.12236]
[    0.12228]
[    0.12219]
[    0.12211]
[    0.12202]
[    0.12193]
[    0.12185]
[    0.12176]
[    0.12168]
[    0.12159]
[    0.12151]
[    0.12142]
[    0.12134]
[    0.12125]
[    0.12117]
[    0.12178]
[     0.1217]
[    0.12161]
[    0.12153]
[    0.12144]
[    0.12136]
[    0.12128]
[    0.12119]
[    0.12111]
[    0.12102]
[    0.12094]
[    0.12086]
[    0.12077]
[    0.12069]
[    0.12061]
[    0.12052]
[    0.12044]
[    0.12036]
[    0.12027]
[    0.12019]
[    0.12011]
[    0.12003]
[    0.11995]
[    0.11986]
[    0.11978]
[     0.1197]
[    0.11962]
[    0.11954]
[    0.11945]
[    0.11937]
[    0.11929]
[    0.11921]
[    0.11913]
[    0.11905]
[    0.11897]
[    0.11889]
[    0.11881]
[    0.11872]
[    0.11864]
[    0.11856]
[    0.11848]
[     0.1184]
[    0.11832]
[    0.11824]
[    0.11816]
[    0.11808]
[      0.118]
[    0.11792]
[    0.11785]
[    0.11777]
[    0.11769]
[    0.11761]
[    0.11753]
[    0.11745]
[    0.11737]
[    0.11729]
[    0.11721]
[    0.11714]
[    0.11706]
[    0.11698]
[     0.1169]
[    0.11682]
[    0.11674]
[    0.11667]
[    0.11659]
[    0.11651]
[    0.11643]
[    0.11636]
[    0.11628]
[     0.1162]
[    0.11612]
[    0.11605]
[    0.11597]
[    0.11589]
[    0.11582]
[    0.11574]
[    0.11566]
[    0.11559]
[    0.11551]
[    0.11544]
[    0.11536]
[    0.11528]
[    0.11521]
[    0.11513]
[    0.11506]
[    0.11498]
[     0.1149]
[    0.11483]
[    0.11475]
[    0.11468]
[     0.1146]
[    0.11453]
[    0.11445]
[    0.11438]
[     0.1143]
[    0.11423]
[    0.11416]
[    0.11408]
[    0.11401]
[    0.11393]
[    0.11386]
[    0.11378]
[    0.11371]
[    0.11364]
[    0.11356]
[    0.11349]
[    0.11342]
[    0.11334]
[    0.11327]
[     0.1132]
[    0.11312]
[    0.11305]
[    0.11298]
[     0.1129]
[    0.11283]
[    0.11276]
[    0.11269]
[    0.11261]
[    0.11254]
[    0.11247]
[     0.1124]
[    0.11297]
[    0.11289]
[    0.11282]
[    0.11275]
[    0.11268]
[     0.1126]
[    0.11253]
[    0.11246]
[    0.11239]
[    0.11232]
[    0.11224]
[    0.11217]
[     0.1121]
[    0.11203]
[    0.11196]
[    0.11189]
[    0.11182]
[    0.11175]
[    0.11168]
[     0.1116]
[    0.11153]
[    0.11146]
[    0.11139]
[    0.11132]
[    0.11125]
[    0.11118]
[    0.11111]
[    0.11104]
[    0.11097]
[     0.1109]
[    0.11083]
[    0.11076]
[    0.11069]
[    0.11062]
[    0.11055]
[    0.11048]
[    0.11041]
[    0.11034]
[    0.11028]
[    0.11021]
[    0.11014]
[    0.11007]
[       0.11]
[    0.10993]
[    0.10986]
[    0.10979]
[    0.10973]
[    0.10966]
[    0.10959]
[    0.10952]
[    0.10945]
[    0.10938]
[    0.10932]
[    0.10925]
[    0.10918]
[    0.10911]
[    0.10905]
[    0.10898]
[    0.10891]
[    0.10884]
[    0.10878]
[    0.10871]
[    0.10864]
[    0.10857]
[    0.10851]
[    0.10844]
[    0.10837]
[    0.10831]
[    0.10824]
[    0.10817]
[    0.10811]
[    0.10804]
[    0.10798]
[    0.10791]
[    0.10784]
[    0.10778]
[    0.10771]
[    0.10765]
[    0.10758]
[    0.10751]
[    0.10745]
[    0.10738]
[    0.10732]
[    0.10725]
[    0.10719]
[    0.10712]
[    0.10706]
[    0.10699]
[    0.10693]
[    0.10686]
[     0.1068]
[    0.10673]
[    0.10667]
[     0.1066]
[    0.10654]
[    0.10647]
[    0.10641]
[    0.10634]
[    0.10628]
[    0.10622]
[    0.10615]
[    0.10609]
[    0.10602]
[    0.10596]
[     0.1059]
[    0.10583]
[    0.10577]
[    0.10571]
[    0.10564]
[    0.10558]
[    0.10552]
[    0.10545]
[    0.10539]
[    0.10533]
[    0.10526]
[     0.1052]
[    0.10514]
[    0.10507]
[    0.10501]
[    0.10495]
[    0.10489]
[    0.10482]
[    0.10476]
[     0.1047]
[    0.10464]
[    0.10458]
[    0.10451]
[    0.10445]
[    0.10439]
[    0.10433]
[    0.10427]
[     0.1042]
[    0.10414]
[    0.10408]
[    0.10402]
[    0.10396]
[     0.1039]
[    0.10383]
[    0.10377]
[    0.10371]
[    0.10365]
[    0.10359]
[    0.10353]
[    0.10347]
[    0.10341]
[    0.10335]
[    0.10329]
[    0.10323]
[    0.10317]
[     0.1031]
[    0.10304]
[    0.10298]
[    0.10292]
[    0.10286]
[     0.1028]
[    0.10274]
[    0.10268]
[    0.10262]
[    0.10256]
[     0.1025]
[    0.10244]
[    0.10239]
[    0.10233]
[    0.10227]
[    0.10221]
[    0.10215]
[    0.10209]
[    0.10203]
[    0.10197]
[    0.10191]
[    0.10185]
[    0.10179]
[    0.10173]
[    0.10168]
[    0.10162]
[    0.10156]
[     0.1015]
[    0.10144]
[    0.10138]
[    0.10132]
[    0.10127]
[    0.10121]
[    0.10115]
[    0.10109]
[    0.10103]
[    0.10098]
[    0.10092]
[    0.10086]
[     0.1008]
[    0.10074]
[    0.10069]
[    0.10063]
[    0.10057]
[    0.10051]
[    0.10046]
[     0.1004]
[    0.10034]
[    0.10028]
[    0.10023]
[    0.10017]
[    0.10011]
[    0.10006]
[        0.1]
[   0.099943]
[   0.099886]
[    0.09983]
[   0.099773]
[   0.099717]
[    0.09966]
[   0.099604]
[   0.099548]
[   0.099491]
[   0.099435]
[   0.099379]
[   0.099323]
[   0.099267]
[   0.099211]
[   0.099155]
[   0.099099]
[   0.099043]
[   0.098988]
[   0.098932]
[   0.098876]
[   0.098821]
[   0.098765]
[    0.09871]
[   0.098655]
[   0.098599]
[   0.098544]
[   0.098489]
[   0.098434]
[   0.098379]
[   0.098324]
[   0.098269]
[   0.098214]
[    0.09816]
[   0.098105]
[    0.09805]
[   0.097996]
[   0.097941]
[   0.097887]
[   0.097832]
[   0.097778]
[   0.097723]
[   0.097669]
[    0.09817]
[   0.098115]
[   0.098061]
[   0.098007]
[   0.097952]
[   0.097898]
[   0.097844]
[    0.09779]
[   0.097736]
[   0.097682]
[   0.097628]
[   0.097574]
[   0.097521]
[   0.097467]
[   0.097413]
[    0.09736]
[   0.097306]
[   0.097253]
[   0.097199]
[   0.097146]
[   0.097093]
[   0.097039]
[   0.096986]
[   0.096933]
[    0.09688]
[   0.096827]
[   0.096774]
[   0.096721]
[   0.096668]
[   0.096616]
[   0.096563]
[    0.09651]
[   0.096458]
[   0.096405]
[   0.096353]
[     0.0963]
[   0.096248]
[   0.096196]
[   0.096143]
[   0.096091]
[   0.096039]
[   0.095987]
[   0.095935]
[   0.095883]
[   0.095831]
[   0.095779]
[   0.095727]
[   0.095676]
[   0.095624]
[   0.095572]
[   0.095521]
[   0.095469]
[   0.095418]
[   0.095366]
[   0.095315]
[   0.095264]
