[          1]
[          1]
[          1]
[          1]
[          1]
[          1]
[          1]
[          1]
[          1]
[          1]
[          1]
[          1]
[          1]
[          1]
[          1]
[          1]
[          1]
[          1]
[          1]
[          1]
[          1]
[          1]
[          1]
[          1]
[          1]
[          1]
[          1]
[          1]
[          1]
[          1]
[          1]
[          1]
[          1]
[          1]
[          1]
[          1]
[          1]
[          1]
[          1]
[          1]
[          1]
[          1]
[          1]
[          1]
[          1]
[          1]
[          1]
[          1]
[          1]
[          1]
[          1]
[          1]
[          1]
[          1]
[          1]
[          1]
[          1]
[          1]
[          1]
[          1]
[          1]
[          1]
[    0.98413]
[    0.98438]
[    0.98462]
[    0.98485]
[    0.98507]
[    0.98529]
[    0.98551]
[    0.98571]
[    0.98592]
[    0.98611]
[     0.9863]
[    0.98649]
[    0.98667]
[    0.98684]
[    0.98701]
[    0.98718]
[    0.98734]
[     0.9875]
[    0.98765]
[     0.9878]
[    0.98795]
[    0.97619]
[    0.97647]
[    0.97674]
[    0.97701]
[    0.97727]
[    0.97753]
[    0.97778]
[    0.97802]
[    0.97826]
[    0.97849]
[    0.97872]
[    0.97895]
[    0.97917]
[    0.97938]
[    0.97959]
[     0.9798]
[       0.98]
[     0.9802]
[    0.98039]
[    0.98058]
[    0.98077]
[    0.98095]
[    0.98113]
[    0.98131]
[    0.98148]
[    0.98165]
[    0.98182]
[    0.98198]
[    0.97321]
[    0.97345]
[    0.96491]
[    0.95652]
[    0.94828]
[    0.94017]
[    0.94068]
[    0.93277]
[      0.925]
[    0.91736]
[    0.90984]
[    0.90244]
[    0.89516]
[      0.888]
[    0.88095]
[    0.87402]
[    0.86719]
[    0.86047]
[    0.85385]
[    0.84733]
[    0.84091]
[    0.83459]
[    0.82836]
[    0.82222]
[    0.81618]
[    0.81022]
[    0.80435]
[    0.79856]
[    0.79286]
[    0.78723]
[    0.78169]
[    0.77622]
[    0.77083]
[    0.76552]
[    0.76027]
[     0.7551]
[       0.75]
[    0.74497]
[       0.74]
[     0.7351]
[    0.73026]
[    0.72549]
[    0.72078]
[    0.71613]
[    0.71154]
[    0.70701]
[    0.70253]
[    0.69811]
[    0.69375]
[    0.68944]
[    0.68519]
[    0.68098]
[    0.67683]
[    0.67273]
[    0.66867]
[    0.66467]
[    0.66071]
[     0.6568]
[    0.65294]
[    0.64912]
[    0.64535]
[    0.64162]
[    0.63793]
[    0.63429]
[    0.63068]
[    0.62712]
[     0.6236]
[    0.62011]
[    0.61667]
[    0.61326]
[    0.60989]
[    0.60656]
[    0.60326]
[        0.6]
[    0.59677]
[    0.59358]
[    0.59043]
[     0.5873]
[    0.58421]
[    0.58115]
[    0.57812]
[    0.57513]
[    0.57216]
[    0.56923]
[    0.56633]
[    0.56345]
[    0.56061]
[    0.55779]
[      0.555]
[    0.55224]
[     0.5495]
[     0.5468]
[    0.54412]
[    0.54146]
[    0.53883]
[    0.53623]
[    0.53365]
[     0.5311]
[    0.52857]
[    0.52607]
[    0.52358]
[    0.52113]
[    0.51869]
[    0.51628]
[    0.51389]
[    0.51152]
[    0.50917]
[    0.50685]
[    0.50455]
[    0.50226]
[        0.5]
[    0.49776]
[    0.49554]
[    0.49333]
[    0.49115]
[    0.48899]
[    0.48684]
[    0.48472]
[    0.48261]
[    0.48052]
[    0.47845]
[    0.47639]
[    0.47436]
[    0.47234]
[    0.47034]
[    0.46835]
[    0.46639]
[    0.46444]
[     0.4625]
[    0.46058]
[    0.45868]
[    0.45679]
[    0.45492]
[    0.45306]
[    0.45122]
[    0.44939]
[    0.44758]
[    0.44578]
[      0.444]
[    0.44223]
[    0.44048]
[    0.43874]
[    0.43701]
[    0.43529]
[    0.43359]
[    0.43191]
[    0.43023]
[    0.42857]
[    0.42692]
[    0.42529]
[    0.42366]
[    0.42205]
[    0.42045]
[    0.41887]
[    0.41729]
[    0.41573]
[    0.41418]
[    0.41264]
[    0.41111]
[    0.40959]
[    0.40809]
[    0.40659]
[    0.40511]
[    0.40364]
[    0.40217]
[    0.40072]
[    0.39928]
[    0.39785]
[    0.39643]
[    0.39502]
[    0.39362]
[    0.39223]
[    0.39085]
[    0.38947]
[    0.38811]
[    0.38676]
[    0.38542]
[    0.38408]
[    0.38276]
[    0.38144]
[    0.38014]
[    0.37884]
[    0.37755]
[    0.37627]
[      0.375]
[    0.37374]
[    0.37248]
[    0.37124]
[       0.37]
[    0.36877]
[    0.36755]
[    0.36634]
[    0.36513]
[    0.36393]
[    0.36275]
[    0.36156]
[    0.36039]
[    0.35922]
[    0.35806]
[    0.35691]
[    0.35577]
[    0.35463]
[     0.3535]
[    0.35238]
[    0.35127]
[    0.35016]
[    0.34906]
[    0.34796]
[    0.34687]
[    0.34579]
[    0.34472]
[    0.34365]
[    0.34259]
[    0.34154]
[    0.34049]
[    0.33945]
[    0.33841]
[    0.33739]
[    0.33636]
[    0.33535]
[    0.33434]
[    0.33333]
[    0.33234]
[    0.33134]
[    0.33036]
[    0.32938]
[     0.3284]
[    0.32743]
[    0.32647]
[    0.32551]
[    0.32456]
[    0.32362]
[    0.32267]
[    0.32174]
[    0.32081]
[    0.31988]
[    0.31897]
[    0.31805]
[    0.31714]
[    0.31624]
[    0.31534]
[    0.31445]
[    0.31356]
[    0.31268]
[     0.3118]
[    0.31092]
[    0.31006]
[    0.30919]
[    0.30833]
[    0.30748]
[    0.30663]
[    0.30579]
[    0.30495]
[    0.30411]
[    0.30328]
[    0.30245]
[    0.30163]
[    0.30081]
[        0.3]
[    0.29919]
[    0.29839]
[    0.29759]
[    0.29679]
[      0.296]
[    0.29521]
[    0.29443]
[    0.29365]
[    0.29288]
[    0.29211]
[    0.29134]
[    0.29058]
[    0.28982]
[    0.28906]
[    0.28831]
[    0.28756]
[    0.28682]
[    0.28608]
[    0.28535]
[    0.28462]
[    0.28389]
[    0.28316]
[    0.28244]
[    0.28173]
[    0.28101]
[     0.2803]
[     0.2796]
[    0.27889]
[     0.2782]
[     0.2775]
[    0.27681]
[    0.27612]
[    0.27543]
[    0.27475]
[    0.27407]
[     0.2734]
[    0.27273]
[    0.27206]
[    0.27139]
[    0.27073]
[    0.27007]
[    0.26942]
[    0.26877]
[    0.26812]
[    0.26747]
[    0.26683]
[    0.26619]
[    0.26555]
[    0.26492]
[    0.26429]
[    0.26366]
[    0.26303]
[    0.26241]
[    0.26179]
[    0.26118]
[    0.26056]
[    0.25995]
[    0.25935]
[    0.25874]
[    0.25814]
[    0.25754]
[    0.25694]
[    0.25635]
[    0.25576]
[    0.25517]
[    0.25459]
[      0.254]
[    0.25342]
[    0.25285]
[    0.25227]
