[    0.95264           0]
[    0.93192     0.82956]
[    0.36398     0.67838     0.62669     0.34103     0.55958     0.60525     0.35608     0.52722     0.23559     0.65541     0.61976     0.66336]
[    0.79195           0     0.65108     0.78299     0.69465           0           0           0]
[    0.59191     0.59505]
[    0.87244     0.92092     0.85121]
[    0.70095     0.66688           0     0.32474           0           0           0           0]
[    0.76914           0           0           0]
[    0.84932]
[    0.82865           0           0]
[    0.75186           0]
[    0.66905     0.66449]
[    0.91331]
[    0.91391           0           0]
[    0.94629           0           0           0]
[    0.81179           0     0.29451     0.81448     0.17789]
[    0.50301           0     0.46167           0           0]
[    0.91917           0           0     0.76368]
[    0.79116           0     0.59446]
[    0.95646     0.90296     0.49798]
[    0.85882           0]
[     0.6743           0           0     0.73136]
[     0.9247           0           0           0]
[    0.85715      0.7743     0.57832     0.31576]
[    0.90827     0.53343     0.44471           0]
[    0.64926           0           0           0           0           0           0]
[    0.86735           0]
[     0.9152           0      0.8673      0.4776     0.84975           0           0]
[    0.90812     0.34215     0.72923]
[    0.81733           0]
[    0.92972           0           0]
[    0.61889           0           0           0     0.24163]
[    0.93521]
[    0.69032     0.62368]
[    0.96121]
[    0.87125           0           0           0]
[    0.55344           0           0     0.32835           0           0]
[    0.85212]
[    0.77355     0.37905           0           0     0.50685           0]
[    0.81232     0.61968]
[    0.90978     0.77614           0]
[    0.73854]
[    0.87681]
[    0.88853     0.72026       0.828      0.2662     0.75344]
[    0.79891           0]
[    0.81801           0           0]
[    0.58523           0     0.55845]
[    0.77545     0.66943]
[    0.73088     0.81148     0.45935     0.71485           0     0.82309           0]
[    0.86035           0           0           0]
[     0.8699     0.68351     0.42099     0.84579     0.75647]
[    0.89408]
[    0.81033           0           0     0.04128     0.83352     0.28204           0      0.7236]
[    0.96211]
[    0.91739      0.9315]
[    0.89804           0]
[    0.60189     0.62582           0]
[    0.94836]
[    0.55186           0           0     0.43143           0           0           0]
[    0.85901           0           0           0           0           0]
[    0.86129           0]
[     0.8129           0           0           0           0     0.52941           0           0]
[    0.92951           0     0.52993           0]
[     0.7507     0.84341     0.87557     0.91045      0.8269]
[    0.87319     0.49286     0.63603     0.90197     0.22385]
[    0.69449     0.75742     0.37199]
[    0.86788     0.53995]
[    0.92641           0]
[    0.51109           0     0.69048]
[    0.84866           0           0     0.86395]
[    0.88519]
[    0.92434           0]
[    0.89749]
[    0.78726           0           0           0     0.30862]
[    0.91575           0           0     0.88775     0.44117           0]
[     0.8177     0.67825           0]
[    0.73725     0.68859]
[    0.83018           0           0     0.83476     0.82588           0           0           0]
[    0.75423     0.27348     0.39999     0.80129           0           0           0]
[     0.7476           0]
[    0.60433     0.36556           0           0     0.60593     0.29715]
[    0.79914           0]
[    0.81811     0.46948           0     0.50445           0     0.17501           0     0.34514           0]
[    0.92235     0.94557]
[    0.70976           0     0.65385]
[    0.62935]
[      0.747           0]
[    0.88088           0           0    0.048901]
[    0.92228           0]
[    0.84633           0           0           0           0           0]
[    0.55158     0.60753     0.51629           0           0     0.41443     0.52836     0.71994]
[    0.67494     0.75374     0.72252           0     0.40893]
[    0.78981     0.85073           0     0.65948]
[    0.82401     0.89367           0     0.45649]
[    0.78695           0]
[    0.70809]
[    0.88586]
[    0.79169           0           0     0.64456           0]
[    0.73144           0     0.71374           0]
