[          1]
[          1]
[          1]
[          1]
[          1]
[          1]
[          1]
[          1]
[          1]
[          1]
[          1]
[          1]
[          1]
[          1]
[          1]
[          1]
[          1]
[          1]
[          1]
[          1]
[          1]
[          1]
[          1]
[          1]
[          1]
[          1]
[          1]
[          1]
[          1]
[          1]
[          1]
[          1]
[          1]
[          1]
[          1]
[          1]
[          1]
[          1]
[          1]
[          1]
[          1]
[          1]
[          1]
[          1]
[          1]
[          1]
[          1]
[          1]
[          1]
[          1]
[          1]
[          1]
[          1]
[          1]
[          1]
[          1]
[          1]
[          1]
[          1]
[          1]
[          1]
[          1]
[          1]
[          1]
[          1]
[          1]
[          1]
[          1]
[          1]
[          1]
[          1]
[          1]
[          1]
[          1]
[          1]
[          1]
[          1]
[          1]
[          1]
[     0.9875]
[    0.98765]
[     0.9878]
[    0.98795]
[     0.9881]
[    0.98824]
[    0.98837]
[    0.98851]
[    0.98864]
[    0.98876]
[    0.98889]
[    0.98901]
[    0.98913]
[    0.98925]
[    0.98936]
[    0.97895]
[    0.97917]
[    0.96907]
[    0.96939]
[     0.9697]
[       0.97]
[     0.9703]
[    0.97059]
[    0.96117]
[    0.96154]
[     0.9619]
[    0.96226]
[    0.95327]
[    0.94444]
[    0.93578]
[    0.92727]
[    0.91892]
[    0.91071]
[    0.90265]
[    0.89474]
[    0.89565]
[    0.89655]
[    0.88889]
[    0.88983]
[    0.88235]
[      0.875]
[    0.86777]
[    0.86066]
[    0.85366]
[    0.84677]
[      0.848]
[    0.84127]
[    0.83465]
[    0.82812]
[    0.82171]
[    0.81538]
[    0.80916]
[    0.80303]
[    0.79699]
[    0.79851]
[    0.79259]
[    0.79412]
[    0.78832]
[    0.78261]
[    0.77698]
[    0.77143]
[    0.76596]
[    0.76056]
[    0.75524]
[       0.75]
[    0.74483]
[    0.73973]
[    0.73469]
[    0.72973]
[    0.72483]
[       0.72]
[    0.71523]
[    0.71053]
[    0.70588]
[     0.7013]
[    0.69677]
[    0.69231]
[     0.6879]
[    0.68354]
[    0.67925]
[      0.675]
[    0.67081]
[    0.66667]
[    0.66258]
[    0.65854]
[    0.65455]
[     0.6506]
[    0.64671]
[    0.64286]
[    0.64497]
[    0.64118]
[    0.63743]
[    0.63372]
[    0.63006]
[    0.62644]
[    0.62286]
[    0.61932]
[    0.61582]
[    0.61236]
[    0.60894]
[    0.60556]
[    0.60221]
[     0.5989]
[    0.59563]
[    0.59239]
[    0.58919]
[    0.58602]
[    0.58289]
[    0.57979]
[    0.57672]
[    0.57368]
[    0.57068]
[    0.56771]
[    0.56477]
[    0.56186]
[    0.55897]
[    0.55612]
[     0.5533]
[    0.55051]
[    0.54774]
[      0.545]
[    0.54229]
[     0.5396]
[    0.53695]
[    0.53431]
[    0.53171]
[    0.52913]
[    0.52657]
[    0.52404]
[    0.52153]
[    0.51905]
[    0.51659]
[    0.51415]
[    0.51174]
[    0.50935]
[    0.50698]
[    0.50463]
[     0.5023]
[        0.5]
[    0.49772]
[    0.49545]
[    0.49321]
[    0.49099]
[    0.48879]
[    0.48661]
[    0.48444]
[     0.4823]
[    0.48018]
[    0.47807]
[    0.47598]
[    0.47391]
[    0.47186]
[    0.46983]
[    0.46781]
[    0.46581]
[    0.46383]
[    0.46186]
[    0.45992]
[    0.45798]
[    0.45607]
[    0.45417]
[    0.45228]
[    0.45041]
[    0.44856]
[    0.44672]
[     0.4449]
[    0.44309]
[     0.4413]
[    0.43952]
[    0.43775]
[      0.436]
[    0.43426]
[    0.43254]
[    0.43083]
[    0.42913]
[    0.42745]
[    0.42578]
[    0.42412]
[    0.42248]
[    0.42085]
[    0.41923]
[    0.41762]
[    0.41603]
[    0.41445]
[    0.41288]
[    0.41132]
[    0.40977]
[    0.40824]
[    0.40672]
[     0.4052]
[     0.4037]
[    0.40221]
[    0.40074]
[    0.39927]
[    0.39781]
[    0.39636]
[    0.39493]
[     0.3935]
[    0.39209]
[    0.39068]
[    0.38929]
[     0.3879]
[    0.38652]
[    0.38516]
[     0.3838]
[    0.38246]
[    0.38112]
[    0.37979]
[    0.37847]
[    0.37716]
[    0.37586]
[    0.37457]
[    0.37329]
[    0.37201]
[    0.37075]
[    0.36949]
[    0.36824]
[      0.367]
[    0.36577]
[    0.36455]
[    0.36333]
[    0.36213]
[    0.36093]
[    0.36304]
[    0.36184]
[    0.36066]
[    0.35948]
[    0.35831]
[    0.35714]
[    0.35599]
[    0.35484]
[     0.3537]
[    0.35256]
[    0.35144]
[    0.35032]
[    0.34921]
[     0.3481]
[      0.347]
[    0.34591]
[    0.34483]
[    0.34375]
[    0.34268]
[    0.34161]
[    0.34056]
[    0.33951]
[    0.33846]
[    0.33742]
[    0.33639]
[    0.33537]
[    0.33435]
[    0.33333]
[    0.33233]
[    0.33133]
[    0.33033]
[    0.32934]
[    0.32836]
[    0.32738]
[    0.32641]
[    0.32544]
[    0.32448]
[    0.32353]
[    0.32258]
[    0.32164]
[     0.3207]
[    0.31977]
[    0.31884]
[    0.31792]
[      0.317]
[    0.31609]
[    0.31519]
[    0.31429]
[    0.31339]
[     0.3125]
[    0.31161]
[    0.31073]
[    0.30986]
[    0.30899]
[    0.30812]
[    0.30726]
[    0.30641]
[    0.30556]
[    0.30471]
[    0.30387]
[    0.30303]
[     0.3022]
[    0.30137]
[    0.30055]
[    0.29973]
[    0.29891]
[     0.2981]
[     0.2973]
[     0.2965]
[     0.2957]
[    0.29491]
[    0.29412]
[    0.29333]
[    0.29255]
[    0.29178]
[    0.29101]
[    0.29024]
[    0.28947]
[    0.28871]
[    0.28796]
[    0.28721]
[    0.28646]
[    0.28571]
[    0.28497]
[    0.28424]
[    0.28351]
[    0.28278]
[    0.28205]
[    0.28133]
[    0.28061]
[     0.2799]
[    0.27919]
[    0.27848]
[    0.27778]
[    0.27708]
[    0.27638]
[    0.27569]
[      0.275]
[    0.27431]
[    0.27363]
[    0.27295]
[    0.27228]
[     0.2716]
[    0.27094]
[    0.27027]
[    0.26961]
[    0.26895]
[    0.26829]
[    0.26764]
[    0.26699]
[    0.26634]
[     0.2657]
[    0.26506]
[    0.26442]
[    0.26379]
[    0.26316]
[    0.26492]
[    0.26429]
[    0.26366]
[    0.26303]
[    0.26241]
[    0.26179]
[    0.26118]
[    0.26056]
[    0.25995]
[    0.25935]
[    0.25874]
[    0.25814]
[    0.25754]
[    0.25694]
[    0.25635]
[    0.25576]
[    0.25517]
[    0.25459]
[      0.254]
[    0.25342]
[    0.25285]
[    0.25227]
[     0.2517]
[    0.25113]
[    0.25056]
[       0.25]
[    0.24944]
[    0.24888]
[    0.24832]
[    0.24777]
[    0.24722]
[    0.24667]
[    0.24612]
[    0.24558]
[    0.24503]
[    0.24449]
[    0.24396]
[    0.24342]
[    0.24289]
[    0.24236]
[    0.24183]
[     0.2413]
[    0.24078]
[    0.24026]
[    0.23974]
[    0.23922]
[    0.23871]
[     0.2382]
[    0.23769]
[    0.23718]
[    0.23667]
[    0.23617]
[    0.23567]
[    0.23517]
[    0.23467]
[    0.23418]
[    0.23368]
[    0.23319]
[     0.2327]
[    0.23222]
[    0.23173]
[    0.23125]
[    0.23077]
[    0.23029]
[    0.22981]
[    0.22934]
[    0.22887]
[     0.2284]
[    0.22793]
[    0.22746]
[    0.22699]
[    0.22653]
[    0.22607]
[    0.22561]
[    0.22515]
[     0.2247]
[    0.22424]
[    0.22379]
[    0.22334]
[    0.22289]
[    0.22244]
[      0.222]
[    0.22156]
[    0.22112]
[    0.22068]
[    0.22024]
[     0.2198]
[    0.21937]
[    0.21893]
[     0.2185]
[    0.21807]
[    0.21765]
[    0.21722]
[     0.2168]
[    0.21637]
[    0.21595]
[    0.21553]
[    0.21512]
[     0.2147]
[    0.21429]
[    0.21387]
[    0.21346]
[    0.21305]
[    0.21264]
[    0.21224]
[    0.21183]
[    0.21143]
[    0.21103]
[    0.21063]
[    0.21023]
[    0.20983]
[    0.20943]
[    0.20904]
[    0.20865]
[    0.20826]
[    0.20787]
[    0.20748]
[    0.20709]
[     0.2067]
[    0.20632]
[    0.20594]
[    0.20556]
[    0.20518]
[     0.2048]
[    0.20442]
[    0.20404]
[    0.20367]
[     0.2033]
[    0.20293]
[    0.20255]
[    0.20219]
[    0.20182]
[    0.20145]
[    0.20109]
[    0.20072]
[    0.20036]
[        0.2]
[    0.19964]
[    0.19928]
[    0.19892]
[    0.19857]
[    0.19821]
[    0.19786]
[    0.19751]
[    0.19716]
[    0.19681]
[    0.19646]
[    0.19611]
[    0.19577]
[    0.19542]
[    0.19508]
[    0.19474]
[     0.1944]
[    0.19406]
[    0.19372]
[    0.19338]
[    0.19304]
[    0.19271]
[    0.19237]
[    0.19204]
[    0.19171]
[    0.19138]
[    0.19105]
[    0.19072]
[    0.19039]
[    0.19007]
[    0.18974]
[    0.18942]
[     0.1891]
[    0.18878]
[    0.18846]
[    0.18814]
[    0.18782]
[     0.1875]
[    0.18718]
[    0.18687]
[    0.18655]
[    0.18624]
[    0.18593]
[    0.18562]
[    0.18531]
[      0.185]
[    0.18469]
[    0.18439]
[    0.18408]
[    0.18377]
[    0.18347]
[    0.18317]
[    0.18287]
[    0.18257]
[    0.18227]
[    0.18197]
[    0.18167]
[    0.18137]
[    0.18108]
[    0.18078]
[    0.18049]
[    0.18019]
[     0.1799]
[    0.17961]
[    0.17932]
[    0.17903]
[    0.17874]
[    0.17846]
[    0.17817]
[    0.17788]
[     0.1776]
[    0.17732]
[    0.17703]
[    0.17675]
[    0.17647]
[    0.17619]
[    0.17591]
[    0.17563]
[    0.17536]
[    0.17508]
[     0.1748]
[    0.17453]
[    0.17425]
[    0.17398]
[    0.17371]
[    0.17344]
[    0.17317]
[     0.1729]
[    0.17263]
[    0.17236]
