     0/299      7.8G       7.9      32.8         0      40.7        26       608         0         0    0.0092         0      7.22      1.62         0
     1/299     7.81G      6.22       3.9         0      10.1        30       608         0         0   0.00727         0      5.68       1.5         0
     2/299     7.81G      5.37      3.18         0      8.55        23       608         0         0    0.0801         0      5.23      1.15         0
     3/299     7.81G      4.79      2.29         0      7.08        23       608    0.0335     0.681     0.119    0.0638      6.35      1.75         0
     4/299     7.81G      5.38      1.37         0      6.75        22       608   0.00364   0.00885    0.0298   0.00516      6.43     0.837         0
     5/299     7.81G      4.82      1.42         0      6.24        25       608     0.322     0.274     0.243     0.296      4.28     0.661         0
     6/299     7.81G      4.66      1.14         0       5.8        25       608     0.572      0.26     0.448     0.357      4.17      0.63         0
     7/299     7.81G      4.51      1.21         0      5.72        21       608     0.315     0.177      0.22     0.227      4.66     0.857         0
     8/299     7.81G      4.47       1.1         0      5.57        25       608     0.295     0.274     0.203     0.284      4.99      1.49         0
     9/299     7.81G      4.08      1.06         0      5.14        25       608     0.263     0.549     0.258     0.356       5.5      1.28         0
    10/299     7.81G      4.81      1.21         0      6.02        25       608      0.84    0.0469     0.313    0.0889      3.92     0.759         0
    11/299     7.81G       4.1      1.19         0      5.29        21       608     0.318     0.706     0.391     0.439      4.85     0.532         0
    12/299     7.81G      3.82     0.947         0      4.77        32       608     0.566     0.752     0.545     0.646       3.4     0.553         0
    13/299     7.81G      4.03     0.935         0      4.96        28       608     0.605     0.393     0.469     0.476      4.08     0.536         0
    14/299     7.81G      4.02     0.976         0      4.99        28       608      0.62     0.381     0.469     0.472      3.78     0.536         0
    15/299     7.81G      4.12     0.851         0      4.97        23       608     0.186     0.133     0.145     0.155      5.34     0.485         0
    16/299     7.81G      4.07      1.08         0      5.15        22       608     0.899     0.236     0.572     0.373      4.02     0.511         0
    17/299     7.81G      3.66     0.903         0      4.57        24       608    0.0311    0.0742    0.0713    0.0439      5.12     0.554         0
    18/299     7.81G      3.69     0.957         0      4.65        22       608     0.133     0.336     0.101     0.191      5.32     0.572         0
    19/299     7.81G      3.96     0.878         0      4.83        30       608     0.394     0.398     0.322     0.396      3.66      0.49         0
    20/299     7.81G      3.35     0.889         0      4.24        26       608     0.726     0.442     0.592      0.55      3.91     0.494         0
    21/299     7.81G      3.52      0.79         0      4.31        33       608     0.863     0.222     0.486     0.353       4.2     0.519         0
    22/299     7.81G      3.37     0.841         0      4.21        25       608     0.726     0.327     0.514     0.451      4.65     0.425         0
    23/299     7.81G      3.07     0.848         0      3.92        16       608     0.649     0.496     0.622     0.562      3.42     0.454         0
    24/299     7.81G      3.13     0.811         0      3.94        22       608     0.566     0.469     0.517     0.513      3.53     0.451         0
    25/299     7.81G      3.32     0.715         0      4.04        35       608     0.651     0.327     0.425     0.436      4.02     0.447         0
    26/299     7.81G      2.84     0.756         0       3.6        24       608     0.572     0.425     0.465     0.487      4.03     0.427         0
    27/299     7.81G      3.11     0.694         0      3.81        28       608     0.602     0.456     0.503     0.519      4.22     0.406         0
    28/299     7.81G      2.86     0.739         0       3.6        30       608       0.6     0.652     0.612     0.625      3.95     0.401         0
    29/299     7.81G      2.91     0.739         0      3.65        20       608     0.569     0.575     0.567     0.572      3.64     0.386         0
    30/299     7.81G      2.88     0.686         0      3.56        21       608      0.54      0.54      0.54      0.54      3.63     0.438         0
    31/299     7.81G      2.93     0.749         0      3.68        25       608     0.616     0.478     0.532     0.538      3.57     0.477         0
    32/299     7.81G      2.71     0.633         0      3.34        23       608     0.681      0.66     0.665      0.67      3.45     0.419         0
    33/299     7.81G      2.79     0.661         0      3.45        19       608     0.582     0.664     0.613      0.62      3.31     0.439         0
    34/299     7.81G      2.64     0.692         0      3.33        29       608     0.664     0.619     0.642     0.641       3.3     0.421         0
    35/299     7.81G      2.46     0.647         0      3.11        29       608     0.642     0.655     0.606     0.649      3.73     0.379         0
    36/299     7.81G      2.67     0.651         0      3.32        27       608     0.838     0.646     0.774      0.73      3.17       0.4         0
    37/299     7.81G      2.39     0.632         0      3.03        29       608     0.645     0.699     0.645     0.671      3.48     0.377         0
    38/299     7.81G      2.52     0.627         0      3.15        19       608     0.713     0.743       0.7     0.728      3.36     0.371         0
    39/299     7.81G       2.4     0.623         0      3.02        34       608     0.662     0.761       0.7     0.708      3.45     0.367         0
    40/299     7.81G      2.45      0.59         0      3.04        20       608     0.695     0.814     0.795      0.75      3.49     0.345         0
    41/299     7.81G      2.51     0.604         0      3.11        20       608     0.822     0.814      0.84     0.818      3.23     0.351         0
    42/299     7.81G       2.3     0.603         0      2.91        21       608     0.697     0.708     0.717     0.702      3.46     0.389         0
    43/299     7.81G      2.34     0.562         0       2.9        22       608     0.769     0.678     0.739     0.721      3.32     0.397         0
    44/299     7.81G       2.3     0.604         0       2.9        30       608     0.753      0.77     0.814     0.761      3.15     0.381         0
    45/299     7.81G      2.33     0.568         0       2.9        29       608     0.756     0.712     0.733     0.733      3.48     0.369         0
    46/299     7.81G      2.26     0.564         0      2.83        26       608     0.829     0.699     0.813     0.758      3.21     0.394         0
    47/299     7.81G      2.28     0.555         0      2.83        32       608     0.738     0.699     0.757     0.718       3.2     0.369         0
    48/299     7.81G      2.06     0.595         0      2.65        25       608     0.641     0.743     0.699     0.688       3.5     0.393         0
    49/299     7.81G      2.19     0.559         0      2.75        29       608     0.693     0.743     0.758     0.717      3.31     0.378         0
    50/299     7.81G      1.99     0.554         0      2.54        16       608     0.752      0.77     0.792     0.761      2.95     0.368         0
    51/299     7.81G      2.21     0.558         0      2.76        26       608     0.768     0.761     0.788     0.765      3.13     0.363         0
    52/299     7.81G      2.18     0.536         0      2.71        24       608     0.832      0.79     0.834      0.81      3.15     0.348         0
    53/299     7.81G      2.15     0.517         0      2.66        20       608     0.827     0.805     0.831     0.816      2.86      0.34         0
    54/299     7.81G      2.01     0.544         0      2.56        22       608     0.821     0.788     0.848     0.804      3.01     0.336         0
    55/299     7.81G       2.1      0.54         0      2.64        27       608     0.818     0.788     0.858     0.802      2.96      0.34         0
    56/299     7.81G      2.08     0.543         0      2.63        28       608      0.79     0.788     0.835     0.789      2.84      0.35         0
    57/299     7.81G      2.13     0.543         0      2.68        27       608     0.815     0.779     0.847     0.796      2.87     0.358         0
    58/299     7.81G      1.93     0.517         0      2.45        27       608     0.765     0.808     0.832     0.786      2.84     0.364         0
    59/299     7.81G      2.02     0.512         0      2.54        29       608     0.795     0.823     0.868     0.809      3.07     0.363         0
    60/299     7.81G      2.05      0.54         0      2.59        33       608     0.784     0.833     0.836     0.808      2.89     0.355         0
    61/299     7.81G      2.11     0.513         0      2.62        24       608     0.796     0.832     0.848     0.813      3.16      0.35         0
    62/299     7.81G       1.9     0.503         0      2.41        31       608     0.811     0.832     0.867     0.821      3.01     0.357         0
    63/299     7.81G      1.83     0.489         0      2.32        23       608     0.806     0.845     0.874     0.825      3.02     0.361         0
    64/299     7.81G      1.81     0.494         0      2.31        23       608     0.813     0.771     0.819     0.792      3.07     0.367         0
    65/299     7.81G      1.98     0.506         0      2.48        26       608     0.864     0.752     0.816     0.804      2.94     0.393         0
    66/299     7.81G      1.81     0.529         0      2.34        35       608      0.81     0.752     0.816      0.78      2.87     0.373         0
    67/299     7.81G      1.87     0.461         0      2.33        17       608     0.823     0.784     0.821     0.803       3.1     0.396         0
    68/299     7.81G       1.8     0.437         0      2.24        18       608      0.81     0.832     0.859     0.821      3.02     0.352         0
    69/299     7.81G      1.96     0.422         0      2.38        19       608     0.849     0.844     0.862     0.846      2.95     0.349         0
    70/299     7.81G      1.84     0.488         0      2.33        24       608     0.815     0.858     0.844     0.836      2.97     0.346         0
    71/299     7.81G      1.91     0.474         0      2.38        27       608     0.755     0.558     0.649     0.642      3.73     0.461         0
    72/299     7.81G      1.95       0.5         0      2.45        24       608     0.572     0.752      0.74      0.65      3.42     0.396         0
    73/299     7.81G      1.93     0.535         0      2.47        25       608     0.583     0.805     0.773     0.676      3.44     0.375         0
    74/299     7.81G      1.99     0.512         0       2.5        25       608     0.682     0.816     0.828     0.743       3.1     0.357         0
    75/299     7.81G      1.76     0.451         0      2.21        25       608     0.679     0.832     0.833     0.748      3.12     0.339         0
    76/299     7.81G      1.63     0.459         0      2.08        24       608     0.722     0.814      0.81     0.765       3.1     0.345         0
    77/299     7.81G      1.88     0.454         0      2.33        23       608     0.793     0.814      0.81     0.803      2.99     0.353         0
    78/299     7.81G      1.88     0.446         0      2.33        30       608     0.756     0.832     0.812     0.792      2.89     0.359         0
    79/299     7.81G      1.78     0.458         0      2.24        27       608     0.736     0.841     0.836     0.785      3.03     0.361         0
    80/299     7.81G      1.85     0.442         0      2.29        25       608      0.74      0.85     0.825     0.791         3     0.357         0
    81/299     7.81G      1.91     0.437         0      2.35        25       608     0.816     0.841     0.852     0.828      2.81      0.35         0
    82/299     7.81G      1.84     0.446         0      2.29        24       608     0.824     0.828     0.852     0.826      2.84     0.341         0
    83/299     7.81G      1.78     0.453         0      2.23        24       608     0.806     0.796      0.83     0.801      2.82     0.359         0
    84/299     7.81G      1.77     0.447         0      2.22        17       608     0.844     0.796     0.851      0.82      2.84     0.368         0
    85/299     7.81G      1.72     0.454         0      2.17        29       608     0.872     0.761      0.84     0.813      2.97     0.394         0
    86/299     7.81G      1.77     0.431         0       2.2        25       608     0.824     0.707     0.791     0.761      3.12     0.454         0
    87/299     7.81G      1.76     0.413         0      2.18        19       608      0.86     0.743     0.825     0.797      3.12     0.405         0
    88/299     7.81G      1.61     0.426         0      2.04        19       608     0.781     0.788     0.821     0.784      2.99     0.365         0
    89/299     7.81G      1.73      0.41         0      2.14        25       608     0.813     0.823     0.836     0.818      2.98      0.35         0
    90/299     7.81G      1.74     0.388         0      2.13        22       608     0.768     0.796      0.83     0.782      3.02     0.358         0
    91/299     7.81G      1.71     0.441         0      2.15        24       608     0.725     0.795     0.803     0.758      3.04     0.355         0
    92/299     7.81G      1.69     0.426         0      2.11        21       608     0.775      0.77     0.803     0.772      2.98     0.368         0
    93/299     7.81G      1.69     0.417         0      2.11        23       608     0.759      0.77     0.826     0.764      2.85     0.365         0
    94/299     7.81G      1.62     0.422         0      2.04        22       608     0.781     0.779     0.847      0.78      2.79     0.364         0
    95/299     7.81G      1.66     0.419         0      2.08        22       608     0.793      0.78     0.839     0.786      2.78     0.357         0
    96/299     7.81G      1.62     0.404         0      2.02        25       608     0.801     0.814     0.852     0.807      2.72     0.348         0
    97/299     7.81G      1.57     0.402         0      1.97        26       608     0.728     0.805     0.822     0.765      2.77      0.35         0
    98/299     7.81G      1.73     0.405         0      2.14        32       608     0.807     0.776      0.83     0.791      2.79     0.369         0
    99/299     7.81G      1.59     0.417         0      2.01        25       608     0.823     0.814     0.852     0.819      2.79     0.369         0
   100/299     7.81G      1.62     0.396         0      2.02        26       608     0.817     0.827     0.872     0.822      2.83      0.36         0
   101/299     7.81G      1.49      0.41         0       1.9        21       608     0.815     0.805     0.839      0.81      2.75     0.349         0
   102/299     7.81G      1.47     0.407         0      1.88        28       608      0.82     0.814     0.861     0.817      2.64      0.34         0
   103/299     7.81G      1.39     0.357         0      1.75        22       608     0.783     0.805     0.855     0.794      2.78      0.35         0
   104/299     7.81G      1.55     0.371         0      1.92        28       608     0.809     0.788     0.834     0.798       2.8     0.357         0
   105/299     7.81G      1.52     0.366         0      1.89        25       608     0.768     0.788     0.828     0.777      2.88      0.35         0
   106/299     7.81G      1.48     0.382         0      1.87        19       608     0.767     0.814     0.834      0.79      2.82     0.376         0
   107/299     7.81G      1.38      0.37         0      1.75        27       608     0.784     0.867     0.858     0.824      2.76     0.362         0
   108/299     7.81G      1.42     0.388         0      1.81        24       608     0.749     0.832     0.855     0.788      2.78     0.359         0
   109/299     7.81G      1.52     0.391         0      1.91        27       608     0.758     0.823     0.833     0.789      2.77     0.365         0
   110/299     7.81G      1.48     0.379         0      1.86        26       608     0.789     0.823     0.847     0.806      2.76     0.353         0
   111/299     7.81G      1.38     0.388         0      1.77        24       608     0.805      0.85     0.867     0.827      2.68     0.348         0
   112/299     7.81G      1.34     0.366         0       1.7        30       608     0.825     0.858     0.889     0.841      2.64     0.332         0
   113/299     7.81G      1.38     0.381         0      1.76        21       608      0.82     0.848      0.87     0.834       2.7     0.335         0
   114/299     7.81G      1.43     0.363         0       1.8        25       608      0.83      0.85     0.858     0.839      2.66      0.34         0
   115/299     7.81G       1.5     0.383         0      1.89        24       608     0.819     0.841     0.879     0.829      2.64     0.358         0
   116/299     7.81G      1.52     0.367         0      1.89        26       608     0.884     0.823     0.874     0.852      2.65     0.366         0
   117/299     7.81G      1.32     0.373         0       1.7        26       608     0.844     0.841     0.849     0.842      2.75      0.36         0
   118/299     7.81G      1.38     0.341         0      1.72        19       608     0.836     0.859      0.88     0.847      2.75      0.35         0
   119/299     7.81G      1.42     0.358         0      1.78        24       608     0.821     0.823     0.843     0.822      2.91     0.365         0
   120/299     7.81G      1.35     0.394         0      1.75        29       608     0.795      0.85     0.852     0.821      2.74     0.348         0
   121/299     7.81G      1.28     0.393         0      1.67        33       608      0.78     0.867     0.882     0.821      2.71     0.348         0
   122/299     7.81G      1.38     0.361         0      1.74        32       608     0.822     0.823     0.876     0.823      2.82     0.349         0
   123/299     7.81G      1.37      0.35         0      1.72        25       608     0.835     0.851     0.886     0.843      2.65     0.339         0
   124/299     7.81G      1.31     0.354         0      1.66        22       608     0.811     0.873     0.883     0.841      2.63     0.336         0
   125/299     7.81G      1.24      0.35         0      1.59        21       608     0.832     0.885     0.889     0.858      2.62     0.337         0
   126/299     7.81G      1.43     0.345         0      1.77        26       608     0.811     0.873     0.883     0.841      2.74      0.34         0
   127/299     7.81G      1.36     0.355         0      1.71        24       608     0.854     0.867     0.909      0.86      2.69     0.325         0
   128/299     7.81G      1.33      0.35         0      1.68        27       608     0.813     0.805     0.858     0.809      2.85     0.373         0
   129/299     7.81G      1.28     0.349         0      1.63        23       608     0.808     0.855     0.866     0.831      2.71     0.359         0
   130/299     7.81G      1.35     0.321         0      1.67        26       608      0.79      0.85      0.87     0.819      2.66     0.347         0
   131/299     7.81G      1.28     0.328         0       1.6        23       608     0.811     0.874     0.888     0.841      2.57     0.349         0
   132/299     7.81G      1.26     0.361         0      1.62        29       608     0.806     0.876     0.862      0.84      2.56     0.346         0
   133/299     7.81G      1.29     0.318         0      1.61        21       608     0.793     0.885      0.86     0.836       2.7     0.348         0
   134/299     7.81G      1.23     0.313         0      1.54        30       608     0.818     0.894     0.884     0.854      2.66     0.355         0
   135/299     7.81G      1.18     0.329         0      1.51        19       608     0.788     0.886     0.871     0.834      2.64     0.352         0
   136/299     7.81G      1.24     0.311         0      1.55        21       608     0.746     0.903     0.863     0.817      2.65     0.364         0
   137/299     7.81G      1.26     0.316         0      1.58        23       608     0.757      0.92     0.892     0.831      2.63     0.356         0
   138/299     7.81G      1.22     0.326         0      1.55        26       608     0.808     0.892      0.87     0.848      2.64      0.33         0
   139/299     7.81G      1.27     0.302         0      1.57        28       608     0.804     0.885     0.882     0.843      2.67     0.332         0
   140/299     7.81G      1.15     0.316         0      1.47        23       608     0.799     0.885     0.881      0.84      2.64     0.333         0
   141/299     7.81G      1.16     0.323         0      1.48        26       608     0.809     0.885     0.889     0.845      2.55     0.321         0
   142/299     7.81G      1.26      0.33         0      1.59        24       608     0.802     0.867     0.885     0.833      2.58     0.324         0
   143/299     7.81G      1.09     0.316         0       1.4        17       608     0.823     0.885     0.899     0.853      2.61      0.34         0
   144/299     7.81G       1.1     0.308         0      1.41        20       608     0.816     0.894     0.887     0.853      2.59     0.342         0
   145/299     7.81G      1.06     0.301         0      1.37        20       608     0.824     0.912     0.903     0.865      2.58     0.345         0
   146/299     7.81G      1.15     0.316         0      1.46        27       608     0.841     0.912     0.915     0.875      2.62     0.349         0
   147/299     7.81G      1.11     0.313         0      1.43        25       608     0.859     0.903     0.907      0.88      2.64     0.352         0
   148/299     7.81G      1.12     0.289         0      1.41        19       608     0.839     0.903     0.909      0.87      2.67     0.356         0
   149/299     7.81G      1.17     0.319         0      1.49        21       608      0.85     0.894     0.906     0.871      2.68     0.364         0
   150/299     7.81G      1.14     0.316         0      1.46        34       608     0.824     0.876     0.897     0.849      2.65     0.366         0
   151/299     7.81G      1.11     0.321         0      1.43        28       608     0.841     0.867     0.892     0.854      2.64     0.348         0
   152/299     7.81G      1.08       0.3         0      1.38        20       608     0.843     0.885     0.919     0.864      2.64     0.335         0
   153/299     7.81G      1.13     0.314         0      1.44        24       608     0.824     0.885     0.894     0.853      2.64      0.34         0
   154/299     7.81G      1.15     0.286         0      1.44        25       608     0.831     0.876     0.888     0.853      2.62      0.34         0
   155/299     7.81G      1.17     0.289         0      1.46        22       608     0.826     0.876     0.893      0.85      2.62     0.348         0
   156/299     7.81G      1.09      0.33         0      1.42        24       608     0.844     0.894      0.91     0.868      2.61     0.348         0
   157/299     7.81G      1.03     0.278         0       1.3        23       608     0.852     0.917      0.92     0.883      2.65     0.347         0
   158/299     7.81G      1.08     0.294         0      1.37        28       608     0.843     0.894      0.91     0.867      2.59     0.358         0
   159/299     7.81G     0.951     0.279         0      1.23        26       608     0.852     0.913     0.925     0.881      2.61     0.356         0
   160/299     7.81G      1.04     0.299         0      1.34        29       608     0.897     0.903     0.929       0.9      2.59     0.344         0
   161/299     7.81G      1.03     0.294         0      1.32        24       608     0.892     0.885     0.926     0.888      2.55     0.341         0
   162/299     7.81G      1.07     0.295         0      1.36        25       608       0.9     0.874     0.909     0.887      2.55     0.336         0
   163/299     7.81G      1.07     0.302         0      1.37        26       608     0.879     0.903      0.92      0.89      2.54     0.338         0
   164/299     7.81G      1.04     0.276         0      1.32        23       608     0.823     0.906     0.893     0.863      2.49     0.342         0
   165/299     7.81G      1.06     0.283         0      1.34        22       608     0.838     0.914      0.92     0.874      2.53     0.349         0
   166/299     7.81G      1.03     0.298         0      1.33        27       608     0.849     0.885     0.901     0.867      2.52     0.355         0
   167/299     7.81G      1.02     0.272         0      1.29        26       608     0.855     0.894     0.921     0.874      2.56     0.356         0
   168/299     7.81G      1.06       0.3         0      1.36        24       608     0.854     0.894     0.898     0.873      2.53     0.346         0
   169/299     7.81G      1.03     0.289         0      1.32        16       608      0.86     0.903     0.914     0.881       2.5      0.34         0
   170/299     7.81G     0.927     0.255         0      1.18        21       608     0.862     0.912     0.917     0.886      2.51      0.34         0
   171/299     7.81G      1.01     0.275         0      1.28        28       608     0.856     0.894     0.917     0.875      2.52     0.342         0
   172/299     7.81G     0.971     0.289         0      1.26        29       608     0.868     0.894     0.896     0.881      2.46     0.342         0
   173/299     7.81G     0.961     0.266         0      1.23        27       608     0.832     0.903     0.907     0.866      2.44     0.339         0
   174/299     7.81G     0.962     0.274         0      1.24        21       608      0.81     0.905     0.905     0.855      2.48     0.345         0
   175/299     7.81G      1.03     0.296         0      1.32        29       608     0.809     0.929     0.914     0.865      2.49     0.351         0
   176/299     7.81G      1.01     0.274         0      1.28        26       608      0.83     0.903     0.911     0.865      2.54     0.359         0
   177/299     7.81G     0.928     0.263         0      1.19        23       608     0.834     0.885     0.912     0.859      2.57     0.361         0
   178/299     7.81G     0.893     0.264         0      1.16        31       608     0.819     0.912     0.921     0.863      2.57     0.361         0
   179/299     7.81G     0.847      0.25         0       1.1        23       608     0.804     0.929     0.912     0.862      2.56     0.359         0
   180/299     7.81G     0.903     0.256         0      1.16        25       608     0.822     0.937     0.931     0.876      2.59     0.359         0
   181/299     7.81G     0.914     0.253         0      1.17        25       608     0.797     0.894      0.91     0.843      2.54     0.362         0
   182/299     7.81G     0.842     0.264         0      1.11        29       608     0.788     0.912     0.892     0.845      2.56     0.363         0
   183/299     7.81G     0.849     0.247         0       1.1        23       608       0.8     0.903     0.891     0.848      2.56     0.362         0
   184/299     7.81G     0.833     0.256         0      1.09        26       608      0.79     0.903     0.884     0.843      2.52     0.355         0
   185/299     7.81G     0.893     0.257         0      1.15        27       608     0.784     0.885     0.882     0.831      2.52     0.357         0
   186/299     7.81G     0.873     0.252         0      1.13        17       608     0.806     0.885     0.886     0.844      2.53     0.357         0
   187/299     7.81G     0.853     0.238         0      1.09        26       608     0.828     0.893     0.909     0.859      2.49     0.359         0
   188/299     7.81G     0.954     0.252         0      1.21        20       608     0.847     0.885      0.91     0.866      2.51     0.363         0
   189/299     7.81G     0.846     0.255         0       1.1        26       608     0.856     0.876      0.91     0.866       2.5     0.368         0
   190/299     7.81G     0.821     0.246         0      1.07        27       608     0.861     0.858     0.912      0.86      2.52      0.37         0
   191/299     7.81G     0.739      0.22         0     0.959        20       608     0.856     0.885     0.913      0.87      2.54     0.367         0
   192/299     7.81G     0.857     0.266         0      1.12        34       608     0.817     0.894     0.912     0.854      2.56     0.368         0
   193/299     7.81G     0.855     0.235         0      1.09        24       608     0.801     0.894     0.905     0.845      2.57     0.371         0
   194/299     7.81G     0.851     0.225         0      1.08        23       608     0.848     0.894     0.921      0.87      2.56     0.371         0
   195/299     7.81G     0.848     0.261         0      1.11        31       608     0.834     0.885     0.924     0.859      2.54     0.361         0
   196/299     7.81G     0.776     0.244         0      1.02        22       608      0.82     0.886     0.912     0.852      2.55     0.366         0
   197/299     7.81G     0.849     0.247         0       1.1        24       608     0.827     0.885     0.915     0.855      2.52     0.369         0
   198/299     7.81G     0.774     0.225         0         1        20       608     0.817     0.903     0.912     0.857      2.51     0.368         0
   199/299     7.81G     0.775     0.216         0     0.991        32       608     0.825     0.885     0.912     0.854      2.55      0.37         0
   200/299     7.81G     0.783     0.228         0      1.01        30       608     0.822     0.876     0.897     0.848      2.53      0.37         0
   201/299     7.81G     0.794     0.242         0      1.04        25       608     0.828     0.885     0.905     0.856      2.51     0.376         0
   202/299     7.81G     0.794     0.223         0      1.02        28       608     0.843     0.885     0.902     0.864       2.5     0.375         0
   203/299     7.81G     0.809     0.245         0      1.05        22       608     0.847     0.876       0.9     0.861      2.49     0.368         0
   204/299     7.81G     0.759     0.224         0     0.984        25       608     0.845     0.867     0.899     0.856      2.51     0.354         0
   205/299     7.81G     0.717     0.229         0     0.946        29       608     0.838     0.885     0.921     0.861      2.51     0.352         0
   206/299     7.81G     0.723     0.216         0      0.94        29       608      0.83     0.903     0.921     0.865      2.52     0.355         0
   207/299     7.81G      0.76     0.218         0     0.978        25       608     0.825     0.903     0.912     0.862      2.49     0.364         0
   208/299     7.81G     0.742     0.228         0      0.97        27       608     0.817     0.903     0.915     0.858      2.51     0.379         0
   209/299     7.81G     0.803     0.227         0      1.03        25       608     0.815     0.895     0.906     0.853      2.53     0.376         0
   210/299     7.81G     0.719     0.225         0     0.944        27       608     0.831     0.903     0.914     0.865      2.51     0.369         0
   211/299     7.81G     0.708     0.216         0     0.925        26       608     0.814     0.903     0.912     0.856      2.53     0.365         0
   212/299     7.81G     0.776     0.251         0      1.03        22       608     0.824      0.92     0.923      0.87      2.54     0.362         0
   213/299     7.81G     0.722     0.212         0     0.935        27       608     0.828     0.912     0.922     0.868      2.53     0.361         0
   214/299     7.81G     0.761     0.238         0     0.999        27       608     0.795     0.912     0.907      0.85      2.54     0.363         0
   215/299     7.81G     0.718     0.231         0     0.949        29       608     0.782      0.92     0.918     0.845      2.55     0.368         0
   216/299     7.81G     0.706     0.224         0      0.93        28       608     0.771     0.903     0.905     0.832      2.54     0.378         0
   217/299     7.81G     0.704     0.204         0     0.908        23       608     0.787     0.894     0.905     0.837      2.53     0.383         0
   218/299     7.81G     0.709      0.23         0     0.939        20       608     0.792     0.903     0.905     0.844      2.54     0.384         0
   219/299     7.81G     0.712     0.223         0     0.935        32       608       0.8     0.912     0.921     0.852      2.56      0.38         0
   220/299     7.81G     0.684     0.218         0     0.902        17       608      0.82     0.912     0.923     0.863      2.56     0.378         0
   221/299     7.81G     0.675     0.205         0     0.881        25       608     0.832     0.912     0.916      0.87      2.54     0.381         0
   222/299     7.81G     0.665     0.199         0     0.865        30       608     0.846     0.912     0.919     0.878      2.53     0.384         0
   223/299     7.81G     0.677     0.235         0     0.912        24       608     0.835     0.894     0.901     0.863      2.53     0.389         0
   224/299     7.81G     0.673     0.219         0     0.892        21       608     0.868     0.903     0.911     0.885      2.51     0.395         0
   225/299     7.81G     0.684     0.206         0      0.89        25       608     0.868     0.903     0.911     0.885      2.51     0.396         0
   226/299     7.81G     0.658     0.226         0     0.883        23       608     0.873     0.912     0.911     0.892      2.49      0.39         0
   227/299     7.81G      0.65      0.19         0     0.839        30       608      0.86     0.922     0.914      0.89      2.49     0.387         0
   228/299     7.81G      0.67     0.215         0     0.885        26       608     0.857     0.903     0.892     0.879       2.5     0.382         0
   229/299     7.81G     0.659     0.191         0      0.85        30       608      0.86     0.903      0.91     0.881      2.52     0.376         0
   230/299     7.81G      0.69     0.232         0     0.922        25       608     0.867     0.903      0.91     0.885      2.52     0.375         0
   231/299     7.81G     0.664      0.21         0     0.874        24       608     0.865     0.904     0.913     0.884      2.52     0.377         0
   232/299     7.81G     0.682     0.202         0     0.883        31       608     0.826     0.903     0.896     0.863      2.51     0.381         0
   233/299     7.81G     0.625     0.206         0      0.83        23       608     0.836     0.903     0.896     0.868       2.5     0.381         0
   234/299     7.81G     0.684     0.231         0     0.915        30       608     0.821     0.894     0.897     0.856      2.51     0.379         0
   235/299     7.81G     0.673     0.199         0     0.872        22       608     0.801     0.891     0.892     0.844      2.53     0.371         0
   236/299     7.81G     0.611     0.199         0     0.811        28       608     0.809     0.898     0.908     0.851      2.54     0.364         0
   237/299     7.81G     0.636     0.198         0     0.834        19       608     0.805     0.903     0.913     0.851      2.54     0.369         0
   238/299     7.81G     0.624     0.187         0     0.811        26       608     0.784     0.903     0.894     0.839      2.55     0.376         0
   239/299     7.81G     0.635     0.199         0     0.834        22       608     0.771     0.903     0.882     0.831      2.54     0.387         0
   240/299     7.81G     0.609     0.183         0     0.792        26       608     0.785     0.905     0.898     0.841      2.54     0.389         0
   241/299     7.81G     0.625     0.204         0     0.829        30       608     0.805     0.916     0.911     0.857      2.53     0.391         0
   242/299     7.81G      0.62     0.185         0     0.805        33       608     0.819      0.92     0.911     0.866      2.52     0.388         0
   243/299     7.81G     0.646      0.21         0     0.856        27       608     0.829      0.92     0.911     0.872      2.53     0.384         0
   244/299     7.81G     0.612     0.201         0     0.813        28       608     0.851      0.92     0.908     0.884      2.51     0.378         0
   245/299     7.81G     0.633      0.19         0     0.822        32       608      0.85       0.9     0.908     0.874      2.52     0.376         0
   246/299     7.81G     0.614     0.197         0     0.811        25       608     0.839     0.919     0.909     0.877      2.52     0.373         0
   247/299     7.81G     0.646     0.181         0     0.828        27       608     0.809      0.92     0.909     0.861      2.52     0.378         0
   248/299     7.81G       0.6     0.199         0       0.8        23       608     0.814     0.927     0.908     0.866       2.5     0.382         0
   249/299     7.81G     0.603     0.197         0       0.8        20       608     0.798     0.912     0.907     0.851      2.49     0.382         0
   250/299     7.81G     0.611     0.205         0     0.816        22       608     0.809       0.9     0.905     0.852      2.51     0.378         0
   251/299     7.81G     0.584     0.175         0     0.758        27       608     0.804     0.894     0.903     0.847      2.51     0.377         0
   252/299     7.81G     0.607     0.199         0     0.806        20       608     0.804     0.885     0.904     0.843      2.51     0.374         0
   253/299     7.81G     0.589     0.188         0     0.777        25       608     0.809     0.894     0.903     0.849      2.52     0.375         0
   254/299     7.81G     0.585     0.187         0     0.772        21       608     0.803     0.901     0.905     0.849      2.52      0.38         0
   255/299     7.81G     0.585     0.176         0     0.762        20       608     0.797     0.903     0.905     0.847      2.52      0.38         0
   256/299     7.81G     0.597     0.188         0     0.785        28       608     0.783     0.912     0.892     0.843       2.5     0.375         0
   257/299     7.81G     0.606     0.189         0     0.795        29       608     0.809     0.912     0.907     0.857       2.5     0.379         0
   258/299     7.81G     0.591     0.184         0     0.775        24       608     0.818     0.915     0.909     0.864      2.49     0.382         0
   259/299     7.81G     0.614     0.211         0     0.825        29       608     0.815      0.92     0.911     0.865       2.5     0.386         0
   260/299     7.81G     0.644     0.204         0     0.848        25       608     0.819     0.923     0.913     0.868       2.5     0.384         0
   261/299     7.81G     0.593     0.176         0     0.769        20       608     0.832     0.929     0.914     0.878       2.5     0.387         0
   262/299     7.81G     0.573     0.186         0     0.758        21       608     0.821      0.92     0.915     0.868      2.51     0.386         0
   263/299     7.81G     0.592     0.183         0     0.776        29       608     0.824      0.92     0.914      0.87      2.51     0.385         0
   264/299     7.81G     0.582     0.197         0     0.779        26       608     0.819     0.921     0.914     0.867       2.5     0.385         0
   265/299     7.81G     0.603     0.192         0     0.795        25       608     0.813     0.912       0.9     0.859       2.5     0.384         0
   266/299     7.81G     0.559     0.177         0     0.736        29       608     0.819     0.929     0.914     0.871       2.5     0.385         0
   267/299     7.81G     0.615     0.198         0     0.813        25       608     0.807     0.923     0.897     0.861       2.5     0.387         0
   268/299     7.81G     0.568     0.196         0     0.764        32       608     0.807     0.923     0.895     0.861       2.5     0.387         0
   269/299     7.81G     0.584     0.181         0     0.766        26       608     0.796     0.938     0.908     0.861       2.5     0.388         0
   270/299     7.81G     0.605     0.207         0     0.812        30       608     0.799     0.938     0.909     0.863      2.51     0.386         0
   271/299     7.81G     0.572      0.19         0     0.762        21       608     0.792     0.938     0.909     0.859      2.51     0.386         0
   272/299     7.81G     0.607     0.198         0     0.805        24       608     0.794     0.929     0.909     0.856      2.51      0.39         0
   273/299     7.81G     0.586     0.196         0     0.782        19       608     0.798     0.929     0.909     0.858       2.5      0.39         0
   274/299     7.81G     0.573     0.178         0     0.751        17       608     0.798     0.929     0.909     0.859       2.5     0.389         0
   275/299     7.81G     0.603     0.181         0     0.784        27       608     0.799      0.92     0.909     0.856      2.51     0.392         0
   276/299     7.81G     0.575     0.206         0      0.78        29       608      0.81      0.92      0.91     0.862      2.51     0.391         0
   277/299     7.81G     0.556     0.182         0     0.738        24       608     0.819      0.92     0.911     0.867      2.51     0.393         0
   278/299     7.81G     0.561     0.181         0     0.741        28       608     0.814      0.92     0.912     0.864       2.5     0.392         0
   279/299     7.81G     0.562     0.168         0     0.729        24       608     0.824      0.92     0.913     0.869       2.5     0.392         0
   280/299     7.81G     0.547     0.187         0     0.734        26       608     0.837      0.92     0.912     0.877       2.5     0.392         0
   281/299     7.81G     0.584     0.197         0     0.781        34       608     0.836     0.912     0.912     0.872       2.5     0.392         0
   282/299     7.81G     0.591     0.184         0     0.775        27       608     0.834     0.912     0.911     0.871      2.51     0.394         0
   283/299     7.81G     0.533     0.167         0       0.7        26       608     0.817     0.912     0.911     0.862      2.51     0.395         0
   284/299     7.81G     0.557     0.189         0     0.747        32       608     0.811      0.92     0.911     0.862       2.5     0.396         0
   285/299     7.81G     0.595     0.173         0     0.767        24       608     0.821      0.92     0.911     0.868      2.51     0.398         0
   286/299     7.81G     0.561     0.167         0     0.728        26       608     0.815      0.92     0.912     0.865       2.5     0.394         0
   287/299     7.81G     0.574     0.172         0     0.746        26       608     0.812      0.92     0.911     0.863      2.52     0.393         0
   288/299     7.81G     0.577      0.18         0     0.757        14       608     0.813     0.912     0.912      0.86      2.53     0.392         0
   289/299     7.81G     0.573     0.183         0     0.756        20       608     0.806     0.912     0.911     0.855      2.52     0.392         0
   290/299     7.81G     0.527     0.172         0       0.7        32       608     0.813      0.92     0.911     0.864      2.51     0.393         0
   291/299     7.81G     0.564     0.193         0     0.757        30       608     0.802      0.92      0.91     0.857      2.51     0.394         0
   292/299     7.81G     0.556     0.189         0     0.745        24       608     0.811     0.929     0.931     0.866      2.51     0.394         0
   293/299     7.81G     0.549     0.183         0     0.732        27       608     0.809     0.929     0.931     0.865      2.52     0.394         0
   294/299     7.81G      0.55     0.169         0     0.719        23       608     0.804     0.929     0.931     0.862      2.52     0.393         0
   295/299     7.81G     0.557     0.178         0     0.734        27       608     0.795     0.926     0.911     0.855      2.52     0.392         0
   296/299     7.81G     0.557     0.184         0     0.741        26       608     0.808     0.931      0.93     0.865      2.51     0.393         0
   297/299     7.81G     0.557     0.174         0     0.731        28       608     0.814     0.938      0.93     0.872      2.51     0.394         0
   298/299     7.81G     0.574     0.191         0     0.764        25       608     0.803     0.938     0.929     0.865      2.51     0.393         0
   299/299     7.81G      0.55     0.187         0     0.737        26       608     0.798     0.938     0.928     0.863      2.52     0.396         0
