[          1]
[          1]
[          1]
[          1]
[          1]
[          1]
[          1]
[          1]
[          1]
[          1]
[          1]
[          1]
[          1]
[          1]
[          1]
[          1]
[          1]
[          1]
[          1]
[          1]
[          1]
[          1]
[          1]
[          1]
[          1]
[          1]
[          1]
[          1]
[          1]
[          1]
[    0.96774]
[    0.96875]
[     0.9697]
[    0.97059]
[    0.97143]
[    0.97222]
[    0.97297]
[    0.97368]
[    0.97436]
[      0.975]
[    0.97561]
[    0.97619]
[    0.97674]
[    0.97727]
[    0.97778]
[    0.97826]
[    0.97872]
[    0.97917]
[    0.97959]
[       0.98]
[    0.98039]
[    0.98077]
[    0.98113]
[    0.98148]
[    0.98182]
[    0.98214]
[    0.98246]
[    0.98276]
[    0.98305]
[    0.98333]
[    0.98361]
[    0.98387]
[    0.98413]
[    0.96875]
[    0.96923]
[     0.9697]
[    0.97015]
[    0.97059]
[    0.95652]
[    0.95714]
[    0.95775]
[    0.95833]
[     0.9589]
[    0.95946]
[    0.94667]
[    0.94737]
[    0.94805]
[    0.94872]
[    0.94937]
[       0.95]
[    0.95062]
[    0.95122]
[    0.95181]
[    0.94048]
[    0.94118]
[    0.94186]
[    0.94253]
[    0.94318]
[    0.94382]
[    0.94444]
[    0.94505]
[    0.94565]
[    0.94624]
[    0.94681]
[    0.93684]
[     0.9375]
[    0.92784]
[    0.91837]
[    0.90909]
[       0.91]
[    0.91089]
[    0.91176]
[    0.91262]
[    0.91346]
[    0.90476]
[    0.90566]
[    0.90654]
[    0.90741]
[    0.89908]
[    0.89091]
[    0.88288]
[    0.88393]
[    0.87611]
[    0.86842]
[    0.86957]
[    0.86207]
[     0.8547]
[    0.84746]
[    0.84034]
[    0.83333]
[    0.82645]
[    0.81967]
[    0.81301]
[    0.80645]
[        0.8]
[    0.79365]
[     0.7874]
[    0.78125]
[    0.77519]
[    0.76923]
[    0.76336]
[    0.76515]
[     0.7594]
[    0.76119]
[    0.76296]
[    0.75735]
[    0.75182]
[    0.74638]
[    0.74101]
[    0.73571]
[     0.7305]
[    0.72535]
[    0.72028]
[    0.71528]
[    0.71034]
[    0.70548]
[    0.70068]
[    0.69595]
[    0.69128]
[    0.68667]
[    0.68212]
[    0.67763]
[     0.6732]
[    0.66883]
[    0.66452]
[    0.66026]
[    0.65605]
[     0.6519]
[     0.6478]
[    0.64375]
[    0.63975]
[     0.6358]
[     0.6319]
[    0.62805]
[    0.62424]
[    0.62048]
[    0.61677]
[     0.6131]
[    0.60947]
[    0.60588]
[    0.60234]
[    0.59884]
[    0.59538]
[    0.59195]
[    0.58857]
[    0.58523]
[    0.58192]
[    0.57865]
[    0.57542]
[    0.57222]
[    0.56906]
[    0.56593]
[    0.56284]
[    0.55978]
[    0.55676]
[    0.55376]
[     0.5508]
[    0.54787]
[    0.54497]
[    0.54211]
[    0.53927]
[    0.53646]
[    0.53368]
[    0.53093]
[    0.52821]
[    0.52551]
[    0.52284]
[     0.5202]
[    0.51759]
[      0.515]
[    0.51244]
[     0.5099]
[    0.50739]
[     0.5049]
[    0.50244]
[        0.5]
[    0.49758]
[    0.49519]
[    0.49282]
[    0.49048]
[    0.48815]
[    0.48585]
[    0.48826]
[    0.48598]
[    0.48372]
[    0.48148]
[    0.47926]
[    0.47706]
[    0.47489]
[    0.47273]
[    0.47059]
[    0.46847]
[    0.46637]
[    0.46429]
[    0.46222]
[    0.46018]
[    0.45815]
[    0.45614]
[    0.45415]
[    0.45217]
[    0.45022]
[    0.44828]
[    0.44635]
[    0.44444]
[    0.44255]
[    0.44068]
[    0.43882]
[    0.43697]
[    0.43515]
[    0.43333]
[    0.43154]
[    0.42975]
[    0.42798]
[    0.42623]
[    0.42449]
[    0.42276]
[    0.42105]
[    0.41935]
[    0.41767]
[      0.416]
[    0.41434]
[     0.4127]
[    0.41107]
[    0.40945]
[    0.40784]
[    0.40625]
[    0.40467]
[     0.4031]
[    0.40154]
[        0.4]
[    0.39847]
[    0.39695]
[    0.39544]
[    0.39394]
[    0.39245]
[    0.39098]
[    0.38951]
[    0.38806]
[    0.38662]
[    0.38519]
[    0.38376]
[    0.38235]
[    0.38095]
[    0.37956]
[    0.37818]
[    0.37681]
[    0.37545]
[     0.3741]
[    0.37276]
[    0.37143]
[    0.37011]
[    0.36879]
[    0.36749]
[     0.3662]
[    0.36491]
[    0.36364]
[    0.36237]
[    0.36111]
[    0.35986]
[    0.35862]
[    0.35739]
[    0.35616]
[    0.35495]
[    0.35374]
[    0.35254]
[    0.35135]
[    0.35017]
[    0.34899]
[    0.35117]
[       0.35]
[    0.34884]
[    0.34768]
[    0.34653]
[    0.34539]
[    0.34426]
[    0.34314]
[    0.34202]
[    0.34091]
[    0.33981]
[    0.33871]
[    0.33762]
[    0.33654]
[    0.33546]
[    0.33439]
[    0.33333]
[    0.33228]
[    0.33123]
[    0.33019]
[    0.32915]
[    0.32812]
[     0.3271]
[    0.32609]
[    0.32508]
[    0.32407]
[    0.32308]
[    0.32209]
[     0.3211]
[    0.32012]
[    0.31915]
[    0.31818]
[    0.31722]
[    0.31627]
[    0.31532]
[    0.31437]
[    0.31343]
[     0.3125]
[    0.31157]
[    0.31065]
[    0.30973]
[    0.30882]
[    0.30792]
[    0.30702]
[    0.30612]
[    0.30523]
[    0.30435]
[    0.30347]
[    0.30259]
[    0.30172]
[    0.30086]
[        0.3]
[    0.29915]
[     0.2983]
[    0.29745]
[    0.29661]
[    0.29577]
[    0.29494]
[    0.29412]
[     0.2933]
[    0.29248]
[    0.29167]
[    0.29086]
[    0.29006]
[    0.28926]
[    0.28846]
[    0.28767]
[    0.28689]
[     0.2861]
[    0.28533]
[    0.28455]
[    0.28378]
[    0.28302]
[    0.28226]
[     0.2815]
[    0.28075]
[       0.28]
[    0.27926]
[    0.27851]
[    0.27778]
[    0.27704]
[    0.27632]
[    0.27559]
[    0.27487]
[    0.27415]
[    0.27344]
[    0.27273]
[    0.27202]
[    0.27132]
[    0.27062]
[    0.26992]
[    0.26923]
[    0.26854]
[    0.26786]
[    0.26718]
[     0.2665]
[    0.26582]
[    0.26515]
[    0.26448]
[    0.26382]
[    0.26316]
[     0.2625]
[    0.26185]
[    0.26119]
[    0.26055]
[     0.2599]
[    0.25926]
[    0.25862]
[    0.25799]
[    0.25735]
[    0.25672]
[     0.2561]
[    0.25547]
[    0.25485]
[    0.25424]
[    0.25362]
[    0.25301]
[     0.2524]
[     0.2518]
[     0.2512]
[     0.2506]
[       0.25]
[    0.24941]
[    0.24882]
[    0.24823]
[    0.24764]
[    0.24706]
[    0.24648]
[     0.2459]
[    0.24533]
[    0.24476]
[    0.24419]
[    0.24362]
[    0.24306]
[    0.24249]
[    0.24194]
[    0.24138]
[    0.24083]
[    0.24027]
[    0.23973]
[    0.23918]
[    0.23864]
[     0.2381]
[    0.23756]
[    0.23702]
[    0.23649]
[    0.23596]
[    0.23543]
[     0.2349]
[    0.23438]
[    0.23385]
[    0.23333]
[    0.23282]
[     0.2323]
[    0.23179]
[    0.23128]
[    0.23077]
[    0.23026]
[    0.22976]
[    0.22926]
[    0.22876]
[    0.22826]
[    0.22777]
[    0.22727]
[    0.22678]
[    0.22629]
[    0.22581]
[    0.22532]
[    0.22484]
[    0.22436]
[    0.22388]
[     0.2234]
[    0.22293]
[    0.22246]
[    0.22199]
[    0.22152]
[    0.22105]
[    0.22059]
[    0.22013]
[    0.21967]
[    0.21921]
[    0.21875]
[     0.2183]
[    0.21784]
[    0.21739]
[    0.21694]
[    0.21649]
[    0.21605]
[    0.21561]
[    0.21516]
[    0.21472]
[    0.21429]
[    0.21385]
[    0.21341]
[    0.21298]
[    0.21255]
[    0.21212]
[    0.21169]
[    0.21127]
[    0.21084]
[    0.21042]
[       0.21]
[    0.20958]
[    0.20916]
[    0.20875]
[    0.20833]
[    0.20792]
[    0.20751]
[     0.2071]
[    0.20669]
