     0/299     7.81G      8.13      31.6         0      39.7        18       608         0         0   0.00189         0      7.08      3.83         0
     1/299     7.81G      6.46      2.14         0       8.6        15       608         0         0   0.00564         0      6.13      3.78         0
     2/299     7.81G      5.51      1.81         0      7.33         8       608         0         0   0.00122         0      5.98      3.29         0
     3/299     7.81G      5.24      1.74         0      6.98        18       608         0         0     0.106         0      4.85      2.74         0
     4/299     7.81G      4.74      1.45         0      6.19        17       608         0         0     0.125         0      5.45      2.32         0
     5/299     7.81G      4.57      1.25         0      5.83        10       608     0.171     0.527     0.207     0.258      4.55      2.58         0
     6/299     7.81G       4.6      1.03         0      5.64        16       608         0         0     0.142         0       5.2      2.25         0
     7/299     7.81G      4.76      1.14         0      5.89        18       608         0         0     0.188         0      5.09      2.16         0
     8/299     7.81G      4.34      1.12         0      5.46         8       608     0.523   0.00412     0.215   0.00817      4.44      1.94         0
     9/299     7.81G      4.14      1.08         0      5.22        17       608     0.539    0.0614     0.306      0.11      4.57      1.68         0
    10/299     7.81G      4.53     0.915         0      5.44        20       608         1   0.00361     0.213   0.00719      4.55      1.98         0
    11/299     7.81G      4.11     0.948         0      5.06         8       608      0.65     0.148     0.401     0.241      4.74      1.67         0
    12/299     7.81G      4.05     0.854         0      4.91        19       608         0         0     0.247         0      4.72      1.83         0
    13/299     7.81G      4.23     0.923         0      5.15        13       608    0.0112   0.00722     0.222   0.00878       4.4      1.88         0
    14/299     7.81G      4.28     0.839         0      5.12         7       608     0.243     0.274     0.199     0.257      4.18      1.75         0
    15/299     7.81G       3.9     0.868         0      4.77        15       608     0.516     0.154     0.346     0.237      4.48      1.44         0
    16/299     7.81G      3.81     0.815         0      4.62        17       608     0.777    0.0754     0.533     0.137      4.28      1.35         0
    17/299     7.81G      3.95     0.753         0       4.7         8       608     0.674     0.261      0.43     0.376      4.78       1.1         0
    18/299     7.81G      3.95     0.683         0      4.63        17       608         1    0.0134     0.411    0.0264      4.48      1.38         0
    19/299     7.81G      3.82     0.776         0      4.59        16       608     0.299    0.0338     0.441    0.0608       4.1      1.39         0
    20/299     7.81G      3.76     0.752         0      4.51         6       608     0.157    0.0248     0.307    0.0429      3.84       1.5         0
    21/299     7.81G      3.32     0.823         0      4.15        17       608     0.731     0.408      0.61     0.524      3.61      1.35         0
    22/299     7.81G      3.82     0.664         0      4.49        18       608     0.612     0.152     0.433     0.243      3.89      1.31         0
    23/299     7.81G       3.5     0.675         0      4.18         7       608     0.895     0.215     0.667     0.347      3.89      1.23         0
    24/299     7.81G      3.48     0.719         0       4.2        17       608     0.919     0.409     0.706     0.566      3.98       1.1         0
    25/299     7.81G         4     0.649         0      4.65        19       608         1   0.00361     0.309   0.00719      5.57      1.27         0
    26/299     7.81G      3.54     0.761         0       4.3         6       608     0.812    0.0938     0.449     0.168      4.24      1.53         0
    27/299     7.81G       3.4     0.697         0       4.1        19       608     0.641     0.538     0.556     0.585      3.91      1.27         0
    28/299     7.81G      3.63     0.684         0      4.32        18       608     0.888     0.373     0.704     0.526      3.46      1.29         0
    29/299     7.81G      3.21     0.618         0      3.83         8       608      0.86     0.399     0.686     0.545      3.69      1.21         0
    30/299     7.81G      3.36     0.627         0      3.99        12       608     0.875     0.252     0.713     0.391      3.63      1.15         0
    31/299     7.81G      3.17     0.651         0      3.82        20       608      0.93     0.286     0.735     0.438      3.73       1.1         0
    32/299     7.81G      3.71     0.582         0      4.29         8       608      0.92     0.166     0.642     0.281      4.01      1.18         0
    33/299     7.81G      3.01     0.703         0      3.71        21       608      0.81     0.379     0.634     0.516      3.43      1.31         0
    34/299     7.81G       2.9     0.691         0      3.59        24       608     0.841     0.706     0.785     0.767      3.27      1.23         0
    35/299     7.81G      2.98     0.647         0      3.63         8       608     0.847     0.602     0.739     0.704      3.48      1.16         0
    36/299     7.81G      2.96     0.607         0      3.57        15       608     0.829      0.65     0.738     0.728      3.37      1.16         0
    37/299     7.81G       3.3     0.539         0      3.84        20       608     0.879     0.502     0.756     0.639      3.18      1.11         0
    38/299     7.81G      3.15     0.596         0      3.74        12       608     0.852     0.625     0.764     0.721      3.55      1.02         0
    39/299     7.81G      3.36     0.561         0      3.92        12       608      0.88     0.292     0.644     0.438      3.52      1.22         0
    40/299     7.81G      2.91     0.564         0      3.47        15       608     0.819     0.747     0.782     0.781      3.32      1.14         0
    41/299     7.81G      2.97     0.539         0      3.51         4       608     0.811     0.573     0.707     0.671      3.57      1.05         0
    42/299     7.81G       2.9     0.573         0      3.47        19       608     0.836     0.609     0.735     0.705      3.41      1.08         0
    43/299     7.81G       2.9     0.627         0      3.53        13       608     0.897     0.527     0.802     0.664      3.21      1.08         0
    44/299     7.81G      2.91     0.582         0      3.49         6       608      0.89     0.704      0.84     0.786      3.26         1         0
    45/299     7.81G      2.74     0.567         0      3.31        19       608     0.865     0.791     0.874     0.826      3.16         1         0
    46/299     7.81G      2.85     0.504         0      3.35        15       608     0.845     0.747      0.82     0.793      3.24     0.928         0
    47/299     7.81G       2.9     0.489         0      3.39         3       608     0.843     0.754     0.807     0.796      3.14     0.962         0
    48/299     7.81G      2.83     0.512         0      3.34        12       608      0.83      0.74     0.804     0.782      3.14     0.993         0
    49/299     7.81G      2.67      0.53         0       3.2        18       608     0.877     0.708      0.83     0.783      3.37     0.993         0
    50/299     7.81G      2.69     0.523         0      3.22         7       608     0.876     0.736     0.853       0.8      3.25     0.965         0
    51/299     7.81G      2.74      0.49         0      3.23        21       608     0.894     0.764      0.85     0.824      3.13     0.918         0
    52/299     7.81G       2.7     0.473         0      3.17        19       608     0.847     0.762     0.823     0.803      3.07      0.91         0
    53/299     7.81G       2.5     0.476         0      2.97         7       608     0.872     0.751     0.828     0.807      2.99     0.915         0
    54/299     7.81G      2.66     0.478         0      3.14        13       608      0.89     0.765     0.839     0.823      3.15     0.877         0
    55/299     7.81G      2.67     0.498         0      3.17        19       608     0.865     0.738     0.799     0.797      3.14     0.967         0
    56/299     7.81G      2.54       0.5         0      3.04        11       608     0.857     0.733     0.792      0.79      3.09     0.971         0
    57/299     7.81G      2.57     0.458         0      3.03        19       608      0.87      0.74     0.796       0.8      3.12     0.913         0
    58/299     7.81G      2.63     0.452         0      3.08        19       608     0.835     0.768     0.802       0.8      3.03      0.84         0
    59/299     7.81G      2.56     0.404         0      2.96         8       608     0.892     0.778     0.867     0.831      2.95     0.857         0
    60/299     7.81G      2.48      0.48         0      2.96        15       608     0.851     0.805     0.843     0.827       3.2      0.86         0
    61/299     7.81G      2.52     0.482         0         3        19       608     0.913     0.724     0.844     0.808      2.97     0.884         0
    62/299     7.81G      2.43     0.424         0      2.85         7       608     0.878     0.755     0.856     0.812      3.09     0.795         0
    63/299     7.81G      2.57     0.385         0      2.95        22       608     0.895     0.801     0.865     0.846      3.07     0.787         0
    64/299     7.81G      2.45      0.39         0      2.84        19       608     0.896     0.726     0.837     0.802      3.12     0.811         0
    65/299     7.81G       2.4     0.434         0      2.84         7       608     0.854     0.762      0.84     0.805      3.01     0.791         0
    66/299     7.81G      2.43     0.417         0      2.85        17       608     0.673      0.78     0.758     0.722      3.48     0.738         0
    67/299     7.81G      2.53     0.441         0      2.97        16       608     0.793     0.798     0.794     0.796      3.07     0.812         0
    68/299     7.81G      2.24     0.415         0      2.65         8       608     0.737     0.809     0.788     0.771      3.28     0.825         0
    69/299     7.81G      2.11     0.413         0      2.52        21       608     0.838     0.812     0.841     0.825      3.12     0.785         0
    70/299     7.81G      2.26     0.376         0      2.64        22       608     0.829     0.812     0.819     0.821         3     0.758         0
    71/299     7.81G      2.25     0.375         0      2.63         6       608      0.78     0.807     0.797     0.793      3.03     0.754         0
    72/299     7.81G      2.39     0.365         0      2.75        26       608     0.807     0.762     0.793     0.784      3.08     0.762         0
    73/299     7.81G      2.25     0.385         0      2.64        25       608     0.765     0.834      0.82     0.798      3.08     0.742         0
    74/299     7.81G      2.38     0.402         0      2.79         8       608      0.82     0.821     0.812      0.82      3.01     0.747         0
    75/299     7.81G      2.25     0.397         0      2.65        23       608      0.86     0.777     0.849     0.816         3      0.76         0
    76/299     7.81G      2.37     0.387         0      2.75        15       608     0.876     0.794      0.83     0.833      3.07     0.771         0
    77/299     7.81G      2.14     0.404         0      2.55        13       608     0.843     0.819     0.856     0.831      3.04     0.777         0
    78/299     7.81G      2.16     0.378         0      2.53        16       608     0.859     0.812     0.841     0.835      2.96     0.783         0
    79/299     7.81G      2.05     0.392         0      2.44        12       608     0.887     0.762     0.833     0.819      3.05     0.797         0
    80/299     7.81G      2.28     0.317         0       2.6         5       608     0.858     0.762     0.807     0.807         3     0.777         0
    81/299     7.81G      2.16      0.36         0      2.52        16       608     0.857     0.787      0.82      0.82      3.04     0.782         0
    82/299     7.81G      1.96     0.388         0      2.35        14       608     0.818     0.812     0.814     0.815       2.9      0.75         0
    83/299     7.81G      2.04     0.341         0      2.38         5       608     0.863     0.793     0.823     0.826      2.99     0.777         0
    84/299     7.81G      1.95     0.347         0       2.3        17       608     0.848     0.838      0.84     0.843      2.84     0.742         0
    85/299     7.81G       2.1     0.322         0      2.42        13       608     0.802     0.823     0.835     0.813      2.95      0.81         0
    86/299     7.81G      1.96     0.355         0      2.31        10       608      0.82     0.801     0.797     0.811      3.03     0.866         0
    87/299     7.81G      1.97     0.377         0      2.35        23       608     0.817     0.821     0.815     0.819      3.06     0.805         0
    88/299     7.81G      2.07     0.348         0      2.42        19       608     0.822     0.817     0.841      0.82      3.21     0.741         0
    89/299     7.81G      2.03      0.33         0      2.36         7       608     0.843     0.859     0.865     0.851      2.92     0.723         0
    90/299     7.81G       1.9     0.364         0      2.26        18       608      0.85      0.87     0.872      0.86      2.86     0.716         0
    91/299     7.81G      2.02     0.336         0      2.36        15       608     0.864     0.892     0.886     0.878      2.88     0.715         0
    92/299     7.81G      2.03     0.333         0      2.37         9       608     0.832     0.859     0.847     0.845      2.85     0.742         0
    93/299     7.81G      2.14     0.354         0      2.49        22       608     0.851      0.83     0.845     0.841      2.96     0.762         0
    94/299     7.81G         2     0.346         0      2.34        25       608     0.853     0.819     0.852     0.836      2.85     0.776         0
    95/299     7.81G      1.87     0.359         0      2.23         4       608     0.838     0.821     0.844     0.829      2.96      0.78         0
    96/299     7.81G      1.92     0.322         0      2.25        19       608     0.855     0.845     0.841      0.85      3.09     0.737         0
    97/299     7.81G      2.01     0.355         0      2.37        19       608     0.866     0.841     0.848     0.853      3.08     0.752         0
    98/299     7.81G      1.78     0.336         0      2.11        13       608     0.847     0.861     0.834     0.854       3.1     0.744         0
    99/299     7.81G      1.79     0.331         0      2.12        15       608     0.844     0.841     0.838     0.843         3     0.761         0
   100/299     7.81G         2     0.297         0      2.29        20       608     0.841     0.803     0.833     0.822      2.97     0.778         0
   101/299     7.81G      1.96     0.352         0      2.31         6       608      0.86     0.775     0.823     0.815       3.1     0.785         0
   102/299     7.81G      1.79     0.312         0       2.1        15       608     0.835     0.805     0.812      0.82      3.01     0.749         0
   103/299     7.81G      1.86     0.329         0      2.19        19       608     0.818     0.812     0.814     0.815       3.1     0.724         0
   104/299     7.81G      1.82     0.363         0      2.18         5       608     0.815     0.791     0.799     0.802      3.12     0.727         0
   105/299     7.81G      1.91     0.327         0      2.24        23       608     0.845     0.824     0.845     0.834      2.92     0.707         0
   106/299     7.81G      1.86     0.332         0       2.2        18       608     0.845     0.856     0.834      0.85       3.1     0.704         0
   107/299     7.81G      1.88      0.33         0      2.21         8       608     0.844     0.845     0.824     0.844      2.92     0.737         0
   108/299     7.81G      1.85     0.342         0      2.19        16       608     0.837     0.815     0.806     0.826      3.06     0.736         0
   109/299     7.81G      1.83     0.324         0      2.16        19       608     0.811     0.816     0.799     0.813      2.91     0.724         0
   110/299     7.81G      1.77     0.317         0      2.09         8       608     0.824     0.812     0.795     0.818       3.1     0.736         0
   111/299     7.81G      1.71      0.31         0      2.02        15       608     0.849      0.83     0.801     0.839      2.99     0.721         0
   112/299     7.81G      1.82     0.312         0      2.13        14       608     0.827     0.834     0.803      0.83         3     0.715         0
   113/299     7.81G      1.85     0.297         0      2.15         8       608     0.854     0.834      0.83     0.844      2.94      0.73         0
   114/299     7.81G      1.77     0.314         0      2.08        16       608     0.852     0.816     0.824     0.833      2.99     0.759         0
   115/299     7.81G      1.73     0.298         0      2.03        20       608     0.846     0.811      0.83     0.828      2.81     0.744         0
   116/299     7.81G      1.76     0.295         0      2.05         9       608      0.83     0.834     0.845     0.832      2.99      0.73         0
   117/299     7.81G      1.72      0.29         0      2.01        22       608     0.837     0.816     0.824     0.827      2.91     0.744         0
   118/299     7.81G      1.64     0.307         0      1.95        17       608     0.858     0.806     0.838     0.831      2.95     0.768         0
   119/299     7.81G      1.75     0.292         0      2.04         9       608     0.833     0.823     0.837     0.828      2.85     0.754         0
   120/299     7.81G      1.78     0.292         0      2.07        12       608     0.836     0.811     0.837     0.823      2.88     0.731         0
   121/299     7.81G      1.79     0.289         0      2.08        10       608      0.85     0.842     0.857     0.846      2.88     0.725         0
   122/299     7.81G      1.62     0.278         0       1.9         6       608      0.84      0.83     0.807     0.835      2.95     0.755         0
   123/299     7.81G      1.54     0.272         0      1.81        20       608     0.844     0.859     0.823     0.851      2.91     0.749         0
   124/299     7.81G      1.59     0.286         0      1.88        14       608     0.862     0.856     0.848     0.859      2.86     0.735         0
   125/299     7.81G       1.5     0.287         0      1.79         8       608     0.858      0.85     0.837     0.854      2.79     0.721         0
   126/299     7.81G      1.67     0.281         0      1.95        13       608     0.849     0.866     0.845     0.858      2.84     0.713         0
   127/299     7.81G      1.61     0.269         0      1.88        19       608     0.809     0.848     0.819     0.828       2.8     0.717         0
   128/299     7.81G      1.65     0.274         0      1.92         5       608     0.827     0.848     0.839     0.837       2.9     0.758         0
   129/299     7.81G       1.7     0.272         0      1.98        20       608     0.846     0.816     0.812     0.831      2.85      0.82         0
   130/299     7.81G      1.52     0.304         0      1.83        19       608     0.864     0.827     0.834     0.845      2.96     0.803         0
   131/299     7.81G      1.49     0.281         0      1.77         7       608     0.821     0.825      0.83     0.823      2.99     0.778         0
   132/299     7.81G      1.55     0.271         0      1.82        18       608     0.816     0.832     0.803     0.824      2.94     0.748         0
   133/299     7.81G      1.58     0.288         0      1.87        21       608     0.833     0.848     0.835      0.84      2.96     0.733         0
   134/299     7.81G      1.49      0.26         0      1.75         5       608      0.84     0.841     0.822     0.841      2.88     0.729         0
   135/299     7.81G      1.55     0.265         0      1.82        22       608     0.853     0.836     0.822     0.844      2.99     0.741         0
   136/299     7.81G      1.54     0.275         0      1.82        21       608     0.826     0.823     0.812     0.824      2.81     0.748         0
   137/299     7.81G      1.58     0.285         0      1.86         6       608     0.842     0.834     0.831     0.838      2.95      0.76         0
   138/299     7.81G      1.42     0.259         0      1.68        25       608     0.862     0.834     0.847     0.848      2.91     0.744         0
   139/299     7.81G      1.51     0.265         0      1.78        14       608     0.839     0.834     0.831     0.837      2.94     0.726         0
   140/299     7.81G      1.59     0.247         0      1.83         8       608     0.836     0.826     0.833     0.831      2.83     0.729         0
   141/299     7.81G      1.46     0.244         0      1.71        13       608     0.878     0.856     0.841     0.867      2.88     0.749         0
   142/299     7.81G      1.39     0.249         0      1.64        15       608     0.866     0.852     0.852     0.859      2.88      0.74         0
   143/299     7.81G      1.44     0.252         0       1.7        10       608     0.843      0.83     0.822     0.837      2.85     0.737         0
   144/299     7.81G      1.42     0.277         0       1.7        21       608     0.829     0.823     0.826     0.826      2.82     0.739         0
   145/299     7.81G      1.46     0.258         0      1.71        21       608     0.846      0.83     0.835     0.838      2.88     0.739         0
   146/299     7.81G      1.47     0.251         0      1.72        10       608     0.845     0.827      0.83     0.836       2.8     0.742         0
   147/299     7.81G      1.43     0.275         0      1.71        19       608     0.863     0.823     0.828     0.842       2.9     0.764         0
   148/299     7.81G       1.4     0.267         0      1.67        16       608     0.857     0.823     0.828      0.84      2.88     0.775         0
   149/299     7.81G      1.45     0.243         0      1.69         7       608     0.859     0.837     0.838     0.848      2.99     0.781         0
   150/299     7.81G      1.44     0.245         0      1.68        16       608     0.843     0.815     0.829     0.829      2.95     0.764         0
   151/299     7.81G      1.38     0.258         0      1.64        19       608     0.869     0.835     0.857     0.852      2.97     0.741         0
   152/299     7.81G      1.36     0.252         0      1.61         5       608     0.849     0.833     0.849     0.841      2.89     0.738         0
   153/299     7.81G      1.39     0.244         0      1.63        22       608     0.868     0.833     0.853     0.851      2.84     0.749         0
   154/299     7.81G      1.42     0.246         0      1.67        15       608     0.867     0.848     0.845     0.857       2.9     0.758         0
   155/299     7.81G      1.34     0.225         0      1.56         8       608     0.848     0.823     0.829     0.835         3     0.762         0
   156/299     7.81G      1.45     0.251         0       1.7        15       608     0.842     0.819     0.826     0.831      2.94     0.789         0
   157/299     7.81G      1.35     0.221         0      1.57        12       608     0.809     0.827     0.805     0.818      2.86     0.787         0
   158/299     7.81G      1.36     0.276         0      1.64         7       608     0.827     0.826     0.819     0.826      2.87     0.789         0
   159/299     7.81G      1.36     0.218         0      1.58        14       608     0.831     0.832     0.826     0.831      2.88     0.778         0
   160/299     7.81G      1.32     0.224         0      1.55        18       608     0.836     0.809     0.815     0.822      2.92     0.792         0
   161/299     7.81G      1.22     0.236         0      1.46        10       608     0.845     0.824     0.817     0.834      2.99     0.788         0
   162/299     7.81G      1.36     0.232         0       1.6        19       608     0.814     0.821     0.802     0.817      2.92     0.778         0
   163/299     7.81G      1.37     0.219         0      1.59        18       608     0.835      0.83      0.82     0.833      2.99     0.781         0
   164/299     7.81G      1.31     0.225         0      1.53        12       608     0.831     0.805     0.818     0.818      2.97      0.78         0
   165/299     7.81G      1.27      0.23         0       1.5        14       608     0.837     0.816     0.823     0.826      3.01     0.774         0
   166/299     7.81G       1.3     0.245         0      1.55        19       608     0.845     0.834     0.833     0.839      2.96     0.762         0
   167/299     7.81G       1.2     0.229         0      1.43         7       608     0.832      0.83     0.829     0.831      2.98     0.769         0
   168/299     7.81G      1.22     0.219         0      1.44        19       608     0.863     0.839     0.847     0.851      2.88     0.767         0
   169/299     7.81G       1.2     0.226         0      1.43        16       608     0.855     0.828      0.83     0.841       2.9     0.768         0
   170/299     7.81G      1.22     0.243         0      1.46         4       608     0.875     0.845     0.855     0.859      2.89     0.762         0
   171/299     7.81G      1.19     0.228         0      1.42        30       608      0.88     0.866     0.869     0.873      2.91     0.748         0
   172/299     7.81G      1.11      0.22         0      1.33        14       608      0.86     0.865     0.863     0.862      2.91     0.735         0
   173/299     7.81G      1.26     0.207         0      1.47         7       608     0.849     0.854     0.851     0.851      2.99     0.739         0
   174/299     7.81G      1.21     0.232         0      1.44        19       608      0.84     0.841     0.838      0.84      2.94     0.741         0
   175/299     7.81G      1.15     0.247         0      1.39        19       608      0.83     0.844     0.836     0.837      2.88     0.748         0
   176/299     7.81G      1.15     0.198         0      1.35         8       608     0.844      0.87     0.859     0.857      2.89     0.747         0
   177/299     7.81G      1.17     0.221         0      1.39        11       608     0.849     0.859     0.853     0.854      2.88     0.755         0
   178/299     7.81G      1.22     0.228         0      1.45        19       608     0.879      0.83     0.851     0.854      2.93     0.771         0
   179/299     7.81G      1.16     0.225         0      1.39         8       608     0.857     0.823     0.828      0.84       2.9     0.774         0
   180/299     7.81G      1.05     0.219         0      1.27        15       608     0.857     0.848     0.848     0.853      2.86     0.764         0
   181/299     7.81G      1.12     0.208         0      1.33        21       608      0.86     0.866     0.869     0.863      2.88     0.747         0
   182/299     7.81G      1.13     0.193         0      1.32         6       608     0.858     0.863     0.861      0.86      2.84     0.751         0
   183/299     7.81G      1.12     0.211         0      1.33        17       608     0.842     0.834      0.84     0.838      2.81     0.773         0
   184/299     7.81G      1.09     0.212         0       1.3        15       608     0.843     0.838     0.842      0.84      2.82      0.79         0
   185/299     7.81G      1.14     0.209         0      1.35         7       608     0.837     0.838     0.845     0.837      2.83      0.79         0
   186/299     7.81G      1.16      0.22         0      1.38        14       608     0.829      0.84     0.832     0.834      2.89     0.792         0
   187/299     7.81G      1.07     0.191         0      1.26        15       608     0.818     0.827     0.818     0.822      2.86      0.81         0
   188/299     7.81G      1.09     0.211         0       1.3         7       608      0.83     0.827     0.818     0.828      2.88     0.827         0
   189/299     7.81G      1.11     0.235         0      1.35        18       608     0.841     0.823     0.826     0.832      2.94      0.83         0
   190/299     7.81G      1.07     0.196         0      1.26        20       608     0.847     0.822     0.814     0.834      2.89     0.824         0
   191/299     7.81G      1.15     0.202         0      1.35         8       608     0.849     0.819     0.827     0.834      2.87     0.817         0
   192/299     7.81G      1.11       0.2         0      1.31        17       608     0.844     0.801     0.813     0.822      2.93     0.807         0
   193/299     7.81G     0.949     0.208         0      1.16        16       608     0.845     0.805     0.813     0.825      2.94     0.798         0
   194/299     7.81G      1.05      0.18         0      1.23         5       608     0.841     0.824     0.831     0.833      2.89     0.788         0
   195/299     7.81G      1.05     0.199         0      1.25        13       608     0.837     0.838      0.83     0.837      2.93     0.793         0
   196/299     7.81G     0.941     0.204         0      1.14        18       608     0.835     0.827     0.825     0.831       2.9     0.794         0
   197/299     7.81G      1.02     0.197         0      1.21         8       608     0.857     0.823     0.837      0.84      2.93     0.798         0
   198/299     7.81G     0.995     0.207         0       1.2        21       608     0.878     0.819     0.842     0.848      2.86     0.805         0
   199/299     7.81G      1.02     0.191         0      1.22        16       608     0.881     0.816     0.844     0.847      2.89     0.814         0
   200/299     7.81G      1.02      0.19         0      1.21         8       608     0.884     0.823     0.842     0.852      2.89     0.822         0
   201/299     7.81G      0.97     0.196         0      1.17        13       608     0.886     0.823     0.839     0.853      2.92     0.816         0
   202/299     7.81G     0.997      0.23         0      1.23        19       608      0.88     0.844     0.843     0.861      2.89     0.799         0
   203/299     7.81G     0.983     0.203         0      1.19         8       608     0.855      0.83     0.828     0.843       2.9     0.805         0
   204/299     7.81G     0.992     0.203         0      1.19        16       608     0.854     0.823     0.828     0.838      2.94     0.816         0
   205/299     7.81G     0.933     0.186         0      1.12        15       608     0.869     0.838     0.845     0.853      2.89     0.813         0
   206/299     7.81G     0.932     0.179         0      1.11         5       608     0.876     0.845     0.848      0.86      2.89     0.813         0
   207/299     7.81G     0.937     0.185         0      1.12        17       608     0.867     0.834     0.838      0.85      2.89     0.813         0
   208/299     7.81G         1     0.194         0       1.2        18       608     0.867     0.845     0.841     0.856      2.88      0.81         0
   209/299     7.81G     0.924     0.194         0      1.12         9       608     0.853     0.838     0.836     0.845      2.86     0.812         0
   210/299     7.81G     0.913     0.186         0       1.1        19       608     0.868     0.829     0.838     0.848      2.87     0.814         0
   211/299     7.81G     0.957     0.184         0      1.14        15       608     0.874     0.828     0.837     0.851      2.89     0.818         0
   212/299     7.81G     0.896     0.178         0      1.07         5       608     0.877     0.821     0.836     0.848      2.89     0.815         0
   213/299     7.81G     0.877     0.175         0      1.05        21       608     0.886     0.839     0.851     0.862      2.85     0.809         0
   214/299     7.81G      0.94      0.18         0      1.12        20       608     0.874     0.823     0.842     0.848      2.85     0.823         0
   215/299     7.81G     0.869     0.167         0      1.04         6       608     0.866     0.819     0.835     0.842      2.87     0.835         0
   216/299     7.81G     0.913     0.172         0      1.08        17       608     0.864     0.823     0.837     0.843      2.88     0.834         0
   217/299     7.81G     0.898     0.181         0      1.08        12       608      0.87     0.843     0.834     0.856      2.85     0.826         0
   218/299     7.81G      0.86     0.184         0      1.04         5       608     0.871     0.841     0.832     0.856      2.87     0.824         0
   219/299     7.81G     0.969     0.172         0      1.14        15       608     0.889     0.845     0.846     0.866      2.88     0.824         0
   220/299     7.81G      0.86     0.181         0      1.04        19       608     0.875     0.832     0.839     0.853      2.86     0.824         0
   221/299     7.81G     0.897     0.182         0      1.08         6       608     0.875     0.841     0.844     0.858      2.84     0.821         0
   222/299     7.81G     0.852     0.183         0      1.03        17       608      0.88     0.848      0.85     0.864      2.85     0.821         0
   223/299     7.81G      0.89      0.17         0      1.06        18       608     0.873      0.84     0.841     0.856      2.84     0.827         0
   224/299     7.81G      0.84     0.178         0      1.02         7       608     0.875     0.834      0.85     0.854      2.85     0.834         0
   225/299     7.81G     0.839     0.179         0      1.02        21       608     0.868     0.828     0.839     0.848      2.88     0.838         0
   226/299     7.81G     0.891      0.16         0      1.05        18       608     0.882     0.841     0.851     0.861      2.88     0.844         0
   227/299     7.81G     0.891     0.172         0      1.06         4       608     0.865     0.832     0.844     0.848      2.88      0.84         0
   228/299     7.81G     0.895     0.194         0      1.09        20       608     0.861     0.826     0.839     0.843      2.88      0.84         0
   229/299     7.81G     0.824     0.184         0      1.01        18       608     0.862     0.833     0.834     0.847      2.91     0.844         0
   230/299     7.81G     0.825     0.182         0      1.01         6       608     0.858     0.827     0.834     0.842       2.9     0.846         0
   231/299     7.81G     0.832     0.171         0         1        16       608     0.871     0.826      0.83     0.848       2.9     0.851         0
   232/299     7.81G     0.792      0.18         0     0.972        25       608     0.881     0.841     0.854     0.861      2.91     0.837         0
   233/299     7.81G     0.816     0.176         0     0.992         9       608     0.886     0.845     0.865     0.865      2.89     0.834         0
   234/299     7.81G     0.864     0.173         0      1.04        16       608     0.876     0.842     0.857     0.859      2.89     0.844         0
   235/299     7.81G     0.831     0.192         0      1.02        21       608     0.877     0.853     0.862     0.865      2.88     0.845         0
   236/299     7.81G     0.808     0.172         0      0.98         8       608     0.866     0.856     0.855     0.861      2.87     0.841         0
   237/299     7.81G     0.827     0.174         0         1        20       608     0.858     0.841     0.844      0.85      2.87     0.842         0
   238/299     7.81G     0.883     0.187         0      1.07        17       608     0.846     0.848     0.845     0.847      2.86     0.844         0
   239/299     7.81G     0.842     0.173         0      1.02         7       608      0.84     0.845     0.839     0.843      2.84     0.844         0
   240/299     7.81G     0.772     0.178         0      0.95        20       608     0.853     0.838     0.834     0.845      2.85     0.847         0
   241/299     7.81G     0.813     0.156         0     0.969        14       608      0.85     0.838     0.832     0.844      2.88     0.846         0
   242/299     7.81G     0.752     0.159         0     0.911         9       608     0.857     0.823      0.83      0.84      2.88     0.848         0
   243/299     7.81G     0.761     0.161         0     0.922        20       608     0.851     0.825     0.826     0.838       2.9     0.843         0
   244/299     7.81G     0.737     0.158         0     0.895        12       608     0.848     0.823     0.823     0.836       2.9     0.848         0
   245/299     7.81G     0.832     0.183         0      1.01         7       608     0.842      0.83     0.826     0.836      2.86     0.851         0
   246/299     7.81G     0.774     0.171         0     0.945        15       608     0.851     0.838     0.836     0.844      2.86      0.85         0
   247/299     7.81G      0.81     0.178         0     0.988        22       608      0.85     0.841     0.837     0.846      2.87     0.852         0
   248/299     7.81G     0.746     0.176         0     0.922        11       608     0.841     0.841     0.832     0.841      2.87     0.861         0
   249/299     7.81G     0.766     0.159         0     0.925        13       608     0.832     0.842      0.84     0.837      2.88     0.867         0
   250/299     7.81G     0.775     0.155         0      0.93        20       608     0.828     0.841     0.834     0.835      2.86     0.867         0
   251/299     7.81G     0.716     0.145         0     0.861         9       608     0.818     0.841     0.826      0.83      2.84      0.87         0
   252/299     7.81G     0.741     0.155         0     0.897        21       608     0.815     0.842     0.825     0.828      2.85      0.87         0
   253/299     7.81G     0.768     0.165         0     0.933        19       608     0.808     0.838     0.823     0.823      2.85     0.864         0
   254/299     7.81G      0.74      0.14         0     0.881         7       608      0.81     0.838     0.822     0.824      2.84     0.864         0
   255/299     7.81G     0.741     0.158         0     0.898        24       608      0.82     0.841      0.82      0.83      2.88     0.871         0
   256/299     7.81G     0.778     0.155         0     0.933        24       608     0.823     0.841     0.821     0.832      2.87     0.876         0
   257/299     7.81G     0.747     0.161         0     0.908         6       608     0.818     0.838     0.817     0.828      2.87     0.881         0
   258/299     7.81G      0.75     0.153         0     0.903        17       608     0.829     0.841     0.825     0.835      2.88     0.886         0
   259/299     7.81G     0.684     0.169         0     0.853        17       608     0.822     0.835     0.815     0.829      2.89     0.893         0
   260/299     7.81G      0.67     0.148         0     0.818         8       608     0.824     0.834     0.817     0.829      2.88     0.895         0
   261/299     7.81G     0.719     0.153         0     0.873        21       608     0.819     0.834     0.818     0.826      2.86     0.894         0
   262/299     7.81G      0.76     0.197         0     0.956        20       608     0.824     0.834     0.819     0.829      2.87     0.892         0
   263/299     7.81G     0.753     0.172         0     0.925        15       608     0.828     0.834     0.817     0.831      2.87     0.894         0
   264/299     7.81G     0.701     0.156         0     0.858        16       608     0.829     0.838     0.823     0.833      2.87     0.891         0
   265/299     7.81G     0.729     0.144         0     0.873        29       608     0.827     0.834     0.821      0.83      2.86     0.893         0
   266/299     7.81G     0.742     0.158         0     0.901         8       608     0.816      0.83     0.819     0.823      2.85     0.893         0
   267/299     7.81G     0.731     0.159         0      0.89        19       608     0.811     0.822     0.816     0.816      2.88     0.897         0
   268/299     7.81G     0.729     0.147         0     0.876        16       608     0.828     0.823     0.817     0.825      2.87     0.895         0
   269/299     7.81G     0.727     0.142         0     0.869         7       608     0.822     0.823     0.814     0.823       2.9     0.894         0
   270/299     7.81G     0.686     0.164         0     0.849        16       608     0.832     0.827     0.816     0.829      2.88      0.89         0
   271/299     7.81G     0.712     0.161         0     0.873        15       608     0.832     0.827     0.816     0.829      2.89     0.891         0
   272/299     7.81G     0.718     0.168         0     0.886         6       608     0.831     0.823     0.814     0.827       2.9     0.893         0
   273/299     7.81G     0.704     0.164         0     0.867        19       608     0.834     0.827      0.82      0.83       2.9     0.893         0
   274/299     7.81G     0.705     0.158         0     0.863        15       608     0.829     0.827      0.82     0.828       2.9     0.892         0
   275/299     7.81G     0.686     0.144         0      0.83        13       608     0.837     0.834     0.821     0.835      2.89     0.892         0
   276/299     7.81G     0.645     0.148         0     0.793        20       608     0.821     0.823      0.81     0.822       2.9     0.892         0
   277/299     7.81G     0.712     0.168         0      0.88        19       608     0.826     0.834     0.818      0.83      2.89      0.89         0
   278/299     7.81G     0.717      0.15         0     0.866         7       608     0.837     0.834     0.824     0.835      2.87     0.887         0
   279/299     7.81G     0.677     0.145         0     0.823        23       608     0.835      0.83     0.818     0.833      2.87     0.885         0
   280/299     7.81G     0.668     0.156         0     0.824        14       608     0.848     0.838     0.829     0.843      2.87     0.886         0
   281/299     7.81G     0.712     0.162         0     0.874         6       608     0.843     0.841     0.835     0.842      2.87     0.887         0
   282/299     7.81G     0.711     0.165         0     0.875        13       608     0.843     0.841     0.838     0.842      2.86      0.89         0
   283/299     7.81G     0.676     0.147         0     0.823        21       608     0.844     0.843     0.838     0.844      2.85     0.889         0
   284/299     7.81G     0.693     0.152         0     0.845         8       608     0.835     0.845     0.836      0.84      2.87     0.891         0
   285/299     7.81G     0.737     0.169         0     0.906        15       608     0.838     0.848     0.839     0.843      2.86     0.891         0
   286/299     7.81G     0.703     0.157         0      0.86        23       608     0.838     0.841     0.835      0.84      2.86     0.893         0
   287/299     7.81G     0.694     0.165         0     0.859        12       608     0.843     0.841     0.833     0.842      2.88     0.897         0
   288/299     7.81G     0.691     0.164         0     0.855        13       608     0.845     0.834     0.826     0.839      2.87     0.897         0
   289/299     7.81G      0.71     0.171         0      0.88        22       608     0.848     0.838     0.831     0.843      2.89     0.899         0
   290/299     7.81G     0.681     0.136         0     0.817         8       608     0.848     0.838     0.832     0.843      2.87     0.895         0
   291/299     7.81G     0.689     0.179         0     0.869        23       608     0.847     0.836     0.827     0.841      2.88     0.893         0
   292/299     7.81G     0.684     0.148         0     0.832        24       608     0.849     0.841     0.833     0.845      2.89     0.893         0
   293/299     7.81G     0.688     0.175         0     0.863         5       608     0.841      0.83     0.825     0.836      2.88     0.896         0
   294/299     7.81G     0.665     0.139         0     0.805        17       608     0.843     0.834     0.829     0.838      2.87     0.897         0
   295/299     7.81G     0.695     0.153         0     0.848        23       608     0.843     0.834      0.83     0.839      2.88     0.897         0
   296/299     7.81G     0.698     0.147         0     0.844         8       608     0.841      0.83     0.827     0.836      2.89     0.895         0
   297/299     7.81G     0.648     0.135         0     0.783        16       608     0.847     0.834     0.832      0.84      2.88     0.893         0
   298/299     7.81G     0.677     0.156         0     0.833        16       608      0.85      0.84     0.831     0.845      2.88     0.892         0
   299/299     7.81G     0.649     0.141         0      0.79         5       608     0.839      0.83     0.825     0.835      2.89     0.891         0
