[    0.67653]
[    0.83729           0     0.37654           0           0]
[    0.65945     0.73547           0           0           0]
[    0.77061           0           0]
[      0.825           0     0.69862           0]
[    0.34135    0.083434           0]
[    0.73177     0.59191     0.68295     0.53549     0.50935     0.58516     0.44926]
[    0.85553     0.76826     0.51519]
[    0.48659     0.51677]
[    0.67562           0]
[    0.63895           0           0           0           0]
[    0.79711           0           0]
[    0.64219     0.28345]
[      0.433]
[    0.73232]
[    0.57173     0.61473           0           0]
[    0.57927     0.78339           0     0.80863           0     0.59507]
[          0]
[     0.9003           0     0.10339           0]
[    0.35678     0.46892     0.52795           0]
[    0.54735     0.80462     0.40432     0.62387           0     0.66513]
[    0.84374]
[    0.44959     0.58518     0.61964]
[     0.5527     0.80096     0.49553      0.1126]
[    0.75694           0           0     0.32966     0.57808]
[    0.80177     0.86314           0           0     0.42342           0]
[          0      0.4674           0           0           0           0]
[    0.68923           0           0           0]
[    0.78242           0]
[    0.67836           0           0]
[    0.79854]
[    0.72919     0.60899     0.36513     0.36503           0           0           0           0           0           0]
[     0.7785     0.71956     0.54775           0]
[    0.86322     0.74703           0]
[    0.75568     0.81893           0           0]
[    0.77172           0     0.79184]
[    0.76053     0.59303]
[    0.71457           0     0.64863]
[    0.78002     0.78522     0.79787     0.52561]
[          0     0.29966]
[    0.57352           0           0           0           0]
[          0           0]
[    0.71285           0           0]
[    0.59364]
[    0.57236           0]
[    0.52202     0.31538     0.29386           0           0     0.69516     0.21138]
[    0.94468     0.45397           0           0           0]
[    0.69569]
[    0.28622    0.075527]
[    0.77427     0.82603     0.66072      0.2679           0]
[    0.79811     0.60541     0.59925]
[    0.60232           0]
[    0.64746           0           0           0           0]
[    0.50789     0.70946           0      0.2462]
[     0.7522     0.51508     0.68937     0.33601      0.3653     0.29577]
[    0.77279     0.72343           0           0]
[    0.49028     0.52462]
[    0.85741]
[     0.7714      0.7487     0.75395     0.66957     0.69956           0           0     0.61543     0.43927     0.40705     0.35322]
[    0.63967]
[    0.62042           0]
[    0.91384     0.63715     0.75234     0.66839]
[    0.50418           0]
[    0.17328     0.20071      0.5075    0.067046      0.4846           0]
[    0.89995]
[    0.47176     0.67372]
[    0.62867           0]
[    0.51534           0]
[    0.50345           0           0           0           0]
[    0.51469           0]
[    0.73348     0.38616           0]
[    0.59069     0.49988     0.61594     0.29937     0.35323     0.39108     0.31957]
[    0.89439]
[    0.50315           0     0.53067]
[    0.79083]
[     0.4921           0           0]
[    0.96171           0]
[    0.63091       0.826     0.59959           0    0.038893]
[    0.64152     0.57547     0.56447     0.53587           0     0.57828     0.62758     0.60971     0.52632     0.55053     0.33939           0]
[    0.66967      0.2945     0.50659           0]
[          0           0     0.41773           0           0     0.72194     0.33745]
[    0.52162           0           0     0.53542]
[    0.51109     0.76961    0.065851     0.34366     0.57984           0           0]
[    0.84112     0.84636           0           0           0]
[          0     0.53205           0     0.57626           0]
[    0.86622     0.83224           0           0           0]
[    0.63837      0.6815     0.49333]
[    0.69219]
[    0.62874     0.65288     0.70817     0.73184     0.49253           0]
[    0.51967           0           0]
[    0.83828     0.85944     0.76664           0           0     0.41301]
[    0.70828     0.61545     0.65924     0.89319     0.81035           0     0.81936     0.58517     0.43282]
[    0.66541     0.33656     0.61169     0.47344     0.50411           0     0.35435     0.34884]
[     0.7973     0.72553     0.82437]
[    0.61303           0     0.54469]
[     0.7037     0.73557     0.56455     0.47691]
[    0.87575     0.73325     0.59448           0           0           0           0           0]
[    0.61586     0.82974     0.65869     0.67637           0     0.54616       0.465]
[    0.67323     0.87306     0.75253    0.010689           0]
[    0.19523     0.57399]
