[    0.45724     0.69952     0.54184           0           0           0           0]
[    0.76208     0.56437           0           0]
[    0.81539     0.79412     0.78158     0.77677     0.79972           0     0.67155     0.67284           0           0]
[    0.79458           0     0.57891     0.08218           0]
[    0.73663     0.78716           0]
[    0.54496     0.66888     0.45694      0.4647           0           0     0.33545           0           0     0.29339]
[    0.93447           0           0           0           0           0           0      0.7858           0]
[    0.63682     0.42871           0           0           0]
[    0.82121     0.85538           0           0]
[    0.74985     0.62465           0           0     0.36661           0]
[    0.58974           0]
[    0.57942     0.47342     0.67048     0.62413           0           0     0.57326]
[    0.52977     0.53538     0.78759     0.43184     0.72972     0.68791     0.32779]
[    0.27628     0.29359     0.32699           0           0           0           0           0           0           0           0]
[    0.49122     0.40049     0.62471     0.57695           0      0.5399           0           0           0           0     0.72322]
[    0.88908     0.68122     0.88509     0.58636           0           0]
[    0.78862     0.61408     0.52572     0.40086     0.29232     0.32491     0.43106           0]
[    0.81696     0.77403     0.58073     0.57854     0.65218     0.63438]
[    0.74235     0.83019     0.66289     0.76462     0.77094      0.6547     0.35129]
[    0.66575           0           0           0]
[    0.65068           0           0]
[    0.68238     0.79926           0]
[    0.57099     0.22829     0.67501     0.41484     0.40187]
[    0.83759           0           0           0           0]
[    0.87952     0.83149     0.63545]
[    0.86346           0           0           0]
[    0.75743     0.76395     0.85249           0     0.76862     0.83232]
[    0.57683           0           0]
[      0.794     0.61969     0.42156     0.51141           0]
[    0.85935     0.73106     0.81141           0           0]
[    0.80186           0    0.028577]
[    0.60792]
[    0.51507     0.64941     0.42401           0     0.44948]
[    0.73579     0.85998     0.71497     0.67046     0.72475     0.28722      0.7283     0.80476]
[    0.92306     0.82255           0           0           0           0]
[          0     0.26019     0.72018           0           0           0           0           0]
[    0.81117     0.83895     0.63818           0     0.55898     0.32433]
[    0.39622     0.43343     0.46608     0.58959     0.56619           0           0           0     0.44633]
[    0.84516     0.81857           0           0           0]
[    0.62541      0.6416      0.5421]
[     0.8192     0.76697           0]
[    0.64496     0.66321      0.7172           0]
[    0.79523           0]
[    0.74645     0.74896      0.8228           0           0]
[    0.89521     0.79588     0.89433      0.7056     0.84365     0.86286           0           0]
[    0.50846     0.54303     0.57893     0.73851           0     0.52645]
[    0.69721     0.50747     0.55434     0.55237           0      0.4402      0.5964]
[    0.80848     0.52941           0]
[    0.58937     0.61341     0.38788]
[     0.7262     0.71931]
[    0.80173     0.49955     0.36704     0.62032           0]
[    0.84364      0.9021     0.71106           0           0]
[    0.83231     0.77959           0]
[    0.64262     0.67206     0.84075     0.51594    0.032531]
[    0.66894       0.685     0.92265           0           0           0           0           0]
[    0.52281     0.79426     0.74269     0.41497     0.57116]
[    0.76157     0.84349           0           0]
[    0.65452     0.56194     0.70005     0.38461     0.20446]
[    0.61011     0.53544     0.79855]
[    0.83567       0.659     0.82824     0.54371           0           0     0.65761]
[    0.76682     0.74611      0.7351     0.73336]
[    0.70749     0.89961     0.74844           0           0           0]
[    0.85134     0.79008     0.89619     0.83694]
[    0.45323     0.48867           0     0.62918           0]
[    0.59795     0.19191           0           0]
[    0.76327           0           0           0]
[    0.79631     0.71257     0.83025           0           0           0     0.49792]
[    0.69026     0.75861           0     0.79898      0.6612]
[    0.55509     0.46955     0.50538      0.2319     0.48621           0     0.33127           0]
[    0.87343     0.66589           0           0           0]
[     0.8261     0.86503]
[    0.78419     0.70859           0           0           0]
[    0.86009     0.41993     0.79071     0.74315]
[    0.74507     0.72094     0.52475     0.64757     0.76769     0.74021     0.46853      0.8637           0     0.60249]
[    0.70882           0           0           0           0           0]
[    0.75988     0.65573     0.54193     0.69393           0           0     0.78728           0]
[    0.41022     0.45052     0.55305      0.7834    0.094894     0.07699           0     0.13776]
[    0.90374     0.85198     0.84524     0.45563           0           0           0           0           0           0]
[    0.89622     0.62471           0]
[    0.68657     0.77749     0.81199]
[    0.91738     0.83911     0.84441]
[    0.68846     0.78667     0.71549           0           0           0      0.5846     0.48758           0           0      0.6622     0.47938]
[    0.80088     0.80439     0.90781      0.7912           0           0           0]
[    0.80697     0.72465      0.9024     0.65957           0     0.58907           0]
[    0.74522     0.80425]
[    0.82922     0.63603     0.90026     0.72635     0.70204           0]
[    0.77151     0.51995      0.6887           0]
[     0.5896     0.67603     0.21178           0    0.093657     0.68193]
[    0.51732           0           0           0]
[    0.66133     0.74814     0.89655     0.56606           0]
[     0.5072           0           0           0]
[    0.80506     0.88512     0.74152]
[    0.80953     0.53243     0.71884      0.4302     0.51987]
[    0.52749     0.69982      0.4655     0.75089]
[    0.86282     0.85983     0.84464     0.82893     0.79179     0.79784     0.83741     0.56567     0.49626     0.64193     0.56825     0.54871]
[    0.78215     0.82308     0.89103           0           0]
[    0.77804           0           0           0           0]
[    0.73268     0.73419           0           0]
[    0.82486     0.61572     0.55275           0           0     0.26166     0.30521]
[    0.75157      0.6994     0.65764     0.56685           0]
