     0/299     7.81G      8.02      32.7         0      40.7        23       608         0         0  0.000916         0         7      3.69         0
     1/299     7.81G      6.23      3.86         0      10.1        28       608         0         0  0.000385         0      5.64      3.55         0
     2/299     7.81G      5.38      3.19         0      8.58         7       608         0         0    0.0753         0      5.23      2.62         0
     3/299     7.81G      4.72      2.38         0       7.1        17       608     0.241     0.361     0.183     0.289      4.85      1.48         0
     4/299     7.81G      5.42      1.47         0       6.9        23       608     0.425     0.523     0.464     0.469      4.06      1.45         0
     5/299     7.81G      4.61      1.39         0      5.99         2       608     0.454     0.242     0.344     0.316      4.73      1.15         0
     6/299     7.81G      4.46       1.2         0      5.67        20       608     0.525     0.415     0.486     0.464       4.2      1.13         0
     7/299     7.81G      4.35      1.19         0      5.54        24       608      0.41      0.17     0.314      0.24      4.47      1.22         0
     8/299     7.81G      4.36      1.17         0      5.53         6       608    0.0311     0.578    0.0263     0.059      4.33      27.3         0
     9/299     7.81G      4.26       1.1         0      5.36        30       608     0.855     0.511     0.741     0.639      3.55      1.06         0
    10/299     7.81G       4.4      1.08         0      5.48        25       608      0.37     0.316     0.388     0.341      3.35      1.17         0
    11/299     7.81G      4.25      1.01         0      5.26         6       608     0.442     0.643     0.393     0.524      3.65      1.18         0
    12/299     7.81G      4.27     0.972         0      5.25        22       608      0.81     0.461     0.707     0.588      3.54      1.01         0
    13/299     7.81G      3.95      1.01         0      4.96        25       608     0.662     0.588     0.645     0.623      3.66     0.893         0
    14/299     7.81G      3.93      1.01         0      4.94         9       608     0.557     0.599      0.55     0.577      4.14     0.833         0
    15/299     7.81G      3.74     0.885         0      4.62        14       608       0.3      0.73     0.363     0.425      4.09     0.734         0
    16/299     7.81G      3.95      1.02         0      4.98        25       608     0.864     0.345     0.721     0.493      3.75      1.03         0
    17/299     7.81G      3.82     0.884         0      4.71         6       608     0.799     0.475       0.7     0.596      3.73     0.791         0
    18/299     7.81G         4     0.892         0       4.9        21       608     0.915     0.217     0.638      0.35      4.21     0.906         0
    19/299     7.81G      4.37     0.891         0      5.26        20       608     0.868    0.0477     0.467    0.0904      4.06      1.04         0
    20/299     7.81G      3.55     0.999         0      4.55        12       608     0.783      0.52     0.678     0.625      3.56     0.904         0
    21/299     7.81G      3.81     0.818         0      4.63        21       608     0.911     0.442     0.744     0.595       3.7     0.909         0
    22/299     7.81G      3.64     0.853         0      4.49        24       608     0.858     0.765     0.848     0.809      3.58     0.718         0
    23/299     7.81G      3.56     0.801         0      4.36         7       608     0.912     0.674     0.869     0.775      3.26     0.734         0
    24/299     7.81G       3.3     0.829         0      4.13        27       608     0.646     0.769     0.652     0.702      3.98     0.689         0
    25/299     7.81G      3.39       0.8         0      4.19        18       608     0.859     0.722     0.859     0.785      3.17      0.79         0
    26/299     7.81G      3.19     0.841         0      4.03         8       608     0.689     0.682     0.684     0.686      3.45     0.807         0
    27/299     7.81G      3.12     0.784         0      3.91        22       608      0.92     0.791     0.896     0.851      2.81     0.771         0
    28/299     7.81G      3.02     0.769         0      3.79        28       608     0.687      0.83     0.804     0.752      3.44     0.704         0
    29/299     7.81G      3.19     0.734         0      3.93        10       608     0.937     0.754     0.875     0.835      3.15     0.707         0
    30/299     7.81G      3.29     0.746         0      4.03        19       608      0.93     0.624     0.864     0.747      3.06     0.815         0
    31/299     7.81G      2.95     0.758         0      3.71        21       608      0.91     0.766      0.85     0.832      3.07     0.759         0
    32/299     7.81G      2.95     0.702         0      3.66        10       608     0.951     0.282     0.486     0.435      4.44       1.4         0
    33/299     7.81G      2.99     0.675         0      3.67        22       608     0.926     0.765     0.862     0.838      3.18     0.796         0
    34/299     7.81G      2.92     0.785         0       3.7        26       608     0.929     0.804     0.903     0.862      2.91     0.704         0
    35/299     7.81G      2.68      0.65         0      3.33         9       608      0.87     0.872     0.907     0.871      3.23     0.617         0
    36/299     7.81G      2.72     0.703         0      3.42        19       608     0.919     0.699     0.888     0.794      2.89      0.68         0
    37/299     7.81G      2.82     0.691         0      3.51        24       608      0.93     0.762     0.895     0.837      2.87     0.666         0
    38/299     7.81G      2.79      0.69         0      3.48        14       608     0.846     0.834     0.859      0.84      3.08     0.677         0
    39/299     7.81G      2.77     0.697         0      3.46        26       608     0.841     0.776     0.818     0.807      2.94     0.695         0
    40/299     7.81G       2.7      0.65         0      3.35        30       608     0.881      0.69     0.783     0.774      3.21     0.775         0
    41/299     7.81G      2.57     0.647         0      3.22         8       608     0.909     0.793     0.915     0.847      3.03     0.665         0
    42/299     7.81G      2.57     0.626         0      3.19        18       608     0.905     0.723     0.834     0.804      3.07     0.714         0
    43/299     7.81G      2.71     0.612         0      3.32        18       608     0.916     0.751     0.875     0.825      3.08     0.708         0
    44/299     7.81G      2.41      0.65         0      3.06        12       608     0.916     0.825     0.912     0.868      2.84     0.657         0
    45/299     7.81G       2.5     0.631         0      3.13        22       608     0.922     0.881     0.934     0.901      2.83      0.63         0
    46/299     7.81G      2.45     0.619         0      3.07        22       608     0.912     0.894     0.936     0.903      2.63     0.639         0
    47/299     7.81G      2.49     0.568         0      3.06         7       608     0.813     0.787     0.844       0.8      3.26     0.674         0
    48/299     7.81G      2.41     0.614         0      3.02        18       608     0.818     0.874     0.896     0.845      2.85     0.643         0
    49/299     7.81G      2.33     0.624         0      2.95        33       608     0.823     0.801     0.873     0.812      2.79     0.666         0
    50/299     7.81G      2.38     0.595         0      2.97        10       608     0.891     0.906     0.942     0.898      2.76     0.609         0
    51/299     7.81G      2.35     0.603         0      2.95        31       608     0.836      0.87     0.887     0.853      2.79     0.623         0
    52/299     7.81G      2.39      0.63         0      3.02        25       608     0.892     0.895     0.926     0.893      2.69     0.644         0
    53/299     7.81G      2.25     0.646         0       2.9         8       608     0.873     0.867     0.901      0.87      2.91     0.644         0
    54/299     7.81G      2.32      0.61         0      2.93        31       608     0.895     0.812     0.904     0.852      3.01     0.657         0
    55/299     7.81G      2.39     0.624         0      3.01        32       608     0.887       0.7     0.863     0.783      3.19     0.745         0
    56/299     7.81G      2.34     0.574         0      2.91        12       608     0.863     0.819      0.89     0.841      3.15     0.633         0
    57/299     7.81G      2.36     0.576         0      2.94        23       608      0.87     0.881     0.904     0.876      2.62     0.607         0
    58/299     7.81G      2.06     0.564         0      2.63        32       608     0.884     0.856      0.91      0.87      2.83     0.615         0
    59/299     7.81G      2.16     0.557         0      2.72         8       608     0.892     0.836     0.904     0.863      2.72     0.622         0
    60/299     7.81G      2.21     0.535         0      2.75        20       608     0.906     0.866     0.913     0.886      2.77     0.627         0
    61/299     7.81G      2.23      0.56         0      2.79        28       608     0.842     0.866     0.893     0.854      2.89     0.623         0
    62/299     7.81G      2.25     0.574         0      2.82         8       608     0.864     0.838     0.888     0.851      2.82      0.64         0
    63/299     7.81G      2.04     0.541         0      2.58        30       608     0.838     0.884     0.895      0.86      2.64     0.631         0
    64/299     7.81G      2.24     0.532         0      2.77        24       608     0.898     0.903     0.928       0.9      2.66     0.625         0
    65/299     7.81G      2.01     0.483         0       2.5         9       608     0.877     0.846     0.906     0.861      2.79     0.633         0
    66/299     7.81G      2.12     0.467         0      2.58        20       608     0.918     0.838     0.908     0.876      2.64     0.649         0
    67/299     7.81G      1.98     0.514         0       2.5        22       608     0.889     0.903     0.918     0.896      2.79     0.626         0
    68/299     7.81G      2.05     0.522         0      2.57        14       608     0.896     0.932     0.951     0.914      2.66     0.597         0
    69/299     7.81G      2.18     0.505         0      2.68        24       608     0.894     0.931     0.931     0.912      2.74     0.607         0
    70/299     7.81G      2.06     0.522         0      2.58        30       608     0.872     0.936     0.939     0.903      2.58     0.625         0
    71/299     7.81G      2.07      0.53         0       2.6         9       608     0.888     0.866     0.914     0.877      2.75     0.642         0
    72/299     7.81G      1.92     0.519         0      2.44        21       608     0.858      0.87     0.899     0.864      2.68     0.633         0
    73/299     7.81G      2.18     0.491         0      2.67        21       608     0.852     0.863     0.889     0.857      2.88     0.631         0
    74/299     7.81G      2.03     0.537         0      2.57         8       608     0.875     0.888     0.918     0.882      2.56     0.608         0
    75/299     7.81G       1.9      0.49         0      2.39        20       608     0.846     0.892     0.913     0.868       2.6     0.601         0
    76/299     7.81G      2.07       0.5         0      2.57        28       608     0.867     0.874     0.906      0.87      2.74     0.605         0
    77/299     7.81G      1.92     0.501         0      2.43         5       608     0.872     0.859      0.91     0.866       2.5     0.609         0
    78/299     7.81G      2.02     0.474         0      2.49        24       608     0.888     0.885     0.923     0.886      2.68     0.603         0
    79/299     7.81G      1.87     0.483         0      2.35        33       608     0.845     0.867     0.889     0.856      2.64     0.602         0
    80/299     7.81G      1.97     0.454         0      2.42         8       608     0.883      0.91     0.936     0.896      2.62     0.594         0
    81/299     7.81G      1.81     0.446         0      2.25        29       608     0.929     0.897     0.946     0.913      2.57      0.59         0
    82/299     7.81G      1.93     0.478         0      2.41        18       608     0.935     0.881     0.938     0.907      2.64     0.609         0
    83/299     7.81G      1.91     0.485         0      2.39        11       608     0.922     0.884     0.935     0.903      2.66     0.591         0
    84/299     7.81G      1.89     0.444         0      2.33        31       608     0.901      0.89     0.919     0.895      2.56     0.602         0
    85/299     7.81G       1.9     0.458         0      2.36        22       608     0.893     0.903      0.93     0.898      2.64     0.614         0
    86/299     7.81G      1.74      0.46         0       2.2         7       608     0.856     0.888     0.898     0.872      2.57     0.622         0
    87/299     7.81G      1.71     0.455         0      2.17        26       608      0.88     0.884     0.912     0.882      2.45     0.599         0
    88/299     7.81G      1.86     0.453         0      2.31        26       608     0.927     0.873     0.916       0.9      2.58     0.611         0
    89/299     7.81G      1.98     0.458         0      2.44         7       608     0.925     0.887     0.929     0.905      2.68     0.621         0
    90/299     7.81G      1.78     0.465         0      2.25        27       608     0.892     0.862     0.917     0.877      2.53     0.628         0
    91/299     7.81G      1.88     0.482         0      2.36        23       608     0.885     0.893     0.904     0.889      2.68     0.635         0
    92/299     7.81G      1.61     0.437         0      2.05         5       608     0.881     0.892     0.915     0.886      2.52     0.611         0
    93/299     7.81G       1.8     0.444         0      2.25        21       608     0.896     0.884     0.928      0.89      2.67     0.618         0
    94/299     7.81G      1.78     0.436         0      2.21        13       608       0.9     0.878      0.91     0.889      2.45     0.611         0
    95/299     7.81G      1.78      0.43         0      2.21         4       608     0.909     0.866     0.915     0.887      2.61      0.63         0
    96/299     7.81G      1.84     0.489         0      2.33        27       608     0.875     0.877       0.9     0.876      2.63     0.636         0
    97/299     7.81G      1.78     0.462         0      2.24        26       608     0.881     0.879     0.914      0.88      2.54     0.629         0
    98/299     7.81G      1.82     0.433         0      2.25        10       608     0.887     0.875     0.906     0.881      2.78     0.623         0
    99/299     7.81G      1.71     0.423         0      2.13        20       608     0.893     0.888     0.922      0.89      2.51     0.602         0
   100/299     7.81G      1.77     0.431         0      2.21        25       608     0.907     0.876     0.913     0.891      2.62     0.608         0
   101/299     7.81G      1.61     0.429         0      2.04         6       608     0.901     0.886     0.915     0.893      2.61     0.613         0
   102/299     7.81G      1.58     0.431         0      2.01        20       608     0.874     0.903     0.928     0.888       2.5     0.604         0
   103/299     7.81G       1.7     0.421         0      2.12        22       608     0.885     0.916      0.93       0.9      2.49     0.595         0
   104/299     7.81G      1.73     0.414         0      2.14        10       608     0.916      0.91     0.934     0.913      2.45     0.608         0
   105/299     7.81G      1.55      0.42         0      1.97        18       608     0.925     0.936     0.948     0.931      2.37     0.583         0
   106/299     7.81G      1.59     0.412         0         2        21       608     0.886     0.935      0.94      0.91      2.56     0.584         0
   107/299     7.81G      1.63     0.407         0      2.03         8       608     0.882     0.931     0.938     0.906      2.43     0.596         0
   108/299     7.81G      1.58     0.436         0      2.02        24       608     0.897     0.914     0.927     0.905      2.53     0.597         0
   109/299     7.81G      1.56     0.394         0      1.95        22       608     0.902      0.91     0.929     0.906      2.45     0.603         0
   110/299     7.81G      1.62     0.416         0      2.04        12       608     0.877     0.935     0.934     0.905      2.49     0.606         0
   111/299     7.81G      1.58     0.357         0      1.94        18       608     0.892     0.953     0.953     0.922      2.44     0.597         0
   112/299     7.81G      1.68     0.398         0      2.08        13       608     0.905     0.924     0.937     0.915      2.47     0.593         0
   113/299     7.81G      1.56     0.425         0      1.98         9       608     0.892     0.921     0.927     0.906      2.64     0.599         0
   114/299     7.81G      1.57     0.403         0      1.97        18       608     0.887     0.906     0.914     0.896      2.47     0.602         0
   115/299     7.81G      1.48     0.374         0      1.86        14       608     0.873     0.896     0.911     0.885      2.54     0.608         0
   116/299     7.81G      1.53     0.379         0      1.91         4       608     0.907     0.916     0.932     0.912      2.46       0.6         0
   117/299     7.81G      1.57     0.399         0      1.97        23       608     0.884     0.917     0.925       0.9      2.49     0.598         0
   118/299     7.81G      1.46     0.361         0      1.82        23       608     0.907     0.924     0.936     0.916      2.43     0.601         0
   119/299     7.81G      1.51     0.402         0      1.91         8       608     0.897     0.915     0.924     0.906       2.5     0.594         0
   120/299     7.81G       1.5     0.386         0      1.89        17       608     0.914     0.917     0.926     0.915      2.46      0.59         0
   121/299     7.81G      1.36     0.383         0      1.74        24       608       0.9     0.931     0.949     0.915      2.33     0.588         0
   122/299     7.81G      1.48      0.39         0      1.87         8       608     0.882     0.928     0.936     0.904      2.51     0.592         0
   123/299     7.81G      1.42     0.366         0      1.79        19       608     0.903     0.935     0.954     0.919      2.33     0.597         0
   124/299     7.81G      1.52     0.393         0      1.91        18       608     0.932     0.935     0.956     0.933      2.47     0.598         0
   125/299     7.81G      1.47     0.374         0      1.84        13       608     0.914     0.917     0.945     0.916      2.35     0.602         0
   126/299     7.81G      1.42      0.35         0      1.77        20       608     0.904     0.931     0.946     0.918      2.49     0.604         0
   127/299     7.81G      1.53     0.393         0      1.92        28       608     0.901     0.913     0.935     0.907      2.35     0.594         0
   128/299     7.81G      1.32     0.384         0       1.7         5       608     0.883     0.926     0.938     0.904      2.34       0.6         0
   129/299     7.81G      1.33     0.338         0      1.67        26       608     0.861     0.917     0.926     0.888      2.45     0.606         0
   130/299     7.81G      1.37     0.352         0      1.72        26       608     0.893     0.906     0.927       0.9      2.34     0.607         0
   131/299     7.81G      1.26     0.356         0      1.61        16       608     0.886     0.892     0.909     0.889      2.38     0.624         0
   132/299     7.81G      1.33     0.359         0      1.69        23       608     0.903     0.906     0.924     0.905      2.42     0.614         0
   133/299     7.81G      1.38     0.385         0      1.77        24       608     0.905     0.899     0.925     0.902      2.39      0.62         0
   134/299     7.81G      1.29     0.343         0      1.63         6       608     0.907     0.914     0.934     0.911      2.37     0.611         0
   135/299     7.81G      1.47     0.389         0      1.86        21       608     0.905     0.903     0.929     0.904      2.41     0.603         0
   136/299     7.81G      1.24     0.329         0      1.57        19       608     0.909     0.913     0.933     0.911      2.46     0.598         0
   137/299     7.81G      1.47     0.382         0      1.85        10       608     0.898     0.903     0.919       0.9      2.47     0.614         0
   138/299     7.81G      1.26     0.357         0      1.62        24       608     0.904     0.918     0.941     0.911      2.45     0.608         0
   139/299     7.81G      1.32     0.332         0      1.66        24       608     0.911      0.92     0.941     0.916      2.41     0.614         0
   140/299     7.81G      1.37     0.328         0       1.7         6       608     0.922     0.917     0.942      0.92      2.43     0.632         0
   141/299     7.81G      1.25     0.377         0      1.63        33       608     0.893     0.908     0.919     0.901      2.34     0.619         0
   142/299     7.81G      1.38     0.333         0      1.71        22       608     0.889     0.917     0.932     0.903      2.55     0.622         0
   143/299     7.81G      1.28     0.337         0      1.62         9       608     0.906     0.917     0.931     0.911      2.31     0.616         0
   144/299     7.81G      1.26     0.336         0       1.6        14       608     0.897     0.899     0.922     0.898      2.34     0.622         0
   145/299     7.81G      1.29     0.361         0      1.66        18       608     0.896     0.903      0.92     0.899      2.43     0.631         0
   146/299     7.81G      1.19     0.337         0      1.52         6       608     0.917     0.915     0.933     0.916      2.34     0.626         0
   147/299     7.81G      1.28     0.359         0      1.63        22       608     0.913     0.931     0.945     0.922      2.38     0.609         0
   148/299     7.81G      1.33     0.318         0      1.65        27       608     0.901      0.92     0.938      0.91       2.4     0.628         0
   149/299     7.81G      1.37      0.32         0      1.69         9       608      0.91     0.921     0.936     0.915      2.39     0.629         0
   150/299     7.81G      1.18      0.33         0      1.51        24       608     0.917     0.921     0.943     0.919      2.37      0.62         0
   151/299     7.81G       1.2     0.354         0      1.56        20       608     0.927     0.875     0.936     0.901      2.38     0.624         0
   152/299     7.81G      1.25     0.319         0      1.57        11       608     0.922     0.856     0.932     0.888      2.42     0.614         0
   153/299     7.81G      1.19     0.304         0      1.49        23       608     0.912     0.898     0.945     0.905      2.33     0.601         0
   154/299     7.81G      1.29     0.314         0      1.61        26       608     0.923     0.913     0.952     0.918      2.39     0.615         0
   155/299     7.81G      1.09     0.295         0      1.39         2       608     0.919     0.917     0.941     0.918      2.33     0.618         0
   156/299     7.81G      1.19      0.33         0      1.52        19       608      0.92     0.913     0.935     0.916       2.4     0.628         0
   157/299     7.81G      1.12     0.301         0      1.42        22       608     0.927     0.915     0.942     0.921      2.34     0.624         0
   158/299     7.81G      1.19     0.321         0      1.51        11       608     0.917      0.92     0.942     0.918       2.4     0.628         0
   159/299     7.81G      1.17     0.312         0      1.48        24       608      0.92     0.914     0.939     0.917      2.34     0.618         0
   160/299     7.81G      1.21     0.305         0      1.52        28       608     0.913     0.912     0.938     0.913      2.36     0.622         0
   161/299     7.81G      1.15     0.305         0      1.45         7       608     0.898     0.899     0.931     0.898      2.42     0.615         0
   162/299     7.81G      1.17     0.286         0      1.46        31       608     0.889     0.906     0.926     0.898      2.38     0.613         0
   163/299     7.81G       1.1     0.297         0      1.39        30       608     0.901     0.913     0.931     0.907      2.36     0.617         0
   164/299     7.81G      1.09     0.316         0      1.41        10       608     0.894     0.914     0.938     0.904      2.31     0.613         0
   165/299     7.81G      1.19     0.301         0      1.49        22       608     0.904     0.923      0.95     0.914      2.42     0.619         0
   166/299     7.81G       1.1     0.308         0      1.41        21       608     0.909     0.943     0.958     0.926       2.3     0.614         0
   167/299     7.81G      1.12     0.323         0      1.44        11       608     0.909     0.953     0.954     0.931      2.33     0.615         0
   168/299     7.81G      1.16      0.31         0      1.47        20       608     0.923      0.95     0.958     0.936      2.34     0.611         0
   169/299     7.81G      1.11     0.308         0      1.42        23       608     0.917     0.935      0.95     0.926      2.39     0.618         0
   170/299     7.81G      1.16     0.307         0      1.47        11       608     0.917     0.924     0.939     0.921       2.4     0.613         0
   171/299     7.81G      1.11     0.301         0      1.41        20       608     0.911     0.923     0.939     0.917       2.4      0.61         0
   172/299     7.81G      1.11      0.32         0      1.43        23       608     0.909     0.924     0.941     0.916      2.38     0.607         0
   173/299     7.81G      1.03     0.303         0      1.33        10       608     0.901     0.921     0.938     0.911      2.37     0.608         0
   174/299     7.81G      1.04     0.262         0       1.3        18       608     0.896     0.929     0.944     0.912       2.4     0.621         0
   175/299     7.81G      1.08     0.287         0      1.37        20       608     0.902     0.927     0.937     0.914      2.38      0.63         0
   176/299     7.81G      1.01     0.278         0      1.29         7       608     0.897     0.915     0.927     0.906      2.37     0.631         0
   177/299     7.81G      0.97      0.29         0      1.26        16       608     0.899     0.917     0.939     0.908       2.4     0.639         0
   178/299     7.81G      1.02     0.264         0      1.28        29       608     0.892     0.917     0.938     0.904      2.35     0.642         0
   179/299     7.81G      1.01     0.283         0      1.29        10       608     0.876     0.921     0.935     0.898      2.36     0.649         0
   180/299     7.81G      1.02     0.284         0      1.31        21       608      0.88     0.931     0.946     0.905      2.42     0.656         0
   181/299     7.81G      1.03     0.309         0      1.34        25       608     0.874     0.931     0.933     0.902      2.35     0.654         0
   182/299     7.81G      1.03     0.277         0      1.31         5       608      0.87     0.924     0.935     0.896      2.41     0.667         0
   183/299     7.81G      1.01     0.293         0      1.31        21       608     0.873     0.916     0.932     0.894      2.42     0.668         0
   184/299     7.81G      1.01     0.221         0      1.23        18       608     0.873     0.914     0.935     0.893       2.4      0.67         0
   185/299     7.81G     0.968     0.277         0      1.25         9       608     0.887     0.913     0.941       0.9      2.35     0.662         0
   186/299     7.81G     0.912     0.262         0      1.17        24       608     0.908      0.91     0.949     0.909      2.38     0.661         0
   187/299     7.81G     0.955     0.272         0      1.23        22       608     0.906      0.91     0.943     0.908      2.34     0.654         0
   188/299     7.81G     0.971     0.276         0      1.25         5       608     0.902     0.913      0.95     0.907      2.36     0.658         0
   189/299     7.81G      0.92     0.255         0      1.17        24       608     0.893     0.932     0.953     0.912      2.35     0.662         0
   190/299     7.81G     0.936     0.264         0       1.2        22       608     0.889     0.931     0.943      0.91      2.35     0.668         0
   191/299     7.81G     0.901      0.28         0      1.18        15       608     0.893     0.928     0.936      0.91      2.36     0.675         0
   192/299     7.81G     0.911     0.261         0      1.17        25       608     0.885      0.92     0.926     0.902      2.36     0.684         0
   193/299     7.81G     0.901     0.253         0      1.15        24       608     0.892     0.917     0.928     0.904      2.39     0.685         0
   194/299     7.81G     0.897      0.25         0      1.15        10       608      0.89     0.913     0.926     0.901      2.38     0.691         0
   195/299     7.81G     0.908     0.259         0      1.17        20       608     0.891     0.912     0.929     0.901      2.36     0.684         0
   196/299     7.81G      0.91     0.266         0      1.18        20       608     0.901     0.913      0.93     0.907      2.38     0.681         0
   197/299     7.81G     0.914     0.266         0      1.18         9       608     0.892      0.91      0.93     0.901      2.37     0.678         0
   198/299     7.81G      0.85     0.272         0      1.12        32       608     0.894     0.913     0.933     0.904      2.36     0.675         0
   199/299     7.81G     0.897     0.291         0      1.19        27       608     0.891      0.91     0.924       0.9      2.37     0.675         0
   200/299     7.81G     0.875     0.239         0      1.11         6       608     0.895     0.913     0.926     0.904      2.37      0.68         0
   201/299     7.81G     0.857     0.269         0      1.13        27       608     0.899     0.932     0.942     0.915      2.36     0.686         0
   202/299     7.81G     0.862     0.247         0      1.11        23       608     0.889     0.927     0.941     0.908      2.39     0.698         0
   203/299     7.81G     0.921     0.254         0      1.17         7       608     0.895     0.931     0.939     0.913      2.37     0.697         0
   204/299     7.81G     0.797      0.23         0      1.03        19       608     0.901     0.928     0.936     0.914      2.38     0.704         0
   205/299     7.81G     0.842     0.253         0      1.09        27       608     0.907     0.918     0.936     0.913      2.35     0.705         0
   206/299     7.81G     0.897     0.263         0      1.16         7       608     0.901     0.925     0.936     0.913      2.36       0.7         0
   207/299     7.81G     0.792     0.238         0      1.03        22       608     0.904     0.935     0.939     0.919      2.33     0.691         0
   208/299     7.81G     0.816     0.248         0      1.06        31       608     0.906     0.939     0.943     0.922      2.33     0.687         0
   209/299     7.81G     0.874     0.267         0      1.14         8       608     0.905     0.935     0.936      0.92      2.33     0.687         0
   210/299     7.81G      0.82     0.234         0      1.05        26       608     0.897     0.921     0.938     0.909      2.37      0.69         0
   211/299     7.81G     0.858     0.284         0      1.14        19       608     0.897     0.916     0.937     0.907      2.34     0.692         0
   212/299     7.81G     0.853     0.271         0      1.12         9       608     0.896     0.903     0.931     0.899      2.36      0.69         0
   213/299     7.81G     0.828     0.225         0      1.05        16       608     0.896     0.903     0.936     0.899      2.36     0.691         0
   214/299     7.81G     0.801     0.249         0      1.05        20       608     0.902      0.91     0.933     0.906      2.35     0.691         0
   215/299     7.81G     0.802      0.25         0      1.05        15       608     0.914     0.919     0.938     0.917      2.34     0.688         0
   216/299     7.81G     0.822     0.228         0      1.05        17       608     0.924     0.923     0.948     0.924      2.32     0.688         0
   217/299     7.81G     0.828      0.24         0      1.07        29       608     0.914     0.921     0.946     0.918      2.33     0.688         0
   218/299     7.81G     0.805     0.231         0      1.04         5       608     0.918     0.928     0.948     0.923      2.33     0.688         0
   219/299     7.81G     0.807     0.235         0      1.04        21       608     0.914     0.935     0.954     0.924      2.35      0.69         0
   220/299     7.81G     0.761     0.204         0     0.965        17       608     0.902     0.931     0.948     0.917      2.33     0.688         0
   221/299     7.81G     0.811     0.251         0      1.06        16       608       0.9     0.931     0.942     0.915      2.33     0.689         0
   222/299     7.81G     0.772     0.251         0      1.02        23       608     0.902     0.939     0.942      0.92      2.34     0.695         0
   223/299     7.81G     0.789     0.234         0      1.02        24       608     0.907     0.939     0.947     0.922      2.34     0.697         0
   224/299     7.81G     0.781     0.226         0      1.01         5       608     0.905     0.932     0.947     0.918      2.33     0.706         0
   225/299     7.81G      0.76     0.248         0      1.01        36       608       0.9     0.921      0.94      0.91      2.34     0.712         0
   226/299     7.81G     0.759     0.224         0     0.984        22       608     0.894     0.912     0.938     0.903      2.32     0.714         0
   227/299     7.81G     0.739      0.23         0     0.969         8       608     0.889     0.913      0.93     0.901      2.32     0.722         0
   228/299     7.81G     0.784     0.255         0      1.04        24       608     0.893     0.924      0.94     0.908      2.35     0.729         0
   229/299     7.81G     0.749     0.222         0      0.97        21       608     0.889     0.917     0.937     0.903      2.33     0.732         0
   230/299     7.81G     0.738     0.217         0     0.956         7       608     0.895     0.924      0.94     0.909      2.33     0.735         0
   231/299     7.81G     0.752     0.228         0      0.98        26       608     0.895     0.927      0.94     0.911      2.34     0.737         0
   232/299     7.81G     0.785     0.222         0      1.01        23       608     0.903     0.935     0.946     0.919      2.33     0.731         0
   233/299     7.81G     0.758     0.249         0      1.01         6       608      0.89     0.928     0.941     0.909      2.33     0.728         0
   234/299     7.81G     0.764     0.207         0     0.971        24       608     0.889     0.924     0.938     0.907      2.33      0.73         0
   235/299     7.81G     0.722     0.241         0     0.962        27       608     0.885     0.924     0.939     0.904      2.32     0.725         0
   236/299     7.81G     0.687      0.22         0     0.906        11       608     0.884     0.931     0.939     0.907      2.31      0.72         0
   237/299     7.81G     0.711     0.226         0     0.937        32       608      0.89     0.935     0.944     0.912      2.31     0.718         0
   238/299     7.81G     0.718     0.222         0     0.939        25       608     0.887     0.924     0.937     0.905      2.31     0.718         0
   239/299     7.81G     0.736     0.243         0     0.979         7       608     0.889     0.924     0.939     0.906      2.31     0.719         0
   240/299     7.81G     0.714     0.241         0     0.955        39       608     0.882     0.924     0.939     0.903      2.31      0.72         0
   241/299     7.81G     0.662     0.198         0      0.86        16       608     0.883     0.924     0.931     0.903      2.31      0.72         0
   242/299     7.81G     0.704     0.223         0     0.927         9       608     0.887     0.931     0.939     0.908      2.31     0.722         0
   243/299     7.81G     0.707       0.2         0     0.906        26       608     0.894     0.931     0.944     0.912      2.32     0.728         0
   244/299     7.81G     0.725     0.222         0     0.948        30       608     0.891     0.928     0.945     0.909      2.33     0.728         0
   245/299     7.81G     0.664     0.224         0     0.888         5       608     0.885     0.921     0.937     0.903      2.32     0.728         0
   246/299     7.81G     0.696     0.235         0     0.932        25       608     0.892     0.921      0.94     0.906      2.33     0.728         0
   247/299     7.81G     0.707     0.203         0      0.91        27       608     0.889     0.917      0.94     0.903      2.34     0.728         0
   248/299     7.81G     0.706     0.232         0     0.938        12       608     0.885     0.916     0.938       0.9      2.33     0.723         0
   249/299     7.81G     0.646     0.212         0     0.858        20       608     0.888     0.921     0.943     0.904      2.35     0.723         0
   250/299     7.81G       0.7     0.223         0     0.924        31       608     0.882     0.919     0.938       0.9      2.34     0.722         0
   251/299     7.81G     0.716      0.22         0     0.936         5       608     0.882     0.917     0.937     0.899      2.34     0.724         0
   252/299     7.81G     0.685     0.215         0       0.9        26       608     0.881     0.924     0.937     0.902      2.33     0.725         0
   253/299     7.81G     0.704     0.188         0     0.891        19       608     0.883     0.928     0.937     0.905      2.32     0.727         0
   254/299     7.81G     0.625     0.202         0     0.827         6       608     0.887     0.924     0.937     0.905      2.31     0.729         0
   255/299     7.81G     0.666     0.197         0     0.863        24       608     0.893     0.928     0.938      0.91      2.32     0.732         0
   256/299     7.81G     0.676     0.215         0     0.891        29       608     0.891     0.919     0.937     0.905      2.31     0.733         0
   257/299     7.81G     0.656     0.208         0     0.865        11       608     0.891     0.918     0.941     0.905      2.31     0.735         0
   258/299     7.81G     0.666       0.2         0     0.867        21       608     0.889     0.917     0.942     0.903      2.31      0.74         0
   259/299     7.81G     0.648     0.212         0      0.86        20       608     0.887     0.917     0.946     0.902      2.32     0.744         0
   260/299     7.81G     0.658     0.197         0     0.855         9       608     0.885     0.919     0.946     0.902      2.32      0.75         0
   261/299     7.81G      0.66     0.219         0      0.88        29       608      0.88     0.922     0.942       0.9      2.31     0.754         0
   262/299     7.81G     0.751      0.22         0     0.971        27       608     0.882     0.919     0.942       0.9      2.32     0.759         0
   263/299     7.81G     0.625     0.206         0     0.831        13       608     0.883     0.917     0.942       0.9      2.32      0.76         0
   264/299     7.81G     0.644     0.217         0     0.861        19       608     0.893     0.931     0.951     0.912      2.32     0.759         0
   265/299     7.81G     0.681     0.205         0     0.886        32       608     0.892     0.927     0.945     0.909      2.31      0.76         0
   266/299     7.81G     0.643     0.197         0      0.84        17       608     0.896     0.924     0.945      0.91      2.32     0.763         0
   267/299     7.81G     0.662     0.211         0     0.873        23       608     0.902     0.928     0.948     0.915      2.32     0.765         0
   268/299     7.81G     0.656     0.194         0      0.85        22       608     0.894     0.917     0.937     0.905      2.31     0.763         0
   269/299     7.81G     0.691     0.215         0     0.906        14       608       0.9     0.921      0.94      0.91      2.32     0.762         0
   270/299     7.81G     0.667     0.223         0      0.89        27       608     0.894     0.914     0.937     0.904      2.32      0.76         0
   271/299     7.81G     0.727     0.198         0     0.924        19       608     0.887     0.905     0.933     0.896      2.33     0.761         0
   272/299     7.81G     0.639     0.208         0     0.847         7       608     0.897     0.917      0.94     0.907      2.33     0.763         0
   273/299     7.81G      0.64     0.199         0     0.839        28       608     0.892     0.913     0.936     0.903      2.33     0.762         0
   274/299     7.81G     0.637     0.212         0     0.849        28       608     0.895     0.928     0.948     0.911      2.34     0.759         0
   275/299     7.81G     0.651     0.208         0     0.859        10       608     0.893     0.931     0.947     0.912      2.32      0.76         0
   276/299     7.81G     0.645     0.224         0     0.869        29       608     0.883     0.924     0.943     0.903      2.33     0.765         0
   277/299     7.81G     0.633     0.223         0     0.855        19       608     0.886     0.923     0.943     0.904      2.32     0.766         0
   278/299     7.81G     0.645     0.218         0     0.863         9       608     0.886     0.921     0.944     0.903      2.33     0.768         0
   279/299     7.81G     0.625     0.188         0     0.813        28       608     0.889     0.924     0.945     0.906      2.33     0.769         0
   280/299     7.81G     0.644     0.193         0     0.837        22       608     0.886     0.924     0.944     0.904      2.31     0.767         0
   281/299     7.81G     0.663     0.201         0     0.864         8       608     0.886     0.923     0.944     0.904      2.32      0.77         0
   282/299     7.81G     0.659     0.209         0     0.868        21       608     0.887     0.921     0.944     0.904      2.32     0.768         0
   283/299     7.81G     0.666     0.212         0     0.878        24       608     0.888     0.918     0.937     0.903      2.31     0.768         0
   284/299     7.81G     0.631     0.203         0     0.834        12       608     0.895     0.921     0.946     0.908      2.31     0.767         0
   285/299     7.81G     0.612     0.192         0     0.804        16       608     0.891     0.913     0.929     0.902      2.31     0.768         0
   286/299     7.81G     0.634     0.202         0     0.836        29       608     0.895     0.921      0.94     0.907      2.32     0.768         0
   287/299     7.81G     0.641     0.191         0     0.832         9       608     0.888     0.918     0.936     0.903      2.32     0.767         0
   288/299     7.81G     0.591     0.196         0     0.788        30       608     0.893     0.917     0.936     0.905      2.33     0.768         0
   289/299     7.81G     0.596      0.19         0     0.786        26       608     0.891     0.921     0.939     0.905      2.32     0.769         0
   290/299     7.81G      0.63     0.193         0     0.823         8       608     0.892     0.921     0.939     0.906      2.32     0.771         0
   291/299     7.81G     0.635     0.215         0      0.85        17       608     0.894     0.928      0.94     0.911      2.32     0.771         0
   292/299     7.81G     0.637     0.208         0     0.845        21       608     0.898     0.931      0.94     0.915      2.31     0.771         0
   293/299     7.81G     0.598     0.168         0     0.767        10       608     0.892     0.924     0.929     0.908       2.3      0.77         0
   294/299     7.81G     0.594     0.184         0     0.778        28       608     0.891     0.928     0.937     0.909      2.31      0.77         0
   295/299     7.81G     0.604     0.206         0      0.81        23       608     0.889     0.924     0.928     0.906      2.31     0.767         0
   296/299     7.81G     0.639     0.186         0     0.825        11       608     0.892     0.927     0.942     0.909       2.3     0.765         0
   297/299     7.81G     0.626     0.209         0     0.835        20       608     0.893     0.928     0.947      0.91      2.31     0.767         0
   298/299     7.81G     0.608     0.186         0     0.794        21       608     0.881     0.921     0.935       0.9      2.31     0.765         0
   299/299     7.81G      0.62     0.201         0      0.82        12       608      0.89     0.924     0.942     0.907      2.31     0.765         0
