[    0.56961      0.5318     0.52492           0           0     0.51045]
[    0.90232     0.62044           0           0]
[    0.84262     0.83302     0.85626       0.821     0.73122           0     0.74159      0.7277           0           0     0.36666     0.30035     0.82705      0.4797     0.53584     0.53011]
[    0.80092     0.69441     0.44445]
[    0.81381     0.66014      0.7734]
[    0.63149     0.63285     0.69598     0.67029     0.71945     0.36249     0.10972     0.48674           0     0.26197]
[    0.91264           0           0           0           0           0           0           0]
[    0.55167     0.71855     0.83587]
[     0.8558      0.8991           0           0           0     0.44694           0           0           0]
[    0.77256      0.5868           0           0           0     0.43868           0]
[    0.63099           0     0.42985     0.56855           0           0]
[    0.62619     0.70239      0.6903     0.54745      0.6196           0           0           0           0]
[    0.95931     0.86009     0.92718     0.81995]
[    0.59499     0.39065     0.40322     0.31416           0     0.36991           0     0.48027     0.18142           0           0     0.39503]
[    0.46145     0.66635     0.69509     0.73818           0     0.70786           0     0.47298     0.69221           0           0           0     0.50012]
[    0.91417     0.87511      0.7144     0.78705]
[    0.63669     0.75614     0.66215     0.57227      0.6066     0.64365]
[    0.86371     0.75163     0.55308     0.80157           0     0.69844]
[    0.77354     0.81319     0.71024     0.72072     0.81137           0           0     0.55882     0.71586     0.62589           0     0.73773]
[     0.7659           0     0.67184      0.4694           0]
[    0.58397           0           0     0.33224]
[    0.84942     0.76417     0.56668     0.66771]
[    0.79138     0.85149     0.79481           0           0    0.091886]
[    0.90019           0           0           0           0]
[    0.92707     0.82286     0.82139]
[    0.95233           0]
[    0.90997      0.9316     0.98396     0.87637     0.67986     0.75167]
[    0.95273           0           0           0     0.80733           0           0           0           0]
[    0.81227     0.58967     0.76507           0]
[    0.87397     0.91327     0.90875     0.89474           0           0]
[    0.76075           0]
[    0.84027           0           0]
[    0.74819     0.67899     0.46662      0.4436           0           0]
[    0.88011     0.87735     0.81651     0.83841     0.44972      0.6987           0]
[     0.8679     0.81933           0           0           0           0           0           0           0]
[    0.57521     0.29904           0           0           0           0           0           0     0.56752]
[    0.89907     0.87422     0.71946     0.61349     0.90698           0]
[    0.87746     0.79962     0.86142     0.11251    0.048253]
[    0.80211     0.86723     0.59364           0     0.64473     0.63595     0.48331]
[    0.57508     0.49443     0.40046     0.22971]
[    0.68381     0.86268     0.81726           0           0]
[    0.71157     0.75075     0.81167           0]
[    0.81107           0]
[    0.89163      0.7533     0.90732           0     0.93962     0.45038     0.51435]
[    0.82721     0.87334     0.79906     0.82101     0.82472     0.79897           0]
[    0.69802     0.64228     0.84355     0.55008     0.63474     0.36953           0           0           0      0.4984           0     0.39216           0]
[    0.69736     0.71616     0.81455           0           0]
[    0.62868     0.83412]
[    0.87234      0.8299     0.86671           0           0           0]
[    0.92744      0.8281     0.66167]
[    0.65469     0.66064     0.47067     0.35605]
[    0.73147     0.86416     0.88245     0.38225     0.40865]
[    0.81048     0.75669     0.61606     0.56238]
[    0.84868     0.81165     0.68629     0.07116           0     0.10314]
[    0.85952     0.81668     0.66959           0           0           0           0]
[     0.8797     0.84893     0.83514     0.64745     0.38942]
[    0.52566      0.6498           0]
[     0.8719     0.84494           0     0.59903     0.27887           0     0.56693     0.65845           0           0     0.35237           0]
[    0.54744     0.72718     0.70258]
[    0.83903     0.83771     0.66501      0.6625           0      0.4468]
[    0.68997     0.86884     0.51769     0.67652     0.56175     0.73474     0.26107]
[    0.83552     0.83677     0.65124]
[    0.87584     0.80313     0.80131     0.75842      0.8605     0.65462     0.38757     0.35441           0]
[    0.85028     0.66744     0.24757     0.80932    0.045437]
[    0.81494     0.57269      0.5817]
[    0.91643           0           0           0     0.91027]
[    0.60498     0.71951     0.71595     0.91462           0           0           0           0           0]
[    0.77879     0.70327     0.75338           0           0]
[    0.70192     0.76834     0.53404     0.27648     0.87709     0.56713     0.46953           0           0           0           0     0.67499           0           0]
[    0.64021     0.73251           0           0           0           0     0.33789]
[    0.71971     0.92153           0     0.54114           0           0]
[    0.81075     0.62538           0           0           0           0           0           0]
[    0.82676     0.94597     0.84458     0.93417     0.34545     0.91606]
[    0.75212     0.82665     0.84808     0.72201     0.78476     0.76278     0.58413     0.69317     0.65008      0.6715     0.56198]
[    0.80196           0           0           0]
[    0.66028     0.66483     0.68679      0.5905]
[    0.92342     0.88986     0.87351           0           0           0     0.79972]
[    0.85381     0.93221     0.70592     0.86766           0     0.89581           0           0    0.053867           0      0.3938   0.0035949]
[    0.72514     0.82247     0.32362     0.64546           0           0           0           0]
[      0.898     0.93189      0.7238     0.90125     0.60337]
[    0.92567     0.90813     0.80792       0.479     0.57964     0.43977]
[    0.51481     0.74054     0.59621           0           0     0.54481]
[    0.74882     0.88982     0.93734     0.90128           0           0           0           0     0.87508     0.57962           0     0.43671]
[    0.71412     0.92948     0.60206     0.66747     0.84137           0           0           0     0.50174]
[    0.81856      0.8382           0     0.32191]
[    0.72571     0.77171     0.70755     0.81635     0.77094     0.41191           0]
[    0.79892     0.62496           0           0           0]
[     0.9348     0.66182]
[    0.67271           0           0]
[    0.83306     0.79208     0.73218     0.85001           0     0.44719]
[    0.62922           0     0.45065]
[    0.87383     0.94586     0.77149     0.64044     0.71916]
[    0.86103     0.90789     0.92325]
[    0.49752     0.78048           0      0.5342     0.31396           0]
[     0.8671     0.85065     0.90333     0.87078     0.82884     0.84223     0.79992     0.65831     0.56587     0.71721     0.59191     0.35476     0.61442     0.26077     0.65272     0.86389]
[    0.82356     0.88904     0.83043     0.39571]
[    0.78149           0           0]
[    0.71068     0.80266     0.71223     0.42091           0           0]
[    0.93007     0.66978     0.71268           0           0           0           0]
[     0.8909     0.91849           0           0           0           0]
