[          1]
[          1]
[          1]
[          1]
[          1]
[          1]
[          1]
[          1]
[          1]
[          1]
[          1]
[          1]
[          1]
[          1]
[          1]
[          1]
[          1]
[          1]
[          1]
[          1]
[          1]
[          1]
[          1]
[    0.95833]
[       0.96]
[    0.96154]
[    0.96296]
[    0.96429]
[    0.96552]
[    0.96667]
[    0.96774]
[    0.96875]
[     0.9697]
[    0.97059]
[    0.97143]
[    0.97222]
[    0.97297]
[    0.97368]
[    0.97436]
[      0.975]
[    0.97561]
[    0.95238]
[    0.93023]
[    0.90909]
[    0.91111]
[    0.91304]
[    0.89362]
[    0.89583]
[    0.89796]
[        0.9]
[    0.88235]
[    0.88462]
[    0.86792]
[    0.87037]
[    0.87273]
[      0.875]
[    0.87719]
[    0.87931]
[    0.86441]
[    0.86667]
[    0.86885]
[    0.85484]
[    0.84127]
[    0.84375]
[    0.84615]
[    0.84848]
[    0.85075]
[    0.85294]
[    0.85507]
[    0.85714]
[    0.85915]
[    0.86111]
[    0.86301]
[    0.86486]
[    0.85333]
[    0.84211]
[    0.84416]
[    0.84615]
[    0.83544]
[     0.8375]
[    0.82716]
[    0.82927]
[    0.81928]
[    0.82143]
[    0.82353]
[    0.82558]
[    0.81609]
[    0.81818]
[    0.80899]
[    0.81111]
[    0.81319]
[    0.81522]
[     0.8172]
[    0.81915]
[    0.82105]
[    0.82292]
[    0.82474]
[    0.82653]
[    0.81818]
[       0.81]
[    0.81188]
[    0.80392]
[    0.79612]
[    0.79808]
[        0.8]
[    0.80189]
[    0.80374]
[    0.80556]
[    0.79817]
[    0.79091]
[    0.78378]
[    0.77679]
[    0.76991]
[    0.76316]
[    0.75652]
[       0.75]
[    0.74359]
[    0.74576]
[     0.7395]
[    0.73333]
[    0.72727]
[    0.72131]
[    0.72358]
[    0.71774]
[       0.72]
[    0.71429]
[    0.70866]
[    0.70312]
[    0.69767]
[    0.69231]
[    0.68702]
[    0.68182]
[    0.67669]
[    0.67164]
[    0.67407]
[    0.66912]
[    0.66423]
[    0.65942]
[    0.65468]
[       0.65]
[    0.64539]
[    0.64085]
[    0.63636]
[    0.63194]
[    0.62759]
[    0.62329]
[    0.62585]
[    0.62162]
[    0.61745]
[    0.61333]
[    0.60927]
[    0.60526]
[    0.60131]
[     0.5974]
[    0.59355]
[    0.59615]
[    0.59236]
[    0.58861]
[    0.58491]
[    0.58125]
[    0.57764]
[    0.57407]
[    0.57055]
[    0.56707]
[    0.56364]
[    0.56627]
[    0.56287]
[    0.55952]
[    0.55621]
[    0.55294]
[    0.54971]
[    0.54651]
[    0.54335]
[    0.54023]
[    0.53714]
[    0.53409]
[    0.53107]
[    0.52809]
[    0.52514]
[    0.52778]
[    0.52486]
[    0.52198]
[    0.51913]
[     0.5163]
[    0.51351]
[    0.51075]
[    0.50802]
[    0.50532]
[    0.50265]
[        0.5]
[    0.49738]
[    0.49479]
[    0.49741]
[    0.49485]
[    0.49231]
[     0.4898]
[    0.48731]
[    0.48485]
[    0.48744]
[      0.485]
[    0.48259]
[     0.4802]
[    0.47783]
[    0.47549]
[    0.47317]
[    0.47087]
[     0.4686]
[    0.46635]
[    0.46411]
[     0.4619]
[    0.45972]
[    0.45755]
[     0.4554]
[    0.45327]
[    0.45116]
[    0.44907]
[      0.447]
[    0.44495]
[    0.44292]
[    0.44091]
[    0.43891]
[    0.43694]
[    0.43498]
[    0.43304]
[    0.43111]
[     0.4292]
[    0.42731]
[    0.42544]
[    0.42358]
[    0.42609]
[    0.42424]
[    0.42241]
[     0.4206]
[     0.4188]
[    0.41702]
[    0.41525]
[     0.4135]
[    0.41176]
[    0.41004]
[    0.40833]
[    0.40664]
[    0.40496]
[    0.40329]
[    0.40164]
[        0.4]
[    0.39837]
[    0.39676]
[    0.39516]
[    0.39357]
[      0.392]
[    0.39044]
[    0.38889]
[    0.38735]
[    0.38583]
[    0.38431]
[    0.38281]
[    0.38132]
[    0.37984]
[    0.37838]
[    0.37692]
[    0.37548]
[    0.37405]
[    0.37262]
[    0.37121]
[    0.36981]
[    0.36842]
[    0.36704]
[    0.36567]
[    0.36431]
[    0.36296]
[    0.36162]
[    0.36029]
[    0.35897]
[    0.35766]
[    0.35636]
[    0.35507]
[    0.35379]
[    0.35252]
[    0.35125]
[       0.35]
[    0.34875]
[    0.34752]
[    0.34629]
[    0.34507]
[    0.34386]
[    0.34266]
[    0.34146]
[    0.34028]
[     0.3391]
[    0.33793]
[    0.33677]
[    0.33562]
[    0.33447]
[    0.33333]
[     0.3322]
[    0.33108]
[    0.32997]
[    0.32886]
[    0.32776]
[    0.32667]
[    0.32558]
[     0.3245]
[    0.32343]
[    0.32237]
[    0.32131]
[    0.32026]
[    0.31922]
[    0.31818]
[    0.31715]
[    0.31613]
[    0.31511]
[     0.3141]
[     0.3131]
[    0.31529]
[    0.31429]
[    0.31329]
[     0.3123]
[    0.31132]
[    0.31034]
[    0.30938]
[    0.30841]
[    0.30745]
[     0.3065]
[    0.30556]
[    0.30769]
[    0.30675]
[    0.30581]
[    0.30488]
[    0.30395]
[    0.30303]
[    0.30211]
[     0.3012]
[     0.3003]
[     0.2994]
[    0.29851]
[    0.29762]
[    0.29674]
[    0.29586]
[    0.29499]
[    0.29412]
[    0.29326]
[     0.2924]
[    0.29155]
[     0.2907]
[    0.28986]
[    0.28902]
[    0.28818]
[    0.28736]
[    0.28653]
[    0.28571]
[     0.2849]
[    0.28409]
[    0.28329]
[    0.28249]
[    0.28169]
[     0.2809]
[    0.28011]
[    0.27933]
[    0.27855]
[    0.27778]
[    0.27701]
[    0.27624]
[    0.27548]
[    0.27473]
[    0.27397]
[    0.27322]
[    0.27248]
[    0.27174]
[      0.271]
[    0.27027]
[    0.26954]
[    0.26882]
[     0.2681]
[    0.26738]
[    0.26667]
[    0.26596]
[    0.26525]
[    0.26455]
[    0.26385]
[    0.26316]
[    0.26247]
[    0.26178]
[     0.2611]
[    0.26042]
[    0.25974]
[    0.25907]
[     0.2584]
[    0.25773]
[    0.25707]
[    0.25641]
[    0.25575]
[     0.2551]
[    0.25445]
[    0.25381]
[    0.25316]
[    0.25253]
[    0.25189]
[    0.25126]
[    0.25063]
[       0.25]
[    0.24938]
[    0.24876]
[    0.24814]
[    0.24752]
[    0.24691]
[    0.24631]
[     0.2457]
[     0.2451]
[     0.2445]
[     0.2439]
[    0.24331]
[    0.24272]
[    0.24213]
[    0.24155]
[    0.24096]
[    0.24038]
[    0.23981]
[    0.23923]
[    0.23866]
[     0.2381]
[    0.23753]
[    0.23697]
[    0.23641]
[    0.23585]
[    0.23529]
[    0.23474]
[    0.23419]
[    0.23364]
[     0.2331]
[    0.23256]
[    0.23202]
[    0.23148]
[    0.23095]
[    0.23041]
[    0.22989]
[    0.22936]
[    0.22883]
[    0.22831]
[    0.22779]
[    0.22727]
[    0.22676]
[    0.22624]
[    0.22573]
[    0.22523]
[    0.22472]
[    0.22422]
[    0.22371]
[    0.22321]
[    0.22272]
[    0.22222]
[    0.22173]
[    0.22124]
[    0.22075]
[    0.22026]
[    0.21978]
[     0.2193]
[    0.21882]
[    0.21834]
[    0.21786]
[    0.21739]
[    0.21692]
[    0.21645]
[    0.21598]
[    0.21552]
[    0.21505]
[    0.21459]
[    0.21413]
[    0.21368]
[    0.21322]
[    0.21277]
[    0.21231]
[    0.21186]
[    0.21142]
[    0.21097]
[    0.21053]
[    0.21008]
[    0.20964]
[    0.20921]
[    0.20877]
[    0.20833]
[     0.2079]
