[          1]
[          1]
[          1]
[          1]
[          1]
[          1]
[          1]
[          1]
[          1]
[          1]
[          1]
[          1]
[          1]
[          1]
[          1]
[          1]
[          1]
[          1]
[          1]
[          1]
[          1]
[          1]
[          1]
[          1]
[          1]
[          1]
[          1]
[          1]
[          1]
[          1]
[          1]
[          1]
[          1]
[          1]
[          1]
[          1]
[          1]
[          1]
[          1]
[          1]
[          1]
[          1]
[          1]
[          1]
[          1]
[    0.97826]
[    0.97872]
[    0.97917]
[    0.97959]
[       0.98]
[    0.98039]
[    0.98077]
[    0.98113]
[    0.98148]
[    0.98182]
[    0.98214]
[    0.98246]
[    0.98276]
[    0.98305]
[    0.98333]
[    0.98361]
[    0.98387]
[    0.98413]
[    0.98438]
[    0.98462]
[    0.98485]
[    0.98507]
[    0.98529]
[    0.98551]
[    0.98571]
[    0.98592]
[    0.98611]
[     0.9863]
[    0.98649]
[    0.98667]
[    0.98684]
[    0.98701]
[    0.98718]
[    0.97468]
[      0.975]
[    0.97531]
[    0.96341]
[    0.96386]
[    0.96429]
[    0.96471]
[    0.96512]
[    0.96552]
[    0.96591]
[    0.96629]
[    0.96667]
[    0.95604]
[    0.94565]
[    0.94624]
[    0.94681]
[    0.94737]
[    0.94792]
[    0.93814]
[    0.93878]
[    0.93939]
[       0.93]
[    0.93069]
[    0.93137]
[    0.93204]
[    0.93269]
[    0.92381]
[    0.92453]
[    0.91589]
[    0.90741]
[    0.90826]
[        0.9]
[     0.9009]
[    0.90179]
[    0.89381]
[    0.88596]
[    0.87826]
[    0.87931]
[    0.87179]
[    0.86441]
[    0.85714]
[       0.85]
[    0.84298]
[    0.84426]
[     0.8374]
[    0.83065]
[      0.824]
[    0.81746]
[    0.81102]
[    0.80469]
[    0.79845]
[    0.79231]
[    0.78626]
[     0.7803]
[    0.78195]
[    0.77612]
[    0.77037]
[    0.76471]
[    0.75912]
[    0.75362]
[     0.7482]
[       0.75]
[    0.74468]
[    0.73944]
[    0.73427]
[    0.72917]
[    0.72414]
[    0.71918]
[    0.71429]
[    0.70946]
[     0.7047]
[        0.7]
[    0.69536]
[    0.69079]
[    0.68627]
[    0.68182]
[    0.67742]
[    0.67308]
[    0.66879]
[    0.66456]
[    0.66038]
[    0.65625]
[    0.65217]
[    0.64815]
[    0.64417]
[    0.64024]
[    0.63636]
[    0.63253]
[    0.63473]
[    0.63095]
[    0.62722]
[    0.62353]
[    0.61988]
[    0.61628]
[    0.61272]
[     0.6092]
[    0.60571]
[    0.60227]
[    0.59887]
[    0.59551]
[    0.59218]
[    0.58889]
[    0.58564]
[    0.58242]
[    0.57923]
[    0.57609]
[    0.57297]
[    0.56989]
[    0.56684]
[    0.56383]
[    0.56085]
[    0.55789]
[    0.55497]
[    0.55208]
[    0.54922]
[    0.54639]
[    0.54359]
[    0.54082]
[    0.53807]
[    0.53535]
[    0.53266]
[       0.53]
[    0.52736]
[    0.52475]
[    0.52217]
[    0.51961]
[    0.51707]
[    0.51456]
[    0.51208]
[    0.50962]
[    0.50718]
[    0.50476]
[    0.50237]
[        0.5]
[    0.49765]
[    0.49533]
[    0.49302]
[    0.49074]
[    0.48848]
[    0.48624]
[    0.48402]
[    0.48182]
[    0.47964]
[    0.47748]
[    0.47534]
[    0.47321]
[    0.47111]
[    0.46903]
[    0.46696]
[    0.46491]
[    0.46288]
[    0.46087]
[    0.45887]
[     0.4569]
[    0.45494]
[    0.45299]
[    0.45106]
[    0.44915]
[    0.44726]
[    0.44538]
[    0.44351]
[    0.44167]
[    0.43983]
[    0.43802]
[    0.43621]
[    0.43443]
[    0.43265]
[    0.43089]
[    0.42915]
[    0.42742]
[     0.4257]
[      0.424]
[    0.42231]
[    0.42063]
[    0.41897]
[    0.41732]
[    0.41569]
[    0.41406]
[    0.41245]
[    0.41085]
[    0.40927]
[    0.40769]
[    0.40613]
[    0.40458]
[    0.40304]
[    0.40152]
[        0.4]
[     0.3985]
[      0.397]
[    0.39552]
[    0.39405]
[    0.39259]
[    0.39114]
[    0.38971]
[    0.38828]
[    0.38686]
[    0.38545]
[    0.38406]
[    0.38267]
[    0.38129]
[    0.37993]
[    0.37857]
[    0.37722]
[    0.37589]
[    0.37456]
[    0.37324]
[    0.37193]
[    0.37063]
[    0.36934]
[    0.36806]
[    0.36678]
[    0.36552]
[    0.36426]
[    0.36301]
[    0.36177]
[    0.36054]
[    0.35932]
[    0.35811]
[     0.3569]
[     0.3557]
[    0.35452]
[    0.35333]
[    0.35216]
[    0.35099]
[    0.34983]
[    0.34868]
[    0.34754]
[    0.34641]
[    0.34528]
[    0.34416]
[    0.34304]
[    0.34194]
[    0.34084]
[    0.33974]
[    0.33866]
[    0.33758]
[    0.33651]
[    0.33544]
[    0.33438]
[    0.33333]
[    0.33229]
[    0.33125]
[    0.33022]
[    0.32919]
[    0.32817]
[    0.32716]
[    0.32615]
[    0.32515]
[    0.32416]
[    0.32317]
[    0.32219]
[    0.32121]
[    0.32024]
[    0.31928]
[    0.31832]
[    0.31737]
[    0.31642]
[    0.31548]
[    0.31454]
[    0.31361]
[    0.31268]
[    0.31176]
[    0.31085]
[    0.30994]
[    0.30904]
[    0.30814]
[    0.30725]
[    0.30636]
[    0.30548]
[     0.3046]
[    0.30372]
[    0.30286]
[    0.30199]
[    0.30114]
[    0.30028]
[    0.29944]
[    0.29859]
[    0.29775]
[    0.29692]
[    0.29609]
[    0.29526]
[    0.29444]
[    0.29363]
[    0.29282]
[    0.29201]
[    0.29121]
[    0.29041]
[    0.28962]
[    0.28883]
[    0.28804]
[    0.28726]
[    0.28649]
[    0.28571]
[    0.28495]
[    0.28418]
[    0.28342]
[    0.28267]
[    0.28191]
[    0.28117]
[    0.28042]
[    0.27968]
[    0.27895]
[    0.27822]
[    0.27749]
[    0.27676]
[    0.27604]
[    0.27532]
[    0.27461]
[     0.2739]
[     0.2732]
[    0.27249]
[    0.27436]
[    0.27366]
[    0.27296]
[    0.27226]
[    0.27157]
[    0.27089]
[     0.2702]
[    0.26952]
[    0.26884]
[    0.26817]
[     0.2675]
[    0.26683]
[    0.26617]
[    0.26551]
[    0.26485]
[     0.2642]
[    0.26355]
[     0.2629]
[    0.26225]
[    0.26161]
[    0.26098]
[    0.26034]
[    0.25971]
[    0.25908]
[    0.25845]
[    0.25783]
[    0.25721]
[    0.25659]
[    0.25598]
[    0.25537]
[    0.25476]
[    0.25416]
[    0.25355]
[    0.25296]
[    0.25236]
[    0.25176]
[    0.25117]
[    0.25059]
[       0.25]
[    0.24942]
[    0.24884]
[    0.24826]
[    0.24769]
[    0.24711]
[    0.24654]
[    0.24598]
[    0.24541]
[    0.24485]
[    0.24429]
[    0.24374]
[    0.24318]
[    0.24263]
[    0.24208]
[    0.24153]
[    0.24099]
[    0.24045]
[    0.23991]
[    0.23937]
[    0.23884]
[    0.23831]
[    0.23778]
[    0.23725]
[    0.23673]
[     0.2362]
[    0.23568]
[    0.23516]
[    0.23465]
[    0.23414]
[    0.23362]
[    0.23312]
[    0.23261]
[     0.2321]
[     0.2316]
[     0.2311]
[     0.2306]
[    0.23011]
[    0.22961]
[    0.22912]
[    0.22863]
[    0.22814]
[    0.22766]
[    0.22718]
[    0.22669]
[    0.22622]
[    0.22574]
[    0.22526]
[    0.22479]
[    0.22432]
[    0.22385]
[    0.22338]
[    0.22292]
[    0.22245]
[    0.22199]
[    0.22153]
[    0.22107]
[    0.22062]
[    0.22016]
[    0.21971]
[    0.21926]
[    0.21881]
[    0.21837]
[    0.21792]
[    0.21748]
[    0.21704]
[     0.2166]
[    0.21616]
[    0.21573]
