[    0.61657           0           0     0.72383           0]
[    0.53482     0.75346     0.49703     0.41094     0.39763     0.27759     0.36317     0.55813           0           0     0.23132]
[    0.74505     0.52462     0.62313           0    0.001865     0.56907]
[    0.71657           0   0.0029797      0.5632           0           0]
[    0.81416     0.71556           0     0.46777]
[    0.29014     0.30019     0.34573           0           0           0]
[    0.62569     0.80997     0.73677     0.45686     0.47693     0.72852     0.65614     0.27247     0.16287]
[    0.60206     0.50795     0.39289      0.5546     0.83697     0.41115]
[    0.70505]
[    0.53747      0.5115     0.54162           0           0           0           0           0           0           0           0           0]
[    0.72682           0           0           0           0           0           0]
[     0.8517           0     0.33043]
[    0.71704     0.63306           0     0.73969     0.41767]
[    0.46316     0.37103           0]
[    0.68378     0.63677           0           0           0           0           0           0           0           0]
[     0.6955           0    0.019379           0  0.00063606]
[    0.54497     0.32353     0.52536           0     0.49191           0           0]
[    0.40474           0      0.4523           0           0           0]
[    0.86785     0.82481]
[    0.47967     0.46483     0.67075           0     0.33797           0           0           0]
[    0.81298     0.71096     0.65845     0.58677           0     0.64978     0.52786     0.53176     0.54963           0     0.56017      0.7951           0           0           0]
[    0.70958     0.70299           0]
[    0.56142      0.5066     0.27137     0.55805           0     0.55883]
[    0.22491     0.20114     0.46494     0.36488     0.18661    0.058521     0.20738           0           0]
[    0.67915     0.38145     0.40767           0           0     0.41488           0           0     0.37425           0           0           0     0.74939           0     0.44014     0.32041      0.4683]
[    0.85169     0.73755     0.74754     0.77481           0]
[    0.49031           0     0.44786           0]
[          0           0     0.45604           0           0]
[    0.74056    0.004439     0.62596]
[    0.68188]
[    0.81834     0.80757]
[     0.8039       0.886           0     0.52867           0           0           0           0]
[    0.82982     0.33957     0.53152           0     0.32007           0     0.33172           0     0.12701]
[     0.8154      0.7679     0.28076     0.63606      0.6707           0     0.72135      0.7731           0           0           0           0]
[    0.93239     0.75198           0           0           0           0      0.3208     0.38174           0     0.85259           0]
[    0.69925           0           0           0]
[    0.38129     0.73782           0           0           0           0           0           0           0           0           0]
[    0.61194     0.74752           0           0]
[    0.87567     0.75162     0.77698     0.87647      0.4043     0.60132     0.35597]
[    0.15132    0.047299     0.48311     0.24763     0.53173      0.1472           0]
[    0.84334     0.40985           0]
[    0.83479     0.72566           0           0           0           0           0           0]
[    0.62809           0           0      0.6409           0           0           0]
[    0.96032]
[    0.61219]
[    0.95543     0.88214     0.66752     0.50642           0]
[    0.61755           0           0           0     0.64339           0           0           0     0.41406]
[    0.62924     0.56979      0.4948]
[    0.28136           0           0           0           0           0           0]
[    0.88769     0.80752     0.76913     0.61581     0.51253     0.73024     0.62447           0]
[    0.71848     0.71011     0.50502           0      0.5808     0.51093     0.73964]
[    0.60173           0           0           0           0]
[    0.85702           0           0           0           0           0           0           0           0]
[    0.51372     0.54039     0.16113     0.55412           0]
[    0.81077     0.84087     0.72159           0           0           0           0]
[    0.60439           0      0.4966           0           0     0.17832           0           0           0           0           0]
[    0.34613           0     0.26205           0           0]
[    0.82369     0.37459           0           0]
[    0.73168     0.48983     0.65332     0.72046     0.73167           0     0.75941     0.61925           0           0           0      0.2466     0.30191           0     0.25759           0]
[    0.72622           0           0     0.18286]
[    0.80927    0.016899]
[    0.58669     0.71662     0.85342     0.66389           0]
[    0.56761           0           0           0     0.64826           0           0    0.046559           0           0]
[    0.70187     0.76199     0.65376           0]
[    0.89779]
[    0.37908     0.45144           0           0           0     0.81836]
[    0.90772           0           0     0.58383           0]
[    0.53721]
[    0.54169           0           0           0           0           0           0           0           0           0]
[    0.21187           0           0           0           0]
[    0.88895]
[    0.71549     0.71025     0.27454     0.21698     0.21406     0.69641     0.22008     0.47785     0.65459           0           0           0]
[    0.94461     0.46214           0           0           0           0]
[    0.81279      0.7269     0.65127     0.69527     0.65533     0.75183     0.61861           0]
[    0.64261           0           0           0]
[    0.43153      0.3491           0     0.36084           0]
[    0.81043    0.041084]
[    0.85454     0.78317     0.42897     0.48275     0.71043           0           0]
[    0.64761     0.85864     0.65469     0.69958     0.43828     0.61386     0.72459           0           0      0.3784     0.21367     0.33349     0.71049           0     0.64193]
[    0.75245     0.81853     0.75792     0.57804     0.49072     0.46389           0           0     0.47351           0           0           0]
[          0     0.31878     0.32257           0           0]
[    0.58649     0.37313           0           0           0           0           0     0.48951           0]
[    0.78143     0.56306      0.6888     0.54852     0.07972     0.56816           0           0           0     0.59733     0.53626           0           0           0     0.55609     0.11686           0           0           0]
[    0.80038     0.79641           0           0           0           0]
[    0.56336     0.67748      0.6253]
[    0.84795      0.8155     0.24607     0.37211     0.42848]
[    0.72359     0.68282      0.5211           0     0.13625]
[    0.49695     0.50803     0.45315           0           0           0           0]
[    0.82624     0.61884     0.59847      0.8313     0.59287     0.54713           0     0.48034           0     0.88606           0           0     0.41867           0]
[    0.49276     0.61847           0           0           0]
[     0.8393     0.87763     0.85571     0.31424     0.39567]
[     0.7679     0.67222     0.85393     0.61192     0.88819     0.77642     0.68809     0.70801]
[    0.51926     0.44171     0.48886     0.53486     0.42596     0.36136           0     0.10082     0.22846     0.58589     0.56704     0.85732     0.66065     0.38456           0     0.58913           0]
[    0.69455     0.89054     0.51681     0.40166]
[    0.61154           0]
[    0.85902      0.5192     0.48537     0.24493           0     0.50513     0.20802]
[     0.7977     0.77817           0           0           0]
[    0.89056     0.78097     0.62103     0.64965           0           0     0.52388     0.79449]
[    0.87467     0.90158     0.66867           0           0     0.37417           0           0     0.91095           0           0      0.7581           0           0           0           0]
[    0.66287     0.47751       0.528     0.68193      0.6681]
