[    0.89285           0           0     0.90286           0           0     0.86377           0]
[    0.82512           0           0           0]
[    0.63007     0.52411     0.29315      0.3924     0.51326           0      0.2566     0.56125]
[    0.75294           0     0.61312           0           0]
[    0.66065     0.24981           0           0]
[    0.84049     0.71701     0.43837]
[    0.55814     0.43626           0           0     0.65584]
[    0.84091     0.72319]
[    0.71028     0.75462]
[          0     0.52718           0           0     0.48526     0.49717]
[    0.85378     0.79179      0.7393           0           0           0]
[    0.63549           0     0.60321]
[    0.77127           0           0      0.7708           0           0           0]
[    0.92898           0     0.56843]
[    0.84537           0     0.88892           0     0.57509]
[    0.84029           0           0           0]
[    0.86992           0           0           0     0.14568     0.62385           0           0           0           0           0]
[    0.51928           0           0           0]
[    0.91107           0     0.72544]
[    0.86521]
[    0.90019     0.92269           0]
[    0.79427           0           0]
[    0.60897]
[    0.86371           0]
[    0.88068           0           0]
[    0.90253     0.79657           0           0]
[    0.57025           0           0]
[    0.90074           0           0]
[    0.92329           0           0     0.74213     0.75071]
[    0.86446           0           0]
[    0.67226           0           0     0.23833           0]
[    0.82083           0           0     0.59298     0.48076           0           0     0.79894     0.61436           0           0           0]
[    0.55442           0           0]
[    0.71724           0           0           0]
[    0.74091     0.67011     0.69817           0           0           0]
[    0.87808   0.0028242           0     0.70763]
[    0.76148           0    0.080221           0           0    0.057456]
[    0.53034           0           0           0           0]
[    0.73487           0           0]
[    0.78011           0     0.57734]
[    0.93132     0.56515]
[    0.92657           0           0           0           0           0           0           0]
[    0.79781           0           0           0]
[    0.93749           0     0.92468           0           0     0.73446]
[    0.85227           0           0           0           0           0           0           0           0     0.84502           0]
[    0.75696     0.55423    0.090734           0]
[    0.75733           0    0.038142           0           0]
[    0.63938     0.48164           0           0      0.7226]
[    0.72225     0.66092]
[    0.77532     0.33145     0.33449           0           0           0]
[    0.78622           0           0     0.16658     0.53397     0.81319     0.79088           0           0]
[    0.73077           0           0     0.72914     0.52921     0.74068]
[    0.71958     0.51926           0     0.82286           0           0           0]
[    0.86728           0           0           0     0.34903           0     0.74692     0.57995           0           0           0           0]
[    0.88295           0           0           0     0.87389           0]
[    0.85973           0     0.84326           0     0.79091]
[    0.88929           0     0.77032]
[    0.61982           0           0           0           0           0           0           0           0           0           0]
[    0.89884           0           0           0     0.76874           0]
[    0.55803           0           0           0           0     0.58397]
[    0.71703           0           0           0           0           0           0]
[    0.83722     0.64351     0.60601     0.64361]
[    0.93331     0.47533           0           0           0           0]
[    0.73217           0           0           0           0     0.53863           0]
[    0.79904     0.88777     0.73171     0.35684     0.73929           0     0.43162     0.84317]
[    0.85001           0           0           0     0.83511           0           0           0     0.59006           0]
[     0.8189     0.71131     0.74958]
[     0.7776     0.47745     0.61158           0]
[    0.93493           0           0           0     0.67699]
[    0.78241     0.47404           0           0]
[    0.78344     0.82736           0           0           0]
[    0.85899           0           0]
[    0.94826     0.70624     0.68415           0           0           0           0           0           0]
[    0.88993           0      0.5104    0.035419     0.63041           0           0]
[    0.85114     0.82197           0]
[    0.82002     0.42379           0]
[    0.60565           0     0.67066           0           0           0           0           0]
[    0.70701      0.4141     0.48943           0           0]
[    0.79098           0     0.57745   0.0054867           0           0     0.73515           0]
[    0.87074           0           0           0     0.73664           0     0.86069]
[    0.69901           0           0]
[    0.63863           0           0           0           0           0]
[    0.82548           0           0           0           0     0.61733           0           0]
[    0.72465           0     0.76213           0           0     0.45085]
[    0.89068]
[    0.83751           0]
[    0.60651           0           0           0]
[    0.72189           0     0.53916           0]
[    0.88978    0.018308    0.036765           0]
[    0.90424    0.016966]
[     0.8403     0.77887           0           0    0.044986           0]
[    0.50707     0.32432           0     0.22393     0.35486           0      0.6687           0]
[    0.88664     0.78752     0.68715           0     0.09352           0]
[    0.78809     0.66708           0           0]
[    0.81356      0.9122           0]
[    0.72856     0.72083           0]
[    0.84871]
[    0.36762           0     0.43103           0]
[    0.83547           0           0           0           0           0           0           0           0           0]
[    0.62699           0           0           0           0           0]
