     0/299     7.81G      7.95      32.8         0      40.8        25       608         0         0   0.00576         0      7.02       1.6         0
     1/299     7.81G      6.17       3.9         0      10.1        24       608         0         0    0.0598         0      5.63      1.47         0
     2/299     7.81G      5.27      3.05         0      8.32        28       608         0         0     0.176         0      4.97      1.09         0
     3/299     7.81G      4.66      2.07         0      6.73        22       608    0.0168     0.345    0.0101     0.032      9.14      1.56         0
     4/299     7.81G      5.68      1.19         0      6.87        19       608     0.329      0.15      0.17     0.207      4.93     0.768         0
     5/299     7.81G      4.46      1.32         0      5.78        15       608     0.306     0.655     0.375     0.417      4.86     0.633         0
     6/299     7.81G      4.46      1.19         0      5.65        22       608     0.301     0.593     0.371     0.399      4.42     0.651         0
     7/299     7.81G      4.59      1.11         0       5.7        12       608     0.616     0.213     0.409     0.316      4.52     0.584         0
     8/299     7.81G      4.35      1.14         0      5.49        25       608     0.559     0.735     0.646     0.635      4.06     0.547         0
     9/299     7.81G       4.3     0.897         0       5.2        22       608     0.529     0.584     0.556     0.555      3.79     0.558         0
    10/299     7.81G      4.73      1.09         0      5.81        21       608     0.794    0.0685     0.532     0.126       4.2     0.604         0
    11/299     7.81G       4.1      1.02         0      5.13        24       608    0.0487     0.584    0.0431    0.0899       4.4      4.24         0
    12/299     7.81G      3.86     0.908         0      4.77        26       608      0.53     0.717      0.66     0.609      3.89     0.458         0
    13/299     7.81G      4.21     0.965         0      5.17        21       608     0.406     0.513     0.434     0.454      4.38     0.503         0
    14/299     7.81G      3.86     0.939         0       4.8        23       608     0.385     0.673     0.492      0.49      4.38     0.454         0
    15/299     7.81G      3.69     0.883         0      4.57        20       608     0.179     0.239     0.104     0.205      6.59     0.368         0
    16/299     7.81G      4.48     0.954         0      5.43        18       608     0.762     0.057     0.515     0.106      3.78      0.53         0
    17/299     7.81G      3.42     0.934         0      4.35        26       608     0.292      0.42     0.242     0.345      4.49     0.437         0
    18/299     7.81G       3.8     0.832         0      4.64        20       608     0.579     0.283     0.393      0.38      4.95     0.371         0
    19/299     7.81G       3.9     0.865         0      4.77        25       608     0.868     0.407     0.716     0.554      3.58     0.432         0
    20/299     7.81G      3.65     0.746         0       4.4        24       608     0.495     0.529     0.474     0.511      4.57     0.339         0
    21/299     7.81G      3.59     0.835         0      4.42        24       608      0.82     0.565     0.701     0.669      3.29     0.475         0
    22/299     7.81G      3.25     0.853         0       4.1        21       608     0.744     0.628     0.702     0.681      4.01     0.379         0
    23/299     7.81G      3.32     0.746         0      4.07        28       608     0.521     0.637     0.515     0.573      3.93     0.428         0
    24/299     7.81G      3.54     0.719         0      4.26        28       608     0.864     0.506       0.7     0.639      3.45     0.416         0
    25/299     7.81G      3.04     0.831         0      3.87        21       608     0.493     0.628     0.555     0.552      4.05      0.43         0
    26/299     7.81G      3.33       0.7         0      4.03        30       608     0.687     0.505     0.618     0.582      3.73     0.433         0
    27/299     7.81G      2.95     0.697         0      3.64        24       608     0.609     0.635     0.636     0.622      3.63     0.441         0
    28/299     7.81G      3.13     0.732         0      3.86        25       608     0.736     0.396     0.564     0.515      3.42      0.47         0
    29/299     7.81G      2.95      0.73         0      3.68        20       608     0.452     0.628     0.564     0.526      3.72     0.449         0
    30/299     7.81G      2.81      0.68         0      3.49        25       608     0.612     0.735     0.685     0.667       3.3     0.437         0
    31/299     7.81G      2.73     0.665         0       3.4        28       608     0.556     0.766     0.635     0.644      3.62     0.424         0
    32/299     7.81G      2.66     0.662         0      3.33        28       608     0.668     0.765     0.765     0.713      3.47     0.365         0
    33/299     7.81G      2.98     0.653         0      3.64        18       608     0.632     0.735     0.724     0.679      3.26     0.379         0
    34/299     7.81G      2.73     0.672         0      3.41        33       608     0.663     0.717     0.729     0.689      3.46     0.388         0
    35/299     7.81G       2.7     0.697         0      3.39        26       608     0.754     0.673     0.733     0.711      3.57     0.376         0
    36/299     7.81G      2.76     0.696         0      3.46        19       608     0.824     0.655      0.79      0.73      3.17     0.387         0
    37/299     7.81G      2.41     0.685         0      3.09        36       608     0.682     0.752     0.717     0.715       3.5     0.374         0
    38/299     7.81G      2.66     0.648         0      3.31        26       608     0.745      0.77     0.819     0.757      3.01     0.346         0
    39/299     7.81G      2.73     0.597         0      3.33        19       608     0.832      0.77      0.81       0.8      3.39     0.327         0
    40/299     7.81G      2.48     0.616         0       3.1        28       608     0.769     0.752      0.76     0.761      3.25     0.335         0
    41/299     7.81G      2.57     0.616         0      3.19        24       608     0.856     0.743     0.816     0.796      3.07     0.343         0
    42/299     7.81G      2.34     0.612         0      2.95        26       608     0.749     0.823     0.806     0.784      2.98     0.332         0
    43/299     7.81G       2.2     0.577         0      2.78        22       608     0.688     0.823     0.823     0.749      2.78     0.334         0
    44/299     7.81G      2.22     0.585         0      2.81        33       608     0.673     0.805     0.818     0.733      2.83     0.337         0
    45/299     7.81G      2.29     0.577         0      2.87        23       608     0.734     0.779     0.779     0.756      2.99     0.347         0
    46/299     7.81G      2.39     0.579         0      2.97        28       608     0.762     0.805     0.826     0.783      3.01     0.337         0
    47/299     7.81G      2.48     0.528         0         3        23       608     0.717     0.785     0.802      0.75      3.13      0.33         0
    48/299     7.81G      2.28     0.558         0      2.84        26       608     0.726     0.832     0.819     0.775      2.97     0.331         0
    49/299     7.81G      2.42     0.577         0         3        23       608     0.799     0.832     0.859     0.815      2.99     0.333         0
    50/299     7.81G      2.16     0.624         0      2.78        19       608     0.826      0.84     0.871     0.833      2.84     0.325         0
    51/299     7.81G      2.13     0.536         0      2.66        27       608     0.816     0.867     0.885     0.841      2.97     0.328         0
    52/299     7.81G      2.33     0.567         0      2.89        21       608     0.831     0.783     0.872     0.806      2.96     0.343         0
    53/299     7.81G      2.28      0.55         0      2.83        25       608     0.765     0.832     0.853     0.797      2.85     0.335         0
    54/299     7.81G      2.09     0.521         0      2.61        23       608     0.638     0.894     0.858     0.744      2.74     0.341         0
    55/299     7.81G       2.2     0.487         0      2.69        21       608     0.701     0.841     0.837     0.765      2.87     0.326         0
    56/299     7.81G      2.19     0.517         0      2.71        30       608     0.732     0.823     0.834     0.775      2.83     0.331         0
    57/299     7.81G      2.14     0.528         0      2.67        24       608     0.795      0.85     0.869     0.821       2.6     0.325         0
    58/299     7.81G      2.12     0.498         0      2.62        30       608     0.789     0.832     0.864      0.81      2.77     0.324         0
    59/299     7.81G      2.13      0.49         0      2.62        22       608     0.753     0.823     0.819     0.787      2.91     0.342         0
    60/299     7.81G      2.09     0.489         0      2.57        23       608     0.746     0.804     0.809     0.773      3.04     0.357         0
    61/299     7.81G      2.13     0.483         0      2.61        24       608     0.762     0.821     0.835      0.79      2.79     0.357         0
    62/299     7.81G      1.77     0.471         0      2.25        22       608     0.734     0.854     0.861      0.79      2.72     0.335         0
    63/299     7.81G      2.12     0.476         0       2.6        22       608     0.729     0.858     0.843     0.789      2.92     0.335         0
    64/299     7.81G      1.79       0.5         0      2.29        27       608     0.773     0.841     0.871     0.806      2.93     0.327         0
    65/299     7.81G      2.15     0.472         0      2.62        26       608     0.824      0.77     0.845     0.796       2.7     0.344         0
    66/299     7.81G      1.92     0.541         0      2.46        26       608     0.795     0.823     0.864     0.809      2.96     0.341         0
    67/299     7.81G      1.87     0.506         0      2.38        14       608     0.762     0.858     0.889     0.807      2.56      0.34         0
    68/299     7.81G      1.87     0.465         0      2.34        21       608     0.738     0.876     0.882     0.801      2.81     0.326         0
    69/299     7.81G       1.9     0.463         0      2.36        24       608     0.823     0.841     0.874     0.832      2.61     0.315         0
    70/299     7.81G      1.96     0.453         0      2.41        31       608     0.846     0.858     0.908     0.852      2.66     0.316         0
    71/299     7.81G      1.79       0.5         0      2.29        18       608     0.842     0.867     0.893     0.855       2.4     0.318         0
    72/299     7.81G       1.8     0.462         0      2.26        22       608     0.852     0.903     0.916     0.877      2.56     0.308         0
    73/299     7.81G      1.83     0.436         0      2.26        19       608     0.849     0.849     0.906     0.849      2.84     0.311         0
    74/299     7.81G      1.79     0.441         0      2.23        25       608     0.797     0.833     0.893     0.815      2.65     0.318         0
    75/299     7.81G      1.94     0.479         0      2.41        28       608     0.773     0.876     0.879     0.821      2.83     0.309         0
    76/299     7.81G       1.8     0.461         0      2.26        31       608     0.781     0.876     0.879     0.826      2.67     0.314         0
    77/299     7.81G      1.91     0.448         0      2.36        22       608     0.799     0.876     0.894     0.836      2.82     0.313         0
    78/299     7.81G      1.84     0.469         0      2.31        31       608     0.809     0.885     0.902     0.845      2.68     0.315         0
    79/299     7.81G      1.74     0.415         0      2.16        24       608     0.774     0.832     0.877     0.802      2.74     0.325         0
    80/299     7.81G      1.67      0.46         0      2.13        32       608      0.77     0.858      0.86     0.811      2.74     0.343         0
    81/299     7.81G      1.88     0.432         0      2.31        22       608     0.822     0.858     0.878      0.84      2.68     0.343         0
    82/299     7.81G      1.71     0.434         0      2.15        28       608      0.73     0.805      0.84     0.766      2.79     0.345         0
    83/299     7.81G       1.7     0.439         0      2.14        30       608     0.698     0.797     0.804     0.744      2.65     0.362         0
    84/299     7.81G      1.58     0.432         0      2.01        17       608     0.664     0.823     0.806     0.735      2.73     0.368         0
    85/299     7.81G      1.69     0.422         0      2.11        26       608     0.745     0.867     0.856     0.801      2.57     0.353         0
    86/299     7.81G      1.49     0.431         0      1.92        26       608     0.738     0.876     0.877     0.801       2.7     0.329         0
    87/299     7.81G      1.83     0.417         0      2.25        29       608     0.784     0.903     0.898     0.839      2.63     0.334         0
    88/299     7.81G      1.64     0.434         0      2.08        21       608     0.785     0.874      0.88     0.827      2.67     0.326         0
    89/299     7.81G      1.57      0.44         0      2.01        25       608     0.795     0.885     0.902     0.838      2.75     0.324         0
    90/299     7.81G      1.67     0.444         0      2.11        29       608     0.816     0.862     0.919     0.838       2.6      0.33         0
    91/299     7.81G      1.64     0.403         0      2.04        18       608     0.789     0.823     0.877     0.806      2.72     0.346         0
    92/299     7.81G      1.74     0.426         0      2.17        31       608     0.798      0.85     0.864     0.823      2.66     0.352         0
    93/299     7.81G      1.59     0.413         0      2.01        26       608     0.776     0.858     0.858     0.815      2.58     0.351         0
    94/299     7.81G       1.6     0.414         0      2.02        23       608     0.773     0.858     0.864     0.813      2.67     0.343         0
    95/299     7.81G      1.66     0.405         0      2.07        26       608     0.805     0.858     0.839     0.831      2.69     0.338         0
    96/299     7.81G       1.5     0.388         0      1.89        24       608     0.817     0.894       0.9     0.853      2.48      0.34         0
    97/299     7.81G      1.49     0.356         0      1.84        20       608     0.822     0.823     0.867     0.822      2.75     0.336         0
    98/299     7.81G      1.62     0.424         0      2.04        22       608     0.822     0.857     0.888     0.839      2.61      0.33         0
    99/299     7.81G      1.52     0.391         0      1.91        17       608     0.792     0.885     0.881     0.836      2.73     0.326         0
   100/299     7.81G      1.48     0.407         0      1.89        29       608     0.727     0.885     0.857     0.798      2.66     0.332         0
   101/299     7.81G      1.69     0.388         0      2.08        23       608     0.739     0.876     0.845     0.801      2.76     0.341         0
   102/299     7.81G      1.58     0.396         0      1.97        24       608     0.794     0.858     0.895     0.825      2.65     0.347         0
   103/299     7.81G       1.6     0.366         0      1.97        25       608     0.817     0.876     0.902     0.845      2.59     0.342         0
   104/299     7.81G      1.45     0.373         0      1.82        27       608     0.789     0.896     0.911     0.839      2.39      0.35         0
   105/299     7.81G      1.49     0.385         0      1.87        27       608      0.75     0.894       0.9     0.816      2.47     0.355         0
   106/299     7.81G      1.51     0.387         0       1.9        26       608     0.747     0.889     0.901     0.812      2.44     0.341         0
   107/299     7.81G      1.37     0.367         0      1.73        21       608      0.75     0.876     0.891     0.808      2.44     0.336         0
   108/299     7.81G      1.43     0.383         0      1.81        20       608      0.76     0.903     0.907     0.825       2.4      0.34         0
   109/299     7.81G      1.53     0.379         0      1.91        31       608      0.76     0.841      0.86     0.798      2.62     0.364         0
   110/299     7.81G      1.55     0.378         0      1.93        16       608     0.815     0.832     0.863     0.823      2.58     0.376         0
   111/299     7.81G      1.44     0.397         0      1.84        24       608     0.833     0.882       0.9     0.857      2.57     0.352         0
   112/299     7.81G      1.38     0.399         0      1.78        25       608     0.813     0.894       0.9     0.852       2.6     0.348         0
   113/299     7.81G      1.37      0.35         0      1.72        27       608     0.812     0.894     0.926     0.851      2.52     0.351         0
   114/299     7.81G      1.49     0.383         0      1.87        21       608     0.813     0.883      0.92     0.846      2.53     0.338         0
   115/299     7.81G      1.51     0.378         0      1.88        23       608     0.845     0.871     0.906     0.858      2.49     0.339         0
   116/299     7.81G      1.36     0.379         0      1.74        19       608     0.828      0.92     0.919     0.872      2.53     0.334         0
   117/299     7.81G      1.36     0.389         0      1.75        24       608     0.821     0.867     0.888     0.844      2.54     0.333         0
   118/299     7.81G      1.37     0.353         0      1.72        23       608     0.831     0.914     0.911     0.871       2.6     0.338         0
   119/299     7.81G       1.5     0.361         0      1.86        18       608     0.838     0.903       0.9     0.869       2.6     0.337         0
   120/299     7.81G      1.39     0.357         0      1.74        19       608     0.808     0.903     0.898     0.853       2.6     0.344         0
   121/299     7.81G      1.47      0.35         0      1.82        19       608     0.822      0.92     0.923     0.869      2.63     0.348         0
   122/299     7.81G      1.51     0.398         0       1.9        24       608     0.818     0.912     0.917     0.862      2.52     0.354         0
   123/299     7.81G      1.41     0.366         0      1.78        23       608     0.825     0.903     0.903     0.862      2.51      0.36         0
   124/299     7.81G      1.31     0.312         0      1.62        20       608     0.795     0.894     0.888     0.841      2.54     0.361         0
   125/299     7.81G      1.47     0.351         0      1.82        21       608     0.811     0.876     0.875     0.843      2.65     0.355         0
   126/299     7.81G      1.25     0.359         0      1.61        30       608     0.821     0.885     0.883     0.852      2.57      0.34         0
   127/299     7.81G      1.44     0.351         0      1.79        28       608     0.837     0.894     0.914     0.864      2.61     0.332         0
   128/299     7.81G      1.41     0.343         0      1.75        20       608     0.868     0.903     0.911     0.885      2.52     0.332         0
   129/299     7.81G      1.17     0.352         0      1.52        21       608     0.809     0.885     0.865     0.845      2.49      0.34         0
   130/299     7.81G      1.23     0.345         0      1.57        27       608     0.794     0.867     0.859     0.829      2.57      0.35         0
   131/299     7.81G      1.33      0.34         0      1.67        26       608     0.797     0.841      0.85     0.819      2.53     0.346         0
   132/299     7.81G      1.38     0.336         0      1.71        23       608     0.802     0.841     0.861     0.821      2.58     0.351         0
   133/299     7.81G      1.22     0.336         0      1.56        21       608     0.809     0.867     0.873     0.837      2.49     0.351         0
   134/299     7.81G      1.33     0.357         0      1.69        23       608     0.804     0.905     0.893     0.851       2.5     0.348         0
   135/299     7.81G      1.25     0.323         0      1.57        18       608     0.806     0.876     0.894      0.84      2.48     0.342         0
   136/299     7.81G      1.21     0.318         0      1.53        20       608     0.802     0.867     0.886     0.833      2.45     0.344         0
   137/299     7.81G      1.19      0.32         0      1.51        22       608     0.836     0.858     0.889     0.847      2.47     0.346         0
   138/299     7.81G      1.28     0.327         0      1.61        24       608     0.854     0.829     0.876     0.841      2.51     0.366         0
   139/299     7.81G      1.23     0.313         0      1.54        22       608     0.858     0.858     0.877     0.858      2.44     0.356         0
   140/299     7.81G      1.28     0.323         0       1.6        22       608     0.875     0.858     0.898     0.867      2.44     0.354         0
   141/299     7.81G      1.21     0.307         0      1.51        25       608     0.859     0.867     0.895     0.863      2.56     0.345         0
   142/299     7.81G      1.22     0.331         0      1.56        25       608     0.832     0.894     0.893     0.862      2.51     0.353         0
   143/299     7.81G      1.31     0.323         0      1.63        26       608     0.848     0.894     0.893      0.87      2.44     0.346         0
   144/299     7.81G      1.22     0.305         0      1.52        26       608     0.835     0.853     0.882     0.844      2.44     0.355         0
   145/299     7.81G      1.09     0.307         0       1.4        29       608     0.802     0.867     0.871     0.834      2.39     0.363         0
   146/299     7.81G      1.14     0.312         0      1.45        29       608     0.792     0.903     0.897     0.844      2.38     0.366         0
   147/299     7.81G      1.14     0.294         0      1.44        25       608     0.841     0.885     0.894     0.862      2.39     0.371         0
   148/299     7.81G      1.15     0.306         0      1.46        23       608     0.839     0.912     0.899     0.874      2.37     0.367         0
   149/299     7.81G      1.11     0.281         0      1.39        26       608     0.821     0.894     0.893     0.856      2.33     0.368         0
   150/299     7.81G      1.11     0.308         0      1.42        27       608     0.819     0.894     0.895     0.855       2.4     0.361         0
   151/299     7.81G      1.14     0.299         0      1.44        18       608      0.81     0.885     0.876     0.846      2.46     0.357         0
   152/299     7.81G      1.06     0.318         0      1.38        23       608     0.773     0.867     0.876     0.817      2.45     0.368         0
   153/299     7.81G      1.13     0.313         0      1.44        28       608     0.762     0.903     0.887     0.826      2.47     0.369         0
   154/299     7.81G      1.12     0.301         0      1.42        23       608     0.771     0.858     0.862     0.812      2.46     0.367         0
   155/299     7.81G      1.19     0.292         0      1.49        22       608       0.8     0.903     0.879     0.848      2.51     0.355         0
   156/299     7.81G      1.05     0.279         0      1.33        29       608     0.797     0.894     0.873     0.842      2.49     0.353         0
   157/299     7.81G      1.05     0.283         0      1.33        20       608     0.797      0.87     0.869     0.832      2.48     0.357         0
   158/299     7.81G      1.03     0.282         0      1.31        22       608     0.789     0.867     0.867     0.826      2.52     0.364         0
   159/299     7.81G      1.07     0.278         0      1.35        23       608     0.775     0.867     0.873     0.819      2.56     0.364         0
   160/299     7.81G      1.13     0.263         0      1.39        25       608      0.79     0.858     0.884     0.823      2.53     0.359         0
   161/299     7.81G      1.09     0.299         0      1.39        29       608     0.804     0.841     0.869     0.822      2.52     0.366         0
   162/299     7.81G      1.09     0.279         0      1.37        23       608     0.827     0.832     0.868     0.829      2.49     0.364         0
   163/299     7.81G      1.07     0.261         0      1.34        18       608     0.822     0.876     0.876     0.848      2.54     0.363         0
   164/299     7.81G      1.04     0.283         0      1.33        20       608     0.818     0.885     0.878      0.85      2.49     0.365         0
   165/299     7.81G      1.05     0.288         0      1.34        16       608     0.814     0.876     0.875     0.844      2.43     0.362         0
   166/299     7.81G      1.07     0.275         0      1.34        26       608     0.812     0.885     0.877     0.847      2.46     0.361         0
   167/299     7.81G      1.09     0.295         0      1.39        25       608     0.799     0.858     0.855     0.828      2.45     0.371         0
   168/299     7.81G      1.01     0.299         0      1.31        24       608     0.789     0.823     0.849     0.806      2.47     0.384         0
   169/299     7.81G      0.95     0.279         0      1.23        15       608     0.829     0.885     0.868     0.856      2.39     0.363         0
   170/299     7.81G     0.963     0.269         0      1.23        21       608     0.807     0.885     0.874     0.844      2.44     0.344         0
   171/299     7.81G      1.02     0.268         0      1.29        22       608     0.812     0.876     0.874     0.843      2.43     0.355         0
   172/299     7.81G     0.967     0.237         0       1.2        24       608     0.833     0.841     0.859     0.837      2.41     0.365         0
   173/299     7.81G      1.01     0.272         0      1.29        29       608     0.855     0.876     0.883     0.866      2.38     0.365         0
   174/299     7.81G      0.96     0.268         0      1.23        35       608     0.841     0.858     0.876      0.85       2.4     0.365         0
   175/299     7.81G     0.951     0.259         0      1.21        33       608     0.837     0.894      0.89     0.865      2.38     0.365         0
   176/299     7.81G     0.908     0.254         0      1.16        19       608     0.812     0.912     0.902     0.859       2.4      0.37         0
   177/299     7.81G     0.961     0.262         0      1.22        28       608     0.823     0.894     0.901     0.857      2.41     0.385         0
   178/299     7.81G      0.93     0.242         0      1.17        17       608     0.812     0.894     0.885     0.851      2.43     0.389         0
   179/299     7.81G     0.922      0.24         0      1.16        20       608     0.827     0.912      0.89     0.867      2.43      0.39         0
   180/299     7.81G     0.956     0.242         0       1.2        28       608     0.833      0.92     0.906     0.874      2.45     0.383         0
   181/299     7.81G      0.94     0.261         0       1.2        28       608     0.815     0.912     0.906      0.86      2.45     0.372         0
   182/299     7.81G     0.848     0.251         0       1.1        19       608     0.815     0.894      0.89     0.852      2.45     0.376         0
   183/299     7.81G     0.869     0.281         0      1.15        33       608     0.819     0.885     0.887      0.85      2.47     0.388         0
   184/299     7.81G      0.85     0.242         0      1.09        21       608     0.812     0.876     0.887     0.843      2.42     0.376         0
   185/299     7.81G     0.874     0.247         0      1.12        20       608     0.816     0.885     0.898     0.849      2.42     0.369         0
   186/299     7.81G       0.9     0.257         0      1.16        18       608       0.8     0.883     0.898     0.839      2.41     0.363         0
   187/299     7.81G     0.869     0.235         0       1.1        25       608     0.843     0.876     0.904     0.859       2.4     0.373         0
   188/299     7.81G     0.864     0.239         0       1.1        33       608     0.847     0.876     0.909     0.861       2.4     0.376         0
   189/299     7.81G     0.884     0.242         0      1.13        28       608     0.845     0.871       0.9     0.858      2.37     0.392         0
   190/299     7.81G     0.779     0.234         0      1.01        17       608     0.842     0.867     0.898     0.855      2.37     0.402         0
   191/299     7.81G     0.826     0.235         0      1.06        21       608     0.835     0.867     0.898     0.851      2.39     0.408         0
   192/299     7.81G     0.822     0.243         0      1.06        21       608     0.813     0.885     0.891     0.848      2.38     0.413         0
   193/299     7.81G     0.903     0.236         0      1.14        18       608     0.821     0.894     0.899     0.856       2.4     0.416         0
   194/299     7.81G     0.873     0.241         0      1.11        22       608     0.841     0.894       0.9     0.867      2.38     0.418         0
   195/299     7.81G     0.855     0.242         0       1.1        32       608     0.837     0.876       0.9     0.856      2.38     0.422         0
   196/299     7.81G     0.826     0.258         0      1.08        19       608     0.844     0.876       0.9      0.86      2.38     0.418         0
   197/299     7.81G     0.816     0.239         0      1.06        27       608     0.842     0.893     0.898     0.866      2.41     0.401         0
   198/299     7.81G     0.824     0.231         0      1.06        26       608      0.83     0.894     0.901     0.861      2.39     0.388         0
   199/299     7.81G     0.838     0.242         0      1.08        28       608     0.824     0.885     0.896     0.853      2.41     0.386         0
   200/299     7.81G     0.827     0.231         0      1.06        32       608     0.802     0.859     0.877     0.829      2.41     0.397         0
   201/299     7.81G      0.75     0.211         0     0.961        27       608     0.777      0.85     0.866     0.812      2.41     0.407         0
   202/299     7.81G     0.783     0.244         0      1.03        22       608     0.779     0.867     0.875     0.821       2.4     0.404         0
   203/299     7.81G     0.791     0.222         0      1.01        14       608     0.764     0.885     0.882      0.82       2.4     0.399         0
   204/299     7.81G     0.785     0.224         0      1.01        28       608     0.778       0.9     0.885     0.835      2.35     0.397         0
   205/299     7.81G     0.773     0.229         0         1        23       608     0.781     0.884     0.885     0.829      2.34     0.396         0
   206/299     7.81G     0.798     0.247         0      1.04        19       608      0.79     0.885     0.895     0.835      2.32     0.395         0
   207/299     7.81G      0.77      0.22         0      0.99        27       608     0.779     0.885     0.894     0.829      2.32     0.401         0
   208/299     7.81G     0.724     0.215         0     0.939        25       608     0.788     0.876     0.891      0.83      2.33     0.407         0
   209/299     7.81G     0.723     0.239         0     0.962        23       608     0.795     0.876     0.891     0.833      2.35     0.406         0
   210/299     7.81G     0.752     0.214         0     0.965        24       608     0.808     0.867     0.882     0.837      2.37     0.402         0
   211/299     7.81G     0.745     0.218         0     0.963        22       608      0.81     0.876     0.887     0.842      2.37     0.399         0
   212/299     7.81G     0.715     0.214         0     0.928        23       608     0.801     0.894     0.901     0.845      2.36     0.401         0
   213/299     7.81G     0.718     0.217         0     0.935        30       608     0.795     0.894     0.901     0.842      2.35     0.406         0
   214/299     7.81G     0.773     0.241         0      1.01        19       608     0.788     0.885     0.899     0.834      2.38     0.413         0
   215/299     7.81G     0.753     0.224         0     0.977        32       608     0.787     0.894     0.897     0.837      2.37     0.416         0
   216/299     7.81G     0.701     0.217         0     0.918        23       608     0.786     0.894     0.893     0.836      2.38     0.415         0
   217/299     7.81G     0.731     0.209         0      0.94        27       608     0.797     0.885      0.89     0.839      2.37     0.416         0
   218/299     7.81G     0.688     0.193         0     0.881        19       608     0.805     0.894      0.89     0.847       2.4     0.416         0
   219/299     7.81G     0.702     0.214         0     0.916        20       608     0.813     0.886      0.89     0.848      2.41     0.418         0
   220/299     7.81G     0.697     0.221         0     0.919        15       608      0.82     0.885     0.894     0.851      2.43     0.419         0
   221/299     7.81G     0.742     0.219         0      0.96        28       608     0.813     0.884     0.892     0.847      2.42     0.421         0
   222/299     7.81G     0.719     0.201         0      0.92        21       608     0.795      0.86     0.894     0.827      2.42     0.427         0
   223/299     7.81G     0.701     0.196         0     0.897        25       608     0.796     0.876     0.894     0.834       2.4     0.422         0
   224/299     7.81G     0.726     0.228         0     0.953        24       608     0.788     0.885     0.893     0.834      2.39     0.431         0
   225/299     7.81G     0.694      0.22         0     0.915        24       608     0.806     0.894     0.893     0.847      2.37     0.433         0
   226/299     7.81G     0.718     0.206         0     0.924        31       608     0.804     0.894     0.892     0.847      2.35     0.435         0
   227/299     7.81G     0.668     0.206         0     0.874        22       608     0.801     0.912     0.894     0.853      2.36      0.43         0
   228/299     7.81G     0.702     0.212         0     0.914        23       608      0.79     0.912       0.9     0.846      2.36      0.42         0
   229/299     7.81G     0.668     0.224         0     0.891        21       608     0.797     0.903     0.902     0.847      2.37     0.418         0
   230/299     7.81G     0.681     0.214         0     0.895        29       608     0.812     0.903     0.903     0.855      2.37     0.421         0
   231/299     7.81G     0.653     0.212         0     0.865        26       608     0.822     0.903     0.897     0.861      2.36     0.424         0
   232/299     7.81G     0.711     0.244         0     0.955        18       608     0.828     0.895     0.895      0.86      2.36     0.425         0
   233/299     7.81G      0.64     0.181         0     0.822        20       608      0.83     0.905     0.897     0.866      2.35     0.422         0
   234/299     7.81G      0.65     0.208         0     0.858        25       608     0.827     0.903     0.897     0.863      2.37     0.421         0
   235/299     7.81G     0.688     0.212         0       0.9        24       608     0.827     0.903     0.897     0.863      2.37     0.421         0
   236/299     7.81G     0.665     0.205         0      0.87        30       608     0.829     0.899     0.897     0.862      2.37     0.422         0
   237/299     7.81G     0.672     0.205         0     0.877        23       608      0.83     0.894     0.899     0.861      2.38     0.424         0
   238/299     7.81G     0.663     0.198         0     0.861        22       608     0.836     0.904     0.901     0.869      2.37     0.425         0
   239/299     7.81G     0.652     0.199         0     0.852        27       608     0.834     0.903     0.902     0.867      2.36     0.429         0
   240/299     7.81G     0.671     0.196         0     0.867        25       608      0.84     0.894       0.9     0.866      2.39     0.434         0
   241/299     7.81G     0.651     0.188         0     0.839        20       608     0.844     0.894     0.902     0.868       2.4     0.434         0
   242/299     7.81G     0.645     0.195         0      0.84        33       608     0.834     0.903     0.899     0.867       2.4     0.435         0
   243/299     7.81G     0.649     0.195         0     0.844        28       608     0.822     0.912     0.901     0.864       2.4     0.436         0
   244/299     7.81G     0.658     0.198         0     0.856        17       608     0.821     0.896     0.899     0.857      2.39     0.438         0
   245/299     7.81G     0.639     0.193         0     0.832        20       608     0.822     0.901     0.896      0.86      2.38     0.439         0
   246/299     7.81G     0.617     0.177         0     0.794        31       608     0.821     0.912     0.896     0.864      2.39     0.443         0
   247/299     7.81G     0.647     0.195         0     0.841        18       608     0.818     0.912     0.896     0.862      2.39      0.44         0
   248/299     7.81G     0.639     0.208         0     0.848        26       608     0.804      0.92     0.898     0.858      2.39     0.439         0
   249/299     7.81G     0.602     0.205         0     0.807        27       608     0.806     0.919     0.897     0.859      2.39      0.44         0
   250/299     7.81G     0.608     0.198         0     0.806        27       608     0.803     0.912     0.894     0.854      2.37     0.443         0
   251/299     7.81G      0.59     0.176         0     0.766        20       608     0.804     0.912     0.891     0.854      2.37     0.444         0
   252/299     7.81G     0.611     0.195         0     0.806        23       608       0.8     0.912      0.89     0.852      2.37     0.443         0
   253/299     7.81G     0.628     0.195         0     0.823        32       608     0.805     0.912     0.892     0.855      2.38      0.44         0
   254/299     7.81G      0.61     0.194         0     0.803        25       608     0.819     0.919     0.895     0.866      2.36     0.437         0
   255/299     7.81G      0.62     0.219         0     0.839        26       608      0.82     0.912     0.894     0.863      2.36     0.435         0
   256/299     7.81G     0.624     0.194         0     0.818        19       608     0.824     0.912     0.896     0.866      2.36     0.433         0
   257/299     7.81G     0.631     0.211         0     0.842        15       608     0.817     0.909     0.896      0.86      2.36     0.438         0
   258/299     7.81G     0.619      0.18         0     0.799        25       608     0.808     0.903     0.896     0.853      2.36     0.442         0
   259/299     7.81G     0.612     0.197         0     0.809        31       608     0.818     0.912     0.906     0.862      2.36     0.443         0
   260/299     7.81G     0.585     0.175         0      0.76        29       608     0.809      0.92     0.892     0.861      2.35     0.444         0
   261/299     7.81G     0.588     0.192         0     0.779        24       608     0.799      0.92     0.898     0.855      2.34     0.446         0
   262/299     7.81G     0.631     0.184         0     0.815        17       608     0.796      0.92     0.893     0.854      2.34     0.447         0
   263/299     7.81G     0.646     0.191         0     0.837        26       608     0.799     0.916     0.893     0.853      2.34     0.448         0
   264/299     7.81G     0.592     0.181         0     0.773        28       608     0.798     0.912     0.894     0.851      2.37     0.451         0
   265/299     7.81G     0.613      0.21         0     0.823        23       608     0.796     0.912     0.893      0.85      2.36     0.452         0
   266/299     7.81G     0.564     0.192         0     0.756        27       608     0.794     0.912     0.894     0.849      2.37     0.454         0
   267/299     7.81G     0.592     0.198         0      0.79        28       608     0.792     0.912     0.894     0.848      2.37     0.454         0
   268/299     7.81G     0.576     0.188         0     0.764        18       608     0.799     0.912     0.895     0.852      2.37     0.451         0
   269/299     7.81G     0.593      0.18         0     0.773        25       608     0.804     0.912     0.898     0.855      2.37      0.45         0
   270/299     7.81G     0.601     0.192         0     0.792        24       608     0.801     0.912     0.895     0.853      2.36     0.451         0
   271/299     7.81G     0.615     0.205         0     0.821        17       608     0.819     0.912     0.896     0.863      2.37     0.453         0
   272/299     7.81G     0.595     0.187         0     0.782        20       608      0.82     0.912     0.895     0.863      2.37     0.453         0
   273/299     7.81G     0.611     0.197         0     0.808        21       608     0.818     0.912     0.901     0.862      2.36     0.451         0
   274/299     7.81G     0.571       0.2         0     0.772        26       608     0.825     0.912       0.9     0.866      2.36     0.448         0
   275/299     7.81G     0.591     0.204         0     0.795        16       608     0.812     0.912     0.899     0.859      2.36     0.447         0
   276/299     7.81G     0.583     0.176         0     0.759        28       608      0.81     0.912     0.899     0.858      2.37     0.449         0
   277/299     7.81G     0.578     0.187         0     0.765        28       608      0.81     0.903     0.899     0.854      2.36     0.449         0
   278/299     7.81G     0.604     0.187         0     0.791        25       608      0.81     0.908     0.899     0.856      2.35     0.449         0
   279/299     7.81G     0.571     0.212         0     0.784        22       608     0.806     0.903       0.9     0.852      2.35     0.448         0
   280/299     7.81G     0.571     0.175         0     0.746        21       608     0.797     0.903     0.898     0.847      2.35     0.451         0
   281/299     7.81G     0.591     0.174         0     0.765        17       608     0.805     0.912     0.898     0.855      2.35      0.45         0
   282/299     7.81G     0.584     0.194         0     0.778        31       608     0.808     0.903     0.895     0.853      2.35     0.451         0
   283/299     7.81G     0.613     0.188         0     0.801        30       608     0.806     0.903     0.893     0.852      2.35     0.455         0
   284/299     7.81G      0.59     0.189         0     0.778        34       608     0.807     0.903     0.893     0.852      2.35     0.456         0
   285/299     7.81G     0.608     0.192         0       0.8        23       608     0.804     0.903     0.895     0.851      2.35     0.457         0
   286/299     7.81G     0.592     0.187         0      0.78        25       608     0.811     0.903     0.896     0.854      2.34     0.456         0
   287/299     7.81G     0.577     0.191         0     0.768        23       608     0.812     0.912     0.898     0.859      2.33     0.455         0
   288/299     7.81G     0.562     0.193         0     0.755        16       608     0.806     0.912     0.898     0.856      2.33     0.453         0
   289/299     7.81G     0.553      0.17         0     0.724        22       608     0.807     0.912     0.901     0.856      2.33     0.452         0
   290/299     7.81G     0.597      0.18         0     0.776        29       608     0.808     0.912     0.902     0.857      2.33     0.452         0
   291/299     7.81G     0.585     0.191         0     0.776        29       608     0.812     0.912     0.902     0.859      2.34     0.452         0
   292/299     7.81G     0.582     0.186         0     0.767        20       608     0.808     0.912     0.902     0.857      2.34     0.455         0
   293/299     7.81G     0.619     0.182         0     0.801        20       608       0.8     0.912     0.901     0.852      2.34     0.455         0
   294/299     7.81G     0.596     0.187         0     0.783        29       608     0.799     0.912       0.9     0.852      2.34     0.458         0
   295/299     7.81G     0.593     0.189         0     0.781        27       608       0.8     0.912     0.899     0.852      2.35      0.46         0
   296/299     7.81G     0.574     0.189         0     0.763        24       608     0.801     0.912     0.899     0.853      2.35      0.46         0
   297/299     7.81G     0.588     0.192         0      0.78        30       608     0.801     0.912     0.897     0.853      2.36      0.46         0
   298/299     7.81G     0.572     0.181         0     0.753        25       608     0.807     0.912     0.896     0.856      2.35      0.46         0
   299/299     7.81G      0.56      0.18         0      0.74        24       608     0.812     0.912     0.897     0.859      2.35     0.458         0
