     0/299      7.8G      7.95      32.6         0      40.6        24       608         0         0   0.00645         0      6.92      3.81         0
     1/299     7.81G      6.26      3.84         0      10.1        22       608         0         0   0.00186         0      5.76      3.59         0
     2/299     7.81G      5.34      3.15         0       8.5        25       608         0         0    0.0355         0      5.41      2.89         0
     3/299     7.81G       4.7      2.37         0      7.07        27       608    0.0602     0.296    0.0386       0.1      5.14       2.3         0
     4/299     7.81G      5.35      1.53         0      6.88        26       608      0.05    0.0696     0.105    0.0582      4.53      2.53         0
     5/299     7.81G      4.53      1.46         0      5.98        22       608     0.283     0.514     0.217     0.365       4.4      1.51         0
     6/299     7.81G      4.51      1.28         0      5.79        21       608     0.394     0.268     0.335     0.319      4.19      1.91         0
     7/299     7.81G      4.29      1.12         0      5.42        20       608    0.0639    0.0578     0.193    0.0607      5.83      1.14         0
     8/299     7.81G      4.33      1.17         0       5.5        22       608     0.335     0.823     0.562     0.476      4.28      1.15         0
     9/299     7.81G      4.01      1.05         0      5.06        28       608     0.587      0.69     0.672     0.634      3.54     0.893         0
    10/299     7.81G      4.73      1.02         0      5.76        24       608     0.821     0.465     0.705     0.594      3.56      1.21         0
    11/299     7.81G         4      1.15         0      5.15        29       608         1     0.167     0.714     0.286      3.53      1.24         0
    12/299     7.81G      4.05      0.98         0      5.03         8       608     0.747     0.686     0.695     0.715      3.95     0.984         0
    13/299     7.81G      4.31     0.896         0       5.2        31       608  0.000573    0.0903  0.000727   0.00114      10.5       191         0
    14/299     7.81G      4.03      0.93         0      4.96        24       608     0.592     0.319     0.399     0.415      4.63      1.03         0
    15/299     7.81G      3.96     0.922         0      4.88        29       608     0.333     0.191      0.17     0.243      5.52      0.87         0
    16/299     7.81G      4.14      1.08         0      5.22        25       608     0.628     0.208      0.56     0.312      3.59     0.977         0
    17/299     7.81G      3.74      0.84         0      4.58        24       608     0.898      0.19     0.654     0.313      3.52     0.966         0
    18/299     7.81G      3.96     0.848         0       4.8        24       608     0.376     0.329     0.273     0.351      5.43     0.775         0
    19/299     7.81G      3.87     0.939         0       4.8        27       608     0.748     0.375     0.622     0.499      3.67     0.952         0
    20/299     7.81G      3.52       0.8         0      4.32        28       608     0.861     0.455     0.686     0.595      3.74     0.898         0
    21/299     7.81G       3.4     0.822         0      4.22        32       608     0.914     0.621     0.817     0.739      3.45     0.861         0
    22/299     7.81G       3.2     0.791         0      3.99        27       608     0.796      0.74     0.768     0.767      3.32     0.836         0
    23/299     7.81G      3.39      0.77         0      4.16        23       608     0.741     0.588     0.652     0.656      3.81     0.814         0
    24/299     7.81G      3.03     0.823         0      3.85        28       608     0.758     0.668     0.707      0.71      3.67      0.76         0
    25/299     7.81G      3.23     0.676         0      3.91         9       608     0.864     0.671     0.795     0.756      3.16     0.819         0
    26/299     7.81G      2.87     0.779         0      3.65        30       608     0.844     0.721     0.792     0.777      3.42     0.836         0
    27/299     7.81G      2.84     0.755         0       3.6        20       608      0.84     0.737     0.815     0.785      3.61     0.727         0
    28/299     7.81G      2.64     0.714         0      3.35        30       608     0.699     0.733     0.782     0.716      3.36     0.758         0
    29/299     7.81G       2.8       0.7         0       3.5        29       608     0.854     0.527     0.726     0.652      3.19     0.901         0
    30/299     7.81G      2.82     0.695         0      3.51        29       608      0.82     0.659     0.716     0.731      3.58     0.823         0
    31/299     7.81G      2.65     0.666         0      3.31        27       608     0.879     0.736     0.836     0.801      3.04     0.818         0
    32/299     7.81G      2.65     0.686         0      3.34        29       608     0.891     0.764     0.863     0.823         3     0.752         0
    33/299     7.81G      2.35     0.614         0      2.97        25       608     0.718     0.817     0.798     0.764      3.37     0.684         0
    34/299     7.81G      2.61     0.634         0      3.25        25       608     0.895     0.799     0.859     0.844       2.9     0.726         0
    35/299     7.81G      2.36     0.668         0      3.03        20       608     0.854     0.845     0.876      0.85      3.19     0.675         0
    36/299     7.81G      2.59      0.61         0       3.2        30       608     0.886      0.78     0.848     0.829      2.81     0.722         0
    37/299     7.81G      2.39     0.567         0      2.95        28       608     0.765     0.635     0.718     0.694      3.22     0.837         0
    38/299     7.81G       2.4     0.648         0      3.05        16       608     0.919     0.656     0.841     0.765      2.89     0.858         0
    39/299     7.81G      2.35     0.562         0      2.92        28       608     0.841     0.667     0.715     0.744      3.44     0.837         0
    40/299     7.81G      2.25     0.589         0      2.84        28       608     0.865      0.81     0.855     0.837      3.07     0.752         0
    41/299     7.81G      2.23     0.577         0       2.8        25       608     0.881     0.802      0.86     0.839      3.04     0.741         0
    42/299     7.81G      2.14      0.58         0      2.72        25       608     0.879     0.812     0.857     0.845      2.95     0.714         0
    43/299     7.81G      2.12      0.58         0       2.7        28       608     0.861      0.87     0.881     0.865      2.85     0.704         0
    44/299     7.81G      2.22     0.568         0      2.78        25       608       0.9     0.859     0.894     0.879      2.97      0.69         0
    45/299     7.81G         2      0.56         0      2.56        31       608     0.821     0.863      0.84     0.842      2.93      0.67         0
    46/299     7.81G      2.23     0.558         0      2.79        29       608     0.862      0.87     0.884     0.866      2.75     0.669         0
    47/299     7.81G      2.17     0.565         0      2.73        20       608     0.866     0.865     0.857     0.866      2.92     0.685         0
    48/299     7.81G      2.12     0.528         0      2.64        26       608     0.865     0.856     0.877      0.86      2.92      0.69         0
    49/299     7.81G         2      0.52         0      2.52        23       608     0.896     0.839     0.879     0.866      2.73     0.709         0
    50/299     7.81G      2.15     0.558         0       2.7        31       608     0.878     0.816     0.877     0.846       2.9     0.706         0
    51/299     7.81G      1.93     0.505         0      2.43        12       608     0.887     0.856     0.891     0.871      2.77     0.718         0
    52/299     7.81G      2.06     0.541         0       2.6        24       608     0.876     0.827     0.862      0.85      2.84     0.718         0
    53/299     7.81G         2      0.49         0      2.49        25       608     0.905     0.845     0.897     0.874      2.81     0.724         0
    54/299     7.81G      1.95     0.518         0      2.47        28       608     0.862     0.856      0.88     0.859      2.66     0.727         0
    55/299     7.81G      1.99     0.488         0      2.48        24       608     0.874     0.827     0.876      0.85      2.66     0.723         0
    56/299     7.81G      2.01     0.531         0      2.54        27       608     0.844     0.816      0.87      0.83      2.63      0.73         0
    57/299     7.81G      1.87     0.488         0      2.35        25       608     0.842     0.827     0.879     0.834      2.78     0.731         0
    58/299     7.81G      1.87     0.514         0      2.39        21       608     0.871     0.829     0.882     0.849      2.71     0.727         0
    59/299     7.81G      1.96     0.487         0      2.45        26       608      0.85     0.827     0.857     0.838      3.01     0.721         0
    60/299     7.81G      1.83     0.498         0      2.33        21       608     0.883      0.87     0.902     0.877      2.76      0.66         0
    61/299     7.81G       1.9     0.476         0      2.37        25       608     0.903     0.845     0.878     0.873      2.89     0.682         0
    62/299     7.81G      1.71     0.483         0       2.2        26       608      0.88     0.873     0.888     0.876       2.7      0.68         0
    63/299     7.81G      1.93      0.48         0      2.41        26       608     0.877     0.876     0.885     0.877      2.83     0.685         0
    64/299     7.81G      1.79     0.461         0      2.25        13       608     0.859      0.88     0.886     0.869      2.75     0.691         0
    65/299     7.81G      1.78     0.474         0      2.26        26       608     0.876     0.866      0.87     0.871      2.67     0.694         0
    66/299     7.81G      1.85     0.469         0      2.32        30       608      0.88     0.877     0.888     0.879      2.81     0.696         0
    67/299     7.81G      1.71     0.461         0      2.17        24       608     0.867     0.856     0.877     0.861      2.59     0.701         0
    68/299     7.81G      1.73     0.457         0      2.19        27       608     0.888     0.804     0.868     0.844      2.78     0.727         0
    69/299     7.81G      1.74     0.444         0      2.19        23       608     0.894     0.838     0.871     0.865      2.67     0.768         0
    70/299     7.81G       1.6     0.437         0      2.04        28       608     0.878     0.877     0.884     0.878      2.69     0.751         0
    71/299     7.81G      1.68     0.446         0      2.13        24       608     0.868     0.827     0.851     0.847      2.63     0.762         0
    72/299     7.81G      1.61     0.445         0      2.05        30       608     0.863     0.866     0.867     0.864      2.61      0.73         0
    73/299     7.81G      1.77     0.464         0      2.23        31       608     0.885     0.866     0.889     0.875      2.57     0.729         0
    74/299     7.81G      1.63     0.468         0      2.09        34       608     0.878     0.863     0.866      0.87      2.68     0.713         0
    75/299     7.81G      1.81      0.42         0      2.23        29       608     0.888     0.856     0.881     0.872      2.58     0.713         0
    76/299     7.81G      1.58     0.443         0      2.02        29       608     0.871     0.856     0.872     0.864       2.6     0.708         0
    77/299     7.81G      1.61     0.413         0      2.02        13       608     0.879     0.865     0.883     0.872      2.69     0.699         0
    78/299     7.81G      1.61     0.427         0      2.04        29       608     0.897     0.876     0.881     0.886       2.6     0.695         0
    79/299     7.81G      1.62     0.432         0      2.05        31       608     0.903     0.888     0.897     0.896      2.66     0.713         0
    80/299     7.81G      1.64     0.419         0      2.06        18       608     0.912     0.863      0.89     0.887      2.68       0.7         0
    81/299     7.81G      1.68     0.424         0      2.11        30       608     0.881      0.83     0.865     0.855      2.63     0.731         0
    82/299     7.81G      1.58     0.439         0      2.02        25       608     0.903     0.878     0.888     0.891      2.63     0.736         0
    83/299     7.81G      1.64     0.432         0      2.07        30       608     0.895     0.859     0.871     0.877      2.63      0.75         0
    84/299     7.81G      1.63     0.403         0      2.04        23       608      0.91     0.841     0.864     0.874      2.64     0.774         0
    85/299     7.81G      1.51     0.383         0       1.9        27       608     0.866     0.861      0.86     0.863      2.59     0.722         0
    86/299     7.81G      1.52     0.453         0      1.98        21       608     0.877     0.866      0.89     0.872      2.55     0.727         0
    87/299     7.81G      1.51     0.396         0       1.9        21       608     0.852     0.874      0.89     0.863      2.56     0.727         0
    88/299     7.81G      1.65     0.405         0      2.06        22       608     0.885     0.862     0.877     0.873      2.63     0.732         0
    89/299     7.81G      1.43     0.402         0      1.84        27       608     0.881     0.841     0.872     0.861      2.64     0.731         0
    90/299     7.81G      1.44     0.371         0      1.81        11       608     0.877     0.825     0.882      0.85      2.52     0.722         0
    91/299     7.81G      1.47     0.387         0      1.85        21       608     0.887     0.825     0.872     0.855      2.57     0.736         0
    92/299     7.81G      1.47     0.393         0      1.86        24       608     0.898     0.855     0.878     0.876       2.5     0.714         0
    93/299     7.81G      1.55     0.367         0      1.91        25       608      0.91     0.844     0.886     0.876      2.59     0.735         0
    94/299     7.81G      1.31     0.372         0      1.68        24       608     0.892     0.836     0.878     0.863      2.53     0.737         0
    95/299     7.81G      1.46     0.376         0      1.83        27       608     0.897     0.851      0.88     0.874      2.61     0.717         0
    96/299     7.81G      1.44     0.391         0      1.83        29       608     0.898     0.858     0.881     0.877       2.6     0.723         0
    97/299     7.81G      1.35     0.348         0       1.7        24       608     0.878     0.886     0.876     0.882      2.54     0.716         0
    98/299     7.81G      1.39     0.339         0      1.73        26       608      0.87     0.881     0.896     0.875      2.58     0.718         0
    99/299     7.81G      1.48     0.348         0      1.82        27       608     0.874     0.854     0.896     0.864      2.54     0.728         0
   100/299     7.81G      1.41       0.4         0      1.81        30       608      0.92     0.863      0.91      0.89      2.61     0.719         0
   101/299     7.81G      1.42      0.36         0      1.78        25       608      0.91     0.848     0.894     0.878      2.55     0.728         0
   102/299     7.81G       1.4     0.347         0      1.75        25       608     0.909     0.863     0.901     0.885      2.62     0.748         0
   103/299     7.81G      1.36     0.362         0      1.72        14       608     0.915     0.851      0.89     0.882      2.57     0.732         0
   104/299     7.81G       1.4      0.37         0      1.77        25       608      0.91     0.836     0.895     0.871      2.56      0.74         0
   105/299     7.81G      1.31     0.366         0      1.67        30       608     0.916     0.869     0.915     0.892      2.57     0.726         0
   106/299     7.81G      1.22     0.332         0      1.55        28       608     0.922     0.895     0.914     0.908      2.52     0.714         0
   107/299     7.81G      1.39     0.328         0      1.72        29       608     0.921     0.874     0.903     0.897      2.61     0.729         0
   108/299     7.81G      1.34     0.351         0      1.69        22       608      0.92     0.881     0.903       0.9      2.55     0.727         0
   109/299     7.81G      1.31     0.328         0      1.64        28       608     0.895     0.874     0.891     0.884      2.55     0.733         0
   110/299     7.81G      1.27     0.335         0      1.61        30       608     0.898     0.848     0.881     0.872      2.61     0.739         0
   111/299     7.81G      1.24     0.347         0      1.59        24       608      0.91     0.875     0.889     0.892      2.58     0.724         0
   112/299     7.81G      1.37     0.332         0       1.7        23       608     0.925     0.886     0.895     0.905      2.58     0.745         0
   113/299     7.81G      1.25     0.327         0      1.58        23       608      0.93     0.863     0.892     0.895      2.55     0.771         0
   114/299     7.81G      1.17      0.33         0       1.5        28       608     0.906     0.852     0.885     0.878      2.57     0.766         0
   115/299     7.81G      1.36     0.339         0       1.7        29       608     0.908     0.857     0.892     0.882      2.54     0.757         0
   116/299     7.81G      1.35     0.329         0      1.67        15       608     0.916     0.856     0.893     0.885      2.57     0.789         0
   117/299     7.81G      1.25     0.334         0      1.59        28       608      0.91     0.875     0.895     0.892      2.51     0.773         0
   118/299     7.81G      1.26      0.34         0       1.6        27       608     0.903     0.876     0.893      0.89      2.55     0.782         0
   119/299     7.81G      1.27     0.344         0      1.62        34       608     0.903     0.873     0.887     0.888      2.52     0.767         0
   120/299     7.81G      1.23     0.318         0      1.55        23       608     0.892     0.861     0.886     0.876      2.53     0.777         0
   121/299     7.81G      1.27     0.318         0      1.59        30       608     0.902     0.868     0.887     0.885      2.53     0.769         0
   122/299     7.81G      1.14     0.317         0      1.46        28       608     0.913     0.874     0.889     0.893       2.5     0.742         0
   123/299     7.81G      1.24     0.302         0      1.54        24       608       0.9     0.877     0.883     0.889      2.55     0.757         0
   124/299     7.81G      1.19     0.292         0      1.48        23       608     0.881     0.879     0.882      0.88      2.47     0.748         0
   125/299     7.81G      1.12     0.337         0      1.46        24       608     0.911     0.891     0.896     0.901      2.55     0.768         0
   126/299     7.81G      1.15     0.287         0      1.44        25       608     0.901     0.848     0.885     0.874      2.45     0.766         0
   127/299     7.81G       1.2     0.278         0      1.48        24       608     0.906     0.797     0.875     0.848      2.57     0.799         0
   128/299     7.81G      1.19     0.325         0      1.52        29       608     0.915     0.827     0.883     0.869      2.49     0.775         0
   129/299     7.81G      1.13     0.333         0      1.47         9       608     0.915     0.856     0.884     0.885      2.49     0.748         0
   130/299     7.81G      1.15       0.3         0      1.45        26       608     0.901     0.856     0.888     0.878      2.49     0.751         0
   131/299     7.81G      1.23     0.272         0       1.5        22       608     0.893     0.856     0.883     0.874      2.53     0.782         0
   132/299     7.81G      1.09     0.289         0      1.38        28       608     0.892     0.863     0.884     0.877      2.54     0.781         0
   133/299     7.81G      1.12     0.295         0      1.41        27       608     0.906      0.87     0.906     0.888      2.45     0.748         0
   134/299     7.81G      1.17     0.291         0      1.46        20       608      0.91     0.876     0.909     0.892      2.53     0.749         0
   135/299     7.81G       1.1     0.293         0       1.4        24       608     0.884     0.877     0.901     0.881      2.46     0.753         0
   136/299     7.81G      1.18     0.278         0      1.45        25       608     0.913     0.884     0.906     0.899      2.51     0.766         0
   137/299     7.81G      1.16     0.311         0      1.47        23       608     0.926     0.863     0.896     0.893      2.55     0.795         0
   138/299     7.81G      1.01     0.266         0      1.27        31       608     0.916     0.869     0.901     0.892      2.51     0.794         0
   139/299     7.81G      1.07     0.307         0      1.38        28       608     0.903     0.841     0.892     0.871       2.5     0.776         0
   140/299     7.81G      1.04     0.284         0      1.32        23       608     0.931     0.834     0.903      0.88      2.46     0.785         0
   141/299     7.81G      1.04     0.298         0      1.34        28       608      0.92     0.833     0.894     0.874      2.49     0.776         0
   142/299     7.81G      1.03     0.275         0      1.31        15       608      0.88     0.841     0.896      0.86      2.46     0.772         0
   143/299     7.81G      1.11     0.288         0      1.39        24       608     0.887     0.866     0.901     0.876      2.52     0.778         0
   144/299     7.81G      1.06     0.274         0      1.33        24       608     0.918     0.848     0.896     0.882       2.5     0.791         0
   145/299     7.81G      1.02     0.294         0      1.31        26       608     0.927     0.829      0.89     0.876      2.43     0.802         0
   146/299     7.81G     0.962     0.271         0      1.23        23       608     0.914     0.849     0.898      0.88      2.49     0.775         0
   147/299     7.81G     0.987     0.284         0      1.27        25       608     0.893      0.87     0.905     0.881      2.46     0.771         0
   148/299     7.81G      1.04     0.269         0      1.31        26       608     0.895     0.858     0.901     0.876      2.51     0.789         0
   149/299     7.81G     0.989     0.282         0      1.27        25       608     0.914     0.847     0.903     0.879      2.47     0.805         0
   150/299     7.81G     0.906     0.259         0      1.17        27       608     0.906     0.841     0.902     0.872       2.5     0.795         0
   151/299     7.81G      1.04     0.292         0      1.33        24       608     0.899     0.841     0.893     0.869      2.47      0.79         0
   152/299     7.81G     0.994     0.252         0      1.25        25       608      0.91     0.836     0.891     0.871       2.5     0.799         0
   153/299     7.81G     0.993     0.268         0      1.26        23       608     0.909     0.831     0.891     0.868      2.47     0.792         0
   154/299     7.81G      0.96      0.28         0      1.24        28       608     0.905     0.848     0.895     0.876      2.46     0.782         0
   155/299     7.81G     0.925     0.274         0       1.2        14       608     0.881     0.848     0.895     0.864      2.47     0.771         0
   156/299     7.81G      1.01     0.257         0      1.26        24       608     0.884     0.859      0.89     0.871      2.47     0.776         0
   157/299     7.81G     0.893     0.258         0      1.15        26       608     0.888     0.856     0.892     0.871      2.44     0.785         0
   158/299     7.81G     0.937     0.251         0      1.19        32       608     0.904     0.882     0.895     0.893      2.43     0.774         0
   159/299     7.81G     0.926     0.275         0       1.2        31       608       0.9      0.88     0.893      0.89      2.43     0.777         0
   160/299     7.81G      0.87     0.258         0      1.13        24       608     0.895     0.892     0.896     0.893      2.42      0.77         0
   161/299     7.81G     0.943     0.273         0      1.22        26       608     0.887     0.881     0.898     0.884       2.4     0.753         0
   162/299     7.81G     0.922     0.243         0      1.16        27       608     0.897     0.877     0.903     0.887      2.41     0.751         0
   163/299     7.81G     0.871     0.238         0      1.11        28       608     0.913      0.87     0.903     0.891      2.39     0.752         0
   164/299     7.81G     0.918     0.257         0      1.17        28       608     0.898     0.859     0.899     0.878      2.42     0.767         0
   165/299     7.81G     0.876     0.242         0      1.12        24       608     0.909     0.866     0.898     0.887      2.41     0.766         0
   166/299     7.81G     0.852     0.236         0      1.09        28       608     0.907     0.863     0.901     0.884      2.44      0.77         0
   167/299     7.81G     0.847     0.246         0      1.09        28       608     0.914     0.846     0.901     0.879      2.44     0.786         0
   168/299     7.81G       0.9     0.227         0      1.13        11       608     0.931     0.863     0.906     0.896      2.47     0.798         0
   169/299     7.81G     0.911     0.251         0      1.16        24       608     0.916     0.866     0.902     0.891      2.51     0.818         0
   170/299     7.81G     0.889     0.239         0      1.13        25       608     0.916     0.861     0.901     0.887      2.46     0.823         0
   171/299     7.81G     0.892     0.251         0      1.14        29       608       0.9     0.874     0.902     0.886      2.46     0.805         0
   172/299     7.81G     0.865      0.25         0      1.11        28       608     0.911     0.874     0.903     0.892      2.39     0.798         0
   173/299     7.81G     0.942     0.255         0       1.2        24       608     0.908      0.87     0.902     0.889      2.43     0.809         0
   174/299     7.81G     0.844     0.252         0       1.1        27       608     0.912     0.859     0.909     0.885      2.38      0.81         0
   175/299     7.81G     0.818     0.232         0      1.05        29       608     0.894     0.856     0.898     0.874      2.44     0.823         0
   176/299     7.81G     0.889     0.246         0      1.14        31       608     0.898     0.854     0.894     0.875      2.46     0.837         0
   177/299     7.81G     0.844     0.222         0      1.07        31       608     0.907     0.881     0.909     0.894      2.42     0.825         0
   178/299     7.81G     0.853     0.247         0       1.1        28       608     0.907     0.866      0.91     0.886      2.42     0.825         0
   179/299     7.81G     0.776     0.224         0         1        24       608     0.906     0.871     0.913     0.888      2.41     0.817         0
   180/299     7.81G     0.738     0.218         0     0.956        29       608     0.905     0.892      0.92     0.898       2.4       0.8         0
   181/299     7.81G     0.827     0.226         0      1.05        12       608     0.906     0.906     0.914     0.906       2.4     0.795         0
   182/299     7.81G     0.814     0.245         0      1.06        23       608     0.901      0.91     0.915     0.905       2.4     0.806         0
   183/299     7.81G     0.758     0.229         0     0.987        31       608       0.9     0.911     0.915     0.906      2.41     0.819         0
   184/299     7.81G     0.765     0.224         0     0.989        22       608     0.902     0.903     0.916     0.902      2.38     0.805         0
   185/299     7.81G     0.713     0.228         0     0.942        24       608     0.899     0.899     0.913     0.899      2.41     0.814         0
   186/299     7.81G     0.789     0.212         0         1        27       608     0.901     0.895     0.916     0.898      2.42      0.82         0
   187/299     7.81G     0.733     0.232         0     0.965        20       608     0.902     0.903     0.921     0.902      2.39     0.817         0
   188/299     7.81G     0.759     0.238         0     0.997        20       608     0.904     0.888     0.913     0.896      2.41     0.821         0
   189/299     7.81G     0.722     0.191         0     0.914        26       608      0.91     0.895     0.915     0.903      2.38     0.816         0
   190/299     7.81G     0.749     0.214         0     0.963        28       608     0.902     0.884     0.914     0.893      2.43     0.826         0
   191/299     7.81G     0.721     0.213         0     0.934        26       608     0.907      0.87     0.913     0.888      2.44     0.821         0
   192/299     7.81G     0.757     0.218         0     0.975        28       608     0.913     0.866     0.912     0.889      2.43     0.822         0
   193/299     7.81G     0.702     0.208         0      0.91        19       608     0.904     0.882     0.921     0.893      2.43     0.822         0
   194/299     7.81G     0.727      0.21         0     0.937        12       608     0.906     0.888     0.915     0.897      2.41     0.815         0
   195/299     7.81G     0.686     0.212         0     0.898        29       608     0.917     0.913     0.918     0.915       2.4     0.822         0
   196/299     7.81G     0.671     0.213         0     0.884        25       608     0.913     0.913      0.92     0.913      2.36     0.823         0
   197/299     7.81G     0.691     0.216         0     0.907        27       608     0.915     0.906     0.915     0.911      2.37     0.833         0
   198/299     7.81G     0.724     0.208         0     0.932        29       608     0.915     0.899     0.911     0.907      2.38     0.842         0
   199/299     7.81G      0.67     0.211         0     0.882        20       608     0.898      0.89     0.911     0.894      2.38     0.848         0
   200/299     7.81G     0.627     0.202         0     0.828        20       608     0.891     0.884     0.908     0.888      2.38     0.857         0
   201/299     7.81G     0.663     0.209         0     0.872        27       608     0.882      0.87     0.899     0.876      2.37     0.852         0
   202/299     7.81G     0.674     0.193         0     0.867        29       608     0.887     0.874     0.912      0.88      2.37     0.847         0
   203/299     7.81G      0.65     0.197         0     0.847        24       608     0.883     0.877      0.91      0.88      2.36     0.842         0
   204/299     7.81G      0.62     0.186         0     0.807        26       608     0.889     0.884     0.908     0.887      2.38     0.843         0
   205/299     7.81G     0.659     0.187         0     0.846        19       608     0.889     0.895     0.904     0.892      2.38     0.834         0
   206/299     7.81G     0.635     0.186         0     0.821        26       608     0.902     0.888     0.904     0.895      2.37     0.834         0
   207/299     7.81G     0.621     0.202         0     0.823        16       608     0.895     0.877     0.915     0.886      2.38     0.842         0
   208/299     7.81G     0.651     0.189         0      0.84        22       608     0.895     0.874     0.913     0.884      2.37     0.848         0
   209/299     7.81G     0.639     0.187         0     0.826        25       608      0.91     0.881     0.912     0.895      2.38      0.86         0
   210/299     7.81G     0.606     0.205         0     0.811        29       608     0.913     0.884     0.907     0.898      2.37     0.866         0
   211/299     7.81G      0.58     0.185         0     0.765        24       608     0.914     0.895     0.908     0.905      2.39     0.867         0
   212/299     7.81G     0.613     0.183         0     0.796        27       608     0.915     0.896     0.915     0.905      2.38     0.867         0
   213/299     7.81G     0.592     0.179         0     0.771        23       608     0.912     0.893     0.914     0.902      2.39     0.875         0
   214/299     7.81G     0.608     0.204         0     0.812        25       608     0.914     0.888     0.913     0.901      2.38     0.879         0
   215/299     7.81G     0.551      0.17         0     0.721        30       608     0.909     0.897     0.913     0.903      2.38      0.88         0
   216/299     7.81G      0.57     0.185         0     0.755        25       608     0.896       0.9     0.913     0.898      2.38     0.874         0
   217/299     7.81G     0.576     0.176         0     0.751        28       608      0.89     0.903     0.912     0.896      2.37     0.862         0
   218/299     7.81G      0.58      0.18         0      0.76        29       608     0.899      0.91      0.92     0.905       2.4     0.866         0
   219/299     7.81G     0.576     0.192         0     0.767        32       608     0.903     0.888     0.913     0.895       2.4     0.879         0
   220/299     7.81G     0.614     0.186         0       0.8        15       608     0.922     0.897     0.916     0.909       2.4     0.875         0
   221/299     7.81G     0.564     0.194         0     0.758        29       608     0.918     0.899     0.915     0.909      2.38     0.876         0
   222/299     7.81G     0.522      0.16         0     0.682        23       608     0.919     0.903     0.915     0.911      2.39     0.879         0
   223/299     7.81G     0.553     0.197         0      0.75        30       608     0.911     0.906     0.916     0.909       2.4     0.882         0
   224/299     7.81G     0.563     0.182         0     0.745        29       608     0.914     0.903     0.909     0.908      2.39      0.88         0
   225/299     7.81G     0.553     0.176         0     0.729        27       608     0.912     0.892     0.916     0.902      2.39     0.882         0
   226/299     7.81G     0.515     0.192         0     0.707        25       608     0.897     0.877       0.9     0.887      2.39     0.887         0
   227/299     7.81G     0.524      0.17         0     0.694        34       608     0.898      0.87     0.899     0.884      2.39     0.891         0
   228/299     7.81G     0.566     0.176         0     0.742        29       608     0.903      0.87     0.904     0.886       2.4     0.889         0
   229/299     7.81G     0.527     0.172         0     0.699        29       608     0.913     0.881     0.906     0.897      2.39     0.878         0
   230/299     7.81G     0.542     0.188         0      0.73        29       608     0.909     0.877     0.912     0.893      2.38     0.872         0
   231/299     7.81G     0.513     0.164         0     0.676        30       608     0.911     0.887     0.912     0.899      2.38     0.877         0
   232/299     7.81G     0.532     0.163         0     0.696        27       608     0.915     0.895     0.913     0.905      2.38     0.884         0
   233/299     7.81G     0.486     0.169         0     0.655        12       608     0.915      0.89     0.904     0.902       2.4     0.896         0
   234/299     7.81G     0.531      0.16         0     0.691        24       608     0.911     0.881     0.898     0.896      2.41     0.907         0
   235/299     7.81G     0.562     0.172         0     0.734        28       608     0.912     0.877     0.897     0.894      2.41     0.904         0
   236/299     7.81G     0.526     0.162         0     0.688        25       608     0.909     0.874     0.897     0.891      2.41     0.906         0
   237/299     7.81G     0.499     0.155         0     0.654        22       608     0.912     0.877     0.906     0.894       2.4     0.904         0
   238/299     7.81G     0.516     0.163         0     0.679        24       608     0.917     0.895     0.905     0.906      2.38     0.892         0
   239/299     7.81G     0.526     0.162         0     0.687        26       608     0.921     0.899     0.906      0.91      2.39     0.888         0
   240/299     7.81G     0.527     0.162         0     0.689        27       608     0.919     0.899     0.908     0.909      2.39     0.892         0
   241/299     7.81G     0.522     0.162         0     0.683        22       608     0.913     0.903     0.908     0.908      2.39     0.899         0
   242/299     7.81G     0.512     0.175         0     0.687        24       608     0.905     0.895     0.911       0.9       2.4     0.903         0
   243/299     7.81G     0.491     0.166         0     0.657        31       608     0.901     0.887     0.912     0.894      2.41      0.91         0
   244/299     7.81G     0.487     0.154         0     0.641        30       608     0.891     0.888     0.908      0.89      2.41     0.916         0
   245/299     7.81G     0.484     0.148         0     0.633        22       608     0.894     0.892     0.907     0.893      2.42     0.923         0
   246/299     7.81G     0.486     0.162         0     0.648        14       608     0.902     0.893      0.91     0.897       2.4     0.911         0
   247/299     7.81G     0.519     0.169         0     0.688        23       608     0.909     0.903     0.912     0.906      2.39     0.898         0
   248/299     7.81G      0.47     0.158         0     0.627        25       608     0.897     0.909     0.915     0.903      2.38     0.895         0
   249/299     7.81G     0.487     0.173         0      0.66        19       608     0.896     0.913     0.914     0.905       2.4       0.9         0
   250/299     7.81G     0.472     0.154         0     0.626        25       608     0.892     0.913     0.911     0.903      2.39     0.901         0
   251/299     7.81G     0.484     0.163         0     0.647        24       608     0.887     0.895     0.907     0.891       2.4     0.905         0
   252/299     7.81G     0.481     0.149         0      0.63        23       608     0.882     0.895     0.909     0.888       2.4     0.905         0
   253/299     7.81G     0.467     0.145         0     0.612        20       608     0.881     0.895     0.912     0.888       2.4     0.902         0
   254/299     7.81G     0.481     0.153         0     0.633        26       608     0.902     0.895     0.911     0.899      2.39     0.904         0
   255/299     7.81G     0.495     0.162         0     0.658        22       608     0.915     0.892     0.911     0.903      2.39     0.907         0
   256/299     7.81G     0.485     0.156         0     0.641        23       608     0.911     0.892     0.909     0.902      2.39     0.912         0
   257/299     7.81G     0.459     0.151         0     0.611        27       608     0.903     0.888     0.906     0.896      2.39     0.911         0
   258/299     7.81G     0.466     0.162         0     0.628        29       608     0.916     0.904     0.912      0.91      2.39     0.913         0
   259/299     7.81G     0.495     0.152         0     0.647        12       608     0.915     0.903      0.91     0.909      2.39     0.912         0
   260/299     7.81G     0.486     0.153         0      0.64        25       608     0.924      0.91     0.911     0.917       2.4     0.912         0
   261/299     7.81G     0.473     0.167         0      0.64        24       608     0.906     0.906      0.91     0.906       2.4      0.91         0
   262/299     7.81G     0.458     0.148         0     0.606        26       608     0.904     0.906      0.91     0.905       2.4     0.908         0
   263/299     7.81G     0.462      0.14         0     0.602        22       608     0.904      0.91     0.909     0.907       2.4     0.904         0
   264/299     7.81G     0.452     0.149         0     0.601        25       608     0.904     0.913     0.914     0.909      2.39     0.907         0
   265/299     7.81G     0.461      0.14         0     0.601        25       608      0.89     0.908     0.909     0.899       2.4     0.915         0
   266/299     7.81G     0.462     0.167         0     0.629        29       608     0.897     0.906     0.909     0.902       2.4     0.918         0
   267/299     7.81G     0.473     0.159         0     0.632        27       608     0.897      0.91     0.912     0.903       2.4     0.917         0
   268/299     7.81G     0.459     0.142         0     0.601        31       608     0.899     0.906     0.913     0.902       2.4     0.918         0
   269/299     7.81G     0.461     0.154         0     0.615        28       608     0.901      0.91     0.914     0.906      2.39     0.914         0
   270/299     7.81G      0.47     0.156         0     0.625        34       608     0.896     0.906     0.906     0.901       2.4     0.909         0
   271/299     7.81G     0.463     0.157         0     0.619        23       608     0.896     0.906     0.906     0.901       2.4     0.905         0
   272/299     7.81G     0.456     0.148         0     0.603        14       608     0.896     0.906     0.906     0.901       2.4      0.91         0
   273/299     7.81G      0.45     0.155         0     0.605        26       608     0.899     0.903     0.907     0.901       2.4     0.912         0
   274/299     7.81G     0.466     0.148         0     0.614        31       608     0.899     0.903     0.908     0.901       2.4      0.91         0
   275/299     7.81G     0.456     0.152         0     0.608        29       608     0.896     0.904     0.916       0.9       2.4     0.908         0
   276/299     7.81G     0.458     0.152         0      0.61        27       608     0.895     0.903     0.916     0.899       2.4      0.91         0
   277/299     7.81G     0.449     0.145         0     0.594        27       608     0.893     0.903     0.915     0.898       2.4     0.912         0
   278/299     7.81G     0.452     0.154         0     0.606        28       608     0.894     0.903     0.915     0.898      2.41     0.916         0
   279/299     7.81G     0.477     0.146         0     0.623        26       608     0.906      0.91     0.907     0.908      2.41     0.917         0
   280/299     7.81G     0.483     0.155         0     0.638        25       608     0.902     0.903     0.907     0.902      2.41     0.918         0
   281/299     7.81G     0.439     0.149         0     0.589        27       608     0.906     0.904     0.908     0.905       2.4     0.918         0
   282/299     7.81G     0.456     0.152         0     0.609        19       608       0.9     0.899     0.907       0.9       2.4     0.915         0
   283/299     7.81G     0.445     0.141         0     0.586        27       608     0.896     0.899     0.913     0.897       2.4     0.912         0
   284/299     7.81G      0.43     0.145         0     0.575        24       608     0.902     0.895     0.905     0.899       2.4     0.913         0
   285/299     7.81G     0.452     0.137         0     0.589        12       608       0.9     0.899     0.907       0.9       2.4     0.912         0
   286/299     7.81G      0.45      0.15         0       0.6        25       608     0.902     0.901     0.906     0.902      2.39     0.911         0
   287/299     7.81G     0.428     0.137         0     0.566        20       608       0.9     0.899     0.906       0.9      2.39     0.908         0
   288/299     7.81G     0.467     0.157         0     0.624        30       608     0.906     0.903     0.907     0.904      2.39     0.907         0
   289/299     7.81G     0.427      0.15         0     0.577        22       608     0.904     0.903     0.915     0.903      2.39     0.908         0
   290/299     7.81G     0.475     0.144         0     0.618        24       608     0.899     0.906     0.915     0.903      2.39     0.911         0
   291/299     7.81G     0.447     0.154         0     0.601        29       608     0.893     0.906     0.907       0.9      2.39     0.909         0
   292/299     7.81G     0.425     0.134         0     0.559        27       608     0.899      0.91     0.917     0.904      2.39     0.908         0
   293/299     7.81G     0.437     0.154         0     0.591        27       608     0.904      0.91     0.916     0.907      2.39     0.911         0
   294/299     7.81G     0.435      0.14         0     0.575        24       608     0.904     0.906     0.916     0.905       2.4     0.914         0
   295/299     7.81G     0.413     0.149         0     0.562        24       608     0.899     0.904     0.914     0.902      2.39     0.914         0
   296/299     7.81G      0.45     0.163         0     0.613        27       608     0.901     0.903     0.913     0.902      2.39     0.913         0
   297/299     7.81G     0.437     0.169         0     0.606        29       608     0.901     0.903     0.916     0.902      2.39     0.916         0
   298/299     7.81G     0.419     0.133         0     0.551        11       608       0.9     0.903     0.913     0.901       2.4     0.919         0
   299/299     7.81G     0.443     0.141         0     0.584        26       608       0.9     0.903     0.913     0.901       2.4     0.918         0
