     0/299     7.81G      7.81      31.6         0      39.4        12       608         0         0    0.0051         0      7.33      3.76         0
     1/299     7.81G       5.9      2.08         0      7.98        14       608         0         0         0         0      5.99      3.68         0
     2/299     7.81G      5.19      1.74         0      6.93         5       608         0         0  8.03e-05         0      5.53      3.24         0
     3/299     7.81G      4.58       1.5         0      6.08        13       608         1   0.00361    0.0807   0.00719      5.08      2.34         0
     4/299     7.81G      4.57      1.25         0      5.82        14       608         1   0.00361     0.165   0.00719       4.5      2.37         0
     5/299     7.81G      4.17      1.27         0      5.44         6       608         1   0.00361     0.132   0.00719      5.13      2.15         0
     6/299     7.81G      4.24     0.931         0      5.17        11       608     0.548      0.21     0.287     0.303      4.42      1.64         0
     7/299     7.81G      4.38     0.864         0      5.24        10       608     0.135    0.0108     0.122    0.0201      5.01       1.6         0
     8/299     7.81G      4.38       0.9         0      5.28         5       608     0.654    0.0433     0.285    0.0813      4.44      1.53         0
     9/299     7.81G      4.06     0.851         0      4.91        10       608      0.55   0.00722     0.348    0.0143      4.57      1.43         0
    10/299     7.81G      5.16     0.851         0      6.01        11       608         0         0    0.0448         0      5.19      1.87         0
    11/299     7.81G      4.12     0.865         0      4.99         4       608         1   0.00776     0.145    0.0154      5.15      1.55         0
    12/299     7.81G      4.19     0.796         0      4.99        11       608     0.674    0.0469     0.301    0.0877      4.11      1.36         0
    13/299     7.81G      4.14     0.766         0      4.91        10       608         0         0    0.0657         0      4.43      1.49         0
    14/299     7.81G      3.85     0.874         0      4.72         4       608         0         0     0.224         0      3.89      1.64         0
    15/299     7.81G      4.14     0.693         0      4.84        12       608     0.504   0.00361    0.0412   0.00717       9.5      1.88         0
    16/299     7.81G      4.87     0.761         0      5.63        12       608         0         0    0.0325         0      5.42      1.79         0
    17/299     7.81G      4.09     0.819         0       4.9         5       608         0         0    0.0963         0      3.96       1.6         0
    18/299     7.81G      3.72     0.757         0      4.47        14       608     0.575   0.00524     0.177    0.0104      4.34      1.31         0
    19/299     7.81G      4.31     0.606         0      4.92        10       608     0.721   0.00955    0.0626    0.0189      6.16         1         0
    20/299     7.81G      4.09     0.775         0      4.86         4       608         1   0.00361    0.0952   0.00719      5.16      1.48         0
    21/299     7.81G      3.45      0.85         0       4.3        12       608         1   0.00361     0.215   0.00719      4.67      1.46         0
    22/299     7.81G      3.84     0.623         0      4.47         9       608     0.826    0.0939     0.375     0.169      4.34      1.11         0
    23/299     7.81G      3.66     0.725         0      4.38         5       608     0.714     0.099      0.35     0.174      4.33      1.29         0
    24/299     7.81G      3.61     0.659         0      4.27        11       608         1    0.0348     0.371    0.0673      4.05      1.23         0
    25/299     7.81G       3.2     0.685         0      3.88        14       608     0.414      0.13     0.232     0.198      4.37      1.05         0
    26/299     7.81G      3.73     0.577         0      4.31         6       608      0.86    0.0445     0.442    0.0846      4.07      1.21         0
    27/299     7.81G      3.24     0.771         0      4.01        10       608     0.851    0.0207     0.377    0.0405      4.35      1.26         0
    28/299     7.81G       3.4     0.662         0      4.06        10       608     0.713    0.0361     0.464    0.0687      3.77       1.2         0
    29/299     7.81G      3.19     0.644         0      3.84         2       608         1    0.0224     0.432    0.0439      3.97      1.17         0
    30/299     7.81G      3.09     0.595         0      3.69        12       608     0.941     0.116     0.546     0.207      3.65      1.05         0
    31/299     7.81G      3.33     0.512         0      3.84        15       608     0.857      0.13     0.503     0.226      3.94      1.09         0
    32/299     7.81G      3.17     0.609         0      3.78         5       608         1    0.0396     0.571    0.0762      3.56      1.33         0
    33/299     7.81G       3.1     0.581         0      3.68        11       608     0.907     0.227     0.604     0.364      3.58      1.01         0
    34/299     7.81G       3.2     0.543         0      3.74        13       608     0.944     0.245      0.65      0.39      3.36      1.03         0
    35/299     7.81G      3.07     0.512         0      3.59         6       608         1    0.0547     0.369     0.104      4.54      1.17         0
    36/299     7.81G      3.01     0.565         0      3.57        12       608         1   0.00361     0.276   0.00719       4.7      1.49         0
    37/299     7.81G      2.83     0.546         0      3.38        12       608     0.902    0.0334     0.334    0.0645      4.61      1.19         0
    38/299     7.81G      2.85     0.511         0      3.36         3       608      0.94     0.152     0.439     0.261      4.12      1.13         0
    39/299     7.81G      2.81     0.491         0       3.3        10       608     0.986     0.248     0.574     0.396      3.51      1.09         0
    40/299     7.81G      2.92     0.523         0      3.44        14       608     0.928     0.278     0.603     0.428      3.71      1.07         0
    41/299     7.81G      2.66     0.507         0      3.17         4       608     0.901     0.427     0.673      0.58      3.53     0.956         0
    42/299     7.81G      2.84     0.473         0      3.32        13       608      0.78     0.436     0.622     0.559      3.64     0.903         0
    43/299     7.81G      2.89     0.515         0       3.4        14       608      0.92     0.248     0.634      0.39      3.39      1.03         0
    44/299     7.81G      2.62     0.513         0      3.13         4       608     0.863     0.394     0.632      0.54      3.56     0.929         0
    45/299     7.81G      2.91     0.477         0      3.38        14       608     0.926     0.314     0.605     0.469      3.73     0.946         0
    46/299     7.81G      2.75      0.44         0      3.19        10       608     0.965     0.295     0.618     0.451       3.4     0.981         0
    47/299     7.81G      2.61     0.413         0      3.02         3       608     0.925     0.403     0.679     0.562       3.2     0.918         0
    48/299     7.81G      2.49      0.46         0      2.95        11       608     0.856     0.474     0.675      0.61      3.38     0.877         0
    49/299     7.81G      2.58     0.439         0      3.02        10       608     0.898     0.413     0.618     0.566      3.53     0.926         0
    50/299     7.81G      2.39     0.417         0      2.81         4       608     0.917     0.451     0.698     0.605      3.28     0.881         0
    51/299     7.81G      2.84     0.391         0      3.23        13       608      0.99     0.347     0.699     0.514      3.34      0.92         0
    52/299     7.81G      2.26     0.438         0       2.7        10       608     0.951     0.352     0.748     0.514      3.23     0.924         0
    53/299     7.81G      2.47     0.394         0      2.86         3       608     0.936     0.424     0.749     0.584      3.36     0.893         0
    54/299     7.81G      2.42     0.431         0      2.85        10       608     0.756     0.482     0.655     0.589      3.57     0.858         0
    55/299     7.81G      2.55     0.414         0      2.96        11       608     0.868     0.451     0.662     0.593      3.42     0.868         0
    56/299     7.81G      2.59     0.391         0      2.98         3       608     0.919     0.286     0.715     0.436      3.39      1.04         0
    57/299     7.81G      2.28     0.474         0      2.76        10       608     0.951     0.352     0.729     0.514      3.21      1.06         0
    58/299     7.81G      2.32      0.43         0      2.75        13       608     0.954     0.524     0.765     0.677      3.24     0.863         0
    59/299     7.81G      2.35       0.4         0      2.75         4       608     0.942     0.484     0.718     0.639      3.25     0.917         0
    60/299     7.81G      2.29     0.418         0      2.71        11       608     0.873     0.404     0.608     0.553      3.21      1.01         0
    61/299     7.81G      2.26      0.37         0      2.63        12       608     0.912     0.376     0.566     0.533      3.37      1.02         0
    62/299     7.81G      2.35     0.391         0      2.74         3       608     0.837     0.448      0.62     0.583       3.5     0.934         0
    63/299     7.81G      2.31     0.389         0       2.7        11       608     0.891     0.385     0.662     0.537      3.28     0.992         0
    64/299     7.81G      2.32     0.403         0      2.72        10       608     0.827      0.35     0.562     0.492      3.35      1.02         0
    65/299     7.81G      2.05     0.437         0      2.49         6       608     0.866     0.523     0.659     0.652      3.28     0.891         0
    66/299     7.81G       2.2     0.405         0       2.6        10       608     0.808     0.548     0.668     0.653      3.32     0.871         0
    67/299     7.81G      2.23     0.366         0       2.6        10       608     0.836     0.516     0.673     0.638      3.26     0.916         0
    68/299     7.81G      1.99     0.387         0      2.38         3       608     0.859     0.505     0.685     0.636      3.18     0.923         0
    69/299     7.81G      2.14     0.344         0      2.49        10       608     0.883     0.492     0.704     0.632      3.19     0.912         0
    70/299     7.81G      2.08     0.374         0      2.46         8       608     0.907     0.561     0.748     0.693      3.02     0.884         0
    71/299     7.81G      2.17     0.387         0      2.55         5       608     0.855     0.578     0.734      0.69      3.06     0.864         0
    72/299     7.81G      2.17      0.36         0      2.53        11       608      0.92     0.537     0.745     0.678      3.06     0.876         0
    73/299     7.81G      2.09     0.412         0       2.5        12       608     0.905     0.549      0.72     0.684      3.07     0.852         0
    74/299     7.81G      2.07     0.363         0      2.43         5       608     0.863      0.57     0.716     0.686      3.12     0.843         0
    75/299     7.81G      2.09     0.352         0      2.44        11       608     0.861     0.491     0.658     0.625      3.39     0.866         0
    76/299     7.81G      2.07     0.358         0      2.43        12       608     0.898     0.484      0.71     0.629      3.17     0.911         0
    77/299     7.81G      1.91     0.363         0      2.27         7       608     0.829     0.597     0.709     0.694      3.16     0.842         0
    78/299     7.81G      2.04      0.34         0      2.38        10       608     0.844     0.585     0.734     0.691       3.1     0.881         0
    79/299     7.81G      1.93     0.369         0       2.3        11       608     0.856     0.514     0.734     0.642      3.03     0.923         0
    80/299     7.81G      1.95     0.331         0      2.28         4       608     0.876     0.549     0.733     0.675      3.15     0.911         0
    81/299     7.81G      1.94     0.353         0      2.29        11       608     0.876     0.516     0.738      0.65         3     0.933         0
    82/299     7.81G      1.78     0.342         0      2.13        11       608     0.846     0.531     0.718     0.652      3.14     0.915         0
    83/299     7.81G      1.96      0.32         0      2.28         4       608     0.891     0.531     0.745     0.666      3.22     0.926         0
    84/299     7.81G      1.95     0.328         0      2.27         9       608     0.877     0.495     0.719     0.633      3.14     0.933         0
    85/299     7.81G      1.87     0.337         0      2.21        12       608     0.947      0.52      0.76     0.671      3.11     0.929         0
    86/299     7.81G      1.77     0.353         0      2.12         3       608     0.892     0.545     0.751     0.677      3.18     0.887         0
    87/299     7.81G      1.95     0.326         0      2.28        12       608     0.932     0.543     0.751     0.686      3.11     0.934         0
    88/299     7.81G      1.87     0.334         0      2.21        10       608     0.875     0.513     0.702     0.647      3.24     0.999         0
    89/299     7.81G      1.85     0.309         0      2.16         1       608     0.798     0.471     0.619     0.592      3.34     0.983         0
    90/299     7.81G      1.71     0.335         0      2.05         8       608     0.825     0.509     0.675      0.63      3.21     0.955         0
    91/299     7.81G      1.95     0.303         0      2.26        10       608      0.87     0.555     0.718     0.678      3.07     0.926         0
    92/299     7.81G      1.83     0.305         0      2.14         4       608     0.843     0.544      0.69     0.661      3.26     0.936         0
    93/299     7.81G      1.77     0.315         0      2.09         6       608     0.859     0.551     0.674     0.671       3.3     0.932         0
    94/299     7.81G      1.94     0.314         0      2.25        11       608     0.866     0.537      0.67     0.663       3.3     0.945         0
    95/299     7.81G      1.84     0.336         0      2.17         3       608     0.925      0.49     0.714     0.641      3.17      1.03         0
    96/299     7.81G      1.68      0.32         0         2         7       608      0.86     0.574     0.697     0.689      3.15     0.934         0
    97/299     7.81G      1.61     0.295         0      1.91        13       608     0.843     0.606     0.724     0.705      3.04     0.874         0
    98/299     7.81G      1.75     0.275         0      2.03         4       608     0.891     0.588     0.738     0.709      3.09     0.881         0
    99/299     7.81G       1.8     0.325         0      2.12         9       608     0.926     0.538     0.748     0.681      2.95     0.908         0
   100/299     7.81G      1.69     0.322         0      2.02         9       608     0.874     0.596     0.764     0.708      2.99     0.892         0
   101/299     7.81G      1.71     0.298         0      2.01         3       608     0.887     0.556     0.748     0.683      3.12      0.91         0
   102/299     7.81G      1.72     0.305         0      2.03         9       608     0.886     0.563     0.721     0.689      3.09     0.899         0
   103/299     7.81G      1.81     0.288         0       2.1        14       608     0.883     0.542     0.671     0.672      3.21     0.947         0
   104/299     7.81G      1.57     0.296         0      1.87         4       608     0.813     0.545     0.679     0.653      3.13     0.961         0
   105/299     7.81G      1.67     0.326         0         2        13       608      0.84     0.589     0.696     0.693      3.07     0.882         0
   106/299     7.81G      1.84     0.285         0      2.13        13       608     0.812     0.632     0.719      0.71      2.92     0.896         0
   107/299     7.81G      1.62     0.309         0      1.93         3       608     0.764     0.661     0.694     0.709      2.94     0.889         0
   108/299     7.81G      1.57     0.297         0      1.86         9       608     0.777     0.679     0.735     0.725      2.94     0.835         0
   109/299     7.81G      1.66     0.287         0      1.95         8       608     0.842     0.661     0.768      0.74       2.9     0.822         0
   110/299     7.81G      1.62     0.282         0       1.9         4       608     0.899      0.61     0.789     0.727      2.99     0.856         0
   111/299     7.81G      1.73     0.275         0      2.01        12       608     0.846     0.653     0.771     0.737         3      0.84         0
   112/299     7.81G       1.6     0.304         0       1.9        11       608      0.86     0.668     0.775     0.752      2.99     0.852         0
   113/299     7.81G       1.5     0.279         0      1.78         5       608     0.858     0.678     0.798     0.758      2.95     0.835         0
   114/299     7.81G      1.65     0.278         0      1.93        12       608     0.862     0.678     0.762     0.759      3.03     0.818         0
   115/299     7.81G      1.58     0.272         0      1.85         7       608     0.888     0.664     0.799      0.76      2.99     0.851         0
   116/299     7.81G       1.5     0.278         0      1.77         3       608     0.867     0.634      0.76     0.732      2.95     0.875         0
   117/299     7.81G      1.67     0.281         0      1.95        14       608     0.866     0.661     0.773     0.749      3.12      0.85         0
   118/299     7.81G      1.61     0.267         0      1.88         9       608     0.879      0.63     0.758     0.734      3.07     0.863         0
   119/299     7.81G      1.57     0.281         0      1.85         4       608     0.868     0.639     0.781     0.736      3.14     0.861         0
   120/299     7.81G      1.48     0.268         0      1.75        10       608     0.835     0.653     0.767     0.733         3     0.888         0
   121/299     7.81G      1.48     0.316         0      1.79        13       608     0.822      0.65     0.731     0.726      2.97     0.929         0
   122/299     7.81G      1.58     0.253         0      1.83         6       608     0.868     0.592      0.75     0.703      2.95      0.96         0
   123/299     7.81G      1.44     0.264         0       1.7         9       608     0.868     0.616     0.737     0.721      3.08     0.946         0
   124/299     7.81G      1.57     0.267         0      1.84        12       608     0.867     0.621     0.731     0.724      2.95     0.934         0
   125/299     7.81G       1.4     0.258         0      1.66         3       608     0.876     0.589     0.736     0.705      3.03     0.943         0
   126/299     7.81G      1.47     0.287         0      1.76        13       608     0.874     0.592     0.744     0.706      3.05     0.921         0
   127/299     7.81G      1.49     0.241         0      1.73        11       608     0.893     0.633     0.764     0.741      3.04     0.893         0
   128/299     7.81G      1.55     0.264         0      1.82         5       608     0.895     0.674     0.808     0.769       2.9     0.839         0
   129/299     7.81G      1.43      0.27         0       1.7        12       608     0.911     0.701     0.822     0.792      2.83     0.809         0
   130/299     7.81G      1.41     0.287         0       1.7        13       608     0.865     0.708     0.814     0.779      2.85     0.786         0
   131/299     7.81G      1.42     0.277         0       1.7         3       608       0.9     0.715     0.842     0.797      2.85     0.771         0
   132/299     7.81G      1.42      0.25         0      1.67        13       608     0.866     0.718     0.824     0.785       2.9     0.768         0
   133/299     7.81G      1.48     0.258         0      1.74        10       608     0.861     0.704     0.813     0.775      2.88     0.786         0
   134/299     7.81G      1.42     0.266         0      1.68         4       608     0.895     0.675     0.807     0.769      2.87     0.816         0
   135/299     7.81G       1.3     0.257         0      1.56         9       608     0.906     0.653     0.808     0.759      2.84     0.839         0
   136/299     7.81G      1.38     0.248         0      1.62        13       608     0.876     0.689     0.784     0.772      2.92     0.828         0
   137/299     7.81G      1.44     0.265         0      1.71         5       608      0.86     0.697     0.772      0.77      2.95     0.838         0
   138/299     7.81G      1.42     0.256         0      1.68        12       608     0.898     0.669     0.792     0.767      2.87     0.865         0
   139/299     7.81G      1.38     0.253         0      1.63        13       608     0.913     0.641     0.801     0.753       2.9      0.88         0
   140/299     7.81G      1.32     0.253         0      1.57         4       608     0.888     0.715     0.801     0.792       2.9     0.832         0
   141/299     7.81G      1.44     0.239         0      1.68        12       608     0.863     0.729     0.789      0.79      2.95      0.82         0
   142/299     7.81G      1.34     0.244         0      1.58        11       608     0.857     0.691       0.8     0.765      2.84     0.848         0
   143/299     7.81G       1.3     0.243         0      1.54         5       608     0.833      0.72     0.799     0.772      2.83     0.793         0
   144/299     7.81G      1.22     0.256         0      1.47        12       608     0.781     0.722     0.751      0.75      2.93     0.801         0
   145/299     7.81G      1.34     0.246         0      1.59        13       608     0.821     0.727     0.774     0.771      2.88       0.8         0
   146/299     7.81G      1.25     0.253         0       1.5         5       608     0.862     0.697     0.781      0.77      2.88      0.82         0
   147/299     7.81G       1.3     0.222         0      1.52         7       608       0.9     0.717     0.817     0.798      2.79     0.831         0
   148/299     7.81G       1.2     0.237         0      1.43        12       608     0.908     0.711     0.826     0.798      2.79     0.816         0
   149/299     7.81G      1.22     0.254         0      1.47         2       608     0.888     0.715     0.838     0.792      2.83     0.822         0
   150/299     7.81G      1.19     0.231         0      1.42        12       608     0.871     0.683     0.816     0.766      2.84     0.869         0
   151/299     7.81G      1.31     0.234         0      1.55        11       608     0.869     0.625     0.805     0.727      2.92     0.913         0
   152/299     7.81G      1.28     0.256         0      1.53         6       608     0.885     0.693     0.778     0.777      2.79     0.806         0
   153/299     7.81G      1.28     0.228         0      1.51         9       608     0.867     0.693     0.757      0.77      2.84     0.814         0
   154/299     7.81G       1.3     0.223         0      1.53         7       608     0.821     0.629     0.709     0.712      2.94     0.876         0
   155/299     7.81G      1.26     0.234         0      1.49         4       608     0.808     0.607     0.719     0.693      2.89     0.907         0
   156/299     7.81G      1.11     0.224         0      1.34        14       608     0.882     0.668     0.774      0.76      2.91      0.88         0
   157/299     7.81G      1.24     0.234         0      1.47        10       608     0.907       0.7     0.807      0.79      2.86     0.836         0
   158/299     7.81G      1.21     0.227         0      1.43         4       608     0.927      0.69     0.831     0.791      2.84      0.84         0
   159/299     7.81G      1.24      0.21         0      1.45        11       608     0.908     0.671     0.801     0.772       2.8     0.834         0
   160/299     7.81G      1.15     0.209         0      1.36        12       608     0.908     0.693     0.814     0.786       2.8     0.829         0
   161/299     7.81G      1.14     0.238         0      1.38         4       608     0.909     0.726     0.824     0.807      2.79     0.805         0
   162/299     7.81G      1.07     0.208         0      1.28         7       608     0.879     0.734     0.786       0.8      2.85     0.808         0
   163/299     7.81G      1.14     0.217         0      1.36        11       608      0.89     0.728     0.794     0.801      2.88      0.81         0
   164/299     7.81G      1.07     0.227         0       1.3         3       608     0.883     0.711     0.786     0.788      2.81     0.827         0
   165/299     7.81G      1.07     0.205         0      1.27        12       608     0.876     0.715      0.79     0.788      2.85     0.819         0
   166/299     7.81G      1.19     0.206         0       1.4        12       608     0.848       0.7     0.775     0.767      2.88      0.82         0
   167/299     7.81G      1.07     0.219         0      1.29         4       608     0.839     0.716     0.777     0.772      2.81     0.837         0
   168/299     7.81G      1.13     0.214         0      1.34         8       608     0.859     0.722     0.788     0.785      2.79     0.833         0
   169/299     7.81G      1.16     0.203         0      1.36         7       608     0.859     0.736       0.8     0.793      2.78     0.831         0
   170/299     7.81G      1.16     0.244         0       1.4         5       608      0.89     0.727     0.812       0.8      2.78     0.842         0
   171/299     7.81G      1.07     0.216         0      1.29        10       608     0.887     0.711     0.807     0.789       2.8     0.849         0
   172/299     7.81G      1.16     0.209         0      1.36         8       608     0.884     0.715     0.792      0.79      2.87     0.846         0
   173/299     7.81G       1.1     0.217         0      1.32         4       608     0.883      0.69     0.784     0.774      2.94     0.877         0
   174/299     7.81G       1.1     0.192         0      1.29        13       608     0.925     0.679     0.779     0.783      2.95     0.882         0
   175/299     7.81G      1.03     0.208         0      1.23        13       608     0.922      0.68      0.78     0.782      2.91     0.859         0
   176/299     7.81G      1.01     0.225         0      1.23         4       608     0.854     0.722     0.773     0.783      2.92     0.824         0
   177/299     7.81G     0.983     0.203         0      1.19         9       608     0.838     0.726     0.765     0.778      2.89     0.818         0
   178/299     7.81G      0.93     0.206         0      1.14        13       608     0.831     0.728     0.776     0.776      2.85     0.827         0
   179/299     7.81G      1.04     0.217         0      1.26         4       608     0.843     0.696     0.759     0.762      2.82      0.85         0
   180/299     7.81G      1.02     0.197         0      1.22        13       608     0.881     0.686     0.765     0.772      2.86     0.843         0
   181/299     7.81G       1.1     0.211         0      1.31        10       608      0.89      0.67     0.782     0.764      2.83     0.856         0
   182/299     7.81G      1.03     0.207         0      1.24         3       608     0.899     0.697     0.789     0.785      2.89     0.851         0
   183/299     7.81G      1.05     0.196         0      1.25        11       608     0.915     0.697     0.801     0.791      2.86     0.855         0
   184/299     7.81G      1.03     0.211         0      1.24        10       608     0.891     0.715     0.792     0.793      2.86     0.855         0
   185/299     7.81G     0.975     0.199         0      1.17         5       608     0.879     0.704     0.796     0.782      2.84     0.868         0
   186/299     7.81G     0.995     0.194         0      1.19         9       608     0.872       0.7     0.772     0.777      2.84     0.851         0
   187/299     7.81G     0.973     0.194         0      1.17        10       608     0.862     0.715     0.782     0.781      2.82     0.834         0
   188/299     7.81G      1.06     0.199         0      1.26         6       608     0.864     0.693     0.779     0.769      2.85     0.848         0
   189/299     7.81G     0.979     0.211         0      1.19        11       608     0.878     0.704     0.793     0.781      2.85     0.855         0
   190/299     7.81G      0.97     0.193         0      1.16        11       608     0.872     0.713     0.804     0.785      2.86     0.838         0
   191/299     7.81G     0.933     0.195         0      1.13         4       608     0.891     0.704     0.809     0.786      2.87     0.821         0
   192/299     7.81G     0.853     0.198         0      1.05        12       608       0.9     0.722     0.825     0.801      2.87     0.805         0
   193/299     7.81G     0.937     0.188         0      1.13        12       608     0.889      0.74     0.812     0.808      2.82     0.795         0
   194/299     7.81G     0.956     0.181         0      1.14         3       608     0.865     0.719     0.801     0.785      2.83     0.809         0
   195/299     7.81G     0.867     0.182         0      1.05         9       608     0.863     0.729     0.801     0.791      2.82     0.804         0
   196/299     7.81G     0.789     0.184         0     0.973        17       608     0.854     0.715     0.779     0.778      2.84     0.802         0
   197/299     7.81G      0.92     0.167         0      1.09         4       608     0.836     0.726     0.778     0.777      2.86     0.808         0
   198/299     7.81G     0.893     0.174         0      1.07        10       608     0.836     0.722     0.776     0.775      2.88     0.824         0
   199/299     7.81G     0.941     0.182         0      1.12         7       608     0.868     0.689      0.78     0.769      2.89     0.848         0
   200/299     7.81G     0.928     0.188         0      1.12         3       608     0.879     0.657     0.771     0.752      2.87     0.875         0
   201/299     7.81G     0.872      0.18         0      1.05        15       608     0.865     0.682      0.77     0.763      2.84     0.861         0
   202/299     7.81G     0.846     0.194         0      1.04        13       608     0.862     0.715     0.784     0.781      2.85     0.847         0
   203/299     7.81G     0.859      0.17         0      1.03         4       608     0.862     0.724     0.779     0.787      2.89     0.834         0
   204/299     7.81G     0.884     0.165         0      1.05        10       608     0.869     0.717     0.776     0.785      2.86     0.842         0
   205/299     7.81G     0.804     0.178         0     0.982        10       608     0.892     0.715      0.78     0.794      2.86     0.854         0
   206/299     7.81G     0.842     0.163         0      1.01         2       608     0.884     0.718     0.767     0.793      2.84     0.861         0
   207/299     7.81G      0.89     0.171         0      1.06        12       608     0.889     0.729     0.777     0.801      2.85     0.864         0
   208/299     7.81G     0.898     0.171         0      1.07         9       608      0.89     0.711     0.785     0.791      2.83     0.858         0
   209/299     7.81G     0.902     0.194         0       1.1         4       608     0.894     0.708     0.805      0.79      2.81     0.857         0
   210/299     7.81G     0.827     0.194         0      1.02        11       608     0.903     0.704     0.806     0.791      2.86     0.852         0
   211/299     7.81G     0.843     0.197         0      1.04        13       608     0.898     0.703     0.795     0.789      2.86     0.874         0
   212/299     7.81G      0.83     0.185         0      1.02         4       608     0.889      0.69     0.793     0.777       2.9     0.878         0
   213/299     7.81G     0.782     0.166         0     0.948         9       608     0.868     0.697     0.777     0.773      2.93     0.866         0
   214/299     7.81G     0.793     0.169         0     0.962         9       608     0.856     0.706     0.761     0.773      2.97     0.875         0
   215/299     7.81G     0.768     0.164         0     0.932         4       608     0.847       0.7     0.759     0.766      2.96     0.879         0
   216/299     7.81G     0.794     0.178         0     0.972        12       608     0.855     0.701     0.769     0.771      2.91     0.874         0
   217/299     7.81G      0.81      0.17         0     0.981         9       608     0.854       0.7     0.777     0.769       2.9      0.87         0
   218/299     7.81G     0.845     0.185         0      1.03         4       608     0.882     0.703     0.793     0.782      2.91     0.862         0
   219/299     7.81G     0.754     0.159         0     0.913         8       608     0.884      0.69     0.788     0.775      2.91     0.859         0
   220/299     7.81G     0.785     0.177         0     0.962         8       608      0.88      0.69     0.786     0.773      2.91     0.857         0
   221/299     7.81G     0.718     0.141         0     0.859         6       608     0.872     0.686     0.781     0.767       2.9     0.855         0
   222/299     7.81G     0.799     0.167         0     0.966         9       608     0.873     0.697     0.791     0.775       2.9     0.849         0
   223/299     7.81G     0.789     0.165         0     0.954         8       608      0.87     0.704      0.78     0.778      2.92     0.843         0
   224/299     7.81G     0.778     0.178         0     0.957         5       608      0.86       0.7     0.772     0.772      2.94     0.851         0
   225/299     7.81G     0.746     0.152         0     0.897        11       608     0.849     0.689     0.773      0.76      2.95      0.87         0
   226/299     7.81G     0.746     0.167         0     0.912        12       608     0.857     0.704      0.78     0.773      2.95     0.875         0
   227/299     7.81G     0.704     0.149         0     0.853         4       608     0.862       0.7     0.779     0.773      2.93     0.878         0
   228/299     7.81G     0.783     0.169         0     0.952        10       608     0.868       0.7     0.785     0.775       2.9     0.872         0
   229/299     7.81G     0.741     0.168         0     0.909        10       608     0.872     0.713     0.799     0.784      2.88     0.869         0
   230/299     7.81G     0.745     0.161         0     0.905         6       608     0.875     0.715     0.805     0.787      2.86     0.859         0
   231/299     7.81G     0.731     0.179         0     0.909        10       608     0.865     0.726     0.802     0.789      2.85     0.854         0
   232/299     7.81G     0.713     0.164         0     0.877        13       608     0.851     0.723     0.787     0.782      2.84     0.858         0
   233/299     7.81G     0.658      0.14         0     0.798         2       608     0.854      0.72      0.79     0.782      2.86     0.866         0
   234/299     7.81G     0.713      0.18         0     0.892        11       608     0.833     0.711     0.784     0.767      2.86      0.87         0
   235/299     7.81G     0.678     0.151         0      0.83        11       608     0.842     0.694     0.774     0.761      2.87     0.879         0
   236/299     7.81G     0.781     0.162         0     0.943         4       608     0.848     0.687     0.771     0.759      2.88     0.884         0
   237/299     7.81G     0.651     0.142         0     0.794        13       608     0.864     0.688     0.767     0.766       2.9     0.894         0
   238/299     7.81G     0.679     0.163         0     0.842        12       608     0.869     0.704     0.773     0.778      2.89     0.896         0
   239/299     7.81G     0.685     0.151         0     0.836         4       608     0.862       0.7     0.774     0.773      2.88     0.889         0
   240/299     7.81G      0.69     0.153         0     0.842        11       608     0.863     0.704     0.786     0.775      2.88     0.889         0
   241/299     7.81G     0.644     0.153         0     0.797        13       608     0.861     0.708     0.788     0.777      2.88      0.89         0
   242/299     7.81G     0.641     0.144         0     0.785         3       608     0.851     0.711     0.783     0.775      2.87      0.89         0
   243/299     7.81G     0.786     0.153         0      0.94        12       608     0.852       0.7      0.78     0.769      2.88     0.894         0
   244/299     7.81G     0.717     0.161         0     0.878         9       608     0.857     0.692     0.775     0.766      2.87     0.892         0
   245/299     7.81G     0.638     0.145         0     0.783         3       608      0.85     0.695     0.774     0.765      2.86     0.889         0
   246/299     7.81G     0.697     0.154         0     0.851        10       608     0.863     0.703     0.781     0.774      2.83     0.886         0
   247/299     7.81G      0.69     0.155         0     0.845        11       608     0.871     0.715     0.782     0.785      2.83     0.886         0
   248/299     7.81G      0.65     0.137         0     0.787         3       608     0.868     0.709     0.777     0.781      2.85     0.891         0
   249/299     7.81G     0.654     0.173         0     0.827        11       608     0.864     0.712     0.789     0.781      2.85     0.889         0
   250/299     7.81G     0.642     0.127         0     0.769         8       608     0.863     0.715     0.787     0.782      2.87     0.889         0
   251/299     7.81G     0.631      0.14         0     0.771         2       608      0.86     0.712     0.793     0.779      2.85     0.884         0
   252/299     7.81G      0.65      0.15         0     0.801         9       608     0.857     0.715     0.786      0.78      2.85     0.884         0
   253/299     7.81G     0.615     0.141         0     0.755         7       608     0.857     0.704     0.779     0.773      2.85     0.885         0
   254/299     7.81G     0.643     0.147         0     0.789         5       608     0.857     0.708     0.777     0.775      2.85     0.884         0
   255/299     7.81G     0.602      0.15         0     0.752        10       608     0.862     0.704     0.781     0.775      2.86     0.886         0
   256/299     7.81G     0.625     0.138         0     0.762        11       608     0.877     0.697     0.778     0.777      2.84     0.885         0
   257/299     7.81G     0.691     0.143         0     0.834         4       608     0.882       0.7     0.776     0.781      2.85     0.885         0
   258/299     7.81G     0.608     0.148         0     0.757        11       608     0.875     0.711     0.782     0.785      2.84     0.878         0
   259/299     7.81G      0.66     0.148         0     0.808        13       608     0.875     0.708     0.782     0.782      2.84     0.869         0
   260/299     7.81G     0.681     0.145         0     0.826         3       608     0.871     0.708     0.792     0.781      2.84     0.867         0
   261/299     7.81G      0.66     0.133         0     0.793         9       608     0.872     0.726     0.794     0.792      2.84     0.866         0
   262/299     7.81G     0.651     0.137         0     0.788        11       608     0.874     0.724     0.797     0.792      2.85     0.866         0
   263/299     7.81G      0.61      0.16         0      0.77         3       608     0.881     0.724     0.798     0.795      2.84     0.865         0
   264/299     7.81G     0.632     0.149         0     0.781        11       608     0.883     0.718     0.793     0.792      2.83     0.866         0
   265/299     7.81G     0.588      0.14         0     0.728         8       608     0.877     0.715      0.79     0.788      2.83     0.869         0
   266/299     7.81G     0.624      0.14         0     0.764         3       608     0.857     0.716     0.787     0.781      2.84     0.872         0
   267/299     7.81G     0.585     0.153         0     0.738        15       608     0.849     0.708     0.781     0.772      2.85      0.88         0
   268/299     7.81G     0.592     0.135         0     0.727        11       608     0.848     0.708     0.778     0.771      2.85     0.883         0
   269/299     7.81G      0.64     0.137         0     0.777         6       608     0.845     0.708     0.783      0.77      2.85     0.883         0
   270/299     7.81G     0.596      0.13         0     0.726        13       608     0.855     0.708     0.781     0.774      2.86     0.886         0
   271/299     7.81G     0.575     0.146         0      0.72        11       608     0.871     0.704     0.787     0.779      2.86     0.888         0
   272/299     7.81G     0.646     0.146         0     0.792         5       608     0.875      0.71      0.79     0.784      2.84     0.879         0
   273/299     7.81G     0.603      0.13         0     0.733        11       608     0.869     0.718     0.794     0.786      2.84     0.875         0
   274/299     7.81G     0.566      0.14         0     0.706        10       608     0.869     0.719      0.79     0.787      2.85     0.879         0
   275/299     7.81G     0.609     0.115         0     0.724         5       608     0.866     0.718     0.787     0.785      2.85     0.879         0
   276/299     7.81G     0.618     0.129         0     0.748        15       608     0.868     0.714     0.789     0.784      2.86     0.886         0
   277/299     7.81G     0.639     0.141         0      0.78         8       608     0.872     0.712     0.795     0.784      2.85     0.889         0
   278/299     7.81G     0.579     0.137         0     0.716         3       608      0.88     0.711     0.792     0.787      2.84     0.892         0
   279/299     7.81G     0.537     0.116         0     0.653         8       608     0.869     0.708     0.786      0.78      2.84     0.891         0
   280/299     7.81G     0.543     0.123         0     0.665        12       608      0.86     0.715     0.788     0.781      2.85      0.89         0
   281/299     7.81G     0.564     0.126         0      0.69         3       608     0.878     0.728     0.801     0.796      2.85     0.883         0
   282/299     7.81G      0.56     0.127         0     0.687         9       608     0.871     0.736     0.798     0.798      2.85     0.877         0
   283/299     7.81G     0.644     0.129         0     0.772        10       608     0.864     0.733     0.794     0.793      2.84     0.875         0
   284/299     7.81G     0.595     0.146         0     0.741         5       608     0.867     0.732     0.795     0.794      2.84     0.872         0
   285/299     7.81G     0.672     0.134         0     0.806         7       608      0.86      0.73      0.79      0.79      2.84     0.875         0
   286/299     7.81G     0.671     0.123         0     0.793         7       608     0.859     0.729     0.792     0.789      2.84     0.875         0
   287/299     7.81G     0.616     0.131         0     0.747         4       608     0.856     0.726     0.792     0.785      2.84     0.879         0
   288/299     7.81G     0.552     0.127         0      0.68        11       608     0.843     0.715     0.783     0.774      2.85     0.881         0
   289/299     7.81G     0.599     0.146         0     0.745        13       608     0.855     0.726     0.784     0.785      2.84      0.88         0
   290/299     7.81G     0.643     0.166         0     0.809         6       608     0.847     0.719     0.777     0.778      2.85     0.888         0
   291/299     7.81G     0.552     0.127         0     0.679         7       608     0.858     0.726     0.785     0.786      2.85      0.89         0
   292/299     7.81G     0.576     0.126         0     0.702        11       608     0.856     0.726      0.79     0.786      2.84     0.889         0
   293/299     7.81G     0.577     0.124         0     0.702         5       608     0.863     0.725      0.79     0.788      2.83     0.889         0
   294/299     7.81G     0.542     0.139         0     0.681        15       608     0.852     0.715     0.785     0.777      2.83     0.891         0
   295/299     7.81G     0.555     0.137         0     0.692         7       608     0.856     0.708     0.791     0.775      2.83     0.893         0
   296/299     7.81G     0.547     0.117         0     0.664         2       608     0.869     0.718     0.796     0.786      2.83     0.889         0
   297/299     7.81G     0.549     0.121         0      0.67        14       608     0.882     0.718     0.803     0.792      2.83     0.889         0
   298/299     7.81G     0.553      0.13         0     0.683        13       608     0.887     0.712     0.804      0.79      2.82     0.885         0
   299/299     7.81G     0.631      0.14         0     0.771         4       608     0.889     0.708     0.799     0.788      2.83     0.891         0
