[    0.40516     0.33703     0.35221     0.41144           0           0     0.46491     0.64018           0           0           0      0.3483     0.37467           0]
[    0.86161     0.57445           0           0           0]
[    0.87554     0.72069     0.72732     0.82658     0.77487     0.73768     0.60133           0     0.58332     0.62658     0.71969     0.56822      0.3853           0]
[    0.84438     0.54785           0           0]
[    0.76243       0.707           0           0           0           0           0]
[    0.78928     0.50264     0.60202           0           0           0           0           0           0     0.65237           0           0]
[     0.9212           0           0           0           0           0           0           0           0]
[    0.56618     0.40982     0.59827           0           0           0           0           0           0     0.56086]
[     0.8884     0.87058           0           0           0           0           0           0           0           0           0     0.74909]
[     0.8004     0.60943     0.34155           0     0.20988           0           0     0.49935           0           0     0.58975     0.26616     0.55375           0]
[     0.7018           0           0     0.54893           0     0.72909           0]
[    0.59213     0.65911     0.59441     0.78884     0.67832           0           0           0     0.80574           0     0.57519]
[    0.94851     0.86968     0.91692     0.82362           0    0.025658     0.60301]
[    0.79324     0.68895     0.39413           0     0.80619           0           0           0     0.52646           0           0           0           0           0]
[          0     0.45895     0.74392      0.4312      0.6297     0.57318           0           0           0     0.45549           0     0.41931]
[    0.88081     0.85386     0.70502     0.61482           0           0]
[    0.56776     0.72364     0.76329           0     0.49675           0           0     0.29854           0           0           0           0     0.41504           0     0.58693           0           0]
[    0.92404      0.5748     0.70537     0.59589     0.60533    0.038898           0           0           0]
[    0.72132     0.71436      0.7698     0.53275     0.62239     0.74627     0.62838     0.53083     0.62153      0.4637     0.29084     0.49927     0.66107     0.26435     0.18053     0.59086      0.7462     0.56162]
[    0.75707           0           0           0           0     0.40076           0           0           0]
[    0.54949     0.58392           0     0.52323           0]
[    0.93844     0.89336           0           0     0.76111           0      0.8652]
[    0.86667     0.83527     0.80749     0.42853           0     0.50138     0.62646           0]
[    0.92483           0           0           0           0           0           0           0]
[    0.89178     0.85173           0           0           0]
[    0.93363           0   0.0061239]
[     0.9465     0.95359      0.9377           0           0           0           0     0.93862           0           0]
[    0.89529           0           0           0           0           0           0           0           0           0           0           0           0           0           0           0           0           0]
[    0.64449     0.50273     0.73909           0     0.78411     0.65268           0           0]
[    0.85581     0.85395     0.80574           0           0           0]
[    0.89823     0.52396           0    0.069951]
[    0.80822           0           0]
[     0.6608     0.58894     0.52391     0.38043      0.3826           0]
[    0.88625     0.85202     0.69412           0     0.63437     0.28957     0.68686     0.64567     0.71715]
[    0.85044     0.91297           0           0           0           0           0]
[    0.21288     0.46886           0           0           0           0           0           0           0]
[    0.90332     0.87017     0.62695           0           0           0           0    0.014202           0           0           0           0]
[    0.83792     0.82655     0.80665     0.45018     0.48587     0.45578           0           0           0           0           0]
[    0.85345     0.86392     0.43174      0.5299           0           0     0.85891           0]
[    0.55946     0.78129]
[    0.72965     0.65911     0.51341     0.51838           0           0           0           0           0           0]
[    0.64153     0.73102       0.606     0.59014     0.79281           0           0           0]
[     0.8798           0           0           0]
[    0.81975     0.80195     0.61483           0     0.77909           0           0           0           0           0           0]
[    0.86507      0.8534      0.8314     0.75444     0.93512     0.71053     0.89703     0.75777]
[    0.63719      0.6892     0.83568     0.47514     0.53413     0.54838     0.60527           0           0     0.61117     0.65664           0      0.6313]
[    0.73859     0.69841     0.81197           0     0.71812]
[    0.51935     0.86927]
[    0.87978     0.90708     0.85379     0.53258           0    0.093294     0.54747]
[    0.70312     0.85056     0.81529     0.62429           0     0.56572     0.57326     0.92966]
[    0.62597      0.6149      0.4828      0.4528           0     0.11628           0           0           0     0.47847]
[    0.66486       0.799     0.85562     0.73409           0     0.66783           0]
[     0.7943     0.80656           0     0.65077           0           0           0           0           0           0]
[    0.89893     0.91436     0.79925     0.66793           0           0           0           0           0    0.020068]
[    0.80769     0.89718     0.81805           0           0           0           0     0.23558           0           0           0           0           0           0]
[    0.34953     0.73948     0.80577      0.6862           0     0.45519           0]
[    0.72965      0.6355           0           0           0           0           0           0]
[    0.90324     0.85438           0     0.85755           0]
[    0.54548      0.5944           0     0.58686     0.59736      0.6759           0      0.2031      0.6629           0     0.25689]
[    0.92659     0.69265     0.78205     0.87412           0           0     0.66549           0           0           0           0           0]
[    0.78858     0.68635     0.65728     0.73694     0.52317     0.59607]
[    0.86315      0.9516     0.66205           0           0]
[    0.89969     0.88257     0.87183     0.60672      0.6801           0     0.82085     0.93234           0     0.10005     0.50143]
[     0.5985           0     0.69778           0           0           0      0.2578     0.46854           0     0.28688]
[    0.66791           0           0           0           0]
[    0.86638           0           0           0           0           0]
[    0.84078     0.63183     0.86958     0.79402           0           0           0           0]
[    0.67376     0.70024           0     0.82146           0     0.48197     0.59301     0.42947     0.42378           0   0.0047227      0.4875           0]
[    0.67962     0.85404     0.42584     0.50584       0.805     0.14686]
[    0.67114     0.56359           0     0.65792           0     0.67754]
[     0.8083     0.85443           0     0.57346           0]
[    0.80607     0.82158     0.80058           0     0.80194           0           0]
[    0.81897     0.71124     0.73612     0.73063     0.33083           0     0.70474           0           0           0           0]
[    0.81009     0.90216     0.85054     0.86509     0.93705      0.5797     0.58795     0.88621     0.45676     0.55902     0.68816     0.47268           0     0.84434]
[    0.83033           0           0     0.43177           0           0           0           0           0           0           0           0           0           0           0           0           0           0           0]
[    0.59118     0.49282     0.51727           0           0           0     0.45494     0.61817           0           0]
[    0.89029     0.89995     0.88091     0.46642           0     0.52125   0.0059351           0]
[    0.83842     0.76831     0.78293     0.88689     0.54835           0           0           0           0   0.0056306           0     0.38781           0           0]
[    0.83738      0.6659           0           0           0           0           0           0           0           0     0.68089           0           0           0           0           0           0           0           0           0     0.46727           0           0           0]
[    0.81314     0.79674     0.72823     0.61607     0.81701           0]
[    0.92334     0.81832     0.77899           0     0.76353]
[     0.6942     0.79607     0.71653           0           0           0           0     0.42552     0.42377     0.80102           0           0     0.69913           0           0           0           0           0           0           0]
[    0.89051     0.93081     0.84551     0.93566           0           0           0           0           0           0           0           0    0.036077           0           0           0           0           0           0           0]
[    0.74864     0.89071     0.74384     0.81081           0           0     0.64766           0           0     0.70135   0.0037577           0           0           0           0           0     0.40995           0           0     0.86777           0]
[    0.93213           0     0.58264           0           0           0]
[    0.61887     0.77985     0.71948      0.6917     0.67772           0     0.29743     0.34257     0.76568           0           0]
[    0.86131     0.59079           0           0           0           0]
[    0.71065     0.93923           0     0.67193]
[    0.68918           0           0     0.51279           0           0           0           0]
[     0.9624     0.71525     0.80706     0.69281           0           0     0.96756     0.59294           0     0.62469           0           0]
[    0.60066           0    0.077219      0.2609           0    0.020938     0.64126           0           0           0]
[    0.91196     0.93849     0.68235           0           0           0           0]
[    0.86394       0.879     0.87003           0           0]
[    0.74622     0.76798     0.82982           0           0      0.8133           0           0]
[    0.89188      0.9102     0.82673     0.71943     0.66675     0.61256     0.84516     0.59395     0.64464     0.63391     0.70466     0.39462           0     0.68032      0.4141     0.54941      0.8263]
[    0.88126     0.77121     0.77068           0           0           0           0           0           0]
[    0.84152           0           0           0           0           0]
[    0.85543     0.82094     0.56093     0.59524           0           0]
[    0.84228     0.72319     0.69313           0           0]
[    0.84621     0.86541           0     0.69605           0]
