[          1]
[          1]
[          1]
[          1]
[          1]
[          1]
[          1]
[          1]
[          1]
[          1]
[          1]
[          1]
[          1]
[          1]
[          1]
[          1]
[          1]
[          1]
[          1]
[          1]
[          1]
[          1]
[          1]
[          1]
[          1]
[          1]
[          1]
[          1]
[          1]
[          1]
[          1]
[          1]
[          1]
[          1]
[          1]
[    0.97222]
[    0.97297]
[    0.97368]
[    0.97436]
[      0.975]
[    0.97561]
[    0.97619]
[    0.97674]
[    0.97727]
[    0.97778]
[    0.97826]
[    0.97872]
[    0.97917]
[    0.97959]
[       0.98]
[    0.98039]
[    0.98077]
[    0.98113]
[    0.98148]
[    0.98182]
[    0.98214]
[    0.98246]
[    0.98276]
[    0.98305]
[    0.98333]
[    0.98361]
[    0.98387]
[    0.98413]
[    0.98438]
[    0.96923]
[     0.9697]
[    0.97015]
[    0.97059]
[    0.95652]
[    0.95714]
[    0.94366]
[    0.94444]
[    0.94521]
[    0.94595]
[    0.94667]
[    0.93421]
[    0.93506]
[     0.9359]
[    0.93671]
[     0.9375]
[    0.93827]
[    0.93902]
[    0.92771]
[    0.92857]
[    0.92941]
[     0.9186]
[    0.90805]
[    0.89773]
[    0.89888]
[        0.9]
[    0.89011]
[     0.8913]
[    0.88172]
[    0.87234]
[    0.87368]
[    0.86458]
[    0.86598]
[    0.85714]
[    0.84848]
[       0.85]
[    0.84158]
[    0.83333]
[    0.82524]
[    0.81731]
[    0.80952]
[    0.81132]
[    0.81308]
[    0.80556]
[    0.79817]
[    0.79091]
[    0.78378]
[    0.77679]
[    0.76991]
[    0.76316]
[    0.76522]
[    0.76724]
[    0.76068]
[    0.75424]
[     0.7479]
[       0.75]
[     0.7438]
[     0.7377]
[    0.73171]
[    0.72581]
[      0.728]
[    0.72222]
[    0.71654]
[    0.71875]
[    0.71318]
[    0.71538]
[    0.71756]
[    0.71212]
[    0.70677]
[    0.70896]
[     0.7037]
[    0.69853]
[    0.69343]
[    0.69565]
[    0.69065]
[    0.68571]
[    0.68085]
[    0.67606]
[    0.67133]
[    0.66667]
[    0.66207]
[    0.65753]
[    0.65306]
[    0.64865]
[     0.6443]
[       0.64]
[    0.63576]
[    0.63158]
[    0.62745]
[    0.62338]
[    0.61935]
[    0.61538]
[    0.61146]
[    0.60759]
[    0.60377]
[        0.6]
[    0.59627]
[    0.59259]
[    0.59509]
[    0.59146]
[    0.58788]
[    0.58434]
[    0.58084]
[    0.57738]
[    0.57396]
[    0.57647]
[     0.5731]
[    0.56977]
[    0.56647]
[    0.56322]
[    0.56571]
[     0.5625]
[    0.55932]
[    0.55618]
[    0.55307]
[       0.55]
[    0.54696]
[    0.54396]
[    0.54098]
[    0.53804]
[    0.53514]
[    0.53226]
[    0.52941]
[     0.5266]
[    0.52381]
[    0.52105]
[    0.51832]
[    0.51562]
[    0.51295]
[    0.51031]
[    0.50769]
[     0.5051]
[    0.50254]
[        0.5]
[    0.49749]
[      0.495]
[    0.49254]
[     0.4901]
[    0.48768]
[    0.48529]
[    0.48293]
[    0.48058]
[    0.47826]
[    0.48077]
[    0.47847]
[    0.47619]
[    0.47393]
[     0.4717]
[    0.46948]
[    0.46729]
[    0.46512]
[    0.46296]
[    0.46083]
[    0.45872]
[    0.45662]
[    0.45455]
[    0.45249]
[    0.45045]
[    0.44843]
[    0.44643]
[    0.44444]
[    0.44248]
[    0.44053]
[     0.4386]
[    0.43668]
[    0.43478]
[    0.43723]
[    0.43534]
[    0.43348]
[    0.43162]
[    0.42979]
[    0.42797]
[    0.42616]
[    0.42437]
[    0.42259]
[    0.42083]
[    0.41909]
[    0.41736]
[    0.41564]
[    0.41393]
[    0.41224]
[    0.41057]
[    0.40891]
[    0.40726]
[    0.40562]
[      0.404]
[    0.40239]
[    0.40079]
[    0.39921]
[    0.39764]
[    0.39608]
[    0.39453]
[      0.393]
[    0.39147]
[    0.38996]
[    0.38846]
[    0.38697]
[     0.3855]
[    0.38403]
[    0.38258]
[    0.38113]
[     0.3797]
[    0.37828]
[    0.37687]
[    0.37546]
[    0.37407]
[    0.37269]
[    0.37132]
[    0.36996]
[    0.36861]
[    0.36727]
[    0.36594]
[    0.36462]
[    0.36331]
[    0.36201]
[    0.36071]
[    0.35943]
[    0.35816]
[    0.35689]
[    0.35563]
[    0.35439]
[    0.35315]
[    0.35192]
[    0.35069]
[    0.34948]
[    0.34828]
[    0.34708]
[    0.34589]
[    0.34471]
[    0.34354]
[    0.34237]
[    0.34122]
[    0.34007]
[    0.33893]
[    0.33779]
[    0.33667]
[    0.33555]
[    0.33444]
[    0.33333]
[    0.33224]
[    0.33115]
[    0.33007]
[    0.33225]
[    0.33117]
[     0.3301]
[    0.32903]
[    0.32797]
[    0.32692]
[    0.32588]
[    0.32484]
[    0.32381]
[    0.32278]
[    0.32177]
[    0.32075]
[    0.31975]
[    0.31875]
[    0.31776]
[    0.31677]
[    0.31579]
[    0.31481]
[    0.31385]
[    0.31288]
[    0.31193]
[    0.31098]
[    0.31003]
[    0.30909]
[    0.30816]
[    0.30723]
[    0.30631]
[    0.30539]
[    0.30448]
[    0.30357]
[    0.30267]
[    0.30178]
[    0.30088]
[        0.3]
[    0.29912]
[    0.29825]
[    0.29738]
[    0.29651]
[    0.29565]
[     0.2948]
[    0.29395]
[     0.2931]
[    0.29226]
[    0.29143]
[     0.2906]
[    0.28977]
[    0.28895]
[    0.28814]
[    0.28732]
[    0.28652]
[    0.28571]
[    0.28492]
[    0.28412]
[    0.28333]
[    0.28255]
[    0.28177]
[    0.28099]
[    0.28022]
[    0.27945]
[    0.27869]
[    0.27793]
[    0.27717]
[    0.27642]
[    0.27568]
[    0.27493]
[    0.27419]
[    0.27346]
[    0.27273]
[      0.272]
[    0.27128]
[    0.27056]
[    0.26984]
[    0.26913]
[    0.26842]
[    0.26772]
[    0.26702]
[    0.26632]
[    0.26562]
[    0.26494]
[    0.26425]
[    0.26357]
[    0.26289]
[    0.26221]
[    0.26154]
[    0.26087]
[     0.2602]
[    0.25954]
[    0.25888]
[    0.25823]
[    0.25758]
[    0.25693]
[    0.25628]
[    0.25564]
[      0.255]
[    0.25436]
[    0.25373]
[     0.2531]
[    0.25248]
[    0.25185]
[    0.25123]
[    0.25061]
[       0.25]
[    0.24939]
[    0.24878]
[    0.24818]
[    0.24757]
[    0.24697]
[    0.24638]
[    0.24578]
[    0.24519]
[     0.2446]
[    0.24402]
[    0.24344]
[    0.24286]
[    0.24228]
[    0.24171]
[    0.24113]
[    0.24057]
[       0.24]
[    0.23944]
[    0.23888]
[    0.23832]
[    0.23776]
[    0.23721]
[    0.23666]
[    0.23611]
[    0.23557]
[    0.23502]
[    0.23448]
[    0.23394]
[    0.23341]
[    0.23288]
[    0.23235]
[    0.23182]
[    0.23129]
[    0.23077]
[    0.23025]
[    0.22973]
[    0.22921]
[     0.2287]
[    0.22819]
[    0.22768]
[    0.22717]
[    0.22667]
[    0.22616]
[    0.22566]
[    0.22517]
[    0.22467]
[    0.22418]
[    0.22368]
[    0.22319]
[    0.22271]
[    0.22222]
[    0.22174]
[    0.22126]
[    0.22078]
[     0.2203]
[    0.21983]
[    0.21935]
[    0.21888]
[    0.21842]
[    0.21795]
[    0.21748]
[    0.21702]
[    0.21656]
[     0.2161]
[    0.21564]
[    0.21519]
[    0.21474]
[    0.21429]
[    0.21384]
[    0.21339]
[    0.21294]
[     0.2125]
[    0.21206]
[    0.21162]
[    0.21118]
[    0.21074]
[    0.21031]
[    0.20988]
[    0.20945]
[    0.20902]
[    0.20859]
[    0.20816]
[    0.20774]
[    0.20732]
[     0.2069]
[    0.20648]
[    0.20606]
[    0.20565]
[    0.20523]
[    0.20482]
[    0.20441]
[      0.204]
[    0.20359]
[    0.20319]
[    0.20278]
[    0.20238]
[    0.20198]
[    0.20158]
[    0.20118]
[    0.20079]
[    0.20039]
[        0.2]
[    0.19961]
[    0.19922]
[    0.19883]
[    0.19844]
[    0.19806]
[    0.19767]
[    0.19729]
[    0.19691]
[    0.19653]
[    0.19615]
[    0.19578]
[     0.1954]
[    0.19503]
[    0.19466]
[    0.19429]
[    0.19392]
[    0.19355]
[    0.19318]
[    0.19282]
[    0.19245]
[    0.19209]
[    0.19173]
[    0.19137]
[    0.19101]
[    0.19065]
[     0.1903]
[    0.18994]
[    0.18959]
[    0.18924]
[    0.18889]
[    0.18854]
[    0.18819]
[    0.18785]
[     0.1875]
[    0.18716]
[    0.18681]
[    0.18647]
[    0.18613]
[    0.18579]
[    0.18545]
[    0.18512]
[    0.18478]
[    0.18445]
[    0.18412]
[    0.18378]
[    0.18345]
[    0.18312]
[     0.1828]
[    0.18247]
[    0.18214]
[    0.18182]
[    0.18149]
[    0.18117]
[    0.18085]
[    0.18053]
[    0.18021]
[    0.17989]
[    0.17958]
[    0.17926]
[    0.17895]
[    0.17863]
[    0.17832]
[    0.17801]
[     0.1777]
[    0.17739]
[    0.17708]
[    0.17678]
[    0.17647]
[    0.17617]
[    0.17586]
[    0.17556]
[    0.17526]
[    0.17496]
[    0.17466]
[    0.17436]
[    0.17406]
[    0.17376]
[    0.17347]
[    0.17317]
[    0.17288]
[    0.17259]
[     0.1723]
[    0.17201]
[    0.17172]
[    0.17143]
[    0.17114]
[    0.17085]
[    0.17057]
[    0.17028]
[       0.17]
[    0.16972]
[    0.16944]
[    0.16915]
[    0.16887]
[     0.1686]
[    0.16832]
[    0.16804]
[    0.16776]
[    0.16749]
[    0.16721]
[    0.16694]
[    0.16667]
[    0.16639]
[    0.16612]
[    0.16585]
[    0.16558]
[    0.16532]
[    0.16505]
[    0.16478]
[    0.16452]
[    0.16425]
[    0.16399]
[    0.16372]
[    0.16346]
[     0.1632]
[    0.16294]
[    0.16268]
[    0.16242]
[    0.16216]
[     0.1619]
[    0.16165]
[    0.16139]
[    0.16114]
[    0.16088]
[    0.16063]
[    0.16038]
[    0.16013]
[    0.15987]
[    0.15962]
[    0.15937]
[    0.15913]
[    0.15888]
[    0.15863]
[    0.15839]
[    0.15814]
[    0.15789]
[    0.15765]
[    0.15741]
[    0.15716]
[    0.15692]
[    0.15668]
[    0.15644]
[     0.1562]
[    0.15596]
[    0.15573]
[    0.15549]
[    0.15525]
[    0.15502]
[    0.15478]
[    0.15455]
[    0.15431]
[    0.15408]
[    0.15385]
[    0.15361]
[    0.15338]
[    0.15315]
[    0.15292]
[    0.15269]
[    0.15247]
[    0.15224]
[    0.15201]
[    0.15179]
[    0.15156]
[    0.15134]
[    0.15111]
[    0.15089]
[    0.15066]
[    0.15044]
[    0.15022]
[       0.15]
[    0.14978]
[    0.14956]
[    0.14934]
[    0.14912]
[    0.14891]
[    0.14869]
[    0.14847]
[    0.14826]
[    0.14804]
[    0.14783]
[    0.14761]
[     0.1474]
[    0.14719]
[    0.14697]
[    0.14676]
[    0.14655]
[    0.14634]
[    0.14613]
[    0.14592]
[    0.14571]
[    0.14551]
[     0.1453]
[    0.14509]
[    0.14489]
[    0.14468]
[    0.14448]
