[          1]
[          1]
[          1]
[          1]
[          1]
[          1]
[          1]
[          1]
[          1]
[          1]
[          1]
[          1]
[          1]
[          1]
[          1]
[          1]
[          1]
[          1]
[          1]
[          1]
[          1]
[          1]
[          1]
[          1]
[          1]
[          1]
[          1]
[          1]
[          1]
[          1]
[          1]
[          1]
[          1]
[          1]
[          1]
[    0.97222]
[    0.97297]
[    0.97368]
[    0.97436]
[      0.975]
[    0.97561]
[    0.97619]
[    0.97674]
[    0.97727]
[    0.97778]
[    0.97826]
[    0.97872]
[    0.97917]
[    0.97959]
[       0.98]
[    0.98039]
[    0.98077]
[    0.98113]
[    0.98148]
[    0.98182]
[    0.98214]
[    0.98246]
[    0.98276]
[    0.98305]
[    0.98333]
[    0.98361]
[    0.98387]
[    0.98413]
[    0.98438]
[    0.98462]
[    0.98485]
[    0.98507]
[    0.98529]
[    0.98551]
[    0.98571]
[    0.98592]
[    0.98611]
[     0.9863]
[    0.98649]
[    0.98667]
[    0.97368]
[    0.97403]
[    0.97436]
[    0.97468]
[      0.975]
[    0.97531]
[    0.97561]
[     0.9759]
[    0.97619]
[    0.97647]
[    0.97674]
[    0.96552]
[    0.96591]
[    0.96629]
[    0.96667]
[    0.95604]
[    0.95652]
[    0.95699]
[    0.95745]
[    0.95789]
[    0.95833]
[    0.95876]
[    0.95918]
[     0.9596]
[       0.96]
[     0.9604]
[    0.96078]
[    0.96117]
[    0.96154]
[     0.9619]
[    0.96226]
[    0.96262]
[     0.9537]
[    0.94495]
[    0.94545]
[    0.94595]
[    0.94643]
[     0.9469]
[    0.94737]
[    0.94783]
[    0.94828]
[    0.94872]
[    0.94915]
[    0.94958]
[       0.95]
[    0.95041]
[    0.95082]
[    0.95122]
[    0.95161]
[      0.952]
[    0.94444]
[    0.94488]
[    0.94531]
[    0.93798]
[    0.93077]
[     0.9313]
[    0.93182]
[    0.93233]
[    0.93284]
[    0.92593]
[    0.92647]
[    0.92701]
[    0.92029]
[    0.92086]
[    0.92143]
[    0.91489]
[    0.91549]
[    0.90909]
[    0.90278]
[    0.90345]
[    0.90411]
[    0.90476]
[    0.90541]
[    0.90604]
[    0.90667]
[    0.90728]
[    0.90132]
[    0.90196]
[     0.9026]
[    0.89677]
[    0.89103]
[    0.89172]
[    0.89241]
[    0.89308]
[    0.89375]
[    0.89441]
[    0.89506]
[    0.89571]
[    0.89024]
[    0.89091]
[    0.89157]
[    0.88623]
[    0.88095]
[    0.87574]
[    0.87059]
[    0.87135]
[    0.87209]
[    0.87283]
[    0.87356]
[    0.86857]
[    0.86932]
[    0.86441]
[    0.86517]
[    0.86592]
[    0.86667]
[    0.86188]
[    0.85714]
[    0.85246]
[    0.84783]
[    0.84865]
[    0.84409]
[    0.83957]
[    0.83511]
[    0.83069]
[    0.82632]
[    0.82723]
[    0.82292]
[    0.81865]
[    0.81443]
[    0.81026]
[    0.81122]
[    0.80711]
[    0.80303]
[    0.80402]
[        0.8]
[    0.79602]
[    0.79208]
[    0.78818]
[    0.78431]
[    0.78049]
[    0.78155]
[    0.77778]
[    0.77885]
[    0.77512]
[    0.77143]
[    0.76777]
[    0.76415]
[    0.76056]
[    0.75701]
[    0.75349]
[       0.75]
[    0.74654]
[    0.74312]
[    0.73973]
[    0.73636]
[    0.73303]
[    0.72973]
[    0.72646]
[    0.72321]
[    0.72444]
[    0.72124]
[    0.71806]
[    0.71491]
[    0.71179]
[     0.7087]
[    0.70563]
[    0.70259]
[    0.69957]
[    0.69658]
[    0.69787]
[    0.69492]
[    0.69198]
[    0.68908]
[    0.68619]
[    0.68333]
[     0.6805]
[    0.67769]
[     0.6749]
[    0.67623]
[    0.67347]
[    0.67073]
[    0.66802]
[    0.66532]
[    0.66265]
[       0.66]
[    0.65737]
[    0.65476]
[    0.65613]
[    0.65354]
[    0.65098]
[    0.64844]
[    0.64591]
[    0.64341]
[    0.64093]
[    0.63846]
[    0.63602]
[    0.63359]
[    0.63118]
[    0.62879]
[    0.62642]
[    0.62406]
[    0.62172]
[    0.62313]
[    0.62082]
[    0.61852]
[    0.61624]
[    0.61397]
[    0.61172]
[    0.60949]
[    0.60727]
[    0.60507]
[    0.60289]
[    0.60432]
[    0.60215]
[        0.6]
[    0.59786]
[    0.59574]
[    0.59364]
[    0.59155]
[    0.58947]
[    0.58741]
[    0.58537]
[    0.58333]
[    0.58131]
[    0.57931]
[    0.57732]
[    0.57534]
[    0.57338]
[    0.57143]
[    0.56949]
[    0.56757]
[    0.56566]
[    0.56376]
[    0.56187]
[       0.56]
[    0.55814]
[    0.55629]
[    0.55446]
[    0.55263]
[     0.5541]
[    0.55229]
[    0.55049]
[     0.5487]
[    0.54693]
[    0.54516]
[    0.54341]
[    0.54167]
[    0.53994]
[    0.53822]
[    0.53651]
[    0.53481]
[    0.53312]
[    0.53145]
[    0.52978]
[    0.52812]
[    0.52648]
[    0.52484]
[    0.52322]
[     0.5216]
[       0.52]
[     0.5184]
[    0.51682]
[    0.51524]
[    0.51368]
[    0.51212]
[    0.51057]
[    0.50904]
[    0.50751]
[    0.50599]
[    0.50448]
[    0.50298]
[    0.50148]
[        0.5]
[    0.49853]
[    0.49706]
[     0.4956]
[    0.49415]
[    0.49271]
[    0.49128]
[    0.48986]
[    0.48844]
[    0.48703]
[    0.48563]
[    0.48424]
[    0.48286]
[    0.48148]
[    0.48011]
[    0.47875]
[     0.4774]
[    0.47606]
[    0.47472]
[    0.47339]
[    0.47207]
[    0.47075]
[    0.46944]
[    0.46814]
[    0.46685]
[    0.46556]
[    0.46429]
[    0.46301]
[    0.46175]
[    0.46049]
[    0.45924]
[    0.45799]
[    0.45676]
[    0.45553]
[     0.4543]
[    0.45308]
[    0.45187]
[    0.45067]
[    0.44947]
[    0.44828]
[    0.44709]
[    0.44591]
[    0.44474]
[    0.44357]
[    0.44241]
[    0.44125]
[     0.4401]
[    0.43896]
[    0.43782]
[    0.43669]
[    0.43557]
[    0.43445]
[    0.43333]
[    0.43223]
[    0.43112]
[    0.43003]
[    0.42893]
[    0.42785]
[    0.42677]
[    0.42569]
[    0.42462]
[    0.42356]
[     0.4225]
[    0.42145]
[     0.4204]
[    0.41935]
[    0.41832]
[    0.41728]
[    0.41626]
[    0.41523]
[    0.41422]
[     0.4132]
[     0.4122]
[    0.41119]
[    0.41019]
[     0.4092]
[    0.40821]
[    0.40723]
[    0.40625]
[    0.40528]
[    0.40431]
[    0.40334]
[    0.40238]
[    0.40143]
[    0.40047]
[    0.39953]
[    0.39858]
[    0.39765]
[    0.39671]
[    0.39578]
[    0.39486]
[    0.39394]
[    0.39302]
[    0.39211]
[     0.3912]
[     0.3903]
[     0.3894]
[    0.38851]
[    0.38761]
[    0.38673]
[    0.38584]
[    0.38497]
[    0.38409]
[    0.38322]
[    0.38235]
[    0.38149]
[    0.38063]
[    0.37978]
[    0.37892]
[    0.37808]
[    0.37723]
[    0.37639]
[    0.37556]
[    0.37472]
[    0.37389]
[    0.37307]
[    0.37225]
[    0.37143]
[    0.37061]
[     0.3698]
[      0.369]
[    0.36819]
[    0.36739]
[    0.36659]
[     0.3658]
[    0.36501]
[    0.36422]
[    0.36344]
[    0.36266]
[    0.36188]
[    0.36111]
[    0.36034]
[    0.35957]
[    0.35881]
[    0.35805]
[    0.35729]
[    0.35654]
[    0.35579]
[    0.35504]
[     0.3543]
[    0.35356]
[    0.35282]
[    0.35208]
[    0.35135]
[    0.35062]
[     0.3499]
[    0.34917]
[    0.34845]
[    0.34774]
[    0.34702]
[    0.34631]
[     0.3456]
[     0.3449]
[     0.3442]
[     0.3435]
[     0.3428]
[    0.34211]
[    0.34141]
[    0.34073]
[    0.34004]
[    0.33936]
[    0.33868]
[      0.338]
[    0.33733]
[    0.33665]
[    0.33598]
[    0.33532]
[    0.33465]
[    0.33399]
[    0.33333]
[    0.33268]
[    0.33202]
[    0.33137]
[    0.33072]
[    0.33008]
[    0.32943]
[    0.32879]
[    0.32816]
[    0.32752]
[    0.32689]
[    0.32625]
[    0.32563]
[      0.325]
[    0.32438]
[    0.32375]
[    0.32314]
[    0.32252]
[    0.32381]
[    0.32319]
[    0.32258]
[    0.32197]
[    0.32136]
[    0.32075]
[    0.32015]
[    0.31955]
[    0.31895]
[    0.31835]
[    0.31776]
[    0.31716]
[    0.31657]
[    0.31599]
[     0.3154]
[    0.31481]
[    0.31423]
[    0.31365]
[    0.31308]
[     0.3125]
[    0.31193]
[    0.31136]
[    0.31079]
[    0.31022]
[    0.30965]
[    0.30909]
[    0.30853]
[    0.30797]
[    0.30741]
[    0.30686]
[    0.30631]
[    0.30576]
[    0.30521]
[    0.30466]
[    0.30411]
[    0.30357]
[    0.30303]
[    0.30249]
[    0.30195]
[    0.30142]
[    0.30088]
[    0.30035]
[    0.29982]
[     0.2993]
[    0.29877]
[    0.29825]
[    0.29772]
[     0.2972]
[    0.29668]
[    0.29617]
[    0.29565]
[    0.29514]
[    0.29463]
[    0.29412]
[    0.29361]
[     0.2931]
[     0.2926]
[     0.2921]
[     0.2916]
[     0.2911]
[     0.2906]
[     0.2901]
[    0.28961]
[    0.28912]
[    0.28862]
[    0.28814]
[    0.28765]
[    0.28716]
[    0.28668]
[     0.2862]
[    0.28571]
[    0.28523]
[    0.28476]
[    0.28428]
[    0.28381]
[    0.28333]
[    0.28286]
[    0.28239]
[    0.28192]
[    0.28146]
[    0.28099]
[    0.28053]
[    0.28007]
[    0.27961]
[    0.27915]
[    0.27869]
[    0.27823]
[    0.27778]
[    0.27732]
[    0.27687]
[    0.27642]
[    0.27597]
[    0.27553]
[    0.27508]
[    0.27464]
[    0.27419]
[    0.27375]
[    0.27331]
[    0.27287]
[    0.27244]
[      0.272]
[    0.27157]
[    0.27113]
[     0.2707]
[    0.27027]
[    0.26984]
[    0.26941]
[    0.26899]
[    0.26856]
[    0.26814]
[    0.26772]
[     0.2673]
[    0.26688]
[    0.26646]
[    0.26604]
[    0.26562]
[    0.26521]
[     0.2648]
[    0.26439]
[    0.26398]
[    0.26357]
[    0.26316]
[    0.26275]
[    0.26235]
[    0.26194]
[    0.26154]
[    0.26114]
[    0.26074]
[    0.26034]
[    0.25994]
[    0.25954]
[    0.25915]
[    0.25875]
[    0.25836]
[    0.25797]
[    0.25758]
[    0.25719]
[     0.2568]
[    0.25641]
[    0.25602]
[    0.25564]
[    0.25526]
[    0.25487]
[    0.25449]
[    0.25411]
[    0.25373]
[    0.25335]
[    0.25298]
[     0.2526]
[    0.25223]
[    0.25185]
[    0.25148]
[    0.25111]
[    0.25074]
[    0.25037]
[       0.25]
[    0.24963]
[    0.24927]
[     0.2489]
[    0.24854]
[    0.24818]
[    0.24781]
[    0.24745]
[    0.24709]
[    0.24673]
[    0.24638]
[    0.24602]
[    0.24566]
[    0.24531]
[    0.24496]
[     0.2446]
[    0.24425]
[     0.2439]
[    0.24355]
[     0.2432]
[    0.24286]
[    0.24251]
[    0.24217]
[    0.24182]
[    0.24148]
[    0.24113]
[    0.24079]
[    0.24045]
[    0.24011]
[    0.23977]
[    0.23944]
[     0.2391]
[    0.23876]
[    0.23843]
[     0.2381]
[    0.23776]
[    0.23743]
[     0.2371]
[    0.23677]
[    0.23644]
[    0.23611]
[    0.23578]
[    0.23546]
[    0.23513]
[    0.23481]
[    0.23448]
[    0.23416]
[    0.23384]
[    0.23352]
[     0.2332]
[    0.23288]
[    0.23256]
[    0.23224]
[    0.23192]
[    0.23161]
[    0.23129]
[    0.23098]
[    0.23066]
[    0.23035]
[    0.23004]
[    0.22973]
[    0.22942]
[    0.22911]
[     0.2288]
[    0.22849]
[    0.22819]
[    0.22788]
[    0.22758]
[    0.22727]
[    0.22697]
[    0.22667]
[    0.22636]
[    0.22606]
[    0.22576]
[    0.22679]
[    0.22649]
[    0.22619]
[    0.22589]
[    0.22559]
[     0.2253]
[      0.225]
[     0.2247]
[    0.22441]
[    0.22412]
[    0.22382]
[    0.22353]
[    0.22324]
[    0.22295]
[    0.22266]
[    0.22237]
[    0.22208]
[    0.22179]
[     0.2215]
[    0.22122]
[    0.22093]
[    0.22065]
[    0.22036]
[    0.22008]
[    0.21979]
[    0.21951]
