[    0.74998           0     0.82338           0     0.36513           0     0.15012           0     0.84609           0           0           0           0           0           0           0           0           0           0           0           0           0           0           0]
[    0.52831     0.59205      0.5398           0     0.77346     0.79634           0    0.066455     0.40392           0     0.43097    0.097854     0.42845     0.83697     0.53538           0     0.55395      0.5736           0           0           0           0     0.35769           0     0.34309           0
           0           0     0.19427           0           0     0.47401           0     0.58015     0.78794     0.28674]
[    0.58261     0.35661     0.76019     0.39843     0.17104           0     0.55344           0           0   0.0021431           0     0.74702           0     0.45088           0     0.67611     0.50404           0           0     0.22226           0           0           0           0           0           0
           0           0     0.48807           0     0.59647           0           0           0           0           0     0.31261      0.1083     0.45791           0           0           0]
[    0.79217           0           0           0           0           0           0           0           0           0           0           0           0           0           0           0           0     0.60158     0.80008           0           0           0           0           0           0           0
           0           0           0           0           0           0           0           0           0           0]
[    0.78407           0           0           0           0     0.40692           0           0           0           0           0           0     0.28469           0           0           0           0     0.39915           0           0           0           0           0     0.84571           0]
[    0.04416           0     0.66058     0.46658    0.019468     0.40489    0.033993      0.5476     0.25107           0           0           0           0           0           0           0     0.26609           0           0           0           0]
[    0.67879      0.5993     0.59478     0.84895     0.73216     0.59091     0.57297     0.46375     0.78726     0.61664     0.65685     0.21369     0.56376     0.64629     0.33399      0.7747     0.58221     0.21615     0.65138           0     0.61002           0]
[    0.71926     0.69019    0.011375           0           0     0.43276     0.81451      0.4272           0           0           0           0           0]
[    0.80408     0.63348]
[     0.6447           0           0           0           0     0.23569           0           0      0.4906           0           0           0           0           0           0           0           0           0           0           0           0     0.14699           0           0           0           0
           0           0           0       0.085           0     0.64802           0]
[    0.55129     0.43146           0           0     0.51784           0           0           0           0           0           0           0           0           0     0.60161           0           0           0     0.24165           0           0           0     0.59407           0           0           0
           0           0           0           0           0           0           0           0           0           0           0           0   0.0047133     0.42824           0]
[     0.8517           0           0     0.73083           0           0           0           0           0           0           0           0           0]
[    0.75308     0.75492     0.40282     0.80367     0.65159           0     0.24596           0           0           0           0           0           0           0           0     0.75961           0     0.32152]
[    0.81238     0.80033     0.56928           0           0           0           0     0.35656     0.64004           0     0.86148           0           0           0           0           0           0           0           0           0           0           0           0           0           0           0
           0           0           0           0           0           0           0           0           0           0           0           0           0           0           0]
[          0     0.67455           0           0           0           0           0           0           0    0.043673     0.08705           0           0           0           0           0           0           0           0           0           0           0           0           0           0           0
           0           0           0           0           0           0           0]
[    0.74361      0.8633           0     0.68308     0.42728     0.41449           0           0     0.04443     0.72252           0     0.70708     0.24221           0           0     0.45816           0     0.34352]
[    0.51139     0.65505     0.46838           0     0.43452     0.37765     0.57543     0.45124           0           0     0.30347     0.57826           0     0.57333      0.4828     0.33224     0.61996           0           0     0.64793]
[    0.39394           0     0.39646      0.4447           0           0]
[     0.7032           0           0           0           0           0           0           0           0           0     0.14361           0           0     0.78861           0           0     0.47727           0           0           0           0           0           0           0           0      0.3315
     0.21324           0           0           0           0     0.73052           0           0           0           0           0           0           0           0           0           0           0           0           0           0           0           0     0.07919           0           0           0
           0           0           0           0           0           0           0           0           0           0           0]
[    0.55804      0.7963     0.52833           0           0           0           0           0           0           0     0.37828           0           0     0.55761     0.59459           0     0.71925           0           0           0           0           0           0           0           0     0.58286
           0           0           0           0           0           0           0     0.60332           0     0.33326           0           0           0           0           0           0           0           0           0           0           0           0           0           0           0           0
           0           0           0           0           0     0.02077           0           0     0.53754           0           0           0     0.28064           0           0           0           0           0           0     0.60557           0           0           0           0           0           0
           0           0           0           0           0           0]
[      0.703     0.65135     0.58969     0.50134           0           0   0.0073306           0    0.057208   0.0062927     0.52433     0.63945     0.30245     0.42892           0           0      0.4083     0.54031           0           0           0           0     0.63291   0.0069581     0.66006           0]
[    0.79748           0     0.70134           0           0           0           0           0           0     0.70905           0           0           0     0.31865           0           0           0           0           0           0           0]
[    0.69721     0.64092     0.67108           0     0.30965           0     0.29701     0.63586     0.22153           0           0     0.56777           0           0     0.19181     0.55153     0.62869           0           0     0.46296           0           0]
[    0.28166           0      0.4963           0     0.26228           0           0     0.23151           0           0           0           0     0.28869           0           0     0.63083     0.62492     0.27714           0           0           0           0           0           0           0           0
           0           0           0           0           0           0           0           0           0           0           0           0           0           0           0           0           0           0]
[    0.59059           0           0           0     0.36178     0.42922     0.42105           0           0     0.45166           0           0           0           0           0     0.54075           0     0.39762     0.21351           0    0.058668           0           0           0           0           0
           0           0           0     0.20037           0           0           0           0           0           0     0.45649           0           0           0           0           0]
[     0.5865           0     0.71371           0           0     0.06038           0           0    0.018649     0.65558     0.36661     0.67029           0    0.075519    0.065243           0           0           0           0           0           0           0     0.44734           0           0     0.60128
           0           0           0           0           0           0      0.6753           0           0           0     0.40262     0.16516           0]
[    0.38798           0           0     0.40516     0.38238     0.39624           0           0           0           0           0           0     0.54905]
[          0           0           0           0           0           0     0.67058           0           0           0           0           0           0           0           0           0           0           0           0           0           0           0           0           0           0           0
           0           0     0.31844           0]
[    0.65986           0           0     0.49203           0           0     0.71271           0]
[    0.64395           0           0           0           0           0           0           0    0.015483           0           0           0           0           0     0.68009           0           0           0           0           0     0.68504]
[    0.72326           0     0.34738           0           0     0.20669     0.75501           0           0     0.73057           0           0           0           0           0           0     0.31371           0           0           0           0           0           0           0]
[    0.73143      0.5261     0.85012           0           0     0.68105     0.51755           0           0      0.3459           0           0           0           0           0           0           0     0.27538           0           0           0           0     0.36254           0]
[    0.75782      0.7091           0      0.4577           0     0.36134     0.70435     0.40476           0     0.53132     0.36507     0.71512     0.55951     0.53574           0           0           0     0.21476           0     0.35762     0.14428           0     0.47216           0           0           0
           0           0           0           0           0           0           0           0     0.12935    0.079724           0]
[    0.71007     0.87811           0           0           0           0           0           0           0           0           0           0           0           0           0           0           0           0     0.74458           0           0     0.59384           0           0           0           0
           0           0     0.61339           0           0           0           0           0           0           0           0]
[    0.74289     0.67252           0     0.75129     0.81011     0.48793           0           0           0           0     0.54991           0     0.58785]
[    0.68409           0           0           0     0.28696      0.3168           0           0           0           0           0           0           0           0           0           0           0           0           0           0           0           0           0           0           0           0
           0           0           0           0           0           0           0           0           0           0           0     0.46517           0           0           0           0           0           0           0]
[    0.54222           0     0.53457     0.64436           0           0           0     0.46755           0           0     0.66046           0           0     0.45561           0           0           0           0           0     0.40358     0.63254           0           0           0           0           0
           0           0     0.35205           0           0     0.75655     0.54604           0           0           0           0           0           0           0           0           0           0           0           0     0.31435           0           0]
[    0.53304     0.64559           0           0           0           0           0           0           0           0           0           0    0.005534      0.5691           0           0           0           0           0           0     0.57776           0           0           0           0           0
           0           0           0           0           0           0           0           0           0           0           0     0.44652           0           0           0           0           0     0.61469           0           0           0     0.26236           0           0           0     0.51074
           0           0]
[    0.81154     0.70525     0.74783     0.70823     0.77863     0.64385      0.6759      0.7352     0.76733           0      0.7314     0.52282           0           0           0           0     0.50181     0.57076           0           0     0.30611     0.74044     0.52669           0]
[    0.34855      0.2736     0.65191           0           0           0     0.13962           0           0           0    0.097837     0.24128           0           0           0       0.444           0           0           0    0.099102           0           0      0.4518           0           0           0
           0           0     0.38273           0           0           0           0           0           0           0           0           0           0           0           0           0     0.33846]
[    0.79164           0     0.71272           0     0.64805           0           0      0.5054]
[          0     0.64611           0           0           0           0     0.49741           0           0           0           0     0.40659           0           0           0           0           0           0           0           0           0           0           0           0           0]
[     0.7861           0           0           0           0           0           0           0           0           0           0           0           0           0           0           0           0           0           0           0           0           0           0           0           0           0
           0           0           0           0           0           0           0     0.64922           0     0.50095           0           0           0           0           0           0           0           0           0           0           0           0           0           0     0.46338           0
           0           0           0           0           0           0     0.59487           0           0           0           0           0           0           0           0           0]
[    0.74533           0           0           0           0           0     0.46702           0           0           0      0.6565           0           0    0.068788           0     0.18513           0    0.011863           0           0           0           0           0           0           0           0
           0           0           0]
[     0.5268           0           0           0           0     0.47904           0           0           0           0           0           0           0           0           0           0           0           0]
[    0.80688     0.85762     0.54914     0.44786    0.064466           0     0.36919           0     0.15512     0.55974           0     0.76212     0.24699    0.054553           0     0.66784           0           0           0     0.72613           0    0.070046           0           0           0           0
           0           0]
[    0.93315     0.59488           0           0           0           0           0           0           0           0     0.48654           0           0           0     0.83588     0.67145     0.59466           0           0           0           0           0           0           0           0      0.4353
           0           0           0           0           0           0           0           0           0           0           0           0           0           0           0     0.23789           0           0           0           0           0           0           0           0     0.55392           0
           0           0           0           0           0     0.54262           0           0           0]
[     0.6167           0           0           0           0           0           0           0     0.53615     0.71558           0           0           0           0]
[    0.34807     0.14047     0.28734     0.38892           0     0.06071     0.56103      0.2156       0.099           0     0.45402           0           0     0.33466           0      0.0737           0           0           0           0           0           0           0           0           0           0
           0           0           0           0           0           0           0           0           0    0.048924           0           0]
[    0.87795     0.71497     0.69031           0     0.44372           0           0           0           0     0.61105     0.82296           0     0.75991           0           0           0     0.75979     0.74454     0.58162           0]
[    0.77014     0.60947     0.65066     0.43433     0.25747     0.56009     0.70743     0.63439     0.25405     0.33391     0.22669           0     0.19349     0.22508     0.11413           0]
[          0           0           0           0           0           0           0     0.60281    0.029062           0           0           0     0.67094           0           0           0           0           0           0           0           0           0           0           0           0           0
      0.2381           0           0           0           0     0.22842           0           0           0           0           0           0           0           0           0           0           0           0           0           0           0           0           0           0           0    0.092384
           0           0           0           0           0           0           0           0           0           0           0           0           0           0           0           0           0           0           0           0]
[          0           0      0.7865           0           0     0.56062           0           0           0           0           0           0     0.42871     0.23052           0           0           0           0           0           0     0.03969           0           0           0           0           0
   0.0095886           0]
[          0     0.55096     0.71962           0     0.54146           0     0.57169           0           0           0     0.49591     0.54074           0     0.43342           0           0           0           0           0           0]
[    0.75368     0.73091     0.71707     0.82758     0.78097           0           0           0           0           0           0           0           0     0.55578           0     0.71913           0           0       0.331]
[    0.50262     0.49404      0.4635     0.23507           0           0     0.17535           0     0.51837     0.58165           0     0.29534           0     0.40861           0           0           0           0           0           0           0           0           0           0     0.16758     0.52609
           0     0.34109     0.22263           0           0     0.15083           0           0           0           0           0           0           0           0     0.17567           0           0           0]
[    0.52508     0.32853           0           0     0.50056           0     0.28555           0     0.13944           0           0           0     0.17588           0           0           0           0           0           0           0     0.17138           0           0           0           0           0
           0           0     0.37146           0           0           0           0           0           0]
[    0.69632           0           0     0.54425     0.77176           0           0           0           0           0           0           0           0           0]
[    0.71529     0.52225     0.54761     0.45445     0.78793           0     0.47069           0           0     0.40712     0.62413           0           0           0           0     0.66796           0           0     0.41307     0.29766           0     0.86079           0           0           0           0
           0           0           0           0           0           0           0           0           0           0     0.31425           0           0           0           0]
[    0.52445           0     0.34936     0.50015     0.52234      0.5418     0.23718     0.25018           0]
[    0.85838     0.84195           0           0           0           0           0           0           0     0.47312           0           0           0           0           0           0           0           0           0           0     0.62999           0           0           0           0           0
           0     0.30027           0]
[    0.51806     0.63474     0.74505     0.62826      0.6111     0.39131           0           0     0.47465           0     0.60624           0           0           0]
[          0           0     0.61421           0           0           0           0           0           0           0           0           0     0.26859           0           0           0           0           0           0           0           0           0           0           0           0           0
           0           0           0           0           0           0           0           0           0           0     0.09616           0           0           0           0           0           0           0           0           0           0           0           0           0           0           0
           0           0           0           0           0           0           0           0           0           0           0           0           0           0           0           0           0           0           0           0           0           0           0           0           0           0
           0           0           0           0           0           0           0           0           0           0           0           0           0           0           0           0           0     0.17898      0.7288           0           0           0           0           0           0           0
           0           0           0     0.43359           0           0           0           0           0           0           0           0           0           0           0           0           0           0           0           0           0           0     0.15712           0           0           0
     0.20301           0           0           0           0]
[    0.53324     0.74517     0.36945     0.84657           0     0.51836           0           0      0.4715           0           0     0.31831           0     0.32729           0           0     0.42056           0           0     0.72489           0     0.54248           0           0           0     0.29135
     0.65231           0       0.508           0           0     0.27769           0           0           0     0.02923           0           0           0           0      0.2216           0     0.36676           0]
[    0.65333     0.51196     0.49138           0           0           0     0.44175           0           0           0           0           0           0           0           0           0]
[    0.62364     0.65991           0     0.59198     0.30219     0.53612     0.14849     0.51389           0     0.34431     0.48365           0      0.4297     0.39915           0           0           0           0           0      0.4931     0.41488           0     0.48539           0           0   0.0019152
           0           0]
[    0.72729           0           0           0           0           0           0     0.45558           0           0           0           0]
[    0.45442           0     0.52579           0           0           0           0           0           0           0           0           0           0     0.50881           0           0           0]
[          0     0.50869           0           0           0     0.43386           0           0           0      0.4856           0     0.56284           0           0           0           0           0           0           0           0      0.4802           0           0     0.28683     0.39027           0
           0           0      0.3106           0           0           0           0           0]
[    0.54694     0.48497     0.45894           0           0     0.15186     0.81981           0     0.39123           0     0.14364           0           0           0           0           0           0           0           0           0]
[     0.9156     0.66384     0.62609           0]
[      0.623     0.54881     0.32452     0.51317     0.43201      0.4715           0      0.3679           0     0.30568     0.34945     0.32917     0.26504     0.13761     0.23993     0.30102     0.69207           0     0.18117     0.32649     0.26087     0.72896           0           0           0]
[    0.79066           0           0           0           0           0           0           0           0     0.76078           0     0.79204           0           0     0.57217           0           0           0           0           0     0.58168           0           0           0]
[    0.63866     0.64607     0.80103           0     0.53054     0.61542     0.18685     0.15949     0.22871    0.069663      0.2439     0.38603           0    0.041318     0.28286      0.0019           0      0.3059     0.58143           0           0    0.097971           0           0     0.14958           0
     0.19114           0     0.56715    0.041249           0           0           0           0]
[    0.86256           0           0           0           0           0           0     0.79484           0           0           0           0     0.68473           0           0           0           0           0           0           0           0           0]
[    0.59157           0     0.53875           0           0           0      0.2126     0.51486           0           0     0.43047           0           0           0           0           0           0           0           0      0.6925           0     0.24172           0           0           0           0
           0           0]
[    0.76312           0     0.75138   0.0085158     0.47678           0    0.096292           0           0           0           0     0.22574           0           0           0           0           0           0           0           0           0           0           0     0.41335      0.8386           0
           0    0.094209     0.46641           0]
[    0.73393     0.75884      0.4669           0           0     0.55204           0           0           0           0      0.7359    0.038368           0           0           0           0           0           0           0     0.31003           0           0           0           0     0.57358    0.065883
     0.46117           0           0           0     0.39469           0           0           0           0     0.83013           0           0           0           0     0.77209           0           0           0           0           0     0.52999     0.28466     0.13226    0.033593     0.52864           0
           0           0           0           0           0           0           0           0           0           0           0           0           0           0           0           0           0     0.38027           0           0           0           0           0           0           0           0
           0     0.40578           0           0           0           0           0           0           0           0           0]
[     0.5372     0.68216     0.58753           0           0           0           0           0           0           0           0           0           0           0     0.64932       0.019           0           0           0           0           0           0           0     0.15466           0     0.60249
     0.66422   0.0035605           0           0           0     0.21625           0     0.14229           0           0           0      0.2548      0.1764     0.56022           0   0.0036675           0           0     0.54778     0.26979     0.44119     0.26547     0.66626    0.080969    0.035546           0
    0.010609           0     0.53354           0     0.35145           0]
[     0.8443     0.74577     0.78107           0    0.018484           0           0     0.75497           0     0.70543           0           0     0.70818           0     0.30278           0           0     0.51985]
[     0.5448           0           0           0           0     0.41748     0.21959           0           0           0           0     0.44672           0           0           0           0           0           0           0           0           0           0           0           0           0           0
           0     0.17531           0           0           0           0           0           0     0.22873           0           0           0           0           0           0           0           0           0           0           0           0           0           0           0           0           0
           0           0           0           0           0           0           0           0           0           0           0]
[    0.51737     0.46461           0     0.42211           0     0.43843           0           0    0.049862           0           0           0     0.28696           0           0           0           0           0           0     0.42698           0           0           0           0           0           0]
[    0.73405     0.66691     0.61548    0.031352     0.83551     0.24775     0.60026           0      0.4372           0           0           0           0           0           0    0.095097     0.50078     0.42586           0           0           0           0           0     0.26751    0.086146     0.50242
           0           0           0           0           0     0.55088     0.23582     0.57064           0           0           0           0           0     0.51977           0           0           0           0           0           0           0           0           0     0.81732           0           0
           0           0     0.58623           0           0           0           0     0.01816           0     0.03229     0.17788           0           0           0           0           0           0           0           0           0           0           0    0.028152           0           0    0.030922
           0    0.062056           0           0           0           0           0           0           0           0     0.32209           0           0     0.10045]
[     0.7071     0.79515           0           0     0.68871           0           0           0     0.70531           0           0           0           0     0.69965           0           0           0           0           0           0           0           0           0           0           0           0
           0           0           0           0           0           0           0           0           0]
[    0.62755     0.48967     0.40438     0.40805           0           0           0           0     0.73528           0     0.20023           0     0.64301           0           0           0           0           0           0           0     0.33086     0.11268           0           0           0           0
           0    0.035558  2.8227e-05           0     0.17964           0           0           0           0           0           0    0.043317           0           0           0     0.06958           0           0           0]
[    0.76007     0.87108           0     0.55286           0           0           0           0     0.65613           0           0           0           0           0     0.72409           0           0           0     0.48525           0           0     0.26074     0.63873           0           0           0
           0           0           0     0.63513           0           0           0           0           0           0           0           0           0           0           0           0           0]
[    0.78554     0.79659           0     0.62793     0.73218           0     0.56516      0.6839     0.70858           0           0     0.32228           0     0.34686           0           0           0           0           0           0           0           0           0           0           0           0
           0           0     0.66458           0     0.60808]
[    0.62219           0     0.64809           0           0           0           0           0           0      0.2579           0           0           0           0           0           0]
[     0.7286     0.59983     0.49376     0.79235           0           0           0           0           0           0     0.54886           0           0     0.45394           0           0     0.70824     0.46705     0.66203           0           0           0           0           0           0     0.70125
     0.31598     0.28735           0     0.58002           0      0.3883           0           0           0           0           0           0     0.61033           0     0.36394     0.56699           0           0           0           0           0     0.37301           0     0.28442]
[          0     0.59818     0.67868           0           0           0           0           0           0           0           0           0     0.53361           0           0     0.21055           0           0           0           0           0           0           0     0.47924           0           0
           0           0           0           0           0           0           0           0           0     0.81232           0           0           0           0           0           0           0           0           0           0           0           0           0           0           0           0
           0           0           0           0           0     0.15331           0           0           0           0           0           0           0           0           0]
[    0.83338     0.79322      0.7208           0           0           0           0           0           0           0           0           0           0           0     0.79455           0           0           0           0           0           0           0           0           0           0           0
           0           0           0           0           0     0.59528           0           0           0           0           0     0.58808           0           0           0           0           0           0           0           0           0           0           0           0           0           0
           0]
[     0.8211     0.47034     0.52498     0.69654     0.63141           0    0.028007     0.43811      0.6018      0.5635     0.01961    0.068952     0.20068     0.45737     0.49818           0           0     0.66828           0     0.41704     0.53747           0           0     0.30323     0.44066     0.21066
    0.041918           0     0.70524     0.35575           0           0     0.63344           0     0.51143     0.62613]
[    0.33995     0.50829     0.41211     0.44582     0.47459     0.41037           0     0.42308     0.46344           0    0.048559           0           0     0.16959      0.1787     0.33212     0.14717           0           0           0           0           0           0           0           0    0.061888
           0    0.059352           0           0           0           0           0           0     0.14618           0           0           0     0.47027]
[    0.69817     0.53812           0           0  0.00047926           0           0     0.60568     0.47788           0           0           0           0     0.33455     0.55552           0           0     0.22259           0           0           0           0           0           0           0           0
           0           0      0.2751           0   0.0033625    0.088923]
[    0.57691    0.026624           0      0.3319           0           0      0.5333           0           0           0           0           0     0.31262           0           0     0.62991           0           0           0           0           0     0.60463           0     0.59552           0    0.027015
           0           0           0           0           0           0           0]
[    0.71808     0.68408     0.67132           0      0.4374     0.62535     0.45212     0.64247           0           0      0.6885     0.69706     0.59137           0]
[    0.51286       0.553     0.53208     0.57829    0.069002     0.42964    0.045472    0.030561     0.69711           0           0           0     0.75221]
[    0.66093     0.64631     0.70418           0           0           0           0     0.67083     0.41629           0           0           0      0.2775           0     0.27258           0     0.67276      0.6994]
[    0.66925     0.56251      0.7302           0           0     0.65697           0           0           0           0           0           0           0     0.51609           0           0           0           0           0           0           0           0           0           0           0           0
           0           0           0           0           0           0           0           0]
[   0.049685     0.51962     0.35823     0.57966     0.52052     0.25676     0.12017    0.034752           0    0.034767           0     0.41785     0.35352     0.03981      0.3745    0.047843    0.099904     0.12848           0           0     0.36197           0           0]
