[          1]
[          1]
[          1]
[          1]
[          1]
[          1]
[          1]
[          1]
[          1]
[          1]
[          1]
[          1]
[          1]
[          1]
[          1]
[          1]
[          1]
[          1]
[          1]
[          1]
[          1]
[          1]
[          1]
[          1]
[          1]
[          1]
[          1]
[          1]
[          1]
[          1]
[          1]
[          1]
[          1]
[          1]
[          1]
[          1]
[          1]
[          1]
[          1]
[          1]
[          1]
[          1]
[          1]
[          1]
[          1]
[          1]
[          1]
[          1]
[          1]
[       0.98]
[    0.98039]
[    0.98077]
[    0.98113]
[    0.98148]
[    0.98182]
[    0.96429]
[    0.96491]
[    0.96552]
[     0.9661]
[    0.96667]
[    0.96721]
[    0.96774]
[    0.96825]
[    0.96875]
[    0.96923]
[     0.9697]
[    0.97015]
[    0.97059]
[    0.97101]
[    0.97143]
[    0.97183]
[    0.97222]
[     0.9726]
[    0.95946]
[       0.96]
[    0.96053]
[    0.96104]
[    0.96154]
[    0.96203]
[     0.9625]
[    0.96296]
[    0.96341]
[    0.95181]
[    0.95238]
[    0.95294]
[    0.95349]
[    0.95402]
[    0.94318]
[    0.94382]
[    0.94444]
[    0.94505]
[    0.94565]
[    0.94624]
[    0.94681]
[    0.94737]
[    0.94792]
[    0.94845]
[    0.94898]
[    0.94949]
[       0.95]
[     0.9505]
[    0.95098]
[    0.95146]
[    0.94231]
[    0.93333]
[    0.93396]
[    0.93458]
[    0.93519]
[    0.92661]
[    0.92727]
[    0.92793]
[    0.91964]
[     0.9115]
[    0.90351]
[    0.90435]
[    0.90517]
[    0.90598]
[    0.90678]
[    0.90756]
[        0.9]
[    0.89256]
[    0.89344]
[    0.89431]
[    0.89516]
[      0.896]
[    0.89683]
[    0.89764]
[    0.89062]
[    0.89147]
[    0.89231]
[    0.89313]
[    0.89394]
[    0.89474]
[    0.89552]
[    0.88889]
[    0.88971]
[    0.89051]
[    0.88406]
[     0.8777]
[    0.87143]
[    0.86525]
[     0.8662]
[    0.86713]
[    0.86806]
[    0.86207]
[    0.86301]
[    0.86395]
[    0.86486]
[    0.86577]
[    0.86667]
[    0.86093]
[    0.86184]
[    0.85621]
[    0.85714]
[    0.85806]
[    0.85897]
[     0.8535]
[    0.85443]
[    0.84906]
[    0.84375]
[    0.83851]
[    0.83333]
[    0.83436]
[    0.82927]
[     0.8303]
[     0.8253]
[    0.82036]
[    0.82143]
[    0.82249]
[    0.81765]
[    0.81871]
[    0.81395]
[    0.80925]
[     0.8046]
[        0.8]
[    0.80114]
[    0.79661]
[    0.79213]
[    0.78771]
[    0.78889]
[    0.78453]
[    0.78571]
[    0.78142]
[    0.77717]
[    0.77297]
[    0.76882]
[    0.76471]
[    0.76064]
[     0.7619]
[    0.75789]
[    0.75393]
[       0.75]
[    0.74611]
[    0.74742]
[    0.74359]
[     0.7398]
[    0.73604]
[    0.73737]
[    0.73869]
[       0.74]
[    0.73632]
[    0.73762]
[    0.73399]
[    0.73039]
[    0.72683]
[     0.7233]
[    0.71981]
[    0.71635]
[    0.71292]
[    0.70952]
[     0.7109]
[    0.70755]
[    0.70423]
[    0.70093]
[    0.69767]
[    0.69907]
[    0.69585]
[    0.69725]
[    0.69406]
[    0.69545]
[    0.69683]
[     0.6982]
[    0.69507]
[    0.69196]
[    0.68889]
[    0.68584]
[    0.68282]
[    0.67982]
[    0.67686]
[    0.67391]
[      0.671]
[    0.67241]
[    0.66953]
[    0.66667]
[    0.66809]
[    0.66525]
[    0.66245]
[    0.65966]
[     0.6569]
[    0.65417]
[    0.65145]
[    0.64876]
[    0.64609]
[    0.64344]
[     0.6449]
[    0.64228]
[    0.63968]
[     0.6371]
[    0.63454]
[      0.632]
[    0.62948]
[    0.62698]
[    0.62846]
[    0.62598]
[    0.62353]
[    0.62109]
[    0.61868]
[    0.61628]
[     0.6139]
[    0.61154]
[     0.6092]
[    0.60687]
[    0.60456]
[    0.60227]
[        0.6]
[    0.59774]
[    0.59551]
[    0.59328]
[    0.59108]
[    0.58889]
[    0.58672]
[    0.58456]
[    0.58242]
[    0.58029]
[    0.57818]
[    0.57609]
[    0.57401]
[    0.57194]
[    0.56989]
[    0.56786]
[    0.56584]
[    0.56383]
[    0.56184]
[    0.55986]
[    0.55789]
[    0.55594]
[    0.55401]
[    0.55208]
[    0.55017]
[    0.54828]
[    0.54639]
[    0.54452]
[    0.54266]
[    0.54082]
[    0.53898]
[    0.53716]
[    0.53535]
[    0.53356]
[    0.53512]
[    0.53333]
[    0.53156]
[     0.5298]
[    0.52805]
[    0.52632]
[    0.52459]
[    0.52288]
[    0.52117]
[    0.51948]
[     0.5178]
[    0.51613]
[    0.51447]
[    0.51282]
[    0.51118]
[    0.51274]
[    0.51111]
[    0.50949]
[    0.50789]
[    0.50629]
[     0.5047]
[    0.50313]
[    0.50156]
[        0.5]
[    0.49845]
[    0.49691]
[    0.49538]
[    0.49387]
[    0.49235]
[    0.49085]
[    0.48936]
[    0.48788]
[     0.4864]
[    0.48494]
[    0.48348]
[    0.48204]
[     0.4806]
[    0.48214]
[    0.48071]
[    0.47929]
[    0.47788]
[    0.47647]
[    0.47801]
[    0.47661]
[    0.47522]
[    0.47384]
[    0.47246]
[     0.4711]
[    0.46974]
[    0.46839]
[    0.46705]
[    0.46571]
[    0.46439]
[    0.46307]
[    0.46176]
[    0.46045]
[    0.45915]
[    0.45787]
[    0.45658]
[    0.45531]
[    0.45404]
[    0.45278]
[    0.45152]
[    0.45028]
[    0.44904]
[     0.4478]
[    0.44658]
[    0.44536]
[    0.44414]
[    0.44293]
[    0.44173]
[    0.44324]
[    0.44205]
[    0.44086]
[    0.43968]
[     0.4385]
[    0.43733]
[    0.43617]
[    0.43501]
[    0.43386]
[    0.43272]
[    0.43158]
[    0.43045]
[    0.42932]
[     0.4282]
[    0.42708]
[    0.42597]
[    0.42487]
[    0.42377]
[    0.42268]
[    0.42159]
[    0.42051]
[    0.41944]
[    0.41837]
[     0.4173]
[    0.41624]
[    0.41519]
[    0.41414]
[     0.4131]
[    0.41206]
[    0.41103]
[       0.41]
[    0.40898]
[    0.40796]
[    0.40695]
[    0.40594]
[    0.40494]
[    0.40394]
[    0.40295]
[    0.40196]
[    0.40098]
[        0.4]
[    0.39903]
[    0.39806]
[    0.39709]
[    0.39614]
[    0.39518]
[    0.39423]
[    0.39329]
[    0.39234]
[    0.39141]
[    0.39048]
[    0.38955]
[    0.38863]
[    0.38771]
[    0.38679]
[    0.38588]
[    0.38498]
[    0.38407]
[    0.38318]
[    0.38228]
[     0.3814]
[    0.38051]
[    0.37963]
[    0.37875]
[    0.37788]
[    0.37701]
[    0.37615]
[    0.37529]
[    0.37443]
[    0.37358]
[    0.37273]
[    0.37188]
[    0.37104]
[     0.3702]
[    0.36937]
[    0.36854]
[    0.36771]
[    0.36689]
[    0.36607]
[    0.36526]
[    0.36444]
[    0.36364]
[    0.36283]
[    0.36203]
[    0.36123]
[    0.36044]
[    0.35965]
[    0.35886]
[    0.35808]
[     0.3573]
[    0.35652]
[    0.35575]
[    0.35498]
[    0.35421]
[    0.35345]
[    0.35269]
[    0.35193]
[    0.35118]
[    0.35043]
[    0.34968]
[    0.34894]
[     0.3482]
[    0.34746]
[    0.34672]
[    0.34599]
[    0.34526]
[    0.34454]
[    0.34382]
[     0.3431]
[    0.34238]
[    0.34167]
[    0.34096]
[    0.34025]
[    0.33954]
[    0.33884]
[    0.33814]
[    0.33745]
[    0.33676]
[    0.33607]
[    0.33538]
[    0.33469]
[    0.33401]
[    0.33333]
[    0.33266]
[    0.33198]
[    0.33131]
[    0.33065]
[    0.32998]
[    0.32932]
[    0.32866]
[      0.328]
[    0.32735]
[    0.32669]
[    0.32604]
[     0.3254]
[    0.32475]
[    0.32411]
[    0.32347]
[    0.32283]
[     0.3222]
[    0.32157]
[    0.32094]
[    0.32031]
[    0.31969]
[    0.31907]
[    0.31845]
[    0.31783]
[    0.31721]
[     0.3166]
[    0.31599]
[    0.31538]
[    0.31478]
[    0.31418]
[    0.31358]
[    0.31298]
[    0.31238]
[    0.31179]
[     0.3112]
[    0.31061]
[    0.31191]
[    0.31132]
[    0.31073]
[    0.31015]
[    0.30957]
[    0.30899]
[    0.30841]
[    0.30784]
[    0.30726]
[    0.30669]
[    0.30612]
[    0.30556]
[    0.30499]
[    0.30443]
[    0.30387]
[    0.30331]
[    0.30275]
[     0.3022]
[    0.30165]
[    0.30109]
[    0.30055]
[        0.3]
[    0.29946]
[    0.29891]
[    0.29837]
[    0.29783]
[     0.2973]
[    0.29676]
[    0.29623]
[     0.2957]
[    0.29517]
[    0.29464]
[    0.29412]
[    0.29359]
[    0.29307]
[    0.29255]
[    0.29204]
[    0.29152]
[    0.29101]
[    0.29049]
[    0.28998]
[    0.28947]
[    0.28897]
[    0.28846]
[    0.28796]
[     0.2892]
[     0.2887]
[    0.28819]
[    0.28769]
[     0.2872]
[     0.2867]
[    0.28621]
[    0.28571]
[    0.28522]
[    0.28473]
[    0.28425]
[    0.28376]
[    0.28328]
[    0.28279]
[    0.28231]
[    0.28183]
[    0.28136]
[    0.28088]
[    0.28041]
[    0.27993]
[    0.27946]
[    0.27899]
[    0.27852]
[    0.27806]
[    0.27759]
[    0.27713]
[    0.27667]
[    0.27621]
[    0.27575]
[    0.27529]
[    0.27483]
[    0.27438]
[    0.27393]
[    0.27348]
[    0.27303]
[    0.27258]
[    0.27213]
[    0.27169]
[    0.27124]
[     0.2708]
[    0.27036]
[    0.26992]
[    0.26948]
[    0.26904]
[    0.26861]
[    0.26817]
[    0.26774]
[    0.26731]
[    0.26688]
[    0.26645]
[    0.26603]
[     0.2656]
[    0.26518]
[    0.26475]
[    0.26433]
[    0.26391]
[    0.26349]
[    0.26307]
[    0.26266]
[    0.26224]
[    0.26183]
[    0.26142]
[    0.26101]
[     0.2606]
[    0.26019]
[    0.25978]
[    0.25938]
[    0.25897]
[    0.25857]
[    0.25816]
[    0.25776]
[    0.25736]
[    0.25697]
[    0.25657]
[    0.25617]
[    0.25578]
[    0.25538]
[    0.25499]
[     0.2546]
[    0.25421]
[    0.25382]
[    0.25344]
[    0.25305]
[    0.25266]
[    0.25228]
[     0.2519]
[    0.25152]
[    0.25113]
[    0.25076]
[    0.25038]
[       0.25]
[    0.24962]
[    0.25075]
[    0.25037]
[       0.25]
[    0.24963]
[    0.24925]
[    0.24888]
[    0.24851]
[    0.24814]
[    0.24777]
[    0.24741]
[    0.24704]
[    0.24668]
[    0.24631]
[    0.24595]
[    0.24559]
[    0.24523]
[    0.24487]
[    0.24451]
[    0.24415]
[     0.2438]
[    0.24344]
[    0.24309]
[    0.24273]
[    0.24238]
[    0.24203]
[    0.24168]
[    0.24133]
[    0.24098]
[    0.24063]
[    0.24029]
[    0.23994]
[     0.2396]
[    0.23926]
[    0.23891]
[    0.23857]
[    0.23823]
[    0.23789]
[    0.23755]
[    0.23722]
[    0.23688]
[    0.23654]
[    0.23621]
[    0.23588]
[    0.23554]
[    0.23521]
[    0.23488]
[    0.23455]
[    0.23422]
[    0.23529]
[    0.23497]
[    0.23464]
[    0.23431]
[    0.23398]
[    0.23366]
[    0.23333]
[    0.23301]
[    0.23269]
[    0.23237]
[    0.23204]
[    0.23172]
[     0.2314]
[    0.23109]
[    0.23077]
[    0.23045]
[    0.23014]
[    0.22982]
[    0.22951]
[     0.2292]
[    0.22888]
[    0.22857]
[    0.22826]
[    0.22795]
[    0.22764]
[    0.22733]
[    0.22703]
[    0.22672]
[    0.22642]
[    0.22611]
[    0.22581]
[     0.2255]
[     0.2252]
[     0.2249]
[     0.2246]
[     0.2243]
[      0.224]
[     0.2237]
[     0.2234]
[    0.22311]
[    0.22281]
[    0.22252]
[    0.22222]
[    0.22193]
[    0.22164]
[    0.22134]
[    0.22105]
[    0.22076]
[    0.22047]
[    0.22018]
[     0.2212]
[    0.22092]
[    0.22063]
[    0.22034]
[    0.22005]
[    0.21977]
[    0.22078]
[    0.22049]
[    0.22021]
[    0.21992]
[    0.21964]
[    0.21935]
[    0.21907]
[    0.21879]
[    0.21851]
[    0.21823]
[    0.21795]
[    0.21767]
[    0.21739]
[    0.21711]
[    0.21684]
[    0.21656]
[    0.21628]
[    0.21601]
[    0.21574]
[    0.21546]
[    0.21519]
[    0.21492]
[    0.21465]
[    0.21438]
[    0.21411]
[    0.21384]
[    0.21357]
[     0.2133]
[    0.21303]
[    0.21277]
[     0.2125]
[    0.21223]
[    0.21197]
[    0.21171]
[    0.21144]
[    0.21118]
[    0.21092]
[    0.21066]
[     0.2104]
[    0.21014]
[    0.20988]
[    0.20962]
[    0.20936]
[     0.2091]
[    0.20885]
[    0.20859]
[    0.20833]
[    0.20808]
[    0.20782]
[    0.20757]
[    0.20732]
[    0.20706]
[    0.20681]
[    0.20656]
[    0.20631]
[    0.20606]
[    0.20581]
[    0.20556]
[    0.20531]
[    0.20507]
[    0.20482]
[    0.20457]
[    0.20433]
[    0.20408]
[    0.20384]
[    0.20359]
[    0.20335]
[    0.20311]
[    0.20286]
[    0.20262]
[    0.20238]
[    0.20214]
[     0.2019]
[    0.20166]
[    0.20142]
[    0.20118]
[    0.20095]
[    0.20071]
[    0.20047]
[    0.20024]
[        0.2]
[    0.19976]
[    0.19953]
[     0.1993]
[    0.19906]
[    0.19883]
[     0.1986]
[    0.19837]
[    0.19814]
[     0.1979]
[    0.19767]
[    0.19744]
[    0.19722]
[    0.19699]
[    0.19676]
[    0.19653]
[     0.1963]
[    0.19608]
[    0.19585]
[    0.19563]
[     0.1954]
[    0.19518]
[    0.19495]
[    0.19473]
[    0.19451]
[    0.19429]
[    0.19406]
[    0.19384]
[    0.19362]
[     0.1934]
[    0.19318]
[    0.19296]
[    0.19274]
[    0.19253]
[    0.19231]
[    0.19209]
[    0.19187]
[    0.19166]
[    0.19144]
[    0.19123]
[    0.19101]
[     0.1908]
[    0.19058]
[    0.19037]
[    0.19016]
[    0.18994]
[    0.18973]
[    0.18952]
[    0.18931]
[     0.1891]
[    0.18889]
[    0.18868]
[    0.18847]
[    0.18826]
[    0.18805]
[    0.18785]
[    0.18764]
[    0.18743]
[    0.18722]
[    0.18702]
[    0.18681]
[    0.18661]
[     0.1864]
[     0.1862]
[      0.186]
[    0.18579]
[    0.18559]
[    0.18539]
[    0.18519]
[    0.18498]
[    0.18478]
[    0.18458]
[    0.18438]
[    0.18418]
[    0.18398]
[    0.18378]
[    0.18359]
[    0.18339]
[    0.18319]
[    0.18299]
[     0.1828]
[     0.1826]
[     0.1824]
[    0.18221]
[    0.18308]
[    0.18289]
[    0.18269]
[     0.1825]
[     0.1823]
[    0.18211]
[    0.18191]
[    0.18172]
[    0.18153]
[    0.18134]
[    0.18114]
[    0.18095]
[    0.18076]
[    0.18057]
[    0.18038]
[    0.18019]
[       0.18]
[    0.17981]
[    0.17962]
[    0.17943]
[    0.17925]
[    0.17906]
[    0.17887]
[    0.17868]
[     0.1785]
[    0.17831]
[    0.17813]
[    0.17794]
[    0.17775]
[    0.17757]
[    0.17739]
[     0.1772]
[    0.17702]
[    0.17684]
[    0.17665]
[    0.17647]
[    0.17629]
[    0.17611]
[    0.17593]
[    0.17575]
[    0.17556]
[    0.17538]
[     0.1752]
[    0.17503]
[    0.17485]
[    0.17467]
[    0.17449]
[    0.17431]
[    0.17413]
[    0.17396]
[    0.17378]
[     0.1736]
[    0.17343]
[    0.17325]
[    0.17308]
[     0.1729]
[    0.17273]
[    0.17255]
[    0.17238]
[    0.17221]
[    0.17203]
[    0.17186]
[    0.17169]
[    0.17151]
[    0.17134]
[    0.17117]
[      0.171]
[    0.17083]
[    0.17066]
[    0.17049]
[    0.17032]
[    0.17015]
[    0.16998]
[    0.16981]
[    0.16964]
[    0.16947]
[    0.16931]
[    0.16914]
[    0.16897]
[    0.16881]
[    0.16864]
[    0.16847]
[    0.16929]
[    0.16912]
[    0.16896]
[    0.16879]
[    0.16863]
[    0.16846]
[     0.1683]
[    0.16813]
[    0.16797]
[     0.1678]
[    0.16764]
[    0.16748]
[    0.16732]
[    0.16715]
[    0.16699]
[    0.16683]
[    0.16667]
[    0.16651]
[    0.16634]
[    0.16618]
[    0.16602]
[    0.16586]
[     0.1657]
[    0.16554]
[    0.16538]
[    0.16523]
[    0.16507]
[    0.16491]
[    0.16475]
[    0.16459]
[    0.16444]
[    0.16428]
[    0.16412]
[    0.16397]
[    0.16381]
[    0.16365]
[     0.1635]
[    0.16334]
[    0.16319]
[    0.16303]
[    0.16288]
[    0.16272]
[    0.16257]
[    0.16242]
[    0.16226]
[    0.16211]
[    0.16196]
[    0.16181]
[    0.16165]
[     0.1615]
[    0.16135]
[     0.1612]
[    0.16105]
[     0.1609]
[    0.16075]
[     0.1606]
[    0.16138]
[    0.16123]
[    0.16108]
[    0.16093]
[    0.16078]
[    0.16063]
[    0.16048]
[    0.16033]
[    0.16019]
[    0.16004]
[    0.15989]
[    0.15974]
[    0.15959]
[    0.15945]
[     0.1593]
[    0.15915]
[    0.15901]
[    0.15886]
[    0.15872]
[    0.15857]
[    0.15842]
[    0.15828]
[    0.15814]
[    0.15799]
[    0.15785]
[     0.1577]
[    0.15756]
[    0.15742]
[    0.15727]
[    0.15713]
[    0.15699]
[    0.15684]
[     0.1567]
[    0.15656]
[    0.15642]
[    0.15628]
[    0.15614]
[      0.156]
[    0.15586]
[    0.15572]
[    0.15558]
[    0.15544]
[     0.1553]
[    0.15516]
[    0.15502]
[    0.15488]
[    0.15474]
[     0.1546]
[    0.15446]
[    0.15433]
[    0.15419]
[    0.15405]
[    0.15391]
[    0.15378]
[    0.15364]
[     0.1535]
[    0.15337]
[    0.15323]
[     0.1531]
[    0.15296]
[    0.15283]
[    0.15269]
[    0.15256]
[    0.15242]
[    0.15229]
[    0.15215]
[    0.15202]
[    0.15189]
[    0.15175]
[    0.15162]
[    0.15149]
[    0.15136]
[    0.15122]
[    0.15109]
[    0.15096]
[    0.15083]
[     0.1507]
[    0.15057]
[    0.15043]
[     0.1503]
[    0.15017]
[    0.15004]
[    0.14991]
[    0.14978]
[    0.14965]
[    0.14952]
[     0.1494]
[    0.14927]
[    0.14914]
[    0.14901]
[    0.14888]
[    0.14875]
[    0.14863]
[     0.1485]
[    0.14837]
[    0.14824]
[    0.14812]
[    0.14799]
[    0.14786]
[    0.14774]
[    0.14761]
[    0.14749]
[    0.14736]
[    0.14723]
[    0.14711]
[    0.14698]
[    0.14686]
[    0.14673]
[    0.14661]
[    0.14649]
[    0.14636]
[    0.14624]
[    0.14611]
[    0.14599]
[    0.14587]
[    0.14575]
[    0.14562]
[     0.1455]
[    0.14538]
[    0.14526]
[    0.14513]
[    0.14501]
[    0.14489]
[    0.14477]
[    0.14465]
[    0.14453]
[    0.14441]
[    0.14429]
[    0.14417]
[    0.14405]
[    0.14393]
[    0.14381]
[    0.14369]
[    0.14357]
[    0.14345]
[    0.14333]
[    0.14321]
[    0.14309]
[    0.14298]
[    0.14286]
[    0.14274]
[    0.14262]
[     0.1425]
[    0.14239]
[    0.14227]
[    0.14215]
[    0.14204]
[    0.14192]
[     0.1418]
[    0.14169]
[    0.14157]
[    0.14146]
[    0.14134]
[    0.14122]
[    0.14111]
[    0.14099]
[    0.14088]
[    0.14076]
[    0.14065]
[    0.14054]
[    0.14042]
[    0.14031]
[    0.14019]
[    0.14008]
[    0.13997]
[    0.13985]
[    0.13974]
[    0.13963]
[    0.13952]
[     0.1394]
[    0.13929]
[    0.13918]
[    0.13907]
[    0.13896]
[    0.13884]
[    0.13873]
[    0.13862]
[    0.13851]
[     0.1384]
[    0.13829]
[    0.13818]
[    0.13807]
[    0.13796]
[    0.13785]
[    0.13774]
[    0.13763]
[    0.13752]
[    0.13741]
[     0.1373]
[    0.13719]
[    0.13708]
[    0.13698]
[    0.13687]
[    0.13676]
[    0.13665]
[    0.13654]
[    0.13644]
[    0.13633]
[    0.13622]
[    0.13611]
[    0.13601]
[     0.1359]
[    0.13579]
[    0.13569]
[    0.13558]
[    0.13547]
[    0.13537]
[    0.13526]
[    0.13516]
[    0.13505]
[    0.13495]
[    0.13484]
[    0.13474]
[    0.13463]
[    0.13453]
[    0.13442]
[    0.13432]
[    0.13421]
[    0.13411]
[      0.134]
[     0.1339]
[     0.1338]
[    0.13369]
[    0.13359]
[    0.13349]
[    0.13338]
[    0.13328]
[    0.13318]
[    0.13308]
[    0.13297]
[    0.13287]
[    0.13277]
[    0.13267]
[    0.13257]
[    0.13247]
[    0.13236]
[    0.13226]
[    0.13216]
[    0.13206]
[    0.13196]
[    0.13186]
[    0.13176]
[    0.13166]
[    0.13156]
[    0.13146]
[    0.13136]
[    0.13126]
[    0.13116]
[    0.13106]
[    0.13096]
[    0.13086]
[    0.13076]
[    0.13066]
[    0.13057]
[    0.13047]
[    0.13037]
[    0.13027]
[    0.13017]
[    0.13008]
[    0.12998]
[    0.12988]
[    0.12978]
[    0.12969]
[    0.12959]
[    0.12949]
[    0.12939]
[     0.1293]
[     0.1292]
[     0.1291]
[    0.12901]
[    0.12891]
[    0.12882]
[    0.12872]
[    0.12862]
[    0.12853]
[    0.12843]
[    0.12834]
[    0.12824]
[    0.12815]
[    0.12805]
[    0.12796]
[    0.12786]
[    0.12777]
[    0.12768]
[    0.12758]
[    0.12749]
[    0.12739]
[     0.1273]
[    0.12721]
[    0.12711]
[    0.12702]
[    0.12693]
[    0.12683]
[    0.12674]
[    0.12665]
[    0.12655]
[    0.12646]
[    0.12637]
[    0.12628]
[    0.12619]
[    0.12609]
[      0.126]
[    0.12591]
[    0.12582]
[    0.12573]
[    0.12564]
[    0.12554]
[    0.12545]
[    0.12536]
[    0.12527]
[    0.12518]
[    0.12509]
[      0.125]
[    0.12491]
[    0.12482]
[    0.12473]
[    0.12464]
[    0.12455]
[    0.12446]
[    0.12437]
[    0.12428]
[    0.12419]
[     0.1241]
[    0.12401]
[    0.12393]
[    0.12384]
[    0.12375]
[    0.12366]
[    0.12357]
[    0.12348]
[     0.1234]
[    0.12331]
[    0.12322]
[    0.12313]
[    0.12304]
[    0.12296]
[    0.12287]
[    0.12278]
[     0.1227]
[    0.12261]
[    0.12252]
[    0.12243]
[    0.12235]
[    0.12226]
[    0.12218]
[    0.12209]
[      0.122]
[    0.12192]
[    0.12183]
[    0.12175]
[    0.12166]
[    0.12157]
[    0.12149]
[     0.1214]
[    0.12132]
[    0.12123]
[    0.12115]
[    0.12106]
[    0.12098]
[    0.12089]
[    0.12081]
[    0.12073]
[    0.12064]
[    0.12056]
[    0.12047]
[    0.12039]
[    0.12031]
[    0.12022]
[    0.12014]
[    0.12006]
[    0.11997]
[    0.11989]
[    0.11981]
[    0.11972]
[    0.11964]
[    0.11956]
[    0.11948]
[    0.11939]
[    0.11931]
[    0.11923]
[    0.11915]
[    0.11906]
[    0.11898]
[     0.1189]
[    0.11882]
[    0.11874]
[    0.11866]
[    0.11857]
[    0.11849]
[    0.11841]
[    0.11833]
[    0.11825]
[    0.11817]
[    0.11809]
[    0.11801]
[    0.11793]
[    0.11785]
[    0.11777]
[    0.11769]
[    0.11761]
[    0.11753]
[    0.11745]
[    0.11737]
[    0.11729]
[    0.11721]
[    0.11713]
[    0.11705]
[    0.11697]
[    0.11689]
[    0.11681]
[    0.11673]
[    0.11666]
[    0.11658]
[     0.1165]
[    0.11642]
[    0.11634]
[    0.11626]
[    0.11619]
[    0.11611]
[    0.11603]
[    0.11595]
[    0.11587]
[     0.1158]
[    0.11572]
[    0.11564]
[    0.11556]
[    0.11549]
[    0.11541]
[    0.11533]
[    0.11526]
[    0.11518]
[     0.1151]
[    0.11503]
[    0.11495]
[    0.11487]
[     0.1148]
[    0.11472]
[    0.11465]
[    0.11457]
[    0.11449]
[    0.11442]
[    0.11434]
[    0.11427]
[    0.11419]
[    0.11412]
[    0.11404]
[    0.11397]
[    0.11389]
[    0.11382]
[    0.11374]
[    0.11367]
[    0.11359]
[    0.11352]
[    0.11344]
[    0.11337]
[    0.11329]
[    0.11322]
[    0.11315]
[    0.11307]
[      0.113]
[    0.11292]
[    0.11285]
[    0.11278]
[     0.1127]
[    0.11263]
[    0.11256]
[    0.11248]
[    0.11241]
[    0.11234]
[    0.11226]
[    0.11219]
[    0.11212]
[    0.11205]
[    0.11197]
[     0.1119]
[    0.11183]
[    0.11176]
[    0.11168]
[    0.11161]
[    0.11154]
[    0.11147]
[     0.1114]
[    0.11133]
[    0.11125]
[    0.11118]
[    0.11111]
[    0.11104]
[    0.11097]
[     0.1109]
[    0.11083]
[    0.11076]
[    0.11068]
[    0.11061]
[    0.11054]
[    0.11047]
[     0.1104]
[    0.11033]
[    0.11026]
[    0.11019]
[    0.11012]
[    0.11005]
[    0.10998]
[    0.10991]
[    0.10984]
[    0.10977]
[     0.1097]
[    0.10963]
[    0.10956]
[    0.10949]
[    0.10942]
[    0.10936]
[    0.10929]
[    0.10922]
[    0.10915]
[    0.10908]
[    0.10901]
[    0.10894]
[    0.10887]
[    0.10881]
[    0.10874]
[    0.10867]
[     0.1086]
[    0.10853]
[    0.10846]
[     0.1084]
[    0.10833]
[    0.10826]
[    0.10819]
[    0.10812]
[    0.10806]
[    0.10799]
[    0.10792]
[    0.10786]
[    0.10779]
[    0.10772]
[    0.10765]
[    0.10759]
[    0.10752]
[    0.10745]
[    0.10739]
[    0.10732]
[    0.10725]
[    0.10719]
[    0.10712]
[    0.10705]
[    0.10699]
[    0.10692]
[    0.10686]
[    0.10679]
[    0.10672]
[    0.10666]
[    0.10659]
[    0.10653]
[    0.10646]
[     0.1064]
[    0.10633]
[    0.10627]
[     0.1062]
[    0.10613]
[    0.10607]
[      0.106]
[    0.10594]
[    0.10588]
[    0.10581]
[    0.10575]
[    0.10568]
[    0.10562]
[    0.10555]
[    0.10549]
[    0.10542]
[    0.10536]
[     0.1053]
[    0.10523]
[    0.10517]
[     0.1051]
[    0.10504]
[    0.10498]
[    0.10491]
[    0.10485]
[    0.10478]
[    0.10472]
[    0.10466]
[    0.10459]
[    0.10453]
[    0.10447]
[    0.10441]
[    0.10434]
[    0.10428]
[    0.10422]
[    0.10415]
[    0.10409]
[    0.10403]
[    0.10397]
[     0.1039]
[    0.10384]
[    0.10378]
[    0.10372]
[    0.10365]
[    0.10359]
[    0.10353]
[    0.10347]
[    0.10341]
[    0.10335]
[    0.10328]
[    0.10322]
[    0.10316]
[     0.1031]
[    0.10304]
[    0.10298]
[    0.10291]
[    0.10285]
[    0.10279]
[    0.10273]
[    0.10267]
[    0.10261]
[    0.10255]
[    0.10249]
[    0.10243]
[    0.10237]
[    0.10231]
[    0.10225]
[    0.10219]
[    0.10213]
[    0.10206]
[      0.102]
[    0.10194]
[    0.10188]
[    0.10182]
[    0.10176]
[     0.1017]
[    0.10165]
[    0.10159]
[    0.10153]
[    0.10147]
[    0.10141]
[    0.10135]
[    0.10129]
[    0.10123]
[    0.10117]
[    0.10111]
[    0.10105]
[    0.10099]
[    0.10093]
[    0.10087]
[    0.10082]
[    0.10076]
[     0.1007]
[    0.10064]
[    0.10058]
[    0.10052]
[    0.10046]
[    0.10041]
[    0.10035]
[    0.10029]
[    0.10023]
[    0.10017]
[    0.10012]
[    0.10006]
[        0.1]
[   0.099942]
[   0.099885]
[   0.099827]
[   0.099769]
[   0.099712]
[   0.099654]
[   0.099597]
[    0.09954]
[   0.099482]
[   0.099425]
[   0.099368]
[   0.099311]
[   0.099254]
[   0.099197]
[    0.09914]
[   0.099084]
[   0.099027]
[    0.09897]
[   0.098914]
[   0.098857]
[   0.098801]
[   0.098744]
[   0.098688]
[   0.098632]
[   0.098575]
[   0.098519]
[   0.098463]
[   0.098407]
[   0.098351]
[   0.098295]
[    0.09824]
[   0.098184]
[   0.098128]
[   0.098073]
[   0.098017]
[   0.097961]
[   0.097906]
[   0.097851]
[   0.097795]
[    0.09774]
[   0.097685]
[    0.09763]
[   0.097575]
[    0.09752]
[   0.097465]
[    0.09741]
[   0.097355]
[     0.0973]
[   0.097246]
[   0.097191]
[   0.097136]
[   0.097082]
[   0.097027]
[   0.096973]
[   0.096919]
[   0.096865]
[    0.09681]
[   0.096756]
[   0.096702]
[   0.096648]
[   0.096594]
[    0.09654]
[   0.096486]
[   0.096433]
[   0.096379]
[   0.096325]
[   0.096272]
[   0.096218]
[   0.096165]
[   0.096111]
[   0.096058]
[   0.096004]
[   0.095951]
[   0.095898]
[   0.095845]
[   0.095792]
[   0.095739]
[   0.095686]
[   0.095633]
[    0.09558]
[   0.095527]
[   0.095475]
[   0.095422]
[   0.095369]
[   0.095317]
[   0.095264]
[   0.095212]
[    0.09516]
[   0.095107]
[   0.095055]
[   0.095003]
[   0.094951]
[   0.094899]
[   0.094846]
[   0.094795]
[   0.094743]
[   0.094691]
[   0.094639]
[   0.094587]
[   0.094536]
[   0.094484]
[   0.094432]
[   0.094381]
[   0.094329]
[   0.094278]
[   0.094227]
[   0.094175]
[   0.094124]
[   0.094073]
[   0.094022]
[   0.093971]
[    0.09392]
[   0.093869]
[   0.093818]
[   0.093767]
[   0.093716]
[   0.093665]
[   0.093615]
[   0.093564]
[   0.093514]
[   0.093463]
[   0.093413]
[   0.093362]
[   0.093312]
[   0.093261]
[   0.093211]
[   0.093161]
[   0.093111]
[   0.093061]
[   0.093011]
[   0.092961]
[   0.092911]
[   0.092861]
[   0.092811]
[   0.092761]
[   0.092712]
[   0.092662]
[   0.092612]
[   0.092563]
[   0.092513]
[   0.092464]
[   0.092415]
[   0.092365]
[   0.092316]
[   0.092267]
[   0.092217]
[   0.092168]
[   0.092119]
[    0.09207]
[   0.092021]
[   0.091972]
[   0.091923]
[   0.091875]
[   0.091826]
[   0.091777]
[   0.091729]
[    0.09168]
[   0.091631]
[   0.091583]
[   0.091534]
[   0.091486]
[   0.091438]
[   0.091389]
[   0.091341]
[   0.091293]
[   0.091245]
[   0.091197]
[   0.091149]
[   0.091101]
[   0.091053]
[   0.091005]
[   0.090957]
[   0.090909]
[   0.090861]
[   0.090814]
[   0.090766]
[   0.090718]
[   0.090671]
[   0.090623]
[   0.090576]
[   0.090529]
[   0.090481]
[   0.090434]
[   0.090387]
[   0.090339]
[   0.090292]
[   0.090245]
[   0.090198]
[   0.090151]
[   0.090104]
[   0.090057]
[    0.09001]
[   0.089964]
[   0.089917]
[    0.08987]
[   0.089823]
[   0.089777]
[    0.08973]
[   0.089684]
[   0.089637]
[   0.089591]
[   0.089545]
[   0.089498]
[   0.089452]
[   0.089406]
[    0.08936]
[   0.089313]
[   0.089267]
[   0.089221]
[   0.089175]
[   0.089129]
[   0.089083]
[   0.089038]
[   0.088992]
[   0.088946]
[     0.0889]
[   0.088855]
[   0.088809]
[   0.088763]
[   0.088718]
[   0.088672]
[   0.088627]
[   0.088582]
[   0.088536]
[   0.088491]
[   0.088446]
[   0.088401]
[   0.088355]
[    0.08831]
[   0.088265]
[    0.08822]
[   0.088175]
[    0.08813]
[   0.088086]
[   0.088041]
[   0.087996]
[   0.087951]
[   0.087907]
[   0.087862]
[   0.087817]
[   0.087773]
[   0.087728]
[   0.087684]
[   0.087639]
[   0.087595]
[   0.087551]
[   0.087506]
[   0.087462]
[   0.087418]
[   0.087374]
[    0.08733]
[   0.087286]
[   0.087242]
[   0.087198]
[   0.087154]
[    0.08711]
[   0.087066]
[   0.087022]
[   0.086978]
[   0.086935]
[   0.086891]
[   0.086847]
[   0.086804]
[    0.08676]
[   0.086717]
[   0.086673]
[    0.08663]
[   0.086587]
[   0.086543]
[     0.0865]
[   0.086457]
[   0.086414]
[    0.08637]
[   0.086327]
[   0.086284]
[   0.086241]
[   0.086198]
[   0.086155]
[   0.086112]
[    0.08607]
[   0.086027]
[   0.085984]
[   0.085941]
[   0.085899]
[   0.085856]
[   0.085813]
[   0.085771]
[   0.085728]
[   0.085686]
[   0.085644]
[   0.085601]
[   0.085559]
[   0.085517]
[   0.085474]
[   0.085432]
[    0.08539]
[   0.085348]
[   0.085306]
[   0.085264]
[   0.085222]
[    0.08518]
[   0.085138]
[   0.085096]
[   0.085054]
[   0.085012]
[   0.084971]
[   0.084929]
[   0.084887]
[   0.084846]
[   0.084804]
[   0.084762]
[   0.084721]
[   0.084679]
[   0.084638]
[   0.084597]
[   0.084555]
[   0.084514]
[   0.084473]
[   0.084431]
[    0.08439]
[   0.084349]
[   0.084308]
[   0.084267]
[   0.084226]
[   0.084185]
[   0.084144]
[   0.084103]
[   0.084062]
[   0.084021]
[   0.083981]
[    0.08394]
[   0.083899]
[   0.083858]
[   0.083818]
[   0.083777]
[   0.083737]
[   0.083696]
[   0.083656]
[   0.083615]
[   0.083575]
[   0.083535]
[   0.083494]
[   0.083454]
[   0.083414]
[   0.083373]
[   0.083333]
[   0.083293]
[   0.083253]
[   0.083213]
[   0.083173]
[   0.083133]
[   0.083093]
[   0.083053]
[   0.083013]
[   0.082974]
[   0.082934]
[   0.082894]
[   0.082854]
[   0.082815]
[   0.082775]
[   0.082736]
[   0.082696]
[   0.082656]
[   0.082617]
[   0.082578]
[   0.082538]
[   0.082499]
[   0.082459]
[    0.08242]
[   0.082381]
[   0.082342]
[   0.082303]
[   0.082263]
[   0.082224]
[   0.082185]
[   0.082146]
[   0.082107]
[   0.082068]
[   0.082029]
[   0.081991]
[   0.081952]
[   0.081913]
[   0.081874]
[   0.081835]
[   0.081797]
[   0.081758]
[   0.081719]
[   0.081681]
[   0.081642]
[   0.081604]
[   0.081565]
[   0.081527]
[   0.081488]
[    0.08145]
[   0.081412]
[   0.081373]
[   0.081335]
[   0.081297]
[   0.081259]
[   0.081221]
[   0.081183]
[   0.081144]
[   0.081106]
[   0.081068]
[    0.08103]
[   0.080993]
[   0.080955]
[   0.080917]
[   0.080879]
[   0.080841]
[   0.080803]
[   0.080766]
[   0.080728]
[    0.08069]
[   0.080653]
[   0.080615]
[   0.080578]
[    0.08054]
[   0.080503]
[   0.080465]
[   0.080428]
[    0.08039]
[   0.080353]
[   0.080316]
[   0.080278]
[   0.080241]
[   0.080204]
[   0.080167]
[    0.08013]
[   0.080093]
[   0.080056]
[   0.080019]
[   0.079982]
[   0.079945]
[   0.079908]
[   0.079871]
[   0.079834]
[   0.079797]
[    0.07976]
[   0.079724]
[   0.079687]
[    0.07965]
[   0.079613]
[   0.079577]
[    0.07954]
[   0.079504]
[   0.079467]
[   0.079431]
[   0.079394]
[   0.079358]
[   0.079321]
[   0.079285]
[   0.079249]
[   0.079212]
[   0.079176]
[    0.07914]
[   0.079104]
[   0.079068]
[   0.079032]
[   0.078995]
[   0.078959]
[   0.078923]
[   0.078887]
[   0.078851]
[   0.078815]
[    0.07878]
[   0.078744]
[   0.078708]
[   0.078672]
[   0.078636]
[   0.078601]
[   0.078565]
[   0.078529]
[   0.078494]
[   0.078458]
[   0.078422]
[   0.078387]
[   0.078351]
[   0.078316]
[   0.078281]
[   0.078245]
[    0.07821]
[   0.078174]
[   0.078139]
[   0.078104]
[   0.078069]
[   0.078033]
[   0.077998]
[   0.077963]
[   0.077928]
[   0.077893]
[   0.077858]
[   0.077823]
[   0.077788]
[   0.077753]
[   0.077718]
[   0.077683]
[   0.077648]
[   0.077613]
[   0.077578]
[   0.077544]
[   0.077509]
[   0.077474]
[    0.07744]
[   0.077405]
[    0.07737]
[   0.077336]
[   0.077301]
[   0.077267]
[   0.077232]
[   0.077198]
[   0.077163]
[   0.077129]
[   0.077094]
[    0.07706]
[   0.077026]
[   0.076992]
[   0.076957]
[   0.076923]
[   0.076889]
[   0.076855]
[   0.076821]
[   0.076787]
[   0.076752]
[   0.076718]
[   0.076684]
[    0.07665]
[   0.076616]
[   0.076583]
[   0.076549]
[   0.076515]
[   0.076481]
[   0.076447]
[   0.076413]
[    0.07638]
[   0.076346]
[   0.076312]
[   0.076279]
[   0.076245]
[   0.076211]
[   0.076178]
[   0.076144]
[   0.076111]
[   0.076077]
[   0.076044]
[   0.076011]
[   0.075977]
[   0.075944]
[    0.07591]
[   0.075877]
[   0.075844]
[   0.075811]
[   0.075777]
[   0.075744]
[   0.075711]
[   0.075678]
[   0.075645]
[   0.075612]
[   0.075579]
[   0.075546]
[   0.075513]
[    0.07548]
[   0.075447]
[   0.075414]
[   0.075381]
[   0.075348]
[   0.075316]
[   0.075283]
[    0.07525]
[   0.075217]
[   0.075185]
[   0.075152]
[   0.075119]
[   0.075087]
[   0.075054]
[   0.075022]
[   0.074989]
[   0.074957]
[   0.074924]
[   0.074892]
[   0.074859]
[   0.074827]
[   0.074795]
[   0.074762]
[    0.07473]
[   0.074698]
[   0.074666]
[   0.074633]
[   0.074601]
[   0.074569]
[   0.074537]
[   0.074505]
[   0.074473]
[   0.074441]
[   0.074409]
[   0.074377]
[   0.074345]
[   0.074313]
[   0.074281]
[   0.074249]
[   0.074217]
[   0.074185]
[   0.074153]
[   0.074122]
[    0.07409]
[   0.074058]
[   0.074027]
[   0.073995]
[   0.073963]
[   0.073932]
[     0.0739]
[   0.073868]
[   0.073837]
[   0.073805]
[   0.073774]
[   0.073743]
[   0.073711]
[    0.07368]
[   0.073648]
[   0.073617]
[   0.073586]
[   0.073554]
[   0.073523]
[   0.073492]
[   0.073461]
[    0.07343]
[   0.073398]
[   0.073367]
[   0.073336]
[   0.073305]
[   0.073274]
[   0.073243]
[   0.073212]
[   0.073181]
[    0.07315]
[   0.073119]
[   0.073088]
[   0.073057]
[   0.073027]
[   0.072996]
[   0.072965]
[   0.072934]
[   0.072903]
[   0.072873]
[   0.072842]
[   0.072811]
[   0.072781]
[    0.07275]
[    0.07272]
[   0.072689]
[   0.072659]
[   0.072628]
[   0.072598]
[   0.072567]
[   0.072537]
[   0.072506]
[   0.072476]
[   0.072446]
[   0.072415]
[   0.072385]
[   0.072355]
[   0.072324]
[   0.072294]
[   0.072264]
[   0.072234]
[   0.072204]
[   0.072174]
[   0.072143]
[   0.072113]
[   0.072083]
[   0.072053]
[   0.072023]
[   0.071993]
[   0.071963]
[   0.071933]
[   0.071904]
[   0.071874]
[   0.071844]
[   0.071814]
[   0.071784]
[   0.071754]
[   0.071725]
[   0.071695]
[   0.071665]
[   0.071636]
[   0.071606]
[   0.071576]
[   0.071547]
[   0.071517]
[   0.071488]
[   0.071458]
[   0.071429]
[   0.071399]
[    0.07137]
[    0.07134]
[   0.071311]
[   0.071281]
[   0.071252]
[   0.071223]
[   0.071193]
[   0.071164]
[   0.071135]
[   0.071106]
[   0.071076]
[   0.071047]
[   0.071018]
[   0.070989]
[    0.07096]
[   0.070931]
[   0.070902]
[   0.070873]
[   0.070844]
[   0.070815]
[   0.070786]
[   0.070757]
[   0.070728]
[   0.070699]
[    0.07067]
[   0.070641]
[   0.070612]
[   0.070583]
[   0.070555]
[   0.070526]
[   0.070497]
[   0.070468]
[    0.07044]
[   0.070411]
[   0.070382]
[   0.070354]
[   0.070325]
[   0.070297]
[   0.070268]
[    0.07024]
[   0.070211]
[   0.070183]
[   0.070154]
[   0.070126]
[   0.070097]
[   0.070069]
[    0.07004]
[   0.070012]
[   0.069984]
[   0.069956]
[   0.069927]
[   0.069899]
[   0.069871]
[   0.070246]
[   0.070218]
[    0.07019]
[   0.070161]
[   0.070133]
[   0.070105]
[   0.070077]
[   0.070048]
[    0.07002]
[   0.069992]
[   0.069964]
[   0.069936]
[   0.069908]
[    0.06988]
[   0.069851]
[   0.069823]
[   0.069795]
[   0.069767]
[   0.069739]
[   0.069712]
[   0.069684]
[   0.069656]
[   0.069628]
[     0.0696]
[   0.069572]
[   0.069544]
[   0.069517]
[   0.069489]
[   0.069461]
[   0.069433]
[   0.069406]
[   0.069378]
[    0.06935]
[   0.069323]
[   0.069295]
[   0.069268]
[    0.06924]
[   0.069212]
[   0.069185]
[   0.069157]
[    0.06913]
[   0.069102]
[   0.069075]
[   0.069048]
[    0.06902]
[   0.068993]
[   0.068966]
[   0.068938]
[   0.068911]
[   0.068884]
[   0.068856]
[   0.068829]
[   0.068802]
[   0.068775]
[   0.068748]
[    0.06872]
[   0.068693]
[   0.068666]
[   0.068639]
[   0.068612]
[   0.068585]
[   0.068558]
[   0.068531]
[   0.068504]
[   0.068477]
[    0.06845]
[   0.068423]
[   0.068396]
[   0.068369]
[   0.068342]
[   0.068316]
[   0.068289]
[   0.068262]
[   0.068235]
[   0.068209]
[   0.068182]
[   0.068155]
[   0.068128]
[   0.068102]
[   0.068075]
[   0.068048]
[   0.068022]
[   0.067995]
[   0.067969]
[   0.067942]
[   0.067916]
[   0.067889]
[   0.067863]
[   0.067836]
[    0.06781]
[   0.067783]
[   0.067757]
[   0.067731]
[   0.067704]
[   0.067678]
[   0.067652]
[   0.067625]
[   0.067599]
[   0.067573]
[   0.067547]
[    0.06752]
[   0.067494]
[   0.067468]
[   0.067442]
[   0.067416]
[    0.06739]
[   0.067364]
[   0.067337]
[   0.067311]
[   0.067285]
[   0.067259]
[   0.067233]
[   0.067207]
[   0.067181]
[   0.067156]
[    0.06713]
[   0.067104]
[   0.067078]
[   0.067052]
[   0.067026]
[      0.067]
[   0.066975]
[   0.066949]
[   0.066923]
[   0.066897]
[   0.066872]
[   0.066846]
[    0.06682]
[   0.066795]
[   0.066769]
[   0.066743]
[   0.066718]
[   0.066692]
[   0.066667]
[   0.066641]
[   0.066616]
[    0.06659]
[   0.066565]
[   0.066539]
[   0.066514]
[   0.066488]
[   0.066463]
[   0.066438]
[   0.066412]
[   0.066387]
[   0.066362]
[   0.066336]
[   0.066311]
[   0.066286]
[    0.06626]
[   0.066235]
[    0.06621]
[   0.066185]
[    0.06616]
[   0.066135]
[   0.066109]
[   0.066084]
[   0.066059]
[   0.066034]
[   0.066009]
[   0.065984]
[   0.065959]
[   0.065934]
[   0.065909]
[   0.065884]
[   0.065859]
[   0.065834]
[   0.065809]
[   0.065784]
[    0.06576]
[   0.065735]
[    0.06571]
[   0.065685]
[    0.06566]
[   0.065636]
[   0.065611]
[   0.065586]
[   0.065561]
[   0.065537]
[   0.065512]
[   0.065487]
[   0.065463]
[   0.065438]
[   0.065414]
[   0.065389]
[   0.065364]
[    0.06534]
[   0.065315]
[   0.065291]
[   0.065266]
[   0.065242]
[   0.065217]
[   0.065193]
[   0.065169]
[   0.065144]
[    0.06512]
[   0.065095]
[   0.065071]
[   0.065047]
[   0.065022]
[   0.064998]
[   0.064974]
[    0.06495]
[   0.064925]
[   0.064901]
[   0.064877]
[   0.064853]
[   0.064829]
[   0.064804]
[    0.06478]
[   0.064756]
[   0.064732]
[   0.064708]
[   0.064684]
[    0.06466]
[   0.064636]
[   0.064612]
[   0.064588]
[   0.064564]
[    0.06454]
[   0.064516]
[   0.064492]
[   0.064468]
[   0.064444]
[   0.064421]
[   0.064397]
[   0.064373]
[   0.064349]
[   0.064325]
[   0.064302]
[   0.064278]
[   0.064254]
[    0.06423]
[   0.064207]
[   0.064183]
[   0.064159]
[   0.064136]
[   0.064112]
[   0.064088]
[   0.064065]
[   0.064041]
[   0.064018]
[   0.063994]
[   0.063971]
[   0.063947]
[   0.063924]
[     0.0639]
[   0.063877]
[   0.063853]
[    0.06383]
[   0.063806]
[   0.063783]
[    0.06376]
[   0.063736]
[   0.063713]
[    0.06369]
[   0.063666]
[   0.063643]
[    0.06362]
[   0.063596]
[   0.063573]
[    0.06355]
[   0.063527]
[   0.063504]
[    0.06348]
[   0.063457]
[   0.063434]
[   0.063411]
[   0.063388]
[   0.063365]
[   0.063342]
[   0.063319]
[   0.063296]
[   0.063273]
[    0.06325]
[   0.063227]
[   0.063204]
[   0.063181]
[   0.063158]
[   0.063135]
[   0.063112]
[   0.063089]
[   0.063066]
[   0.063043]
[   0.063021]
[   0.062998]
[   0.062975]
[   0.062952]
[   0.062929]
[   0.062907]
[   0.062884]
[   0.062861]
[   0.062839]
[   0.062816]
[   0.062793]
[   0.062771]
[   0.062748]
[   0.062725]
[   0.062703]
[    0.06268]
[   0.062658]
[   0.062635]
[   0.062612]
[    0.06259]
[   0.062567]
[   0.062545]
[   0.062522]
[     0.0625]
[   0.062837]
[   0.062814]
[   0.062792]
[   0.062769]
[   0.062747]
[   0.062724]
[   0.062702]
[   0.062679]
[   0.062657]
[   0.062634]
[   0.062612]
[   0.062589]
[   0.062567]
[   0.062545]
[   0.062522]
[     0.0625]
[   0.062478]
[   0.062455]
[   0.062433]
[   0.062411]
[   0.062389]
[   0.062366]
[   0.062344]
[   0.062322]
[     0.0623]
[   0.062278]
[   0.062255]
[   0.062233]
[   0.062211]
[   0.062189]
[   0.062167]
[   0.062145]
[   0.062123]
[   0.062101]
[   0.062079]
[   0.062057]
[   0.062035]
[   0.062013]
[   0.061991]
[   0.061969]
[   0.061947]
[   0.061925]
[   0.061903]
[   0.061881]
[   0.061859]
[   0.061837]
[   0.061816]
[   0.061794]
[   0.061772]
[    0.06175]
[   0.061728]
[   0.061707]
[   0.061685]
[   0.061663]
[   0.061641]
[    0.06162]
[   0.061598]
[   0.061576]
[   0.061555]
[   0.061533]
[   0.061511]
[    0.06149]
[   0.061468]
[   0.061447]
[   0.061425]
[   0.061404]
[   0.061382]
[    0.06136]
[   0.061339]
[   0.061317]
[   0.061296]
[   0.061275]
[   0.061253]
[   0.061232]
[    0.06121]
[   0.061189]
[   0.061167]
[   0.061146]
[   0.061125]
[   0.061103]
[   0.061082]
[   0.061061]
[   0.061039]
[   0.061018]
[   0.060997]
[   0.060976]
[   0.060954]
[   0.060933]
[   0.060912]
[   0.060891]
[    0.06087]
[   0.060848]
[   0.060827]
[   0.060806]
[   0.060785]
[   0.060764]
[   0.060743]
[   0.060722]
[   0.060701]
[    0.06068]
[   0.060659]
[   0.060638]
[   0.060617]
[   0.060596]
[   0.060575]
[   0.060554]
[   0.060533]
[   0.060512]
[   0.060491]
[    0.06047]
[   0.060449]
[   0.060428]
[   0.060407]
[   0.060386]
[   0.060366]
[   0.060345]
[   0.060324]
[   0.060303]
[   0.060282]
[   0.060262]
[   0.060241]
[    0.06022]
[     0.0602]
[   0.060179]
[   0.060158]
[   0.060137]
[   0.060117]
[   0.060096]
[   0.060076]
[   0.060055]
[   0.060034]
[   0.060014]
[   0.059993]
[   0.059973]
[   0.059952]
[   0.059932]
[   0.059911]
[    0.05989]
[    0.05987]
[    0.05985]
[   0.059829]
[   0.059809]
[   0.059788]
[   0.059768]
[   0.059747]
[   0.059727]
[   0.059707]
[   0.059686]
[   0.059666]
[   0.059646]
[   0.059625]
[   0.059605]
[   0.059585]
[   0.059564]
[   0.059544]
[   0.059524]
[   0.059504]
[   0.059483]
[   0.059463]
[   0.059443]
[   0.059423]
[   0.059403]
[   0.059382]
[   0.059362]
[   0.059342]
[   0.059322]
[   0.059302]
[   0.059282]
[   0.059262]
[   0.059242]
[   0.059222]
[   0.059202]
[   0.059182]
[   0.059162]
[   0.059142]
[   0.059122]
[   0.059102]
[   0.059082]
[   0.059062]
[   0.059042]
[   0.059022]
[   0.059002]
[   0.058982]
[   0.058962]
[   0.058942]
[   0.058923]
[   0.058903]
[   0.058883]
[   0.058863]
[   0.058843]
[   0.058824]
[   0.058804]
[   0.058784]
[   0.058764]
[   0.058745]
[   0.058725]
[   0.058705]
[   0.058685]
[   0.058666]
[   0.058646]
[   0.058626]
[   0.058607]
[   0.058587]
[   0.058568]
[   0.058548]
[   0.058528]
[   0.058509]
[   0.058489]
[    0.05847]
[    0.05845]
[   0.058431]
[   0.058411]
[   0.058392]
[   0.058372]
[   0.058353]
[   0.058333]
[   0.058314]
[   0.058294]
[   0.058275]
[   0.058256]
[   0.058236]
[   0.058217]
[   0.058198]
[   0.058178]
[   0.058159]
[    0.05814]
[    0.05812]
[   0.058101]
[   0.058082]
[   0.058062]
[   0.058043]
[   0.058024]
[   0.058005]
[   0.057985]
[   0.057966]
[   0.057947]
[   0.057928]
[   0.057909]
[    0.05789]
[    0.05787]
[   0.057851]
[   0.057832]
[   0.057813]
[   0.057794]
[   0.057775]
[   0.057756]
[   0.057737]
[   0.057718]
[   0.057699]
[    0.05768]
[   0.057661]
[   0.057642]
[   0.057623]
[   0.057604]
[   0.057585]
[   0.057566]
[   0.057547]
[   0.057528]
[   0.057509]
[    0.05749]
[   0.057471]
[   0.057452]
[   0.057434]
[   0.057415]
[   0.057396]
[   0.057377]
[   0.057358]
[   0.057339]
[   0.057321]
[   0.057302]
[   0.057283]
[   0.057264]
[   0.057246]
[   0.057227]
[   0.057208]
[    0.05719]
[   0.057171]
[   0.057152]
[   0.057134]
[   0.057115]
[   0.057096]
[   0.057078]
[   0.057059]
[    0.05704]
[   0.057022]
[   0.057003]
[   0.056985]
[   0.056966]
[   0.056948]
[   0.056929]
[   0.056911]
[   0.056892]
[   0.056874]
[   0.056855]
[   0.056837]
[   0.056818]
[     0.0568]
[   0.056781]
[   0.056763]
[   0.056744]
[   0.056726]
[   0.056708]
[   0.056689]
[   0.056671]
[   0.056653]
[   0.056634]
[   0.056616]
[   0.056598]
[   0.056579]
[   0.056561]
[   0.056543]
[   0.056525]
[   0.056506]
[   0.056488]
[    0.05647]
[   0.056452]
[   0.056433]
[   0.056415]
[   0.056397]
[   0.056379]
[   0.056361]
[   0.056343]
[   0.056324]
[   0.056306]
[   0.056288]
[    0.05627]
[   0.056252]
[   0.056234]
[   0.056216]
[   0.056198]
[    0.05618]
[   0.056162]
[   0.056144]
[   0.056126]
[   0.056108]
[    0.05609]
[   0.056072]
[   0.056054]
[   0.056036]
[   0.056338]
[    0.05632]
[   0.056302]
[   0.056284]
[   0.056266]
[   0.056248]
[    0.05623]
[   0.056212]
[   0.056194]
[   0.056176]
[   0.056158]
[    0.05614]
[   0.056122]
[   0.056105]
[   0.056087]
[   0.056069]
[   0.056051]
[   0.056033]
[   0.056015]
[   0.055997]
[    0.05598]
[   0.055962]
[   0.055944]
[   0.055926]
[   0.055909]
[   0.055891]
[   0.055873]
[   0.055855]
[   0.055838]
[    0.05582]
[   0.055802]
[   0.055784]
[   0.055767]
[   0.055749]
[   0.055731]
[   0.055714]
[   0.055696]
[   0.055679]
[   0.055661]
[   0.055643]
[   0.055626]
[   0.055608]
[   0.055591]
[   0.055573]
[   0.055556]
[   0.055538]
[   0.055521]
[   0.055503]
[   0.055485]
[   0.055468]
[   0.055451]
[   0.055433]
[   0.055416]
[   0.055398]
[   0.055381]
[   0.055363]
[   0.055346]
[   0.055329]
[   0.055311]
[   0.055294]
[   0.055276]
[   0.055259]
[   0.055242]
[   0.055224]
[   0.055207]
[    0.05519]
[   0.055172]
[   0.055155]
[   0.055138]
[   0.055121]
[   0.055103]
[   0.055086]
[   0.055069]
[   0.055052]
[   0.055034]
[   0.055017]
[      0.055]
[   0.054983]
[   0.054966]
[   0.054948]
[   0.054931]
[   0.054914]
[   0.054897]
[    0.05488]
[   0.054863]
[   0.054846]
[   0.054829]
[   0.054812]
[   0.054795]
[   0.054777]
[    0.05476]
[   0.054743]
[   0.054726]
[   0.054709]
[   0.054692]
[   0.054675]
[   0.054658]
[   0.054641]
[   0.054624]
[   0.054608]
[   0.054591]
[   0.054574]
[   0.054557]
[    0.05454]
[   0.054523]
[   0.054506]
[   0.054489]
[   0.054472]
[   0.054455]
[   0.054439]
[   0.054422]
[   0.054405]
[   0.054388]
[   0.054371]
[   0.054355]
[   0.054338]
[   0.054321]
[   0.054304]
[   0.054287]
[   0.054271]
[   0.054254]
[   0.054237]
[   0.054221]
[   0.054204]
[   0.054187]
[   0.054171]
[   0.054154]
[   0.054137]
[   0.054121]
[   0.054104]
[   0.054087]
[   0.054071]
[   0.054054]
[   0.054037]
