[          1]
[          1]
[          1]
[          1]
[          1]
[          1]
[          1]
[          1]
[          1]
[          1]
[          1]
[          1]
[          1]
[    0.92857]
[    0.93333]
[     0.9375]
[    0.94118]
[    0.94444]
[    0.94737]
[       0.95]
[    0.95238]
[    0.95455]
[    0.95652]
[    0.95833]
[       0.96]
[    0.96154]
[    0.96296]
[    0.96429]
[    0.96552]
[    0.96667]
[    0.96774]
[    0.96875]
[    0.93939]
[    0.94118]
[    0.94286]
[    0.94444]
[    0.91892]
[    0.92105]
[    0.89744]
[        0.9]
[    0.90244]
[    0.90476]
[    0.90698]
[    0.90909]
[    0.88889]
[     0.8913]
[    0.89362]
[    0.89583]
[    0.89796]
[        0.9]
[    0.90196]
[    0.90385]
[    0.90566]
[    0.88889]
[    0.89091]
[    0.89286]
[    0.89474]
[    0.89655]
[    0.89831]
[        0.9]
[    0.90164]
[    0.90323]
[    0.90476]
[    0.90625]
[    0.90769]
[    0.90909]
[    0.91045]
[    0.91176]
[    0.91304]
[    0.91429]
[    0.91549]
[    0.91667]
[    0.90411]
[    0.89189]
[    0.89333]
[    0.89474]
[     0.8961]
[    0.89744]
[    0.89873]
[        0.9]
[    0.90123]
[    0.90244]
[    0.90361]
[    0.90476]
[    0.90588]
[    0.90698]
[    0.90805]
[    0.90909]
[    0.91011]
[    0.91111]
[    0.91209]
[    0.90217]
[    0.89247]
[    0.89362]
[    0.89474]
[    0.89583]
[     0.8866]
[    0.88776]
[    0.87879]
[       0.88]
[    0.88119]
[    0.88235]
[     0.8835]
[    0.88462]
[    0.87619]
[    0.87736]
[    0.86916]
[    0.87037]
[    0.86239]
[    0.86364]
[    0.86486]
[    0.85714]
[    0.85841]
[    0.85965]
[    0.86087]
[    0.86207]
[     0.8547]
[    0.84746]
[    0.84874]
[       0.85]
[    0.85124]
[    0.85246]
[    0.84553]
[    0.83871]
[       0.84]
[    0.84127]
[    0.83465]
[    0.83594]
[    0.83721]
[    0.83077]
[    0.82443]
[    0.81818]
[    0.81955]
[     0.8209]
[    0.81481]
[    0.81618]
[    0.81752]
[    0.81159]
[    0.81295]
[    0.81429]
[     0.8156]
[    0.80986]
[     0.8042]
[    0.79861]
[     0.7931]
[    0.78767]
[    0.78912]
[    0.79054]
[    0.79195]
[    0.79333]
[    0.78808]
[    0.78289]
[    0.77778]
[    0.77273]
[    0.77419]
[    0.77564]
[     0.7707]
[    0.76582]
[    0.76101]
[    0.75625]
[    0.75155]
[    0.74691]
[    0.74847]
[     0.7439]
[    0.74545]
[    0.74699]
[    0.74251]
[     0.7381]
[    0.73373]
[    0.72941]
[    0.73099]
[    0.73256]
[    0.72832]
[    0.72414]
[       0.72]
[    0.71591]
[    0.71186]
[    0.70787]
[     0.7095]
[    0.70556]
[    0.70166]
[     0.6978]
[    0.69399]
[    0.69022]
[    0.68649]
[     0.6828]
[    0.68449]
[    0.68085]
[    0.67725]
[    0.67895]
[    0.67539]
[    0.67708]
[    0.67358]
[     0.6701]
[    0.67179]
[    0.67347]
[    0.67005]
[    0.66667]
[    0.66332]
[       0.66]
[    0.65672]
[    0.65842]
[    0.65517]
[    0.65196]
[    0.64878]
[    0.64563]
[    0.64251]
[    0.63942]
[    0.63636]
[    0.63333]
[    0.63033]
[    0.62736]
[    0.62441]
[     0.6215]
[     0.6186]
[    0.61574]
[    0.61751]
[    0.61468]
[    0.61187]
[    0.61364]
[    0.61086]
[    0.60811]
[    0.60987]
[    0.60714]
[    0.60444]
[    0.60177]
[    0.59912]
[    0.59649]
[    0.59389]
[    0.59565]
[    0.59307]
[    0.59052]
[    0.58798]
[    0.58547]
[    0.58298]
[    0.58051]
[    0.57806]
[    0.57563]
[    0.57322]
[    0.57083]
[    0.56846]
[    0.56612]
[    0.56379]
[    0.56148]
[    0.55918]
[    0.55691]
[    0.55466]
[    0.55242]
[     0.5502]
[      0.548]
[    0.54582]
[    0.54365]
[     0.5415]
[    0.53937]
[    0.53725]
[    0.53516]
[    0.53307]
[    0.53101]
[    0.52896]
[    0.52692]
[     0.5249]
[     0.5229]
[    0.52091]
[    0.51894]
[    0.51698]
[    0.51504]
[    0.51311]
[    0.51119]
[    0.50929]
[    0.51111]
[    0.50923]
[    0.50735]
[    0.50549]
[    0.50365]
[    0.50182]
[        0.5]
[    0.49819]
[     0.4964]
[    0.49462]
[    0.49286]
[     0.4911]
[    0.48936]
[    0.48763]
[    0.48592]
[    0.48421]
[    0.48252]
[    0.48084]
[    0.47917]
[    0.47751]
[    0.47586]
[    0.47423]
[     0.4726]
[    0.47099]
[    0.46939]
[    0.47119]
[    0.46959]
[    0.46801]
[    0.46644]
[    0.46488]
[    0.46333]
[    0.46512]
[    0.46358]
[    0.46205]
[    0.46053]
[    0.45902]
[    0.45752]
[    0.45603]
[    0.45455]
[    0.45307]
[    0.45161]
[    0.45016]
[    0.44872]
[    0.44728]
[    0.44586]
[    0.44444]
[    0.44304]
[    0.44164]
[    0.44025]
[    0.43887]
[     0.4375]
[    0.43925]
[    0.43789]
[    0.43653]
[    0.43519]
[    0.43385]
[    0.43252]
[    0.43119]
[    0.42988]
[    0.42857]
[    0.42727]
[    0.42598]
[     0.4247]
[    0.42342]
[    0.42216]
[     0.4209]
[    0.41964]
[     0.4184]
[    0.41716]
[    0.41593]
[    0.41471]
[    0.41349]
[    0.41228]
[    0.41108]
[    0.40988]
[     0.4087]
[    0.40751]
[    0.40634]
[    0.40517]
[    0.40401]
[    0.40286]
[    0.40171]
[    0.40057]
[    0.39943]
[    0.39831]
[    0.39718]
[    0.39607]
[    0.39496]
[    0.39385]
[    0.39276]
[    0.39167]
[    0.39058]
[    0.39227]
[    0.39118]
[    0.39011]
[    0.38904]
[    0.38798]
[    0.38692]
[    0.38587]
[    0.38482]
[    0.38378]
[    0.38275]
[    0.38172]
[     0.3807]
[    0.37968]
[    0.37867]
[    0.37766]
[    0.37666]
[    0.37566]
[    0.37467]
[    0.37368]
[     0.3727]
[    0.37173]
[    0.37076]
[    0.36979]
[    0.36883]
[    0.36788]
[    0.36951]
[    0.36856]
[    0.36761]
[    0.36667]
[    0.36573]
[     0.3648]
[    0.36387]
[    0.36294]
[    0.36203]
[    0.36111]
[     0.3602]
[     0.3593]
[     0.3584]
[     0.3575]
[    0.35661]
[    0.35572]
[    0.35484]
[    0.35396]
[    0.35309]
[    0.35222]
[    0.35135]
[    0.35049]
[    0.34963]
