[          1]
[          1]
[          1]
[          1]
[          1]
[          1]
[          1]
[          1]
[          1]
[          1]
[          1]
[          1]
[          1]
[          1]
[          1]
[          1]
[          1]
[          1]
[          1]
[          1]
[          1]
[          1]
[          1]
[          1]
[          1]
[          1]
[          1]
[          1]
[    0.96552]
[    0.96667]
[    0.96774]
[    0.96875]
[     0.9697]
[    0.97059]
[    0.97143]
[    0.97222]
[    0.97297]
[    0.97368]
[    0.94872]
[       0.95]
[    0.95122]
[    0.95238]
[    0.95349]
[    0.95455]
[    0.95556]
[    0.95652]
[    0.95745]
[     0.9375]
[    0.93878]
[       0.94]
[    0.94118]
[    0.94231]
[    0.92453]
[    0.92593]
[    0.92727]
[    0.92857]
[    0.92982]
[    0.93103]
[     0.9322]
[    0.93333]
[    0.93443]
[    0.93548]
[    0.93651]
[     0.9375]
[    0.93846]
[    0.92424]
[    0.92537]
[    0.91176]
[    0.91304]
[    0.91429]
[    0.91549]
[    0.91667]
[    0.91781]
[    0.91892]
[       0.92]
[    0.92105]
[    0.92208]
[    0.91026]
[    0.91139]
[     0.9125]
[    0.90123]
[    0.90244]
[    0.90361]
[    0.90476]
[    0.90588]
[    0.90698]
[    0.90805]
[    0.90909]
[    0.91011]
[    0.91111]
[    0.91209]
[    0.91304]
[    0.90323]
[    0.90426]
[    0.90526]
[    0.89583]
[    0.89691]
[    0.88776]
[    0.87879]
[       0.88]
[    0.87129]
[    0.87255]
[    0.87379]
[    0.86538]
[    0.86667]
[    0.86792]
[    0.85981]
[    0.86111]
[    0.86239]
[    0.85455]
[    0.84685]
[    0.84821]
[    0.84956]
[    0.85088]
[    0.85217]
[    0.85345]
[     0.8547]
[    0.85593]
[    0.84874]
[    0.84167]
[    0.84298]
[    0.83607]
[    0.82927]
[    0.82258]
[      0.816]
[    0.80952]
[    0.81102]
[     0.8125]
[    0.81395]
[    0.80769]
[    0.80153]
[    0.80303]
[    0.79699]
[    0.79851]
[    0.79259]
[    0.78676]
[    0.78832]
[    0.78986]
[    0.79137]
[    0.78571]
[    0.78014]
[    0.77465]
[    0.76923]
[    0.76389]
[    0.75862]
[    0.75342]
[     0.7551]
[       0.75]
[    0.74497]
[       0.74]
[     0.7351]
[    0.73026]
[    0.73203]
[    0.72727]
[    0.72903]
[    0.73077]
[    0.72611]
[    0.72152]
[    0.71698]
[     0.7125]
[    0.70807]
[     0.7037]
[    0.69939]
[    0.69512]
[    0.69697]
[     0.6988]
[    0.69461]
[    0.69048]
[    0.68639]
[    0.68235]
[    0.67836]
[    0.67442]
[    0.67052]
[    0.66667]
[    0.66286]
[    0.65909]
[    0.65537]
[    0.65169]
[    0.64804]
[    0.64444]
[    0.64088]
[    0.63736]
[    0.63388]
[    0.63043]
[    0.62703]
[    0.62366]
[    0.62032]
[    0.61702]
[    0.61376]
[    0.61053]
[    0.60733]
[    0.60417]
[    0.60104]
[    0.60309]
[        0.6]
[    0.60204]
[    0.59898]
[    0.60101]
[    0.59799]
[      0.595]
[    0.59204]
[    0.59406]
[    0.59113]
[    0.58824]
[    0.59024]
[    0.58738]
[    0.58454]
[    0.58173]
[    0.57895]
[    0.57619]
[    0.57346]
[    0.57075]
[    0.56808]
[    0.56542]
[    0.56279]
[    0.56019]
[     0.5576]
[    0.55505]
[    0.55251]
[       0.55]
[    0.54751]
[    0.54505]
[     0.5426]
[    0.54018]
[    0.53778]
[     0.5354]
[    0.53304]
[     0.5307]
[    0.52838]
[    0.52609]
[    0.52381]
[    0.52155]
[    0.52361]
[    0.52137]
[    0.51915]
[    0.51695]
[    0.51477]
[    0.51261]
[    0.51046]
[    0.50833]
[    0.50622]
[    0.50413]
[    0.50206]
[        0.5]
[    0.49796]
[    0.49593]
[    0.49393]
[    0.49194]
[    0.48996]
[      0.488]
[    0.48606]
[    0.48413]
[    0.48221]
[    0.48031]
[    0.48235]
[    0.48047]
[    0.48249]
[    0.48062]
[    0.47876]
[    0.47692]
[     0.4751]
[    0.47328]
[    0.47148]
[     0.4697]
[    0.46792]
[    0.46617]
[    0.46442]
[    0.46269]
[    0.46097]
[    0.45926]
[    0.45756]
[    0.45588]
[    0.45421]
[    0.45255]
[    0.45091]
[    0.44928]
[    0.44765]
[    0.44604]
[    0.44444]
[    0.44286]
[    0.44128]
[    0.43972]
[    0.43816]
[    0.43662]
[    0.43509]
[    0.43357]
[    0.43206]
[    0.43056]
[    0.42907]
[    0.42759]
[    0.42612]
[    0.42466]
[    0.42321]
[    0.42177]
[    0.42373]
[     0.4223]
[    0.42424]
[    0.42282]
[     0.4214]
[    0.42333]
[    0.42193]
[    0.42053]
[    0.41914]
[    0.41776]
[    0.41639]
[    0.41503]
[    0.41368]
[    0.41234]
[      0.411]
[    0.40968]
[    0.40836]
[    0.40705]
[    0.40575]
[    0.40446]
[    0.40317]
[     0.4019]
[    0.40063]
[    0.39937]
[    0.39812]
[        0.4]
[    0.39875]
[    0.39752]
[    0.39628]
[    0.39506]
[    0.39385]
[    0.39264]
[    0.39144]
[    0.39024]
[    0.38906]
[    0.38788]
[    0.38671]
[    0.38554]
[    0.38438]
[    0.38323]
[    0.38209]
[    0.38095]
[    0.37982]
[     0.3787]
[    0.37758]
[    0.37647]
[    0.37537]
[    0.37427]
[    0.37318]
[    0.37209]
[    0.37101]
[    0.36994]
[    0.36888]
[    0.37069]
[    0.36963]
[    0.36857]
[    0.36752]
[    0.36648]
[    0.36544]
[    0.36441]
[     0.3662]
[    0.36517]
[    0.36415]
[    0.36313]
[    0.36212]
[    0.36389]
[    0.36288]
[    0.36188]
[    0.36088]
[    0.35989]
[     0.3589]
[    0.35792]
[    0.35695]
[    0.35598]
[    0.35501]
[    0.35405]
[     0.3531]
[    0.35215]
[    0.35121]
[    0.35027]
[    0.34933]
[     0.3484]
[    0.34748]
[    0.34921]
[    0.34828]
[    0.34737]
[    0.34646]
[    0.34555]
[    0.34465]
[    0.34375]
[    0.34286]
[    0.34197]
[    0.34109]
[    0.34021]
[    0.33933]
[    0.33846]
[     0.3376]
[    0.33673]
[    0.33588]
[    0.33503]
[    0.33418]
[    0.33333]
[    0.33249]
[    0.33417]
[    0.33584]
[      0.335]
[    0.33416]
[    0.33333]
[    0.33251]
[    0.33168]
[    0.33086]
[    0.33005]
[    0.32924]
[    0.32843]
[    0.32763]
[    0.32683]
[    0.32603]
[    0.32524]
[    0.32446]
[    0.32367]
[    0.32289]
[    0.32212]
[    0.32134]
[    0.32057]
[    0.31981]
[    0.31905]
[    0.31829]
[    0.31754]
[    0.31678]
[    0.31604]
[    0.31529]
[    0.31455]
[    0.31382]
[    0.31308]
[    0.31235]
[    0.31163]
[     0.3109]
[    0.31019]
[    0.30947]
[    0.30876]
[    0.30805]
[    0.30734]
[    0.30664]
[    0.30594]
[    0.30524]
[    0.30455]
[    0.30385]
[    0.30317]
[    0.30248]
[     0.3018]
[    0.30112]
[    0.30045]
[    0.29978]
[    0.29911]
[    0.29844]
[    0.29778]
[    0.29712]
[    0.29646]
[    0.29581]
[    0.29515]
[    0.29451]
[    0.29386]
[    0.29322]
[    0.29258]
[    0.29194]
[     0.2913]
[    0.29067]
[    0.29004]
[    0.28942]
[    0.28879]
[    0.28817]
[    0.28755]
[    0.28694]
[    0.28632]
[    0.28571]
[    0.28511]
[     0.2845]
[     0.2839]
[     0.2833]
[     0.2827]
[    0.28421]
[    0.28361]
[    0.28302]
[    0.28243]
[    0.28184]
[    0.28125]
[    0.28067]
[    0.28008]
[     0.2795]
[    0.27893]
[    0.27835]
[    0.27778]
[    0.27721]
[    0.27664]
[    0.27607]
[    0.27551]
[    0.27495]
[    0.27439]
[    0.27586]
[     0.2753]
[    0.27475]
[    0.27419]
[    0.27364]
[    0.27309]
[    0.27255]
[      0.272]
[    0.27146]
[    0.27092]
[    0.27038]
[    0.26984]
[    0.26931]
[    0.26877]
[    0.26824]
[    0.26772]
[    0.26719]
[    0.26667]
[    0.26614]
[    0.26562]
[    0.26511]
[    0.26459]
[    0.26408]
[    0.26357]
[    0.26306]
[    0.26255]
[    0.26204]
[    0.26154]
[    0.26104]
[    0.26054]
[    0.26004]
[    0.25954]
[    0.25905]
[    0.25856]
[    0.25806]
[    0.25758]
[    0.25709]
[    0.25849]
[      0.258]
[    0.25752]
[    0.25704]
[    0.25655]
[    0.25607]
[     0.2556]
[    0.25512]
[    0.25465]
[    0.25417]
[     0.2537]
[    0.25323]
[    0.25277]
[     0.2523]
[    0.25184]
[    0.25138]
[    0.25092]
[    0.25046]
[       0.25]
[    0.24954]
[    0.24909]
[    0.24864]
[    0.24819]
[    0.24774]
[    0.24729]
[    0.24685]
[     0.2464]
[    0.24596]
[    0.24552]
[    0.24508]
[    0.24464]
[    0.24421]
[    0.24377]
[    0.24334]
[    0.24291]
[    0.24248]
[    0.24205]
[    0.24162]
[     0.2412]
[    0.24077]
[    0.24035]
[    0.23993]
[    0.23951]
[    0.23909]
[    0.23868]
[    0.23826]
[    0.23785]
[    0.23744]
[    0.23702]
[    0.23661]
[    0.23621]
[     0.2358]
[     0.2354]
[    0.23499]
[    0.23459]
[    0.23419]
[    0.23379]
[    0.23339]
[    0.23299]
[     0.2326]
[     0.2322]
[    0.23181]
[    0.23142]
[    0.23103]
[    0.23064]
[    0.23025]
[    0.22987]
[    0.22948]
[     0.2291]
[    0.22871]
[    0.22833]
[    0.22795]
[    0.22757]
[     0.2272]
[    0.22682]
[    0.22645]
[    0.22607]
[     0.2257]
[    0.22533]
[    0.22496]
[    0.22459]
[    0.22422]
[    0.22386]
[    0.22349]
[    0.22313]
[    0.22276]
[     0.2224]
[    0.22204]
[    0.22168]
[    0.22132]
[    0.22097]
[    0.22061]
[    0.22026]
[     0.2199]
[    0.21955]
[     0.2192]
[    0.21885]
[     0.2185]
[    0.21815]
[    0.21781]
[    0.21746]
[    0.21712]
[    0.21677]
[    0.21643]
[    0.21609]
[    0.21575]
[    0.21541]
[    0.21507]
[    0.21473]
[     0.2144]
[    0.21406]
[    0.21373]
[     0.2134]
[    0.21306]
[    0.21273]
[     0.2124]
[    0.21207]
[    0.21175]
[    0.21142]
[    0.21109]
[    0.21077]
[    0.21045]
[    0.21012]
[     0.2098]
[    0.20948]
[    0.20916]
[    0.20884]
[    0.20852]
[    0.20821]
[    0.20789]
[    0.20758]
[    0.20726]
[    0.20695]
[    0.20664]
[    0.20633]
[    0.20602]
[    0.20571]
[     0.2054]
[    0.20509]
[    0.20478]
[    0.20448]
[    0.20417]
[    0.20387]
[    0.20357]
[    0.20326]
[    0.20296]
[    0.20414]
[    0.20384]
[    0.20354]
[    0.20324]
[    0.20294]
[    0.20264]
[    0.20235]
[    0.20205]
[    0.20175]
[    0.20146]
[    0.20117]
[    0.20087]
[    0.20058]
[    0.20029]
[        0.2]
[    0.19971]
[    0.19942]
[    0.19913]
[    0.19885]
[    0.19856]
[    0.19828]
[    0.19799]
[    0.19771]
[    0.19742]
[    0.19714]
[    0.19686]
[    0.19658]
[     0.1963]
[    0.19602]
[    0.19574]
[    0.19547]
[    0.19519]
[    0.19492]
[    0.19464]
[    0.19437]
[    0.19409]
[    0.19382]
[    0.19355]
[    0.19328]
[    0.19301]
[    0.19274]
[    0.19247]
[     0.1922]
[    0.19193]
[    0.19167]
[     0.1914]
[    0.19114]
[    0.19087]
[    0.19061]
[    0.19034]
[    0.19008]
[    0.18982]
[    0.18956]
[     0.1893]
[    0.18904]
[    0.18878]
[    0.18852]
[    0.18827]
[    0.18801]
[    0.18776]
[     0.1875]
[    0.18725]
[    0.18699]
[    0.18674]
[    0.18649]
[    0.18623]
[    0.18598]
[    0.18573]
[    0.18548]
[    0.18523]
[    0.18499]
[    0.18474]
[    0.18449]
[    0.18425]
[      0.184]
[    0.18375]
[    0.18351]
[    0.18327]
[    0.18302]
[    0.18278]
[    0.18254]
[     0.1823]
[    0.18206]
[    0.18182]
[    0.18158]
[    0.18134]
[     0.1811]
[    0.18087]
[    0.18063]
[    0.18039]
[    0.18016]
[    0.17992]
[    0.17969]
[    0.17945]
[    0.17922]
[    0.17899]
[    0.17876]
[    0.17853]
[    0.17829]
[    0.17935]
[    0.17912]
[    0.17889]
[    0.17866]
[    0.17843]
[    0.17821]
[    0.17798]
[    0.17775]
[    0.17752]
[     0.1773]
[    0.17707]
[    0.17684]
[    0.17662]
[     0.1764]
[    0.17617]
[    0.17595]
[    0.17573]
[    0.17551]
[    0.17528]
[    0.17506]
[    0.17484]
[    0.17462]
[     0.1744]
[    0.17419]
[    0.17397]
[    0.17375]
[    0.17353]
[    0.17332]
[     0.1731]
[    0.17289]
[    0.17267]
[    0.17246]
[    0.17224]
[    0.17203]
[    0.17182]
[     0.1716]
[    0.17139]
[    0.17118]
[    0.17097]
