     0/299     7.81G      7.73      31.6         0      39.3        11       608         1   0.00526   0.00522    0.0105      7.47      2.19         0
     1/299     7.81G      5.98      2.15         0      8.13        18       608         0         0  0.000357         0      6.16      2.11         0
     2/299     7.81G      5.17      1.71         0      6.88         5       608         0         0         0         0      5.88      1.81         0
     3/299     7.81G      4.85      1.55         0       6.4        13       608         0         0    0.0162         0      5.18      1.51         0
     4/299     7.81G      4.57      1.27         0      5.84        13       608         0         0    0.0661         0      4.76      1.29         0
     5/299     7.81G      4.55      1.18         0      5.74         5       608         0         0    0.0481         0      4.76      1.12         0
     6/299     7.81G      4.49     0.959         0      5.44        11       608  0.000525    0.0263  0.000845   0.00103      9.58      48.3         0
     7/299     7.81G      4.92     0.885         0      5.81        10       608  0.000914    0.0211   0.00189   0.00175      7.64      20.8         0
     8/299     7.81G      4.27     0.945         0      5.21         6       608    0.0388    0.0105    0.0514    0.0166      4.78      1.09         0
     9/299     7.81G      4.08     0.872         0      4.95        14       608      0.56    0.0403    0.0902    0.0751      5.26     0.947         0
    10/299     7.81G      4.69     0.809         0       5.5        15       608         0         0     0.191         0      5.15     0.912         0
    11/299     7.81G      4.17     0.824         0      4.99        10       608         0         0     0.227         0       4.6     0.979         0
    12/299     7.81G       3.7     0.816         0      4.52        11       608     0.649    0.0579     0.279     0.106       4.5     0.758         0
    13/299     7.81G      4.72     0.688         0      5.41         9       608         0         0     0.053         0      4.91     0.991         0
    14/299     7.81G       3.6     0.908         0      4.51         4       608     0.501    0.0159     0.281    0.0307      4.34      0.86         0
    15/299     7.81G      3.93     0.735         0      4.66        13       608   0.00145    0.0158   0.00296   0.00265      7.11      3.81         0
    16/299     7.81G      4.49     0.696         0      5.18        12       608    0.0189   0.00526     0.105   0.00824      4.79     0.903         0
    17/299     7.81G      3.82     0.696         0      4.52         5       608    0.0427    0.0105     0.137    0.0169      4.57     0.792         0
    18/299     7.81G      3.86     0.703         0      4.56        13       608    0.0581  0.000612     0.143   0.00121      6.07      0.59         0
    19/299     7.81G      4.21      0.69         0       4.9        10       608     0.457    0.0105     0.296    0.0206      4.26     0.689         0
    20/299     7.81G      3.73     0.681         0      4.41         4       608         1   0.00908     0.255     0.018      4.48     0.708         0
    21/299     7.81G      3.64     0.723         0      4.37        13       608     0.665    0.0105     0.428    0.0206      4.59     0.687         0
    22/299     7.81G      3.54      0.64         0      4.18         8       608         1    0.0234     0.415    0.0457      4.26     0.757         0
    23/299     7.81G      3.14     0.683         0      3.83         6       608     0.694    0.0953     0.537     0.168      4.09      0.68         0
    24/299     7.81G       3.4     0.607         0         4        14       608     0.754     0.105      0.33     0.185      4.01     0.719         0
    25/299     7.81G      3.46     0.585         0      4.04        15       608     0.944    0.0888     0.452     0.162      4.37     0.701         0
    26/299     7.81G      3.45     0.572         0      4.02         7       608     0.919     0.116     0.486     0.206      4.02     0.634         0
    27/299     7.81G      3.08      0.59         0      3.67        11       608     0.668     0.137     0.297     0.228      4.29     0.624         0
    28/299     7.81G      3.25     0.575         0      3.82        11       608         1    0.0409     0.242    0.0786      4.34     0.764         0
    29/299     7.81G      3.02     0.489         0      3.51         4       608     0.821     0.189     0.467     0.308      3.91      0.61         0
    30/299     7.81G      2.95     0.456         0       3.4        13       608     0.739     0.368     0.542     0.492      4.08     0.527         0
    31/299     7.81G      3.14     0.493         0      3.64        16       608     0.897    0.0459     0.426    0.0873      4.17     0.704         0
    32/299     7.81G      3.13     0.482         0      3.61         6       608     0.933     0.294     0.681     0.448      3.73     0.555         0
    33/299     7.81G      3.27     0.479         0      3.75        18       608         1     0.181     0.663     0.307       3.8     0.641         0
    34/299     7.81G      2.74     0.549         0      3.29        14       608     0.794     0.406     0.606     0.537         4     0.561         0
    35/299     7.81G      3.09      0.45         0      3.54         6       608     0.907     0.357     0.605     0.513      3.82     0.592         0
    36/299     7.81G       2.7      0.47         0      3.17        12       608     0.821     0.362     0.581     0.502      3.94     0.596         0
    37/299     7.81G       2.8     0.454         0      3.25        12       608     0.866     0.508     0.679     0.641      3.58      0.55         0
    38/299     7.81G      2.86     0.471         0      3.33         4       608     0.888     0.489     0.737     0.631      3.52     0.531         0
    39/299     7.81G      2.82     0.447         0      3.26        13       608     0.961     0.393     0.734     0.558      3.62     0.562         0
    40/299     7.81G      2.74     0.454         0      3.19        13       608     0.843      0.31     0.573     0.454      4.27     0.545         0
    41/299     7.81G      2.85     0.433         0      3.28         3       608     0.882     0.196     0.624     0.321      3.74     0.585         0
    42/299     7.81G      2.57     0.429         0         3        12       608     0.832     0.443     0.626     0.578      3.69     0.529         0
    43/299     7.81G      2.88     0.412         0      3.29        14       608     0.926     0.459     0.729     0.613      3.48     0.526         0
    44/299     7.81G      2.42      0.45         0      2.87         5       608     0.837     0.595     0.741     0.695      3.52     0.492         0
    45/299     7.81G      2.72     0.419         0      3.14        11       608     0.848     0.382     0.655     0.526      3.72     0.549         0
    46/299     7.81G      2.47      0.42         0      2.89        10       608     0.848     0.381     0.657     0.525      3.56      0.55         0
    47/299     7.81G      2.55      0.37         0      2.92         6       608     0.807     0.483     0.685     0.604      3.34     0.532         0
    48/299     7.81G      2.61     0.394         0      3.01        11       608     0.869     0.349     0.586     0.499      3.65     0.574         0
    49/299     7.81G       2.5     0.393         0      2.89         9       608     0.843     0.565     0.732     0.677      3.41     0.506         0
    50/299     7.81G      2.59     0.399         0      2.99         5       608     0.836     0.621     0.724     0.713      3.35     0.511         0
    51/299     7.81G      2.32     0.375         0       2.7        14       608     0.741     0.721     0.734     0.731      3.39     0.511         0
    52/299     7.81G      2.48     0.386         0      2.87        11       608     0.795     0.634     0.734     0.706      3.34     0.543         0
    53/299     7.81G      2.39     0.385         0      2.77         3       608     0.794     0.647      0.75     0.713      3.34      0.49         0
    54/299     7.81G      2.37     0.416         0      2.78        11       608     0.857     0.611     0.763     0.713      3.24      0.51         0
    55/299     7.81G      2.35     0.409         0      2.76        11       608     0.798     0.726     0.774      0.76      3.34     0.473         0
    56/299     7.81G      2.54     0.352         0      2.89         3       608     0.791     0.577     0.654     0.667      3.49     0.499         0
    57/299     7.81G      2.39      0.38         0      2.77        11       608     0.767     0.626     0.674      0.69      3.48     0.516         0
    58/299     7.81G      2.58     0.406         0      2.99        13       608     0.905     0.558     0.728      0.69      3.52     0.526         0
    59/299     7.81G      2.44     0.389         0      2.83         3       608     0.869     0.631     0.738     0.731       3.3     0.503         0
    60/299     7.81G      2.34     0.393         0      2.74        14       608     0.878     0.579     0.717     0.698      3.54     0.532         0
    61/299     7.81G      2.42     0.383         0       2.8        12       608     0.835     0.458     0.674     0.592      3.48     0.515         0
    62/299     7.81G      2.17     0.414         0      2.59         4       608     0.883     0.633     0.774     0.737      3.28     0.477         0
    63/299     7.81G      2.19     0.367         0      2.56        10       608     0.874     0.642     0.763      0.74      3.43     0.462         0
    64/299     7.81G      2.24     0.359         0       2.6        12       608     0.779     0.632     0.719     0.698      3.43     0.479         0
    65/299     7.81G      2.03     0.426         0      2.46         7       608     0.776     0.658     0.696     0.712      3.49     0.481         0
    66/299     7.81G      2.18     0.341         0      2.52        10       608     0.788     0.726     0.759     0.756      3.42     0.459         0
    67/299     7.81G      2.11     0.347         0      2.46        10       608     0.837     0.677     0.727     0.749      3.36      0.48         0
    68/299     7.81G       2.2     0.349         0      2.55         3       608     0.824     0.688     0.746      0.75      3.47     0.479         0
    69/299     7.81G      2.12     0.309         0      2.43        10       608      0.82     0.716      0.73     0.765      3.39     0.476         0
    70/299     7.81G      2.14     0.337         0      2.47        10       608     0.842     0.699      0.76     0.764      3.38      0.46         0
    71/299     7.81G      2.26     0.375         0      2.63         7       608     0.892     0.694     0.799     0.781      3.21     0.474         0
    72/299     7.81G      2.06     0.331         0      2.39        12       608     0.904     0.693     0.808     0.785      3.37     0.474         0
    73/299     7.81G      1.99     0.362         0      2.35        13       608     0.899     0.706     0.807     0.791      3.23     0.471         0
    74/299     7.81G      2.04     0.346         0      2.39         7       608     0.853     0.784     0.836     0.817      3.21     0.456         0
    75/299     7.81G         2     0.313         0      2.31        11       608      0.82     0.726     0.792      0.77      3.27     0.464         0
    76/299     7.81G      2.17     0.345         0      2.51        11       608     0.837     0.711     0.783     0.769      3.24     0.482         0
    77/299     7.81G      2.09     0.355         0      2.45         7       608     0.805     0.653     0.717     0.721      3.38     0.486         0
    78/299     7.81G      2.02     0.326         0      2.35        10       608     0.829     0.753     0.773     0.789      3.25     0.459         0
    79/299     7.81G      1.91     0.316         0      2.23        12       608     0.888     0.668     0.766     0.763      3.33     0.483         0
    80/299     7.81G      1.99     0.318         0       2.3         5       608     0.887     0.621     0.746     0.731      3.36     0.491         0
    81/299     7.81G      1.87      0.34         0      2.21        10       608     0.908     0.695     0.808     0.787       3.3     0.479         0
    82/299     7.81G         2     0.315         0      2.32        12       608     0.872     0.658     0.737      0.75      3.28     0.501         0
    83/299     7.81G      1.98     0.301         0      2.28         3       608     0.897     0.642     0.807     0.748      3.18     0.489         0
    84/299     7.81G      1.94     0.323         0      2.26        10       608     0.898     0.463     0.732     0.611      3.23     0.536         0
    85/299     7.81G      1.95      0.32         0      2.27        12       608     0.861     0.556     0.737     0.676      3.17     0.509         0
    86/299     7.81G      1.95     0.338         0      2.29         5       608     0.876     0.705     0.788     0.781      3.31     0.477         0
    87/299     7.81G      1.95     0.311         0      2.26        12       608     0.833     0.768     0.802     0.799       3.1     0.472         0
    88/299     7.81G      1.76     0.321         0      2.09        11       608     0.886     0.763     0.841      0.82      3.15     0.471         0
    89/299     7.81G      1.84     0.286         0      2.13         3       608     0.895     0.759     0.838     0.821      3.16     0.474         0
    90/299     7.81G      1.81     0.328         0      2.13         8       608     0.871     0.658      0.78      0.75      3.35     0.512         0
    91/299     7.81G      1.78     0.275         0      2.05        10       608     0.765      0.84     0.798     0.801      3.18     0.489         0
    92/299     7.81G      1.94     0.292         0      2.23         3       608     0.798     0.851     0.808     0.824      3.11     0.471         0
    93/299     7.81G      1.67     0.291         0      1.96         7       608     0.827     0.804     0.796     0.815      3.17     0.473         0
    94/299     7.81G      1.71     0.319         0      2.03        12       608     0.827     0.768     0.805     0.796      3.16     0.461         0
    95/299     7.81G      1.88       0.3         0      2.18         4       608     0.853     0.702     0.802      0.77      3.18     0.465         0
    96/299     7.81G       1.8     0.301         0       2.1         8       608     0.828      0.76     0.798     0.793      3.29     0.473         0
    97/299     7.81G      1.86     0.307         0      2.17        14       608     0.834     0.795     0.798     0.814      3.21     0.466         0
    98/299     7.81G      1.77     0.283         0      2.06         4       608     0.851     0.826     0.823     0.839      3.23     0.458         0
    99/299     7.81G      1.79     0.299         0      2.09        10       608     0.769     0.853      0.85     0.809      3.07     0.472         0
   100/299     7.81G      1.75     0.305         0      2.06        12       608     0.745     0.862     0.859     0.799      3.06     0.485         0
   101/299     7.81G      1.71     0.291         0         2         4       608     0.811     0.858      0.87     0.834      3.05     0.454         0
   102/299     7.81G      1.79     0.295         0      2.08        11       608     0.904       0.8     0.884     0.849      3.12     0.455         0
   103/299     7.81G      1.79     0.315         0      2.11        16       608     0.838       0.8     0.835     0.819      3.04     0.456         0
   104/299     7.81G       1.7       0.3         0         2         4       608     0.808     0.789     0.814     0.798      3.18     0.488         0
   105/299     7.81G      1.58      0.29         0      1.87        14       608     0.819     0.787      0.81     0.803      3.23     0.484         0
   106/299     7.81G      1.79       0.3         0      2.09        11       608      0.83     0.794     0.833     0.811      3.11     0.472         0
   107/299     7.81G      1.74     0.278         0      2.02         4       608     0.896     0.684     0.792     0.776      3.35     0.509         0
   108/299     7.81G      1.81     0.275         0      2.08        10       608     0.887     0.742     0.823     0.808      3.23     0.493         0
   109/299     7.81G      1.64     0.322         0      1.96         8       608     0.864     0.774      0.82     0.817      3.08     0.476         0
   110/299     7.81G      1.59     0.261         0      1.85         6       608     0.887     0.783     0.825     0.832      3.08     0.475         0
   111/299     7.81G      1.69      0.28         0      1.97        12       608     0.901     0.814     0.845     0.855      2.99     0.481         0
   112/299     7.81G      1.56     0.297         0      1.86        13       608     0.869     0.774     0.824     0.818      3.16     0.466         0
   113/299     7.81G       1.7     0.275         0      1.98         7       608     0.852     0.788      0.82     0.819      3.03     0.452         0
   114/299     7.81G      1.54     0.279         0      1.82        12       608     0.873     0.768     0.787     0.818      3.15     0.453         0
   115/299     7.81G      1.68     0.269         0      1.95         9       608      0.83     0.784     0.803     0.807      3.11     0.457         0
   116/299     7.81G      1.67     0.293         0      1.97         4       608     0.883     0.795      0.84     0.836      3.05     0.456         0
   117/299     7.81G      1.49     0.271         0      1.77        10       608     0.831     0.726     0.801     0.775      3.16      0.47         0
   118/299     7.81G       1.6     0.257         0      1.86        10       608     0.848     0.779     0.822     0.812      3.08     0.457         0
   119/299     7.81G      1.49     0.276         0      1.77         6       608     0.806     0.805     0.804     0.806      3.03     0.465         0
   120/299     7.81G      1.55     0.252         0       1.8        10       608      0.84     0.803     0.825     0.821      3.02     0.469         0
   121/299     7.81G      1.51     0.301         0      1.81        16       608     0.818     0.811     0.802     0.814      3.11     0.472         0
   122/299     7.81G      1.71     0.246         0      1.96         6       608     0.821     0.799     0.809      0.81      3.03     0.481         0
   123/299     7.81G      1.49     0.282         0      1.77        11       608     0.865     0.789     0.837     0.826      3.14     0.483         0
   124/299     7.81G       1.7     0.253         0      1.95        13       608     0.848     0.821     0.844     0.834       3.1     0.486         0
   125/299     7.81G       1.7     0.265         0      1.97         3       608     0.832     0.842     0.845     0.837      3.09     0.477         0
   126/299     7.81G      1.51     0.296         0       1.8        13       608     0.851     0.853     0.871     0.852      3.03     0.472         0
   127/299     7.81G      1.43     0.247         0      1.68        11       608     0.855     0.821     0.854     0.837      3.07     0.473         0
   128/299     7.81G       1.5     0.241         0      1.74         3       608     0.873     0.796     0.862     0.833      3.11     0.473         0
   129/299     7.81G      1.58     0.262         0      1.84        11       608     0.886     0.732     0.844     0.801      3.17     0.482         0
   130/299     7.81G      1.48     0.285         0      1.76        14       608     0.833     0.814     0.846     0.824      3.07     0.464         0
   131/299     7.81G      1.51     0.262         0      1.77         3       608     0.869       0.8     0.841     0.833      3.11     0.467         0
   132/299     7.81G      1.53     0.241         0      1.77        12       608     0.889     0.762     0.836     0.821      3.19     0.477         0
   133/299     7.81G      1.44     0.234         0      1.67        10       608     0.858     0.768     0.823     0.811       3.1     0.475         0
   134/299     7.81G      1.31      0.25         0      1.56         5       608     0.839     0.768     0.798     0.802       3.1      0.47         0
   135/299     7.81G      1.33     0.245         0      1.58        12       608     0.827     0.768     0.802     0.797       3.1     0.477         0
   136/299     7.81G      1.44     0.252         0      1.69        14       608     0.847     0.814     0.821      0.83      3.09     0.476         0
   137/299     7.81G      1.33     0.249         0      1.58         4       608     0.823     0.807     0.822     0.815       3.1     0.473         0
   138/299     7.81G      1.53     0.259         0      1.79        13       608     0.834     0.842     0.827     0.838      3.05     0.468         0
   139/299     7.81G      1.41     0.231         0      1.64        17       608     0.843     0.842     0.843     0.842      3.08     0.461         0
   140/299     7.81G      1.49     0.256         0      1.75         4       608     0.816     0.865     0.879      0.84         3     0.459         0
   141/299     7.81G      1.52     0.232         0      1.75        10       608     0.814     0.853      0.86     0.833      3.12     0.465         0
   142/299     7.81G      1.39     0.274         0      1.66        12       608     0.871     0.847     0.861     0.859      3.03     0.468         0
   143/299     7.81G       1.4     0.256         0      1.65         7       608       0.9     0.806     0.858     0.851      3.08     0.478         0
   144/299     7.81G      1.32     0.251         0      1.57        14       608     0.871      0.85     0.868      0.86      3.06      0.47         0
   145/299     7.81G      1.35      0.24         0      1.59        14       608     0.862     0.768      0.83     0.812      3.14     0.497         0
   146/299     7.81G      1.21     0.217         0      1.43         4       608     0.841     0.842     0.853     0.842      3.01     0.476         0
   147/299     7.81G      1.35     0.219         0      1.57         7       608     0.861     0.879     0.871      0.87         3     0.468         0
   148/299     7.81G      1.42     0.235         0      1.65        14       608     0.814     0.858     0.838     0.835      3.02     0.475         0
   149/299     7.81G       1.3      0.24         0      1.54         2       608     0.839       0.8     0.816     0.819      3.08     0.482         0
   150/299     7.81G       1.4     0.237         0      1.63        13       608     0.915     0.821     0.889     0.866      3.03     0.483         0
   151/299     7.81G       1.4     0.246         0      1.64        11       608     0.923     0.789     0.873     0.851      3.13     0.497         0
   152/299     7.81G      1.24     0.237         0      1.48         5       608     0.815     0.847     0.858     0.831      3.04     0.465         0
   153/299     7.81G      1.43     0.231         0      1.66         7       608      0.85     0.832     0.868     0.841      2.96      0.46         0
   154/299     7.81G      1.43     0.214         0      1.65         8       608     0.872     0.823     0.858     0.847      2.99     0.488         0
   155/299     7.81G      1.34     0.228         0      1.56         3       608     0.884     0.802     0.856     0.841      2.99     0.483         0
   156/299     7.81G      1.26     0.222         0      1.48        13       608     0.859     0.831     0.871     0.844      2.94     0.462         0
   157/299     7.81G      1.22     0.262         0      1.49        12       608     0.812     0.868     0.878     0.839         3     0.455         0
   158/299     7.81G      1.29     0.239         0      1.53         5       608     0.815     0.858     0.855     0.836         3     0.466         0
   159/299     7.81G      1.23     0.204         0      1.44        11       608     0.816     0.792       0.8     0.803      3.07     0.465         0
   160/299     7.81G      1.33     0.229         0      1.55        12       608     0.845     0.775     0.799     0.809      3.11      0.47         0
   161/299     7.81G      1.18     0.234         0      1.42         7       608     0.871     0.837     0.861     0.854      3.03     0.455         0
   162/299     7.81G      1.26     0.222         0      1.48         8       608     0.875     0.812     0.861     0.842      3.13     0.459         0
   163/299     7.81G      1.22     0.197         0      1.42        14       608      0.88     0.773      0.84     0.823      3.27     0.479         0
   164/299     7.81G      1.24     0.216         0      1.45         5       608     0.873     0.799      0.85     0.835      3.12     0.467         0
   165/299     7.81G      1.25     0.216         0      1.47        13       608     0.859     0.834     0.858     0.847      3.06     0.458         0
   166/299     7.81G      1.24     0.208         0      1.45        14       608     0.833     0.813     0.824     0.823      2.97     0.457         0
   167/299     7.81G      1.14     0.212         0      1.35         5       608      0.83     0.794     0.813     0.812      3.02     0.461         0
   168/299     7.81G      1.18     0.205         0      1.38         9       608     0.838     0.817     0.847     0.827      2.98     0.461         0
   169/299     7.81G      1.23     0.197         0      1.43        10       608     0.842     0.815     0.848     0.828      3.01     0.469         0
   170/299     7.81G      1.24     0.229         0      1.47         6       608     0.839     0.795      0.84     0.817      3.07     0.487         0
   171/299     7.81G      1.16     0.225         0      1.39        13       608     0.858     0.793     0.822     0.824      3.09     0.509         0
   172/299     7.81G      1.17     0.214         0      1.38         8       608     0.845     0.833     0.835     0.839         3     0.489         0
   173/299     7.81G      1.11     0.199         0      1.31         5       608     0.833     0.853     0.857     0.843      3.02     0.484         0
   174/299     7.81G      1.23      0.21         0      1.44        14       608     0.849     0.858     0.863     0.853      2.98     0.487         0
   175/299     7.81G       1.1     0.217         0      1.32        14       608     0.847     0.858     0.856     0.852      2.97     0.486         0
   176/299     7.81G      1.16     0.226         0      1.39         5       608     0.849     0.853     0.866     0.851      2.93     0.487         0
   177/299     7.81G      1.15     0.213         0      1.36         8       608     0.867     0.847      0.88     0.857      2.96       0.5         0
   178/299     7.81G      1.05     0.195         0      1.25        14       608     0.861     0.846     0.872     0.853      2.96     0.488         0
   179/299     7.81G      1.15       0.2         0      1.35         3       608     0.845     0.821     0.852     0.833      2.96      0.49         0
   180/299     7.81G      1.06     0.206         0      1.27        14       608     0.868     0.793     0.833     0.829         3     0.499         0
   181/299     7.81G      1.19     0.193         0      1.39         9       608     0.873     0.798     0.822     0.834      2.99       0.5         0
   182/299     7.81G      1.02     0.209         0      1.23         8       608     0.876     0.853     0.862     0.864      2.94     0.481         0
   183/299     7.81G      1.06     0.187         0      1.24        12       608     0.831     0.858     0.836     0.844      2.95     0.468         0
   184/299     7.81G      1.12     0.186         0       1.3        10       608     0.865     0.841     0.845     0.853      2.92     0.478         0
   185/299     7.81G     0.989     0.194         0      1.18         7       608     0.863     0.842      0.85     0.852      2.93     0.481         0
   186/299     7.81G       1.1     0.189         0      1.29        10       608     0.875     0.846     0.861      0.86      2.94     0.489         0
   187/299     7.81G      1.07     0.203         0      1.27        10       608     0.878     0.847     0.848     0.862      2.92     0.488         0
   188/299     7.81G      1.14     0.196         0      1.34         5       608     0.874     0.853     0.847     0.863      2.93     0.483         0
   189/299     7.81G      1.09     0.199         0      1.29        13       608     0.883     0.847     0.856     0.865      2.96     0.492         0
   190/299     7.81G      1.03     0.185         0      1.21        13       608     0.878     0.831     0.844     0.853      2.99     0.493         0
   191/299     7.81G     0.956     0.199         0      1.15         3       608     0.854      0.83     0.834     0.842      2.96      0.49         0
   192/299     7.81G     0.933     0.182         0      1.12        14       608     0.826     0.824      0.82     0.825         3     0.485         0
   193/299     7.81G     0.958     0.195         0      1.15        12       608     0.838     0.837     0.834     0.837      2.92      0.48         0
   194/299     7.81G      1.04     0.176         0      1.22         3       608     0.834     0.832     0.816     0.833      2.93     0.484         0
   195/299     7.81G     0.992     0.185         0      1.18        10       608     0.854     0.821     0.823     0.837      2.97     0.499         0
   196/299     7.81G      1.01     0.181         0      1.19        16       608     0.848      0.82     0.843     0.834      2.94     0.516         0
   197/299     7.81G       1.1      0.18         0      1.28         5       608     0.857     0.821     0.846     0.839      2.98     0.523         0
   198/299     7.81G     0.998     0.173         0      1.17        11       608      0.86     0.837     0.857     0.848      2.97     0.509         0
   199/299     7.81G      1.08     0.174         0      1.25         9       608     0.841     0.837     0.852     0.839      3.06     0.515         0
   200/299     7.81G     0.991     0.202         0      1.19         3       608     0.814     0.874     0.864     0.843      3.02     0.493         0
   201/299     7.81G      0.99     0.191         0      1.18        15       608     0.823     0.863     0.858     0.843      3.02     0.484         0
   202/299     7.81G     0.983     0.202         0      1.19        13       608     0.828      0.86     0.844     0.844      3.02     0.479         0
   203/299     7.81G     0.951      0.18         0      1.13         7       608     0.828     0.853     0.842      0.84      3.04     0.473         0
   204/299     7.81G     0.992     0.161         0      1.15        10       608     0.835     0.847     0.846     0.841      3.03     0.469         0
   205/299     7.81G     0.897     0.164         0      1.06        10       608     0.862     0.837     0.852     0.849      3.02      0.48         0
   206/299     7.81G      1.01     0.174         0      1.19         3       608     0.866     0.817     0.851     0.841      3.05     0.489         0
   207/299     7.81G     0.952     0.169         0      1.12        12       608     0.881     0.811     0.844     0.844      3.03     0.499         0
   208/299     7.81G      0.97     0.178         0      1.15        10       608     0.886     0.822     0.847     0.853      3.02     0.503         0
   209/299     7.81G     0.947     0.179         0      1.13         7       608     0.826     0.832      0.83     0.829      3.02     0.492         0
   210/299     7.81G     0.995     0.197         0      1.19        12       608     0.815     0.847     0.844     0.831         3     0.489         0
   211/299     7.81G     0.895     0.186         0      1.08        13       608     0.804     0.858      0.84      0.83      2.97     0.487         0
   212/299     7.81G     0.929      0.18         0      1.11         6       608     0.829     0.853     0.835      0.84      2.97     0.493         0
   213/299     7.81G     0.847     0.174         0      1.02         9       608     0.839     0.847      0.85     0.843         3     0.498         0
   214/299     7.81G     0.871     0.155         0      1.03         9       608     0.855     0.795     0.834     0.824      3.01     0.507         0
   215/299     7.81G     0.822     0.151         0     0.974         5       608     0.869     0.784     0.849     0.825      3.01     0.514         0
   216/299     7.81G     0.891     0.161         0      1.05        13       608     0.846     0.811     0.852     0.828      2.97     0.501         0
   217/299     7.81G     0.931     0.176         0      1.11        10       608     0.862     0.847     0.876     0.854      2.97     0.497         0
   218/299     7.81G     0.895     0.172         0      1.07         7       608     0.833     0.863     0.863     0.848      2.97      0.49         0
   219/299     7.81G     0.799     0.157         0     0.956         9       608     0.824     0.862     0.855     0.843      3.01      0.49         0
   220/299     7.81G     0.923     0.166         0      1.09        10       608     0.823     0.853     0.851     0.838      2.99     0.493         0
   221/299     7.81G      0.86     0.146         0      1.01         6       608     0.834     0.823     0.828     0.828         3     0.502         0
   222/299     7.81G     0.868     0.154         0      1.02        12       608      0.86     0.807     0.836     0.833      3.03      0.51         0
   223/299     7.81G     0.853     0.166         0      1.02         8       608      0.85     0.834      0.85     0.842      3.03     0.503         0
   224/299     7.81G     0.886     0.169         0      1.05         6       608     0.835     0.853      0.85     0.844      3.01     0.504         0
   225/299     7.81G     0.828     0.138         0     0.966        11       608     0.847     0.842     0.838     0.845      2.98      0.51         0
   226/299     7.81G     0.785     0.163         0     0.948        12       608     0.864     0.835     0.846     0.849      2.98     0.514         0
   227/299     7.81G     0.806     0.156         0     0.962         5       608     0.857     0.822     0.832     0.839         3     0.517         0
   228/299     7.81G     0.814     0.155         0     0.969        12       608     0.859     0.842     0.857      0.85      2.98     0.506         0
   229/299     7.81G     0.805     0.157         0     0.961        11       608     0.856     0.858     0.865     0.857      2.97     0.498         0
   230/299     7.81G     0.849     0.156         0         1         7       608     0.846     0.863     0.847     0.854      2.98     0.499         0
   231/299     7.81G     0.787     0.163         0      0.95         9       608     0.846     0.853     0.847     0.849      3.01     0.503         0
   232/299     7.81G     0.822     0.169         0     0.991        11       608     0.844     0.842     0.839     0.843      3.03     0.508         0
   233/299     7.81G     0.806     0.153         0     0.959         3       608     0.856     0.853      0.85     0.854      2.99     0.507         0
   234/299     7.81G     0.773      0.16         0     0.934        13       608     0.873     0.847     0.843      0.86      3.02     0.509         0
   235/299     7.81G     0.829      0.15         0     0.979        12       608     0.884     0.845     0.855     0.864         3     0.516         0
   236/299     7.81G       0.8     0.147         0     0.947         4       608     0.884     0.842     0.875     0.862      2.97     0.516         0
   237/299     7.81G     0.733     0.148         0     0.881        13       608      0.89     0.832     0.875      0.86      2.97      0.52         0
   238/299     7.81G     0.737     0.146         0     0.883        10       608     0.891     0.837      0.88     0.863      2.98     0.518         0
   239/299     7.81G     0.756     0.148         0     0.904         4       608      0.89     0.826     0.864     0.857         3     0.515         0
   240/299     7.81G     0.711     0.141         0     0.851        11       608     0.868     0.827     0.852     0.847         3     0.517         0
   241/299     7.81G     0.793      0.14         0     0.933        11       608     0.867     0.825     0.839     0.845      3.01     0.521         0
   242/299     7.81G     0.739     0.154         0     0.894         4       608     0.872     0.822     0.845     0.846      3.02     0.528         0
   243/299     7.81G     0.753     0.147         0       0.9        12       608     0.879      0.84     0.861     0.859      3.02     0.531         0
   244/299     7.81G     0.766     0.149         0     0.916        12       608     0.879      0.84     0.852     0.859         3     0.528         0
   245/299     7.81G     0.707     0.152         0     0.859         3       608     0.874     0.842     0.846     0.858      2.99     0.524         0
   246/299     7.81G     0.749     0.146         0     0.895        11       608     0.864     0.847     0.843     0.856         3      0.52         0
   247/299     7.81G     0.743     0.143         0     0.886        13       608     0.856     0.853     0.847     0.854      2.97      0.52         0
   248/299     7.81G     0.763     0.137         0     0.899         4       608     0.861     0.853     0.849     0.857      2.99     0.523         0
   249/299     7.81G     0.755     0.148         0     0.904        11       608     0.862     0.858     0.851      0.86      2.99     0.523         0
   250/299     7.81G      0.74     0.134         0     0.874        10       608     0.867     0.847     0.853     0.857      2.98     0.524         0
   251/299     7.81G       0.7     0.135         0     0.834         5       608     0.871     0.842     0.852     0.856      2.98     0.525         0
   252/299     7.81G     0.738      0.15         0     0.888        10       608      0.87     0.849     0.852      0.86      2.96     0.524         0
   253/299     7.81G      0.71     0.144         0     0.855         8       608     0.881     0.858     0.856     0.869      2.97     0.524         0
   254/299     7.81G     0.762     0.149         0     0.912         6       608     0.882     0.868     0.875     0.875      2.96     0.523         0
   255/299     7.81G     0.686     0.139         0     0.825        10       608     0.878     0.868     0.868     0.873      2.96     0.521         0
   256/299     7.81G     0.751     0.144         0     0.895        13       608     0.872     0.863     0.868     0.868      2.99      0.52         0
   257/299     7.81G     0.735     0.141         0     0.876         3       608      0.86     0.842     0.855     0.851      3.01     0.521         0
   258/299     7.81G     0.692     0.147         0     0.839        12       608     0.867     0.859     0.863     0.863      3.01     0.525         0
   259/299     7.81G     0.777     0.141         0     0.918        14       608     0.862     0.856     0.855     0.859      3.01     0.527         0
   260/299     7.81G     0.724     0.151         0     0.875         6       608     0.873      0.87     0.867     0.872      2.99     0.527         0
   261/299     7.81G     0.687     0.132         0      0.82        11       608     0.876     0.879     0.872     0.877      2.99     0.528         0
   262/299     7.81G     0.703     0.142         0     0.845        10       608     0.878     0.884     0.879     0.881      2.98     0.524         0
   263/299     7.81G     0.666     0.139         0     0.804         3       608      0.88     0.884     0.884     0.882      2.97     0.519         0
   264/299     7.81G     0.675      0.14         0     0.815        12       608      0.87     0.878     0.876     0.874      2.96     0.513         0
   265/299     7.81G     0.677     0.131         0     0.808         8       608     0.873     0.879     0.875     0.876      2.96     0.514         0
   266/299     7.81G     0.706     0.138         0     0.843         5       608     0.875     0.881     0.873     0.878      2.96     0.516         0
   267/299     7.81G     0.687     0.148         0     0.835        12       608     0.875     0.881     0.879     0.878      2.97     0.518         0
   268/299     7.81G     0.721     0.135         0     0.856        11       608     0.875     0.883     0.874     0.879      2.98     0.518         0
   269/299     7.81G     0.673     0.141         0     0.814         5       608      0.87     0.874     0.867     0.872      2.99     0.518         0
   270/299     7.81G      0.71     0.139         0      0.85        12       608     0.871     0.868     0.875      0.87      2.98     0.518         0
   271/299     7.81G     0.678     0.136         0     0.814        12       608     0.877     0.865      0.87     0.871      2.99     0.522         0
   272/299     7.81G     0.696     0.131         0     0.826         6       608     0.877     0.862     0.869     0.869      2.99     0.526         0
   273/299     7.81G     0.666     0.115         0      0.78        10       608     0.876     0.857     0.868     0.867      2.98     0.526         0
   274/299     7.81G     0.597     0.126         0     0.723        12       608     0.886     0.863      0.88     0.874      2.98     0.522         0
   275/299     7.81G     0.772     0.125         0     0.897         6       608     0.885     0.879     0.876     0.882      2.97     0.524         0
   276/299     7.81G     0.689     0.132         0     0.821        14       608      0.88     0.884     0.881     0.882      2.97     0.523         0
   277/299     7.81G     0.715     0.137         0     0.852        11       608     0.876     0.889      0.88     0.882      2.96      0.52         0
   278/299     7.81G     0.685     0.143         0     0.829         4       608     0.881     0.899     0.885      0.89      2.96      0.52         0
   279/299     7.81G     0.662     0.113         0     0.775         9       608     0.865     0.895     0.879     0.879      2.96     0.519         0
   280/299     7.81G      0.65     0.123         0     0.773        13       608      0.86     0.889     0.872     0.875      2.96     0.519         0
   281/299     7.81G     0.659     0.125         0     0.784         4       608     0.859     0.884     0.864     0.872      2.95     0.516         0
   282/299     7.81G     0.691      0.13         0      0.82        10       608     0.866     0.882     0.873     0.874      2.95     0.518         0
   283/299     7.81G      0.68     0.143         0     0.823        11       608     0.853     0.868     0.871      0.86      2.95     0.521         0
   284/299     7.81G     0.691     0.142         0     0.833         5       608     0.862     0.868     0.878     0.865      2.95     0.522         0
   285/299     7.81G     0.673      0.13         0     0.803         9       608     0.872     0.862     0.876     0.867      2.94     0.526         0
   286/299     7.81G     0.742     0.124         0     0.866         6       608     0.872     0.858     0.875     0.865      2.94     0.528         0
   287/299     7.81G      0.71     0.152         0     0.862         6       608     0.863     0.863     0.875     0.863      2.93     0.525         0
   288/299     7.81G     0.611     0.132         0     0.743        12       608      0.86     0.879      0.88     0.869      2.92     0.523         0
   289/299     7.81G      0.72     0.147         0     0.867        19       608     0.864     0.879     0.881     0.872      2.92     0.524         0
   290/299     7.81G     0.686     0.141         0     0.827         6       608     0.863     0.879     0.876     0.871      2.92     0.523         0
   291/299     7.81G     0.654     0.123         0     0.777        10       608     0.864     0.874     0.875     0.869      2.92     0.522         0
   292/299     7.81G     0.642     0.127         0     0.769        12       608      0.86     0.875     0.875     0.867      2.93     0.521         0
   293/299     7.81G     0.663     0.123         0     0.787         5       608      0.86     0.874     0.873     0.867      2.93      0.52         0
   294/299     7.81G     0.628     0.126         0     0.754        14       608     0.862     0.874     0.876     0.868      2.93      0.52         0
   295/299     7.81G     0.646     0.146         0     0.792        11       608     0.862     0.879     0.885      0.87      2.94     0.522         0
   296/299     7.81G      0.67     0.135         0     0.806         6       608     0.854     0.868     0.881     0.861      2.96     0.527         0
   297/299     7.81G     0.642     0.121         0     0.763        15       608     0.852     0.868      0.88      0.86      2.97     0.529         0
   298/299     7.81G     0.618     0.123         0     0.742        13       608     0.856     0.874     0.877     0.865      2.95     0.529         0
   299/299     7.81G      0.66     0.133         0     0.792         4       608     0.856     0.874     0.876     0.865      2.95     0.531         0
