[    0.65562           0           0           0]
[    0.61929     0.78591      0.5067     0.04688           0    0.010979           0           0           0    0.059761]
[    0.56813     0.69464           0           0           0           0]
[    0.58564           0           0           0           0     0.56462]
[    0.87833           0           0     0.91699]
[   0.089242           0           0           0           0           0           0     0.21761           0]
[    0.78104     0.74432     0.65255      0.5837     0.59073     0.61995      0.6123           0   0.0012473]
[    0.78693     0.90287   0.0069363           0]
[    0.69355           0]
[    0.61027           0           0     0.54403           0]
[    0.71979     0.45811           0           0           0     0.62096           0           0           0           0]
[    0.84461           0           0           0           0]
[    0.70069     0.41195           0           0           0     0.25277           0           0     0.74554     0.36494]
[    0.51446           0           0           0           0     0.57429           0           0]
[          0           0           0           0           0           0           0           0           0     0.74583]
[    0.74482           0    0.020799]
[    0.70887     0.66345           0    0.059624     0.68267      0.6927           0]
[          0           0           0]
[    0.81086           0     0.13988           0           0]
[    0.53321     0.36228     0.44721           0           0           0           0           0     0.44106     0.43397]
[    0.61964     0.59234     0.75589     0.64471      0.5917           0           0           0           0           0           0]
[    0.81829           0           0           0           0]
[    0.63137     0.51194     0.14396    0.068663           0     0.39618           0           0     0.63219]
[    0.63657     0.53619           0    0.059803     0.29733           0           0           0           0]
[     0.7786     0.35182           0     0.44301           0           0           0           0           0           0           0]
[    0.75481      0.8351           0           0           0           0           0]
[    0.47915           0           0]
[          0           0           0           0     0.20123           0           0           0           0]
[    0.91224           0           0           0           0]
[    0.82327           0           0           0           0           0           0           0           0]
[    0.13192     0.80063           0           0           0           0           0     0.74606           0           0           0           0           0]
[    0.83317           0     0.76655           0     0.55281           0           0]
[    0.80835      0.7409           0           0      0.3037           0           0           0           0           0]
[    0.53744           0     0.42198           0           0           0           0]
[      0.731     0.73296           0           0     0.70733     0.30661]
[    0.70912           0           0           0]
[    0.75651       0.357           0           0           0           0           0           0           0           0]
[    0.76162     0.75063           0           0           0           0           0           0           0           0           0           0           0           0           0]
[    0.82329     0.72454     0.80674     0.58264     0.50206           0           0           0     0.81511           0     0.59181           0           0           0]
[    0.34999     0.70453     0.25419           0           0           0           0     0.14289           0           0           0]
[     0.6106           0           0           0           0]
[    0.62432           0           0]
[          0     0.54041           0           0           0           0           0]
[     0.7147           0           0           0           0]
[    0.57399           0]
[    0.86592      0.4383     0.57148    0.051298     0.11164           0           0           0]
[     0.6318     0.69845           0           0           0           0           0]
[    0.55613           0]
[   0.062467     0.42753           0           0           0]
[     0.7477     0.78198     0.68065     0.33843     0.44287     0.77473     0.03486    0.053423           0]
[    0.65224     0.67353   0.0058341     0.41177           0     0.56633           0]
[    0.58174           0           0           0           0           0           0]
[          0           0     0.72873           0           0    0.022509           0           0           0]
[    0.53295     0.79642           0           0           0           0]
[    0.85435     0.90658     0.76478    0.036886           0           0]
[    0.56132     0.44909           0           0           0     0.22394           0           0           0]
[    0.42479           0           0           0]
[    0.74837]
[    0.63692     0.68159     0.61247     0.76104     0.45057           0           0           0           0]
[    0.71068           0]
[    0.60332     0.66373           0           0       0.315           0           0           0]
[    0.65292     0.52414     0.44155           0           0     0.43366           0     0.75218]
[    0.62083           0           0           0           0           0           0           0]
[    0.51596     0.66489     0.20745     0.25174           0     0.70976           0           0     0.66677       0.248           0]
[    0.67026           0           0           0]
[    0.55088     0.51643     0.22145           0     0.69042           0]
[    0.60525     0.90484           0     0.28379           0           0           0           0           0]
[    0.83137           0           0           0           0           0]
[    0.54647           0           0           0           0]
[    0.59514           0]
[    0.78359]
[    0.54264     0.65284     0.79758     0.35314     0.43557     0.70944     0.59191     0.57447     0.71575     0.58107     0.45063]
[    0.88178           0           0           0           0           0           0           0]
[    0.82861     0.61013    0.050113           0           0           0           0           0           0]
[    0.62388           0           0           0           0           0           0           0]
[    0.62601           0           0           0]
[    0.79296           0           0           0    0.022131]
[    0.54511     0.92383     0.40588     0.14514    0.070894           0           0           0           0           0]
[    0.73058     0.66921     0.69983           0     0.16226    0.072208      0.1356     0.53654     0.32649           0]
[    0.79432     0.69354     0.74286           0]
[    0.37782           0           0           0           0           0           0     0.43318           0           0           0           0]
[    0.51824           0           0           0           0]
[    0.64324     0.66313       0.586   0.0042277     0.49431           0           0           0           0     0.31152       0.099           0    0.031807]
[    0.84914     0.73316           0           0     0.15463           0           0           0           0           0]
[    0.54176     0.49925     0.34242     0.51489           0           0     0.37385     0.65458]
[    0.87246     0.81672           0           0           0]
[    0.73283     0.86988           0     0.81483           0           0           0]
[    0.59036     0.66537]
[    0.63111     0.72728     0.49869           0     0.76241     0.64452           0     0.48338]
[    0.74061           0           0           0           0           0           0           0           0           0           0           0           0]
[    0.83983     0.91187     0.82848    0.014633           0           0           0           0           0           0]
[    0.71785     0.73604     0.62581       0.665     0.78649   0.0011959           0    0.017009     0.50972]
[    0.45931     0.40222     0.39343     0.31527     0.50434           0           0           0           0           0]
[    0.82903     0.45679           0     0.44233           0           0           0     0.27885]
[    0.62823           0           0           0]
[    0.66319      0.7021     0.67992           0           0           0           0]
[    0.73352     0.51959     0.50763           0     0.11838           0           0           0           0           0]
[    0.67454     0.58849     0.67815           0           0           0]
[    0.76049     0.73018     0.66534      0.8367           0           0           0     0.26449]
[    0.21806    0.021132           0     0.27264           0     0.25015     0.43419]
