     0/299      7.8G      7.91      31.6         0      39.5        18       608         0         0   0.00306         0      7.35      1.71         0
     1/299     7.81G      6.26      1.95         0      8.21        18       608         0         0  0.000714         0      6.29      1.74         0
     2/299     7.81G      5.79      1.98         0      7.77        22       608         0         0         0         0      6.06      1.53         0
     3/299     7.81G      5.13      1.71         0      6.84        22       608         0         0    0.0286         0      6.01      1.33         0
     4/299     7.81G      4.75      1.52         0      6.27        20       608         0         0     0.163         0      5.65      1.09         0
     5/299     7.81G      4.76      1.16         0      5.92        16       608     0.122     0.265    0.0936     0.167      5.54      1.14         0
     6/299     7.81G      4.81       1.1         0      5.91        20       608     0.206    0.0354     0.124    0.0604       5.1       1.1         0
     7/299     7.81G      4.83      1.11         0      5.94        19       608         0         0   0.00488         0      5.41        10         0
     8/299     7.81G      4.42      1.01         0      5.43        20       608         0         0    0.0288         0      5.39       1.3         0
     9/299     7.81G      4.28         1         0      5.28        18       608         1   0.00885     0.144    0.0175      4.96     0.915         0
    10/299     7.81G      4.47     0.917         0      5.39        14       608     0.109    0.0708      0.06     0.086      5.63      0.93         0
    11/299     7.81G      4.34     0.959         0       5.3        18       608         0         0    0.0312         0      5.18      1.02         0
    12/299     7.81G       4.3     0.898         0       5.2        12       608         0         0    0.0701         0      5.37      0.86         0
    13/299     7.81G      4.15     0.852         0         5        19       608     0.882   0.00885    0.0512    0.0175      4.78      0.87         0
    14/299     7.81G      4.12     0.937         0      5.05        11       608         0         0     0.058         0      4.44     0.888         0
    15/299     7.81G      4.04     0.831         0      4.87        13       608         0         0    0.0637         0      5.03     0.791         0
    16/299     7.81G      4.28     0.788         0      5.07        16       608         0         0     0.107         0      4.62     0.785         0
    17/299     7.81G      3.98     0.801         0      4.78        15       608     0.738    0.0253     0.206    0.0489      4.77     0.769         0
    18/299     7.81G      4.25     0.811         0      5.06        14       608         0         0     0.124         0       4.6     0.739         0
    19/299     7.81G      3.78      0.86         0      4.64        15       608         0         0      0.18         0      4.46     0.713         0
    20/299     7.81G      3.68     0.684         0      4.36        14       608     0.501    0.0267     0.166    0.0507      4.66     0.683         0
    21/299     7.81G      3.45     0.743         0      4.19        14       608     0.111   0.00197      0.28   0.00388      4.42     0.689         0
    22/299     7.81G      3.56     0.719         0      4.28        15       608     0.594    0.0139     0.272    0.0271      4.52      0.67         0
    23/299     7.81G      3.52     0.713         0      4.23        18       608     0.249     0.248     0.164     0.248      4.33     0.788         0
    24/299     7.81G      3.68     0.679         0      4.36        16       608     0.237    0.0962     0.115     0.137      4.65      0.65         0
    25/299     7.81G      3.59     0.633         0      4.23        10       608     0.575     0.133     0.291     0.216       4.2     0.683         0
    26/299     7.81G      3.29     0.702         0         4        18       608     0.533     0.192     0.287     0.282      4.21     0.684         0
    27/299     7.81G      3.38     0.635         0      4.02        16       608     0.629     0.135     0.268     0.223      4.68      0.64         0
    28/299     7.81G      3.31     0.657         0      3.96        21       608     0.716     0.133     0.298     0.224      4.61     0.641         0
    29/299     7.81G      3.13      0.69         0      3.82        16       608     0.672     0.301      0.42     0.416      4.66     0.583         0
    30/299     7.81G      3.16      0.67         0      3.84        17       608     0.764     0.287     0.466     0.417      3.91     0.652         0
    31/299     7.81G      3.11     0.686         0       3.8        20       608     0.698     0.257     0.448     0.375       4.5     0.534         0
    32/299     7.81G      3.11     0.587         0      3.69        17       608     0.805     0.256     0.437     0.388      4.08     0.648         0
    33/299     7.81G      3.14     0.618         0      3.75        16       608     0.777     0.432     0.527     0.555      4.03     0.613         0
    34/299     7.81G      3.17     0.548         0      3.72        16       608     0.796     0.207     0.477     0.329      4.24     0.601         0
    35/299     7.81G      2.84     0.622         0      3.46        11       608     0.674      0.42     0.458     0.518      4.34     0.578         0
    36/299     7.81G         3     0.553         0      3.55        16       608     0.757     0.249     0.443     0.374      4.33      0.59         0
    37/299     7.81G      2.96     0.575         0      3.54        17       608     0.855     0.314     0.555     0.459      3.85     0.606         0
    38/299     7.81G      2.91     0.609         0      3.52        11       608     0.723     0.274     0.432     0.398      4.26     0.581         0
    39/299     7.81G      2.81     0.613         0      3.42        18       608     0.814     0.274     0.494      0.41      4.08     0.598         0
    40/299     7.81G      2.87     0.611         0      3.48        28       608     0.773     0.319     0.475     0.451      4.25     0.574         0
    41/299     7.81G      2.72     0.519         0      3.24        17       608     0.811     0.456     0.579     0.584      3.86     0.575         0
    42/299     7.81G      2.82     0.504         0      3.32        18       608      0.67     0.283     0.487     0.398      3.72     0.603         0
    43/299     7.81G      2.64     0.612         0      3.25        22       608     0.404      0.23     0.326     0.293      3.89     0.671         0
    44/299     7.81G      2.55     0.562         0      3.11        14       608     0.469     0.319     0.311      0.38      4.01      0.59         0
    45/299     7.81G      2.64     0.501         0      3.14        16       608     0.695     0.303     0.453     0.422       3.8     0.575         0
    46/299     7.81G      2.93     0.496         0      3.42        12       608     0.575     0.372     0.376     0.451      4.18     0.539         0
    47/299     7.81G      2.65     0.553         0       3.2        13       608     0.746     0.364     0.525     0.489      3.87     0.578         0
    48/299     7.81G      2.55     0.553         0       3.1        17       608     0.862     0.332     0.606     0.479      3.79     0.564         0
    49/299     7.81G      2.56     0.508         0      3.07        20       608     0.836     0.452     0.615     0.586      3.81     0.539         0
    50/299     7.81G      2.43      0.48         0      2.91        11       608     0.697     0.345     0.481     0.462      4.04     0.525         0
    51/299     7.81G      2.58       0.5         0      3.08         5       608     0.627     0.398     0.473     0.487      4.05     0.521         0
    52/299     7.81G       2.6     0.458         0      3.06        11       608     0.778     0.451     0.597     0.571      3.85     0.509         0
    53/299     7.81G      2.37     0.476         0      2.85        16       608     0.749     0.553     0.633     0.636      3.76     0.505         0
    54/299     7.81G      2.56     0.475         0      3.04        18       608     0.799     0.386     0.564      0.52      3.69     0.533         0
    55/299     7.81G      2.48     0.454         0      2.93        14       608     0.749     0.422     0.533      0.54       3.9     0.522         0
    56/299     7.81G      2.46     0.472         0      2.94        17       608     0.723     0.509     0.575     0.597      3.79      0.54         0
    57/299     7.81G       2.3     0.436         0      2.73        14       608     0.805     0.425     0.593     0.556       3.6     0.547         0
    58/299     7.81G      2.33     0.476         0      2.81        17       608     0.762     0.381     0.529     0.507      3.79      0.51         0
    59/299     7.81G       2.3     0.432         0      2.73        16       608      0.79     0.465     0.618     0.585      3.92      0.45         0
    60/299     7.81G      2.39     0.417         0      2.81        19       608     0.741     0.345      0.58     0.471      3.76     0.477         0
    61/299     7.81G       2.4     0.402         0      2.81        20       608     0.738     0.423     0.577     0.538       3.8     0.498         0
    62/299     7.81G      2.24     0.465         0      2.71        22       608     0.757     0.497     0.644       0.6      3.76     0.501         0
    63/299     7.81G      2.32     0.413         0      2.74        21       608     0.743     0.398     0.577     0.518      3.91     0.501         0
    64/299     7.81G      2.15     0.386         0      2.54         5       608     0.665     0.543     0.542     0.598      3.78     0.489         0
    65/299     7.81G      2.12     0.418         0      2.54        13       608     0.635     0.416     0.555     0.503      3.86     0.466         0
    66/299     7.81G      2.37     0.368         0      2.73        17       608     0.783     0.511     0.669     0.618      3.67     0.489         0
    67/299     7.81G      2.19     0.429         0      2.62        12       608     0.767     0.378      0.61     0.506      3.87     0.473         0
    68/299     7.81G      2.22     0.371         0      2.59        13       608     0.833     0.396     0.649     0.537      3.58     0.491         0
    69/299     7.81G      2.01     0.433         0      2.44        13       608      0.83     0.442     0.602     0.577      3.86     0.468         0
    70/299     7.81G         2     0.388         0      2.39        23       608     0.796     0.553     0.706     0.653      3.81     0.424         0
    71/299     7.81G      2.06     0.356         0      2.42        17       608     0.818     0.439     0.655     0.571      3.89     0.428         0
    72/299     7.81G      2.16     0.368         0      2.53        18       608     0.818     0.438     0.625     0.571      3.85     0.441         0
    73/299     7.81G      2.24     0.366         0       2.6        15       608     0.754      0.38     0.574     0.506      3.79     0.454         0
    74/299     7.81G      2.12     0.378         0       2.5        16       608     0.719     0.398     0.601     0.513      3.64     0.453         0
    75/299     7.81G      1.95     0.363         0      2.31        18       608       0.8     0.459     0.678     0.583       3.4     0.439         0
    76/299     7.81G      2.15     0.362         0      2.51        15       608     0.776     0.504     0.661     0.611      3.62     0.424         0
    77/299     7.81G      2.12     0.332         0      2.46         7       608     0.698     0.522     0.618     0.597       3.5     0.445         0
    78/299     7.81G      1.98     0.333         0      2.32        19       608     0.772     0.449     0.657     0.568      3.54     0.458         0
    79/299     7.81G      1.87      0.37         0      2.24        13       608     0.694     0.441     0.561     0.539      3.72     0.447         0
    80/299     7.81G      2.16     0.342         0       2.5        14       608     0.759     0.419     0.598      0.54      3.69     0.448         0
    81/299     7.81G      1.93     0.366         0       2.3        22       608     0.777     0.431     0.621     0.554       3.7     0.465         0
    82/299     7.81G      2.12     0.361         0      2.48        15       608      0.75     0.416      0.58     0.535      3.66     0.498         0
    83/299     7.81G      1.75      0.37         0      2.12        15       608     0.814     0.513     0.702      0.63      3.29     0.466         0
    84/299     7.81G      2.18     0.334         0      2.51        18       608     0.807     0.518     0.657     0.631       3.7      0.42         0
    85/299     7.81G      1.95      0.36         0      2.31        16       608     0.833     0.484     0.707     0.612      3.28     0.477         0
    86/299     7.81G      1.87     0.332         0       2.2        22       608      0.79     0.466     0.649     0.586      3.54      0.47         0
    87/299     7.81G       1.8     0.325         0      2.12        19       608      0.75      0.53     0.683     0.621      3.45     0.485         0
    88/299     7.81G      1.83     0.357         0      2.19        18       608     0.823     0.575     0.697     0.677      3.52     0.467         0
    89/299     7.81G      1.82     0.319         0      2.14        25       608     0.748     0.566     0.628     0.645      3.67     0.437         0
    90/299     7.81G      1.83     0.292         0      2.13         4       608      0.75     0.556     0.686     0.639      3.56     0.433         0
    91/299     7.81G      1.91     0.339         0      2.25        16       608     0.787     0.487     0.633     0.602      3.43     0.464         0
    92/299     7.81G      1.66     0.325         0      1.99        21       608     0.749     0.476       0.6     0.582      3.66     0.465         0
    93/299     7.81G      1.73     0.324         0      2.06        14       608     0.731     0.442     0.571     0.551      3.68     0.473         0
    94/299     7.81G      1.88     0.293         0      2.18        19       608     0.734     0.469     0.588     0.572       3.6     0.475         0
    95/299     7.81G       1.9     0.313         0      2.21        17       608     0.788     0.434     0.593     0.559      3.65     0.485         0
    96/299     7.81G      1.69     0.299         0      1.99        14       608     0.786      0.52     0.662     0.626      3.39     0.471         0
    97/299     7.81G      1.72     0.283         0         2        18       608     0.761     0.549     0.636     0.638      3.52     0.469         0
    98/299     7.81G      1.68      0.32         0         2        17       608     0.693      0.56     0.662      0.62      3.56     0.454         0
    99/299     7.81G      1.82     0.309         0      2.13        16       608     0.754     0.515     0.672     0.612      3.41      0.49         0
   100/299     7.81G      1.66     0.311         0      1.97        16       608     0.814     0.465     0.688     0.592      3.44       0.5         0
   101/299     7.81G      1.72     0.338         0      2.06        17       608     0.851     0.555     0.729     0.671      3.27     0.468         0
   102/299     7.81G      1.73      0.27         0         2        14       608     0.794      0.54     0.703     0.643       3.5     0.448         0
   103/299     7.81G      1.65     0.296         0      1.94         7       608     0.823     0.535     0.705     0.648      3.37     0.456         0
   104/299     7.81G      1.67     0.275         0      1.94        10       608     0.791     0.531     0.703     0.635      3.48      0.47         0
   105/299     7.81G      1.74      0.29         0      2.03        20       608     0.866     0.513     0.709     0.644      3.34      0.48         0
   106/299     7.81G      1.65     0.277         0      1.93        19       608     0.839     0.508     0.682     0.633      3.38     0.481         0
   107/299     7.81G      1.51      0.26         0      1.77        13       608     0.785      0.55     0.646     0.647      3.51     0.458         0
   108/299     7.81G      1.67     0.286         0      1.96        15       608     0.805     0.549     0.672     0.652       3.5      0.46         0
   109/299     7.81G      1.59     0.277         0      1.87        13       608     0.808     0.523     0.648     0.635      3.59     0.459         0
   110/299     7.81G      1.62     0.279         0       1.9        11       608      0.74     0.558     0.626     0.636      3.61     0.465         0
   111/299     7.81G      1.57     0.284         0      1.86        12       608      0.71     0.562     0.616     0.627      3.62     0.453         0
   112/299     7.81G       1.6     0.274         0      1.88        18       608     0.731     0.528     0.609     0.613      3.59     0.481         0
   113/299     7.81G      1.57     0.274         0      1.84        15       608     0.768     0.527     0.621     0.625      3.55     0.494         0
   114/299     7.81G      1.68     0.242         0      1.92        15       608     0.814     0.503     0.675     0.621       3.4     0.504         0
   115/299     7.81G      1.49     0.271         0      1.76        17       608     0.797     0.478     0.629     0.597      3.32       0.5         0
   116/299     7.81G       1.6     0.254         0      1.86         8       608     0.812     0.504     0.654     0.622      3.47     0.473         0
   117/299     7.81G      1.49     0.269         0      1.76        14       608     0.786      0.54     0.689      0.64      3.42     0.465         0
   118/299     7.81G      1.52     0.256         0      1.78        17       608     0.736     0.504     0.617     0.599      3.42     0.492         0
   119/299     7.81G      1.51     0.265         0      1.78        17       608      0.81     0.549     0.679     0.654      3.34      0.49         0
   120/299     7.81G      1.44     0.254         0       1.7        19       608     0.757     0.575     0.646     0.654      3.48     0.502         0
   121/299     7.81G      1.57     0.261         0      1.83        15       608     0.781     0.536     0.627     0.635      3.61     0.498         0
   122/299     7.81G      1.57     0.269         0      1.84        18       608      0.81     0.469     0.656     0.594       3.5     0.521         0
   123/299     7.81G      1.45     0.271         0      1.72        18       608     0.819     0.487     0.657     0.611       3.5     0.512         0
   124/299     7.81G      1.36     0.272         0      1.63        18       608     0.789      0.53     0.671     0.634      3.39     0.503         0
   125/299     7.81G      1.47      0.26         0      1.73        17       608     0.724     0.487     0.614     0.583      3.47     0.485         0
   126/299     7.81G      1.45     0.259         0      1.71        18       608     0.737     0.471      0.62     0.575      3.38     0.502         0
   127/299     7.81G      1.32     0.242         0      1.56        16       608      0.76     0.434     0.593     0.552      3.42     0.518         0
   128/299     7.81G       1.5     0.268         0      1.77        20       608     0.776      0.43     0.603     0.553      3.47     0.514         0
   129/299     7.81G      1.46     0.251         0      1.72        10       608     0.781     0.443     0.625     0.565      3.49     0.499         0
   130/299     7.81G      1.39     0.236         0      1.62        16       608     0.756      0.44     0.616     0.556      3.48     0.494         0
   131/299     7.81G      1.43     0.238         0      1.67        15       608     0.673     0.437     0.561      0.53       3.5     0.497         0
   132/299     7.81G      1.44     0.237         0      1.68        15       608     0.759     0.434       0.6     0.552      3.43     0.498         0
   133/299     7.81G      1.34     0.262         0       1.6        18       608     0.715     0.487     0.559      0.58       3.4     0.488         0
   134/299     7.81G      1.44     0.249         0      1.69        13       608     0.721     0.502     0.565     0.592      3.52     0.494         0
   135/299     7.81G      1.31      0.25         0      1.56        19       608     0.744     0.462     0.572      0.57      3.45     0.504         0
   136/299     7.81G       1.3     0.226         0      1.52        14       608     0.757     0.524     0.623     0.619       3.4     0.488         0
   137/299     7.81G      1.44     0.238         0      1.68        22       608      0.79     0.533     0.651     0.637      3.44     0.474         0
   138/299     7.81G      1.32     0.228         0      1.55        14       608     0.809     0.562     0.671     0.663      3.38     0.479         0
   139/299     7.81G      1.29     0.241         0      1.53        15       608     0.758     0.553      0.65     0.639      3.47     0.491         0
   140/299     7.81G      1.35     0.248         0       1.6        12       608     0.764     0.544     0.647     0.635      3.38     0.501         0
   141/299     7.81G      1.23     0.243         0      1.47        11       608     0.762     0.511     0.638     0.612      3.49     0.507         0
   142/299     7.81G      1.34     0.218         0      1.56         5       608     0.739     0.525     0.651     0.614      3.37     0.494         0
   143/299     7.81G      1.46     0.238         0      1.69        13       608     0.796     0.552     0.713     0.652      3.36     0.503         0
   144/299     7.81G      1.24     0.242         0      1.49        20       608     0.773     0.566     0.708     0.654       3.3     0.486         0
   145/299     7.81G      1.29      0.26         0      1.55        19       608     0.758     0.555     0.661     0.641      3.31     0.502         0
   146/299     7.81G      1.31     0.223         0      1.53        16       608     0.748     0.578     0.658     0.652      3.42     0.501         0
   147/299     7.81G      1.41     0.219         0      1.63        14       608     0.731     0.619     0.648     0.671      3.55     0.507         0
   148/299     7.81G      1.07     0.207         0      1.28        29       608     0.779     0.656     0.703     0.713      3.41     0.507         0
   149/299     7.81G      1.15     0.223         0      1.37        11       608     0.788     0.625     0.686     0.697      3.44     0.496         0
   150/299     7.81G      1.34     0.235         0      1.57        16       608     0.802     0.608     0.706     0.691      3.42     0.484         0
   151/299     7.81G      1.28     0.225         0      1.51        15       608     0.803     0.566     0.702     0.664      3.35     0.499         0
   152/299     7.81G      1.23     0.222         0      1.45        20       608     0.777     0.628     0.697     0.695      3.37     0.501         0
   153/299     7.81G      1.12     0.232         0      1.36        16       608     0.756     0.637     0.666     0.691      3.42     0.499         0
   154/299     7.81G      1.22     0.208         0      1.43        11       608      0.71     0.606     0.617     0.654      3.47     0.506         0
   155/299     7.81G      1.24     0.245         0      1.48         8       608     0.762     0.655     0.666     0.704      3.34     0.515         0
   156/299     7.81G      1.14      0.21         0      1.35        19       608     0.734     0.611     0.632     0.667      3.46     0.505         0
   157/299     7.81G      1.15     0.226         0      1.38        18       608     0.767     0.612     0.639     0.681      3.31       0.5         0
   158/299     7.81G      1.24     0.246         0      1.49        16       608     0.758     0.582     0.652     0.658      3.35     0.502         0
   159/299     7.81G       1.1     0.217         0      1.31        17       608     0.783     0.573      0.67     0.662      3.28     0.508         0
   160/299     7.81G      1.16      0.19         0      1.35        17       608     0.804     0.582     0.688     0.675      3.27     0.512         0
   161/299     7.81G      1.21     0.215         0      1.42        23       608     0.803     0.577     0.668     0.672      3.34     0.513         0
   162/299     7.81G      1.08     0.196         0      1.27        13       608     0.789     0.584     0.682     0.671      3.27      0.51         0
   163/299     7.81G      1.09     0.217         0      1.31        13       608     0.806     0.602     0.694     0.689      3.22      0.51         0
   164/299     7.81G      1.17     0.201         0      1.37        17       608     0.821      0.61     0.728       0.7      3.21     0.513         0
   165/299     7.81G      1.05      0.21         0      1.26        15       608     0.792     0.584      0.69     0.672      3.27     0.516         0
   166/299     7.81G      1.17     0.201         0      1.37        16       608     0.824      0.58     0.697     0.681      3.28     0.519         0
   167/299     7.81G      1.17     0.191         0      1.36        13       608     0.851     0.555     0.702     0.672      3.38      0.53         0
   168/299     7.81G      1.09     0.224         0      1.32        13       608      0.79     0.549     0.639     0.648      3.41     0.534         0
   169/299     7.81G      1.03     0.201         0      1.23        17       608     0.817     0.584     0.696     0.681       3.4     0.533         0
   170/299     7.81G      1.03      0.21         0      1.24        17       608     0.815     0.602     0.692     0.692      3.45     0.512         0
   171/299     7.81G      1.03     0.198         0      1.23        14       608     0.807     0.637     0.716     0.712      3.43     0.502         0
   172/299     7.81G      1.04     0.184         0      1.22        21       608     0.783     0.619     0.686     0.692      3.46     0.493         0
   173/299     7.81G      1.04     0.198         0      1.24        21       608     0.796     0.589     0.719     0.677      3.46     0.505         0
   174/299     7.81G      1.04     0.205         0      1.25        15       608     0.796     0.566     0.679     0.662      3.44     0.509         0
   175/299     7.81G      1.06     0.208         0      1.27        13       608     0.835     0.566      0.66     0.675      3.49      0.51         0
   176/299     7.81G      1.04     0.178         0      1.22        20       608     0.823     0.578     0.679     0.679      3.42     0.509         0
   177/299     7.81G      1.08     0.194         0      1.27        18       608      0.87     0.591     0.693     0.704      3.46     0.509         0
   178/299     7.81G      1.04     0.189         0      1.23        13       608     0.852     0.558     0.678     0.674      3.48     0.517         0
   179/299     7.81G     0.962     0.183         0      1.15        20       608     0.824     0.579     0.673      0.68      3.48     0.509         0
   180/299     7.81G      1.01     0.188         0       1.2        18       608     0.808     0.593     0.656     0.684      3.48     0.504         0
   181/299     7.81G      1.05     0.194         0      1.25         8       608     0.819     0.602     0.691     0.694      3.45     0.496         0
   182/299     7.81G     0.948     0.198         0      1.15        17       608     0.785     0.582       0.7     0.668      3.44     0.482         0
   183/299     7.81G     0.898     0.181         0      1.08        14       608     0.784     0.612     0.694     0.688      3.43     0.478         0
   184/299     7.81G      1.01     0.194         0       1.2        19       608     0.764     0.629     0.684      0.69      3.47     0.487         0
   185/299     7.81G      1.07     0.182         0      1.25        18       608     0.763       0.6     0.692     0.672      3.38     0.506         0
   186/299     7.81G     0.927     0.175         0       1.1        17       608     0.757     0.578      0.69     0.655      3.39      0.52         0
   187/299     7.81G         1     0.179         0      1.18        13       608     0.787     0.584     0.695      0.67      3.29     0.529         0
   188/299     7.81G     0.959      0.19         0      1.15        27       608     0.817     0.584     0.704     0.681      3.32     0.527         0
   189/299     7.81G     0.917      0.19         0      1.11        18       608     0.816     0.593     0.698     0.687      3.28     0.523         0
   190/299     7.81G     0.871     0.186         0      1.06        21       608     0.797     0.591     0.692     0.679      3.32     0.523         0
   191/299     7.81G     0.866     0.168         0      1.03        15       608     0.775     0.578     0.655     0.662      3.42     0.519         0
   192/299     7.81G     0.882     0.182         0      1.06        18       608     0.802     0.566     0.652     0.664      3.35     0.533         0
   193/299     7.81G     0.914     0.183         0       1.1        12       608      0.81     0.566     0.659     0.666      3.34     0.539         0
   194/299     7.81G      0.89     0.169         0      1.06         6       608     0.785      0.55     0.636     0.647      3.37     0.542         0
   195/299     7.81G     0.869     0.176         0      1.05        19       608     0.792     0.566     0.659      0.66      3.29     0.557         0
   196/299     7.81G     0.867     0.161         0      1.03        17       608     0.782     0.584     0.665     0.669      3.31     0.559         0
   197/299     7.81G      0.91     0.181         0      1.09        16       608     0.785     0.612     0.666     0.688      3.32     0.563         0
   198/299     7.81G     0.889     0.169         0      1.06        17       608     0.766     0.619     0.657     0.685      3.36     0.565         0
   199/299     7.81G     0.832     0.182         0      1.01        22       608     0.771     0.619     0.665     0.687      3.35     0.564         0
   200/299     7.81G     0.846     0.173         0      1.02        14       608     0.791     0.635     0.687     0.704      3.43     0.554         0
   201/299     7.81G     0.867     0.144         0      1.01        12       608     0.798     0.631     0.681     0.705      3.38      0.55         0
   202/299     7.81G     0.801     0.157         0     0.958        14       608     0.759     0.613     0.653     0.678      3.36     0.545         0
   203/299     7.81G     0.798      0.16         0     0.958        17       608     0.765     0.611     0.679     0.679      3.33     0.537         0
   204/299     7.81G     0.846     0.156         0         1        14       608     0.768     0.593      0.66     0.669      3.36     0.533         0
   205/299     7.81G     0.836     0.162         0     0.998        15       608     0.788     0.623     0.656     0.696      3.38      0.54         0
   206/299     7.81G     0.838     0.165         0         1        15       608     0.798     0.602     0.659     0.686      3.36     0.548         0
   207/299     7.81G     0.805     0.159         0     0.964         8       608     0.836     0.602     0.703       0.7      3.32     0.556         0
   208/299     7.81G     0.826      0.17         0     0.996        19       608     0.814      0.58     0.686     0.677      3.35     0.552         0
   209/299     7.81G     0.833     0.168         0         1        12       608     0.816     0.575     0.688     0.675      3.31     0.548         0
   210/299     7.81G     0.793     0.169         0     0.962        24       608     0.803     0.575     0.703      0.67      3.28     0.545         0
   211/299     7.81G     0.811     0.158         0     0.969        20       608     0.787     0.587     0.694     0.672      3.27     0.538         0
   212/299     7.81G     0.746     0.148         0     0.895        17       608     0.772     0.599      0.69     0.675      3.31     0.536         0
   213/299     7.81G     0.788     0.154         0     0.942        20       608     0.774     0.606     0.686     0.679       3.3     0.536         0
   214/299     7.81G     0.782     0.158         0      0.94        16       608     0.798     0.637     0.709     0.709      3.29     0.531         0
   215/299     7.81G     0.758      0.15         0     0.908        20       608     0.818     0.637     0.708     0.716      3.26     0.534         0
   216/299     7.81G     0.771     0.154         0     0.926        19       608     0.812      0.65     0.709     0.722      3.26     0.532         0
   217/299     7.81G     0.811     0.166         0     0.977        17       608     0.808     0.635     0.708     0.711      3.32     0.535         0
   218/299     7.81G      0.76     0.153         0     0.913        12       608     0.821     0.619     0.706     0.706       3.3      0.54         0
   219/299     7.81G      0.78     0.148         0     0.928        17       608     0.778     0.602     0.687     0.678      3.26     0.548         0
   220/299     7.81G     0.766     0.159         0     0.925        10       608     0.772     0.601     0.683     0.676      3.31     0.546         0
   221/299     7.81G     0.708      0.15         0     0.858        19       608     0.781       0.6     0.684     0.679      3.33     0.544         0
   222/299     7.81G     0.737     0.152         0     0.889        17       608     0.783     0.607     0.678     0.684      3.34     0.545         0
   223/299     7.81G     0.691     0.152         0     0.843        14       608     0.822     0.612     0.703     0.702      3.34     0.544         0
   224/299     7.81G     0.718      0.16         0     0.878        17       608     0.808     0.596     0.693     0.686      3.31     0.543         0
   225/299     7.81G     0.711     0.155         0     0.866        18       608     0.799     0.593     0.691     0.681      3.31     0.537         0
   226/299     7.81G     0.765     0.134         0     0.899        16       608     0.775     0.578     0.681     0.662      3.32     0.538         0
   227/299     7.81G     0.669     0.136         0     0.805        14       608     0.762     0.593     0.673     0.667      3.33     0.538         0
   228/299     7.81G     0.697     0.133         0      0.83        19       608     0.755     0.572     0.662      0.65      3.39     0.545         0
   229/299     7.81G     0.702     0.151         0     0.853        17       608     0.744     0.566     0.655     0.643      3.43     0.554         0
   230/299     7.81G     0.665     0.152         0     0.816        14       608     0.752     0.584     0.653     0.657      3.42     0.557         0
   231/299     7.81G     0.704      0.14         0     0.845        17       608     0.753     0.584     0.668     0.658      3.36     0.558         0
   232/299     7.81G     0.681      0.14         0     0.821        14       608     0.772       0.6     0.681     0.676      3.34      0.55         0
   233/299     7.81G     0.698     0.168         0     0.866        11       608      0.79       0.6     0.684     0.682      3.29     0.545         0
   234/299     7.81G     0.764     0.149         0     0.913        10       608     0.804     0.617     0.688     0.698      3.29     0.543         0
   235/299     7.81G     0.727      0.16         0     0.887        19       608     0.792      0.64     0.687     0.708      3.29      0.54         0
   236/299     7.81G     0.675     0.147         0     0.822        17       608     0.765     0.646     0.685     0.701      3.31     0.544         0
   237/299     7.81G     0.667     0.135         0     0.802        16       608     0.769     0.618     0.687     0.685      3.33     0.548         0
   238/299     7.81G     0.671     0.148         0      0.82        29       608     0.751     0.612     0.682     0.674       3.3     0.554         0
   239/299     7.81G     0.637     0.139         0     0.775        19       608     0.771     0.624      0.68      0.69      3.31      0.56         0
   240/299     7.81G      0.66     0.128         0     0.788        12       608     0.765     0.604     0.672     0.675      3.31     0.568         0
   241/299     7.81G     0.657     0.148         0     0.805        15       608     0.764     0.603     0.669     0.674       3.3     0.575         0
   242/299     7.81G     0.659     0.137         0     0.795        14       608     0.766     0.607     0.666     0.677      3.28     0.574         0
   243/299     7.81G     0.676     0.153         0     0.829        13       608     0.762     0.594     0.664     0.667      3.29     0.573         0
   244/299     7.81G     0.636     0.146         0     0.781        19       608     0.766     0.593     0.663     0.669      3.29      0.57         0
   245/299     7.81G     0.613     0.139         0     0.752        21       608     0.756     0.603     0.679     0.671       3.3     0.566         0
   246/299     7.81G     0.621     0.128         0     0.749         6       608     0.769     0.649     0.695     0.704      3.29     0.553         0
   247/299     7.81G     0.664     0.145         0     0.809        17       608     0.792     0.675     0.712     0.729      3.28     0.545         0
   248/299     7.81G     0.655     0.152         0     0.807        16       608     0.788     0.664     0.706     0.721      3.31     0.542         0
   249/299     7.81G     0.639     0.139         0     0.778        15       608     0.774     0.636     0.701     0.698      3.31     0.543         0
   250/299     7.81G      0.59     0.141         0     0.731        13       608     0.777     0.617     0.698     0.688      3.35     0.552         0
   251/299     7.81G     0.598     0.122         0      0.72        16       608     0.766      0.61     0.684     0.679      3.34      0.56         0
   252/299     7.81G     0.627     0.135         0     0.763        14       608      0.77     0.602     0.686     0.676      3.36     0.562         0
   253/299     7.81G     0.644     0.147         0     0.791        25       608     0.769     0.602     0.686     0.675      3.37     0.564         0
   254/299     7.81G     0.631     0.127         0     0.758        16       608     0.774     0.606     0.685      0.68      3.31     0.568         0
   255/299     7.81G     0.601     0.152         0     0.753        15       608     0.769     0.617     0.685     0.685      3.28     0.569         0
   256/299     7.81G     0.616     0.133         0     0.749        19       608     0.775     0.639     0.687       0.7       3.3     0.566         0
   257/299     7.81G     0.608     0.129         0     0.737        17       608     0.769     0.647     0.685     0.703       3.3     0.564         0
   258/299     7.81G      0.61     0.159         0     0.769        16       608     0.759     0.642     0.685     0.696      3.31     0.564         0
   259/299     7.81G     0.629     0.122         0     0.751         9       608     0.756     0.657     0.692     0.703       3.3      0.56         0
   260/299     7.81G     0.632     0.131         0     0.763        18       608      0.77     0.655     0.704     0.708      3.31     0.558         0
   261/299     7.81G     0.613     0.137         0      0.75        16       608     0.764     0.646     0.695       0.7       3.3     0.559         0
   262/299     7.81G     0.586     0.131         0     0.717        19       608     0.777     0.648     0.698     0.707       3.3      0.56         0
   263/299     7.81G     0.617     0.148         0     0.765        18       608     0.767     0.628     0.686     0.691      3.31      0.56         0
   264/299     7.81G     0.592     0.134         0     0.726        19       608      0.77     0.646     0.697     0.703      3.31      0.56         0
   265/299     7.81G     0.611      0.15         0      0.76        23       608     0.778     0.649     0.699     0.708      3.33      0.56         0
   266/299     7.81G     0.604     0.131         0     0.735        13       608     0.782     0.646     0.698     0.708      3.33     0.561         0
   267/299     7.81G     0.583     0.139         0     0.723        17       608     0.785     0.647       0.7      0.71      3.32     0.562         0
   268/299     7.81G     0.531     0.119         0     0.649        19       608     0.774     0.637     0.687     0.699      3.32     0.565         0
   269/299     7.81G     0.562      0.13         0     0.692        17       608     0.771     0.627     0.683     0.692      3.32     0.571         0
   270/299     7.81G     0.557     0.125         0     0.681        21       608     0.761     0.619     0.684     0.683       3.3     0.573         0
   271/299     7.81G     0.564     0.125         0     0.689        24       608     0.771     0.627     0.695     0.692      3.29      0.58         0
   272/299     7.81G       0.6     0.132         0     0.732         6       608     0.772     0.628     0.695     0.692      3.31     0.577         0
   273/299     7.81G     0.565     0.109         0     0.674        13       608      0.77     0.624     0.693     0.689      3.29     0.578         0
   274/299     7.81G     0.542     0.135         0     0.677        12       608     0.771     0.624     0.695      0.69      3.29     0.576         0
   275/299     7.81G     0.596     0.157         0     0.754        13       608     0.779     0.624     0.695     0.693      3.29     0.578         0
   276/299     7.81G     0.563     0.134         0     0.696        11       608     0.785     0.619     0.698     0.693       3.3     0.577         0
   277/299     7.81G     0.569     0.133         0     0.702        18       608     0.789     0.611     0.687     0.689      3.27     0.577         0
   278/299     7.81G      0.59     0.138         0     0.728        13       608     0.783     0.608     0.689     0.684      3.26     0.576         0
   279/299     7.81G      0.59     0.116         0     0.706        20       608     0.781     0.611     0.692     0.685      3.26     0.573         0
   280/299     7.81G     0.559      0.14         0     0.699        19       608     0.778     0.611     0.691     0.684      3.29     0.575         0
   281/299     7.81G     0.576     0.115         0     0.691        16       608     0.768     0.611     0.691      0.68       3.3     0.574         0
   282/299     7.81G     0.574     0.134         0     0.709        15       608     0.784     0.619       0.7     0.692       3.3     0.575         0
   283/299     7.81G     0.585     0.118         0     0.703        17       608     0.784     0.619     0.706     0.692       3.3     0.576         0
   284/299     7.81G     0.552     0.113         0     0.665        18       608     0.781     0.628     0.708     0.697      3.31     0.576         0
   285/299     7.81G     0.592     0.118         0      0.71         8       608     0.777     0.616     0.695     0.687      3.31     0.574         0
   286/299     7.81G     0.531     0.125         0     0.656        19       608     0.786     0.617     0.699     0.691       3.3     0.572         0
   287/299     7.81G     0.563     0.126         0     0.689        13       608     0.799     0.633     0.718     0.707      3.28     0.568         0
   288/299     7.81G     0.543     0.127         0      0.67        20       608      0.79     0.631     0.702     0.701      3.26     0.567         0
   289/299     7.81G     0.592     0.117         0      0.71        18       608      0.79     0.632     0.697     0.702      3.26     0.568         0
   290/299     7.81G     0.498     0.107         0     0.605        14       608     0.801     0.641     0.722     0.712      3.26     0.565         0
   291/299     7.81G     0.562     0.127         0     0.689        18       608     0.791     0.635     0.704     0.704      3.28     0.568         0
   292/299     7.81G     0.576     0.125         0     0.701        19       608     0.788     0.626     0.707     0.698      3.27     0.567         0
   293/299     7.81G     0.554     0.126         0      0.68        24       608     0.785     0.616     0.703      0.69       3.3     0.572         0
   294/299     7.81G     0.535     0.142         0     0.677        18       608     0.785     0.619     0.692     0.693      3.32     0.573         0
   295/299     7.81G     0.548      0.13         0     0.678        13       608     0.791     0.619     0.715     0.695      3.31     0.577         0
   296/299     7.81G     0.553     0.127         0      0.68        13       608     0.768     0.616     0.693     0.684      3.31     0.574         0
   297/299     7.81G     0.528     0.114         0     0.642        23       608      0.77     0.622     0.701     0.688      3.31     0.573         0
   298/299     7.81G     0.547     0.132         0     0.679         9       608      0.77     0.621       0.7     0.688       3.3     0.572         0
   299/299     7.81G     0.544     0.134         0     0.678        20       608     0.769     0.628     0.701     0.691       3.3     0.571         0
