[          1]
[          1]
[          1]
[          1]
[          1]
[          1]
[          1]
[          1]
[          1]
[          1]
[          1]
[          1]
[          1]
[          1]
[          1]
[          1]
[          1]
[          1]
[          1]
[          1]
[          1]
[          1]
[          1]
[          1]
[          1]
[          1]
[    0.96296]
[    0.96429]
[    0.96552]
[    0.96667]
[    0.96774]
[     0.9375]
[    0.93939]
[    0.94118]
[    0.94286]
[    0.94444]
[    0.94595]
[    0.94737]
[    0.94872]
[       0.95]
[    0.95122]
[    0.95238]
[    0.95349]
[    0.95455]
[    0.95556]
[    0.95652]
[    0.95745]
[    0.95833]
[    0.95918]
[       0.96]
[    0.96078]
[    0.96154]
[    0.96226]
[    0.96296]
[    0.96364]
[    0.96429]
[    0.96491]
[    0.96552]
[     0.9661]
[    0.96667]
[    0.95082]
[    0.95161]
[    0.95238]
[    0.95312]
[    0.95385]
[    0.95455]
[    0.95522]
[    0.95588]
[    0.95652]
[    0.95714]
[    0.95775]
[    0.95833]
[     0.9589]
[    0.95946]
[       0.96]
[    0.96053]
[    0.96104]
[    0.96154]
[    0.96203]
[     0.9625]
[    0.96296]
[    0.95122]
[    0.95181]
[    0.95238]
[    0.95294]
[    0.95349]
[    0.95402]
[    0.95455]
[    0.95506]
[    0.95556]
[    0.95604]
[    0.95652]
[    0.95699]
[    0.95745]
[    0.95789]
[    0.95833]
[    0.95876]
[    0.95918]
[     0.9596]
[       0.96]
[     0.9604]
[    0.96078]
[    0.95146]
[    0.95192]
[    0.95238]
[    0.95283]
[    0.95327]
[     0.9537]
[    0.95413]
[    0.95455]
[    0.95495]
[    0.95536]
[    0.95575]
[    0.94737]
[    0.94783]
[    0.94828]
[    0.94872]
[    0.94068]
[    0.94118]
[    0.94167]
[    0.94215]
[    0.94262]
[    0.93496]
[    0.92742]
[      0.928]
[    0.92857]
[    0.92913]
[    0.92188]
[    0.92248]
[    0.92308]
[    0.91603]
[    0.91667]
[    0.91729]
[    0.91791]
[    0.91111]
[    0.91176]
[    0.91241]
[    0.91304]
[    0.90647]
[    0.90714]
[    0.90071]
[    0.89437]
[     0.8951]
[    0.89583]
[    0.88966]
[    0.88356]
[    0.88435]
[    0.87838]
[    0.87248]
[    0.87333]
[    0.86755]
[    0.86184]
[    0.85621]
[    0.85065]
[    0.85161]
[    0.84615]
[    0.84076]
[    0.83544]
[    0.83648]
[     0.8375]
[    0.83851]
[    0.83951]
[    0.83436]
[    0.82927]
[     0.8303]
[     0.8253]
[    0.82036]
[    0.82143]
[    0.81657]
[    0.81176]
[    0.80702]
[    0.80814]
[    0.80347]
[    0.79885]
[    0.79429]
[    0.78977]
[    0.79096]
[    0.78652]
[    0.78212]
[    0.78333]
[    0.78453]
[    0.78022]
[    0.77596]
[    0.77717]
[    0.77297]
[    0.76882]
[    0.76471]
[    0.76064]
[    0.75661]
[    0.75263]
[    0.74869]
[    0.74479]
[    0.74611]
[    0.74227]
[    0.73846]
[     0.7398]
[    0.73604]
[    0.73232]
[    0.72864]
[       0.73]
[    0.72637]
[    0.72277]
[    0.72414]
[    0.72059]
[    0.71707]
[    0.71359]
[    0.71014]
[    0.70673]
[    0.70335]
[        0.7]
[    0.70142]
[    0.70283]
[    0.69953]
[    0.70093]
[    0.69767]
[    0.69444]
[    0.69124]
[    0.68807]
[     0.6895]
[    0.68636]
[    0.68326]
[    0.68018]
[    0.67713]
[    0.67411]
[    0.67111]
[    0.66814]
[     0.6652]
[    0.66228]
[    0.65939]
[    0.65652]
[    0.65368]
[    0.65086]
[    0.64807]
[     0.6453]
[    0.64255]
[    0.63983]
[    0.63713]
[    0.63445]
[     0.6318]
[    0.62917]
[    0.63071]
[     0.6281]
[    0.62551]
[    0.62705]
[    0.62449]
[    0.62195]
[    0.61943]
[    0.61694]
[    0.61446]
[      0.612]
[    0.60956]
[    0.60714]
[    0.60474]
[    0.60236]
[        0.6]
[    0.59766]
[    0.59533]
[    0.59302]
[    0.59073]
[    0.58846]
[    0.58621]
[    0.58397]
[    0.58175]
[    0.58333]
[    0.58113]
[    0.57895]
[    0.57678]
[    0.57463]
[    0.57249]
[    0.57037]
[    0.56827]
[    0.56985]
[    0.56777]
[    0.56569]
[    0.56364]
[    0.56159]
[    0.55957]
[    0.55755]
[    0.55556]
[    0.55357]
[     0.5516]
[    0.54965]
[     0.5477]
[    0.54577]
[    0.54386]
[    0.54196]
[    0.54007]
[    0.53819]
[    0.53633]
[    0.53448]
[    0.53608]
[    0.53425]
[    0.53242]
[    0.53061]
[    0.52881]
[    0.52703]
[    0.52525]
[    0.52349]
[    0.52174]
[       0.52]
[    0.51827]
[    0.51656]
[    0.51485]
[    0.51316]
[    0.51148]
[     0.5098]
[    0.50814]
[    0.50649]
[    0.50485]
[    0.50323]
[    0.50161]
[        0.5]
[     0.4984]
[    0.49682]
[    0.49524]
[    0.49367]
[    0.49211]
[    0.49057]
[    0.48903]
[     0.4875]
[    0.48598]
[    0.48447]
[    0.48297]
[    0.48148]
[       0.48]
[    0.47853]
[    0.47706]
[    0.47561]
[    0.47416]
[    0.47273]
[     0.4713]
[    0.46988]
[    0.46847]
[    0.46707]
[    0.46567]
[    0.46429]
[    0.46291]
[    0.46154]
[    0.46018]
[    0.45882]
[    0.45748]
[    0.45614]
[    0.45481]
[     0.4564]
[    0.45797]
[    0.45665]
[    0.45533]
[    0.45402]
[    0.45272]
[    0.45143]
[    0.45014]
[    0.44886]
[    0.44759]
[    0.44633]
[    0.44507]
[    0.44382]
[    0.44258]
[    0.44134]
[    0.44011]
[    0.43889]
[    0.43767]
[    0.43646]
[    0.43526]
[    0.43407]
[    0.43288]
[    0.43169]
[    0.43052]
[    0.42935]
[    0.42818]
[    0.42703]
[    0.42588]
[    0.42473]
[    0.42359]
[    0.42246]
[    0.42133]
[    0.42021]
[     0.4191]
[    0.41799]
[    0.41689]
[    0.41579]
[     0.4147]
[    0.41361]
[    0.41253]
[    0.41146]
[    0.41039]
[    0.40933]
[    0.40827]
[    0.40722]
[    0.40617]
[    0.40513]
[    0.40409]
[    0.40306]
[    0.40204]
[    0.40102]
[        0.4]
[    0.39899]
[    0.39798]
[    0.39698]
[    0.39599]
[      0.395]
[    0.39401]
[    0.39303]
[    0.39206]
[    0.39109]
[    0.39012]
[    0.38916]
[    0.38821]
[    0.38725]
[    0.38631]
[    0.38537]
[    0.38443]
[     0.3835]
[    0.38257]
[    0.38164]
[    0.38072]
[    0.37981]
[     0.3789]
[    0.37799]
[    0.37709]
[    0.37619]
[     0.3753]
[    0.37441]
[    0.37352]
[    0.37264]
[    0.37176]
[    0.37089]
[    0.37002]
[    0.36916]
[     0.3683]
[    0.36744]
[    0.36659]
[    0.36574]
[     0.3649]
[    0.36406]
[    0.36322]
[    0.36239]
[    0.36156]
[    0.36073]
[    0.35991]
[    0.35909]
[    0.35828]
[    0.35747]
[    0.35666]
[    0.35586]
[    0.35506]
[    0.35426]
[    0.35347]
[    0.35268]
[    0.35189]
[    0.35111]
[    0.35033]
[    0.34956]
[    0.34879]
[    0.34802]
[    0.34725]
[    0.34649]
[    0.34573]
