[          1]
[          1]
[          1]
[          1]
[          1]
[          1]
[          1]
[          1]
[          1]
[          1]
[          1]
[          1]
[          1]
[          1]
[          1]
[          1]
[          1]
[          1]
[          1]
[          1]
[          1]
[          1]
[          1]
[          1]
[          1]
[          1]
[          1]
[          1]
[          1]
[          1]
[          1]
[          1]
[          1]
[          1]
[          1]
[          1]
[          1]
[          1]
[          1]
[          1]
[          1]
[          1]
[          1]
[          1]
[          1]
[          1]
[          1]
[          1]
[          1]
[          1]
[          1]
[          1]
[          1]
[          1]
[          1]
[          1]
[          1]
[          1]
[          1]
[          1]
[          1]
[          1]
[          1]
[          1]
[          1]
[          1]
[          1]
[          1]
[          1]
[          1]
[          1]
[          1]
[          1]
[          1]
[          1]
[          1]
[          1]
[          1]
[          1]
[          1]
[          1]
[          1]
[          1]
[          1]
[          1]
[          1]
[          1]
[          1]
[          1]
[          1]
[          1]
[          1]
[          1]
[          1]
[          1]
[          1]
[          1]
[          1]
[          1]
[          1]
[          1]
[          1]
[          1]
[          1]
[          1]
[          1]
[          1]
[          1]
[          1]
[          1]
[          1]
[          1]
[          1]
[          1]
[          1]
[          1]
[          1]
[          1]
[          1]
[          1]
[          1]
[          1]
[          1]
[          1]
[          1]
[          1]
[          1]
[          1]
[          1]
[          1]
[          1]
[          1]
[          1]
[          1]
[          1]
[    0.99265]
[     0.9927]
[    0.99275]
[    0.99281]
[    0.99286]
[    0.99291]
[    0.99296]
[    0.99301]
[    0.99306]
[     0.9931]
[    0.99315]
[     0.9932]
[    0.99324]
[    0.99329]
[    0.99333]
[    0.99338]
[    0.99342]
[    0.99346]
[    0.99351]
[    0.99355]
[    0.99359]
[    0.99363]
[    0.99367]
[    0.99371]
[    0.99375]
[    0.99379]
[    0.99383]
[    0.99387]
[     0.9939]
[    0.99394]
[    0.99398]
[    0.99401]
[    0.99405]
[    0.99408]
[    0.99412]
[    0.99415]
[    0.99419]
[    0.99422]
[    0.99425]
[    0.99429]
[    0.99432]
[    0.99435]
[    0.99438]
[    0.99441]
[    0.99444]
[    0.99448]
[    0.99451]
[    0.99454]
[    0.99457]
[    0.99459]
[    0.99462]
[    0.99465]
[    0.99468]
[    0.99471]
[    0.99474]
[    0.99476]
[    0.99479]
[    0.99482]
[    0.99485]
[    0.99487]
[     0.9949]
[    0.99492]
[    0.99495]
[    0.99497]
[      0.995]
[    0.99502]
[    0.99505]
[    0.99507]
[     0.9951]
[    0.99512]
[    0.99515]
[    0.99517]
[    0.99038]
[    0.99043]
[    0.99048]
[    0.99052]
[    0.99057]
[    0.99061]
[    0.99065]
[     0.9907]
[    0.99074]
[    0.99078]
[    0.99083]
[    0.99087]
[    0.99091]
[    0.99095]
[    0.99099]
[    0.99103]
[    0.99107]
[    0.99111]
[    0.99115]
[    0.99119]
[    0.99123]
[    0.99127]
[     0.9913]
[    0.99134]
[    0.99138]
[    0.99142]
[    0.99145]
[    0.99149]
[    0.99153]
[    0.99156]
[     0.9916]
[    0.99163]
[     0.9875]
[    0.98755]
[     0.9876]
[    0.98765]
[     0.9877]
[    0.98776]
[     0.9878]
[    0.98785]
[     0.9879]
[    0.98795]
[      0.988]
[    0.98805]
[    0.98413]
[    0.98419]
[    0.98425]
[    0.98431]
[    0.98438]
[    0.98444]
[     0.9845]
[    0.98069]
[    0.98077]
[    0.98084]
[    0.98092]
[    0.98099]
[    0.97727]
[    0.97736]
[    0.97368]
[    0.97004]
[    0.96642]
[    0.96654]
[    0.96667]
[     0.9631]
[    0.96324]
[    0.96337]
[    0.95985]
[    0.95636]
[    0.95652]
[    0.95307]
[    0.94964]
[    0.94624]
[    0.94286]
[    0.94306]
[    0.93972]
[    0.93993]
[    0.94014]
[    0.93684]
[    0.93357]
[    0.93031]
[    0.92708]
[    0.92388]
[    0.92069]
[    0.91753]
[    0.91438]
[    0.91126]
[    0.90816]
[    0.90508]
[    0.90203]
[    0.89899]
[    0.89597]
[    0.89298]
[    0.89333]
[    0.89037]
[    0.88742]
[    0.88779]
[    0.88487]
[    0.88197]
[    0.87908]
[    0.87622]
[    0.87338]
[    0.87055]
[    0.86774]
[    0.86495]
[    0.86218]
[    0.85942]
[    0.85669]
[    0.85397]
[    0.85443]
[    0.85174]
[    0.84906]
[    0.84639]
[    0.84375]
[    0.84112]
[    0.83851]
[    0.83591]
[    0.83333]
[    0.83077]
[    0.82822]
[    0.82569]
[    0.82317]
[    0.82067]
[    0.81818]
[    0.81571]
[    0.81325]
[    0.81081]
[    0.80838]
[    0.80597]
[    0.80357]
[    0.80119]
[    0.79882]
[    0.79646]
[    0.79412]
[    0.79179]
[    0.78947]
[    0.78717]
[    0.78488]
[    0.78261]
[    0.78035]
[     0.7781]
[    0.77586]
[    0.77364]
[    0.77143]
[    0.76923]
[    0.76705]
[    0.76487]
[    0.76271]
[    0.76056]
[    0.75843]
[     0.7563]
[    0.75419]
[    0.75209]
[       0.75]
[    0.74792]
[    0.74586]
[     0.7438]
[    0.74176]
[    0.73973]
[     0.7377]
[    0.73569]
[     0.7337]
[    0.73171]
[    0.72973]
[    0.72776]
[    0.72581]
[    0.72386]
[    0.72193]
[       0.72]
[    0.71809]
[    0.71618]
[    0.71429]
[     0.7124]
[    0.71053]
[    0.70866]
[    0.70681]
[    0.70496]
[    0.70312]
[     0.7013]
[    0.69948]
[    0.69767]
[    0.69588]
[    0.69409]
[    0.69231]
[    0.69054]
[    0.68878]
[    0.68702]
[    0.68528]
[    0.68354]
[    0.68182]
[     0.6801]
[    0.67839]
[    0.67669]
[      0.675]
[    0.67332]
[    0.67164]
[    0.66998]
[    0.66832]
[    0.66667]
[    0.66502]
[    0.66339]
[    0.66176]
[    0.66015]
[    0.65854]
[    0.65693]
[    0.65534]
[    0.65375]
[    0.65217]
[     0.6506]
[    0.64904]
[    0.64748]
[    0.64593]
[    0.64439]
[    0.64286]
[    0.64133]
[    0.63981]
[     0.6383]
[    0.63679]
[    0.63529]
[     0.6338]
[    0.63232]
[    0.63084]
[    0.62937]
[    0.62791]
[    0.62645]
[      0.625]
[    0.62356]
[    0.62212]
[    0.62069]
[    0.61927]
[    0.61785]
[    0.61644]
[    0.61503]
[    0.61364]
[    0.61224]
[    0.61086]
[    0.60948]
[    0.60811]
[    0.60674]
[    0.60538]
[    0.60403]
[    0.60268]
[    0.60134]
[        0.6]
[    0.59867]
[    0.59735]
[    0.59603]
[    0.59471]
[    0.59341]
[    0.59211]
[    0.59081]
[    0.58952]
[    0.58824]
[    0.58696]
[    0.58568]
[    0.58442]
[    0.58315]
[     0.5819]
[    0.58065]
[     0.5794]
[    0.57816]
[    0.57692]
[    0.57569]
[    0.57447]
[    0.57325]
[    0.57203]
[    0.57082]
