[          1]
[          1]
[          1]
[          1]
[          1]
[    0.83333]
[    0.85714]
[      0.875]
[    0.88889]
[        0.9]
[    0.90909]
[    0.91667]
[    0.92308]
[    0.92857]
[    0.93333]
[     0.9375]
[    0.94118]
[    0.94444]
[    0.94737]
[        0.9]
[    0.90476]
[    0.90909]
[    0.91304]
[    0.91667]
[       0.92]
[    0.92308]
[    0.92593]
[    0.92857]
[    0.93103]
[    0.93333]
[    0.90323]
[    0.90625]
[    0.90909]
[    0.91176]
[    0.91429]
[    0.91667]
[    0.91892]
[    0.89474]
[    0.89744]
[        0.9]
[    0.90244]
[    0.90476]
[    0.90698]
[    0.90909]
[    0.91111]
[    0.91304]
[    0.91489]
[    0.89583]
[    0.89796]
[        0.9]
[    0.90196]
[    0.90385]
[    0.88679]
[    0.88889]
[    0.89091]
[    0.89286]
[    0.89474]
[    0.87931]
[    0.88136]
[    0.88333]
[    0.86885]
[    0.85484]
[    0.84127]
[    0.84375]
[    0.84615]
[    0.83333]
[    0.83582]
[    0.82353]
[    0.82609]
[    0.81429]
[    0.80282]
[    0.79167]
[    0.79452]
[    0.78378]
[    0.77333]
[    0.76316]
[    0.76623]
[    0.75641]
[    0.75949]
[     0.7625]
[    0.75309]
[     0.7439]
[    0.73494]
[     0.7381]
[    0.72941]
[    0.72093]
[    0.71264]
[    0.70455]
[    0.69663]
[    0.68889]
[    0.69231]
[    0.68478]
[    0.67742]
[    0.67021]
[    0.67368]
[    0.67708]
[     0.6701]
[    0.66327]
[    0.66667]
[       0.66]
[    0.66337]
[    0.65686]
[    0.66019]
[    0.66346]
[    0.65714]
[    0.65094]
[    0.65421]
[    0.64815]
[    0.65138]
[    0.64545]
[    0.63964]
[    0.64286]
[    0.63717]
[    0.64035]
[    0.63478]
[    0.63793]
[    0.64103]
[    0.64407]
[    0.64706]
[    0.64167]
[    0.64463]
[    0.64754]
[    0.65041]
[    0.64516]
[       0.64]
[    0.64286]
[     0.6378]
[    0.63281]
[    0.62791]
[    0.62308]
[    0.61832]
[    0.61364]
[    0.60902]
[    0.60448]
[        0.6]
[    0.59559]
[    0.59124]
[     0.5942]
[    0.58993]
[    0.58571]
[    0.58156]
[    0.58451]
[    0.58741]
[    0.58333]
[    0.57931]
[    0.57534]
[    0.57143]
[    0.56757]
[    0.56376]
[       0.56]
[    0.55629]
[    0.55263]
[    0.54902]
[    0.55195]
[    0.54839]
[    0.54487]
[     0.5414]
[    0.53797]
[    0.53459]
[    0.53125]
[    0.52795]
[    0.52469]
[    0.52147]
[    0.52439]
[    0.52121]
[    0.51807]
[    0.51497]
[     0.5119]
[    0.50888]
[    0.50588]
[    0.50292]
[        0.5]
[    0.49711]
[    0.49425]
[    0.49143]
[    0.48864]
[    0.49153]
[    0.48876]
[    0.48603]
[    0.48333]
[    0.48066]
[    0.47802]
[    0.47541]
[    0.47283]
[    0.47027]
[    0.46774]
[    0.46524]
[    0.46277]
[    0.46032]
[    0.45789]
[     0.4555]
[    0.45312]
[    0.45078]
[    0.44845]
[    0.44615]
[    0.44388]
[    0.44162]
[    0.43939]
[    0.44221]
[       0.44]
[    0.43781]
[    0.43564]
[     0.4335]
[    0.43137]
[    0.43415]
[    0.43204]
[    0.42995]
[    0.42788]
[    0.42584]
[    0.42857]
[    0.42654]
[    0.42453]
[    0.42254]
[    0.42056]
[    0.42326]
[     0.4213]
[    0.41935]
[    0.41743]
[    0.41553]
[    0.41364]
[    0.41176]
[    0.40991]
[    0.40807]
[    0.40625]
[    0.40444]
[    0.40265]
[    0.40088]
[    0.39912]
[    0.39738]
[    0.39565]
[    0.39394]
[    0.39655]
[    0.39485]
[    0.39316]
[    0.39149]
[    0.38983]
[    0.38819]
[    0.38655]
[    0.38494]
[    0.38333]
[    0.38174]
[    0.38017]
[     0.3786]
[    0.37705]
[    0.37551]
[    0.37398]
[    0.37247]
[    0.37097]
[    0.36948]
[      0.368]
[    0.36653]
[    0.36508]
[    0.36364]
[     0.3622]
[    0.36078]
[    0.35938]
[    0.35798]
[    0.35659]
[    0.35521]
[    0.35385]
[    0.35249]
[    0.35115]
[    0.34981]
[    0.34848]
[    0.34717]
[    0.34586]
[    0.34831]
[    0.34701]
[    0.34572]
[    0.34444]
[    0.34317]
[    0.34191]
[    0.34066]
[    0.33942]
[    0.33818]
[    0.33696]
[    0.33574]
[    0.33453]
[    0.33333]
[    0.33214]
[    0.33096]
[    0.32979]
[    0.32862]
[    0.32746]
[    0.32632]
[    0.32517]
[    0.32404]
[    0.32292]
[     0.3218]
[    0.32069]
[    0.31959]
[    0.31849]
[    0.31741]
[    0.31633]
[    0.31525]
[    0.31419]
[    0.31313]
[    0.31208]
[    0.31104]
[       0.31]
[    0.30897]
[    0.30795]
[    0.30693]
[    0.30592]
[    0.30492]
[    0.30392]
[    0.30293]
[    0.30195]
[    0.30097]
[        0.3]
[    0.29904]
[    0.29808]
[    0.29712]
[    0.29618]
[    0.29524]
[     0.2943]
[    0.29338]
[    0.29245]
[    0.29154]
[    0.29063]
[    0.28972]
[    0.28882]
[    0.28793]
[    0.28704]
[    0.28615]
[    0.28528]
[     0.2844]
[    0.28354]
[    0.28267]
[    0.28182]
[    0.28097]
[    0.28012]
[    0.27928]
[    0.27844]
[    0.27761]
[    0.27679]
[    0.27596]
[    0.27515]
[    0.27434]
[    0.27353]
[    0.27273]
[    0.27193]
[    0.27114]
[    0.27035]
[    0.26957]
[    0.26879]
[    0.26801]
[    0.27011]
[    0.26934]
[    0.26857]
[    0.26781]
[    0.26705]
[    0.26629]
[    0.26554]
[    0.26479]
[    0.26404]
[    0.26331]
[    0.26257]
[    0.26184]
[    0.26111]
[    0.26039]
[    0.26243]
[    0.26171]
[    0.26099]
[    0.26027]
[    0.25956]
[    0.25886]
[    0.25815]
[    0.25745]
[    0.25676]
[    0.25606]
[    0.25538]
[    0.25469]
[    0.25401]
[    0.25333]
[    0.25266]
[    0.25199]
[    0.25132]
[    0.25066]
[       0.25]
[    0.24934]
[    0.24869]
[    0.24804]
[       0.25]
[    0.24935]
[     0.2487]
[    0.24806]
[    0.24742]
[    0.24679]
[    0.24615]
[    0.24552]
[     0.2449]
[    0.24427]
[    0.24365]
[    0.24304]
[    0.24242]
[    0.24181]
[    0.24121]
[    0.24311]
[     0.2425]
[     0.2419]
[    0.24129]
[    0.24069]
[     0.2401]
[    0.23951]
[    0.23892]
[    0.23833]
[    0.23775]
[    0.23716]
[    0.23659]
[    0.23601]
[    0.23544]
[    0.23487]
[     0.2343]
[    0.23373]
[    0.23317]
[    0.23261]
[    0.23206]
[     0.2315]
[    0.23095]
[     0.2304]
[    0.22986]
[    0.22931]
[    0.22877]
[    0.22824]
[     0.2277]
[    0.22717]
[    0.22664]
[    0.22611]
[    0.22558]
[    0.22506]
[    0.22454]
[    0.22402]
[     0.2235]
[    0.22299]
[    0.22248]
[    0.22197]
[    0.22146]
[    0.22096]
[    0.22045]
[    0.21995]
[    0.21946]
[    0.21896]
[    0.21847]
[    0.21798]
[    0.21749]
[      0.217]
[    0.21652]
[    0.21604]
[    0.21556]
[    0.21508]
[     0.2146]
[    0.21413]
[    0.21366]
[    0.21319]
[    0.21272]
[    0.21225]
[    0.21179]
[    0.21133]
[    0.21087]
[    0.21041]
[    0.20996]
[     0.2095]
[    0.20905]
[     0.2086]
[    0.20815]
[    0.20771]
[     0.2094]
[    0.20896]
[    0.20851]
[    0.20807]
[    0.20763]
[    0.20719]
[    0.20675]
[    0.20632]
[    0.20588]
[    0.20545]
[    0.20502]
[    0.20459]
[    0.20417]
[    0.20374]
[    0.20332]
[     0.2029]
[    0.20248]
[    0.20206]
[    0.20165]
[    0.20123]
[    0.20082]
[    0.20041]
[        0.2]
[    0.19959]
[    0.19919]
[    0.19878]
[    0.19838]
[    0.19798]
[    0.19758]
[    0.19718]
[    0.19679]
[    0.19639]
[      0.196]
[    0.19561]
[    0.19522]
[    0.19483]
[    0.19444]
[    0.19406]
[    0.19368]
[    0.19329]
[    0.19291]
[    0.19253]
[    0.19216]
[    0.19178]
[    0.19141]
[    0.19103]
[    0.19066]
[    0.19029]
[    0.18992]
[    0.18956]
[    0.18919]
[    0.18882]
[    0.18846]
[     0.1881]
[    0.18774]
[    0.18738]
[    0.18702]
[    0.18667]
[    0.18631]
[    0.18596]
[    0.18561]
[    0.18526]
[    0.18491]
[    0.18456]
[    0.18421]
[    0.18386]
[    0.18352]
[    0.18318]
[    0.18284]
[     0.1825]
[    0.18216]
[    0.18182]
[    0.18148]
[    0.18115]
[    0.18081]
[    0.18048]
[    0.18015]
[    0.17982]
[    0.17949]
[    0.17916]
[    0.17883]
[    0.17851]
[    0.17818]
[    0.17786]
[    0.17754]
[    0.17722]
[     0.1769]
[    0.17658]
[    0.17626]
[    0.17594]
[    0.17563]
[    0.17531]
[      0.175]
[    0.17469]
[    0.17438]
[    0.17407]
[    0.17376]
[    0.17345]
[    0.17314]
[    0.17284]
[    0.17254]
[    0.17223]
[    0.17193]
[    0.17163]
[    0.17133]
[    0.17103]
[    0.17073]
[    0.17043]
[    0.17014]
[    0.16984]
[    0.16955]
[    0.16926]
[    0.16897]
[    0.16867]
[    0.16838]
[     0.1681]
[    0.16781]
[    0.16752]
[    0.16724]
[    0.16695]
[    0.16667]
[    0.16638]
[     0.1661]
[    0.16582]
[    0.16554]
[    0.16526]
[    0.16498]
[    0.16471]
[    0.16443]
[    0.16415]
[    0.16388]
[    0.16361]
[    0.16333]
[    0.16306]
[    0.16279]
[    0.16252]
[    0.16225]
[    0.16198]
[    0.16172]
[    0.16145]
[    0.16118]
[    0.16092]
[     0.1623]
[    0.16203]
[    0.16176]
[     0.1615]
[    0.16124]
[    0.16098]
[    0.16071]
[    0.16045]
[    0.16019]
[    0.15994]
[    0.15968]
[    0.15942]
[    0.15916]
[    0.15891]
[    0.15865]
[     0.1584]
[    0.15815]
[    0.15789]
[    0.15764]
[    0.15739]
[    0.15714]
[    0.15689]
[    0.15665]
[     0.1564]
[    0.15615]
[    0.15591]
[    0.15566]
[    0.15542]
[    0.15517]
[    0.15493]
[    0.15469]
[    0.15445]
[    0.15421]
[    0.15397]
[    0.15373]
[    0.15349]
[    0.15325]
[    0.15301]
[    0.15278]
[    0.15254]
[    0.15231]
[    0.15207]
[    0.15184]
[    0.15161]
[    0.15138]
[    0.15115]
[    0.15091]
[    0.15068]
[    0.15046]
[    0.15023]
[       0.15]
[    0.14977]
[    0.14955]
[    0.14932]
[     0.1491]
[    0.14887]
[    0.14865]
[    0.14843]
[     0.1482]
[    0.14798]
[    0.14776]
[    0.14754]
[    0.14732]
[     0.1471]
[    0.14688]
[    0.14667]
[    0.14645]
[    0.14623]
[    0.14602]
[     0.1458]
[    0.14559]
[    0.14537]
[    0.14516]
[    0.14495]
[    0.14474]
[    0.14453]
[    0.14431]
[     0.1441]
[     0.1439]
[    0.14369]
[    0.14348]
[    0.14327]
[    0.14306]
[    0.14286]
[    0.14265]
[    0.14245]
[    0.14224]
[    0.14204]
[    0.14183]
[    0.14163]
[    0.14143]
[    0.14123]
[    0.14103]
[    0.14083]
[    0.14062]
[    0.14043]
[    0.14023]
[    0.14003]
[    0.13983]
[    0.13963]
[    0.13944]
[    0.13924]
[    0.13904]
[    0.13885]
[    0.13866]
[    0.13846]
[    0.13827]
[    0.13808]
[    0.13788]
[    0.13769]
[     0.1375]
[    0.13731]
[    0.13712]
[    0.13693]
[    0.13674]
[    0.13655]
[    0.13636]
[    0.13618]
[    0.13599]
[     0.1358]
[    0.13562]
[    0.13543]
[    0.13525]
[    0.13506]
[    0.13488]
[    0.13469]
[    0.13451]
[    0.13433]
[    0.13415]
[    0.13396]
[    0.13378]
[     0.1336]
[    0.13342]
[    0.13324]
[    0.13306]
[    0.13289]
[    0.13271]
[    0.13253]
[    0.13235]
[    0.13218]
[      0.132]
[    0.13182]
[    0.13165]
[    0.13147]
[     0.1313]
[    0.13113]
[    0.13095]
[    0.13078]
[    0.13061]
[    0.13043]
[    0.13026]
[    0.13009]
[    0.12992]
[    0.12975]
[    0.12958]
[    0.12941]
[    0.12924]
[    0.12907]
[    0.12891]
[    0.12874]
[    0.12857]
[     0.1284]
[    0.12824]
[    0.12807]
[    0.12791]
[    0.12774]
[    0.12758]
[    0.12741]
[    0.12725]
[    0.12709]
[    0.12692]
[    0.12676]
[     0.1266]
[    0.12644]
[    0.12628]
[    0.12611]
[    0.12595]
[    0.12579]
[    0.12563]
[    0.12548]
[    0.12532]
[    0.12516]
[      0.125]
[    0.12484]
[    0.12469]
[    0.12453]
[    0.12437]
[    0.12422]
[    0.12406]
[     0.1239]
[    0.12375]
[     0.1236]
[    0.12344]
[    0.12329]
[    0.12313]
[    0.12298]
[    0.12283]
[    0.12268]
[    0.12252]
[    0.12237]
[    0.12222]
[    0.12207]
[    0.12192]
[    0.12177]
[    0.12162]
[    0.12147]
[    0.12132]
[    0.12118]
[    0.12103]
[    0.12088]
[    0.12073]
[    0.12058]
[    0.12044]
[    0.12029]
[    0.12015]
[       0.12]
[    0.11985]
[    0.11971]
[    0.11957]
[    0.11942]
[    0.11928]
[    0.11913]
[    0.11899]
[    0.11885]
[    0.11871]
[    0.11856]
[    0.11842]
[    0.11828]
[    0.11814]
[      0.118]
[    0.11786]
[    0.11772]
[    0.11758]
[    0.11744]
[     0.1173]
[    0.11716]
[    0.11702]
[    0.11688]
[    0.11675]
[    0.11661]
[    0.11647]
[    0.11633]
[     0.1162]
[    0.11606]
[    0.11593]
[    0.11579]
[    0.11565]
[    0.11552]
[    0.11538]
[    0.11525]
[    0.11512]
[    0.11498]
[    0.11485]
[    0.11472]
[    0.11458]
[    0.11445]
[    0.11432]
[    0.11419]
[    0.11406]
[    0.11392]
[    0.11379]
[    0.11366]
[    0.11353]
[     0.1134]
[    0.11327]
[    0.11314]
[    0.11301]
[    0.11288]
[    0.11276]
[    0.11263]
[     0.1125]
[    0.11237]
[    0.11224]
[    0.11212]
[    0.11199]
[    0.11186]
[    0.11174]
[    0.11161]
[    0.11149]
[    0.11136]
[    0.11124]
[    0.11111]
[    0.11099]
[    0.11086]
[    0.11074]
[    0.11061]
[    0.11049]
[    0.11037]
[    0.11024]
[    0.11012]
[       0.11]
[    0.10988]
[    0.10976]
[    0.10963]
[    0.10951]
[    0.10939]
[    0.10927]
[    0.10915]
[    0.10903]
[    0.10891]
[    0.10879]
[    0.10867]
[    0.10855]
[    0.10843]
[    0.10832]
[     0.1082]
[    0.10808]
[    0.10796]
[    0.10784]
[    0.10773]
[    0.10761]
[    0.10749]
[    0.10738]
[    0.10726]
[    0.10714]
[    0.10703]
[    0.10691]
[     0.1068]
[    0.10668]
[    0.10657]
[    0.10645]
[    0.10634]
[    0.10622]
[    0.10611]
[      0.106]
[    0.10588]
[    0.10577]
[    0.10566]
[    0.10554]
[    0.10543]
[    0.10532]
[    0.10521]
[     0.1051]
[    0.10498]
[    0.10487]
[    0.10476]
[    0.10465]
[    0.10454]
[    0.10443]
[    0.10432]
[    0.10421]
[    0.10515]
[    0.10504]
[    0.10493]
[    0.10482]
[    0.10471]
[     0.1046]
[    0.10449]
[    0.10438]
[    0.10428]
[    0.10417]
[    0.10406]
[    0.10395]
[    0.10384]
[    0.10373]
[    0.10363]
[    0.10352]
[    0.10341]
[    0.10331]
[     0.1032]
[    0.10309]
[    0.10299]
[    0.10288]
[    0.10277]
[    0.10267]
[    0.10256]
[    0.10246]
[    0.10235]
[    0.10225]
[    0.10215]
[    0.10204]
[    0.10194]
[    0.10183]
[    0.10173]
[    0.10163]
[    0.10152]
[    0.10142]
[    0.10132]
[    0.10121]
[    0.10111]
[    0.10101]
[    0.10091]
[    0.10081]
[     0.1007]
[     0.1006]
[     0.1005]
[     0.1004]
[     0.1003]
[     0.1002]
[     0.1001]
[        0.1]
[     0.0999]
[     0.0998]
[   0.099701]
[   0.099602]
[   0.099502]
[   0.099404]
[   0.099305]
[   0.099206]
[   0.099108]
[    0.09901]
[   0.098912]
[   0.098814]
[   0.098717]
[   0.098619]
[   0.098522]
[   0.098425]
[   0.098328]
[   0.098232]
[   0.098135]
[   0.098039]
[   0.097943]
[   0.097847]
[   0.097752]
[   0.097656]
[   0.097561]
[   0.097466]
[   0.097371]
[   0.097276]
[   0.097182]
[   0.097087]
[   0.096993]
[   0.096899]
[   0.096805]
[   0.096712]
[   0.096618]
[   0.096525]
[   0.096432]
[   0.096339]
[   0.096246]
[   0.096154]
[   0.096061]
[   0.095969]
[   0.095877]
[   0.095785]
[   0.095694]
[   0.095602]
[   0.095511]
[    0.09542]
[   0.095329]
[   0.095238]
[   0.095147]
[   0.095057]
[   0.094967]
[   0.094877]
[   0.094787]
[   0.094697]
[   0.094607]
[   0.094518]
[   0.094429]
[    0.09434]
[   0.094251]
[   0.094162]
[   0.094073]
[   0.093985]
[   0.093897]
[   0.093809]
[   0.093721]
[   0.093633]
[   0.093545]
[   0.093458]
[   0.093371]
[   0.093284]
[   0.093197]
[    0.09311]
[   0.093023]
[   0.092937]
[   0.092851]
[   0.092764]
[   0.092678]
[   0.092593]
[   0.092507]
[   0.092421]
[   0.092336]
[   0.092251]
[   0.092166]
[   0.092081]
[   0.091996]
[   0.091912]
[   0.091827]
[   0.091743]
[   0.091659]
[   0.091575]
[   0.091491]
[   0.091408]
[   0.091324]
[   0.091241]
[   0.091158]
[   0.091075]
[   0.090992]
[   0.090909]
[   0.090827]
[   0.090744]
[   0.090662]
[    0.09058]
[   0.090498]
[   0.090416]
[   0.090334]
[   0.090253]
[   0.090171]
[    0.09009]
[   0.090009]
[   0.089928]
[   0.089847]
[   0.089767]
[   0.089686]
[   0.089606]
[   0.089526]
[   0.089445]
[   0.089366]
[   0.089286]
[   0.089206]
[   0.089127]
[   0.089047]
[   0.088968]
[   0.088889]
[    0.08881]
[   0.088731]
[   0.088652]
[   0.088574]
[   0.088496]
[   0.088417]
[   0.088339]
[   0.088261]
[   0.088183]
[   0.088106]
[   0.088028]
[   0.087951]
[   0.087873]
[   0.087796]
[   0.087719]
[   0.087642]
[   0.087566]
[   0.087489]
[   0.087413]
[   0.087336]
[    0.08726]
[   0.087184]
[   0.087108]
[   0.087032]
[   0.086957]
[   0.086881]
[   0.086806]
[    0.08673]
[   0.086655]
[    0.08658]
[   0.086505]
[    0.08643]
[   0.086356]
[   0.086281]
[   0.086207]
[   0.086133]
[   0.086059]
[   0.085985]
[   0.085911]
[   0.085837]
[   0.085763]
[    0.08569]
[   0.085616]
[   0.085543]
[    0.08547]
[   0.085397]
[   0.085324]
[   0.085251]
[   0.085179]
[   0.085106]
[   0.085034]
[   0.084962]
[    0.08489]
[   0.084818]
[   0.084746]
[   0.084674]
[   0.084602]
[   0.084531]
[   0.084459]
[   0.084388]
[   0.084317]
[   0.084246]
[   0.084175]
[   0.084104]
[   0.084034]
[   0.083963]
[   0.083893]
[   0.083822]
[   0.083752]
[   0.083682]
[   0.083612]
[   0.083542]
[   0.083472]
[   0.083403]
[   0.083333]
[   0.083264]
[   0.083195]
[   0.083126]
[   0.083056]
[   0.082988]
[   0.082919]
[    0.08285]
[   0.082781]
[   0.082713]
[   0.082645]
[   0.082576]
[   0.082508]
[    0.08244]
[   0.082372]
[   0.082305]
[   0.082237]
[   0.082169]
[   0.082102]
[   0.082034]
[   0.081967]
[     0.0819]
[   0.081833]
[   0.081766]
[   0.081699]
[   0.081633]
[   0.081566]
[     0.0815]
[   0.081433]
[   0.081367]
[   0.081301]
[   0.081235]
[   0.081169]
[   0.081103]
[   0.081037]
[   0.080972]
[   0.080906]
[   0.080841]
[   0.080775]
[    0.08071]
[   0.080645]
[    0.08058]
[   0.080515]
[   0.080451]
[   0.080386]
[   0.080321]
[   0.080257]
[   0.080192]
[   0.080128]
[   0.080064]
[       0.08]
[   0.079936]
[   0.079872]
[   0.079808]
[   0.079745]
[   0.079681]
[   0.079618]
[   0.079554]
[   0.079491]
[   0.079428]
[   0.079365]
[   0.079302]
[   0.079239]
[   0.079177]
[   0.079114]
[   0.079051]
[   0.078989]
[   0.078927]
[   0.078864]
[   0.078802]
[    0.07874]
[   0.078678]
[   0.078616]
[   0.078555]
[   0.078493]
[   0.078431]
[    0.07837]
[   0.078309]
[   0.078247]
[   0.078186]
[   0.078125]
[   0.078064]
[   0.078003]
[   0.077942]
[   0.077882]
[   0.077821]
[    0.07776]
[     0.0777]
[    0.07764]
[    0.07758]
[   0.077519]
[   0.077459]
[   0.077399]
[    0.07734]
[   0.078053]
[   0.077992]
[   0.077932]
[   0.077872]
[   0.077812]
[   0.077752]
[   0.077692]
[   0.077633]
[   0.077573]
[   0.077513]
[   0.077454]
[   0.077395]
[   0.077335]
[   0.077276]
[   0.077217]
[   0.077158]
[   0.077099]
[    0.07704]
[   0.076982]
[   0.076923]
[   0.076865]
[   0.076806]
[   0.076748]
[   0.076689]
[   0.076631]
[   0.076573]
[   0.076515]
[   0.076457]
[   0.076399]
[   0.076342]
[   0.076284]
[   0.076226]
[   0.076169]
[   0.076112]
[   0.076054]
[   0.075997]
[    0.07594]
[   0.075883]
[   0.075826]
[   0.075769]
[   0.075712]
[   0.075655]
[   0.075599]
[   0.075542]
[   0.075486]
[   0.075429]
[   0.075373]
[   0.075317]
[   0.075261]
[   0.075205]
[   0.075149]
[   0.075093]
[   0.075037]
[   0.074981]
[   0.074926]
[    0.07487]
[   0.074815]
[   0.074759]
[   0.074704]
[   0.074649]
[   0.074594]
[   0.074539]
[   0.074484]
[   0.074429]
[   0.074374]
[   0.074319]
[   0.074265]
[    0.07421]
[   0.074156]
[   0.074101]
[   0.074047]
[   0.073993]
[   0.073939]
[   0.073884]
[    0.07383]
[   0.073776]
[   0.073723]
[   0.073669]
[   0.073615]
[   0.073562]
[   0.073508]
[   0.073455]
[   0.073401]
[   0.073348]
[   0.073295]
[   0.073241]
[   0.073188]
[   0.073135]
[   0.073082]
[    0.07303]
[   0.072977]
[   0.072924]
[   0.072872]
[   0.072819]
[   0.072767]
[   0.072714]
[   0.072662]
[    0.07261]
[   0.072557]
[   0.072505]
[   0.072453]
[   0.072401]
[    0.07235]
[   0.072298]
[   0.072246]
[   0.072194]
[   0.072143]
[   0.072091]
[    0.07204]
[   0.071989]
[   0.071937]
[   0.071886]
[   0.071835]
[   0.071784]
[   0.071733]
[   0.071682]
[   0.071631]
[    0.07158]
[    0.07153]
[   0.071479]
[   0.071429]
[   0.071378]
[   0.071328]
[   0.071277]
[   0.071227]
[   0.071177]
[   0.071127]
[   0.071077]
[   0.071027]
[   0.070977]
[   0.070927]
[   0.070877]
[   0.070827]
[   0.070778]
[   0.070728]
[   0.070679]
[   0.070629]
[    0.07058]
[   0.070531]
[   0.070482]
[   0.070432]
[   0.070383]
[   0.070334]
[   0.070285]
[   0.070236]
[   0.070188]
[   0.070139]
[    0.07009]
[   0.070042]
[   0.069993]
[   0.069945]
[   0.069896]
[   0.069848]
[     0.0698]
[   0.069751]
[   0.069703]
[   0.069655]
[   0.069607]
[   0.069559]
[   0.069511]
[   0.069464]
[   0.069416]
[   0.069368]
[   0.069321]
[   0.069273]
[   0.069225]
