[    0.80328     0.35443     0.50242     0.59277     0.62222     0.49292           0           0           0           0           0     0.40442           0           0           0]
[     0.8487     0.68766     0.83413           0]
[    0.90012     0.73552     0.53906     0.48482           0     0.80733     0.67754     0.55692     0.31383     0.24102     0.46768     0.60302     0.52267     0.31793      0.5255      0.2652     0.62378     0.89205     0.56951     0.45818     0.72178     0.61437     0.52373     0.31715     0.45515           0
           0     0.45937     0.54394           0     0.69279     0.45403     0.66861    0.081524]
[    0.82254     0.67039     0.36111     0.57829     0.59415     0.78683     0.35382]
[    0.74516     0.62842     0.73599    0.086381     0.33433]
[    0.72366     0.65084     0.70538     0.57111     0.76701     0.42531     0.79236           0     0.47968       0.429           0     0.28317     0.23268     0.19315  0.00086725     0.34439           0      0.4143      0.5319     0.56041           0           0]
[    0.92346           0           0           0     0.60515           0           0           0           0           0           0           0           0           0           0           0           0           0           0           0]
[    0.82632     0.58929     0.57309     0.55195     0.66936     0.68083    0.082156   0.0014103           0           0           0]
[    0.74826     0.79099           0           0      0.4136           0     0.63214]
[    0.78917     0.59427     0.68624           0           0           0           0     0.65866     0.37715           0]
[    0.42099     0.54983     0.20212     0.33341           0           0           0     0.60331     0.39448]
[    0.58713     0.61072     0.65565     0.53673     0.61264     0.19414     0.26079      0.5562           0     0.28979           0]
[    0.82039     0.89118     0.77477     0.75857           0]
[     0.7405     0.37698      0.6531     0.43159     0.62107     0.54727     0.44232     0.28776     0.67739           0           0     0.54582           0     0.54801           0     0.29863      0.7243           0           0     0.35326      0.3293           0           0           0]
[     0.6235     0.82139     0.67343           0     0.47263     0.55658     0.63545           0     0.49967           0           0     0.67597           0      0.5927     0.48299           0           0     0.73767     0.63935           0]
[    0.86775     0.80049     0.79405     0.79429     0.85018     0.69554           0     0.47146           0           0     0.87665      0.4848           0]
[    0.70588      0.5642     0.80461     0.62051     0.23624     0.64621     0.11544     0.57931      0.5526     0.59732     0.81089           0           0]
[    0.75539     0.69527     0.72622     0.73284     0.59186     0.81447     0.64756           0           0     0.67459     0.68537           0]
[    0.77702     0.73243     0.82714     0.60432     0.66255     0.90431     0.79434     0.69799     0.37658     0.35069           0     0.62878     0.48215     0.68552     0.18064     0.28871     0.16293     0.79935     0.66752     0.81735           0     0.77661           0]
[    0.82616           0           0           0     0.93397     0.60296           0           0           0           0           0           0     0.38064     0.67111           0]
[    0.50274           0           0     0.52323           0     0.71098           0           0     0.25812]
[    0.71122     0.77034      0.5091     0.62385           0      0.8034]
[     0.7214     0.81201     0.90175     0.80563     0.42818     0.11152           0           0     0.32725]
[    0.92843           0           0      0.9069           0]
[    0.90531     0.81915     0.94281     0.54391     0.88362]
[    0.87052     0.87652           0]
[    0.83865     0.87998     0.87682           0           0     0.19423     0.21149     0.84244     0.81494      0.2295           0     0.42777           0           0     0.39579     0.30358]
[    0.87865           0           0     0.47194           0           0           0           0           0           0           0     0.71073           0           0           0           0           0           0           0           0           0           0]
[     0.6908     0.77196     0.82071     0.67535     0.34176     0.57752     0.68915           0     0.55985     0.71097     0.56721           0           0           0]
[    0.85884     0.82124     0.83401           0     0.54333     0.92356           0     0.92537     0.61589           0           0           0           0     0.78737]
[    0.86411           0           0]
[    0.90087           0           0           0           0     0.41238           0]
[    0.61385     0.50202     0.73917     0.44308           0     0.49399           0]
[    0.80709     0.81855     0.75126     0.69975      0.4296     0.73489     0.49502           0     0.72053     0.79993     0.77872     0.31151]
[    0.86358     0.81365           0           0           0           0           0           0           0           0           0           0           0           0]
[    0.24079     0.57635           0           0           0           0     0.35933           0     0.44196           0           0           0           0           0           0           0           0           0      0.2566]
[    0.67354      0.8523     0.93099           0           0     0.84712     0.31851           0     0.58792           0           0           0     0.89854           0           0           0           0           0           0           0           0           0           0     0.56165           0]
[    0.80247     0.84233     0.87571     0.83026]
[    0.73661     0.73682     0.59277     0.61453     0.44193           0     0.69718           0           0     0.40971     0.15047           0]
[    0.57096     0.58905     0.59286     0.54618           0           0           0     0.24373   0.0038987     0.60551           0]
[    0.73898     0.90242     0.83746     0.75208     0.59421     0.74148]
[    0.80353     0.78856     0.74133     0.63873     0.40709           0           0      0.7372           0      0.2863]
[    0.82894           0           0]
[    0.85224     0.76301     0.86133           0           0           0     0.61112     0.72862     0.42409           0           0           0     0.31261]
[    0.89761     0.81587     0.76639     0.86142     0.88227     0.84456     0.78448           0     0.73899           0           0     0.39856]
[     0.7428     0.98277     0.71996     0.67713     0.45144     0.24405     0.34431     0.39375     0.63286           0     0.53916      0.5964     0.66152     0.86233      0.3083     0.66158           0     0.52157           0]
[    0.70376     0.67763     0.70575     0.52259     0.72501     0.60006     0.71388           0]
[    0.84237     0.81782     0.27615           0           0           0]
[    0.83266     0.87335     0.89367     0.66904     0.57739           0     0.73308]
[    0.88789     0.87572     0.84527]
[    0.73769      0.5176      0.3793      0.3379     0.33639     0.31472           0           0]
[    0.73068     0.71697     0.77389           0           0           0     0.36556     0.35849           0           0           0           0]
[    0.81339     0.80883     0.60218       0.566           0]
[    0.65812     0.77582     0.52512     0.77133           0           0     0.49401     0.43708     0.75389           0     0.51421           0           0     0.43633     0.75882           0     0.25006     0.45759           0           0     0.43819           0]
[    0.89104     0.85004     0.79715     0.66962           0     0.29033           0     0.61789     0.73989           0           0]
[    0.73521     0.79871     0.85346     0.69824     0.75576      0.4617     0.69932     0.82884     0.69476     0.25706     0.35133     0.86583     0.35118     0.69894     0.46888]
[    0.73135     0.68735     0.65906     0.71506     0.76549     0.73285     0.46363]
[    0.85351     0.81451           0     0.85979     0.84429     0.24528     0.64259     0.55937    0.011547     0.40278     0.45487     0.40586     0.70424           0]
[    0.71048     0.72314     0.51761       0.636     0.48239           0           0           0           0]
[    0.80371     0.70306     0.89421     0.64023     0.56747     0.77933      0.3963     0.53109]
[    0.80969     0.85222     0.64995     0.68885     0.67906     0.66852     0.52419     0.36718     0.66878           0     0.53442]
[    0.55663     0.78623     0.72882           0           0     0.55547           0     0.82216           0     0.74891     0.63893     0.73029]
[    0.74551     0.80008     0.75395     0.75504     0.62276     0.72735           0     0.89081     0.33261]
[    0.67175           0     0.85484     0.62753     0.45836           0     0.67392     0.66327]
[    0.79821     0.54385           0     0.41186           0           0           0           0]
[    0.88612           0           0           0           0           0           0           0           0]
[    0.68962     0.53121     0.42537     0.25073     0.39339           0     0.78092     0.61557     0.53018     0.82748     0.47118           0     0.59787           0           0           0     0.83877]
[     0.7367     0.68096           0     0.74717     0.42964     0.79875     0.52397     0.55405           0           0     0.67203     0.47833     0.36166           0]
[    0.87796     0.73931     0.45744     0.54662           0           0     0.63516     0.27883     0.65381      0.7263           0           0]
[    0.69909     0.73517           0     0.75999      0.3122           0      0.6302     0.83633           0]
[    0.77779     0.76451     0.73726      0.5107           0           0           0           0]
[    0.62878     0.72839  0.00083862           0]
[    0.84439     0.77645     0.86891     0.77959     0.67655           0     0.88865     0.50812           0     0.82847           0     0.66032      0.2991     0.65762     0.42049]
[    0.80225     0.55926     0.59721     0.73592     0.61155     0.74837     0.77668     0.72044     0.69341     0.62025     0.76745     0.60015     0.86571     0.50619     0.49704     0.75075     0.49876     0.40739     0.81245           0     0.72931     0.83951           0           0]
[    0.84432           0           0           0           0    0.021454]
[     0.7441      0.5827     0.61887           0           0     0.58393           0           0           0           0           0           0           0           0     0.66485           0     0.65128           0           0           0           0     0.48926]
[    0.88812     0.82577      0.8766     0.86917     0.33627     0.87711    0.081638     0.89106      0.7669     0.70967]
[    0.91653     0.80509     0.86379     0.82297           0     0.32673     0.60945     0.83179     0.81379           0     0.78682           0     0.82169           0           0]
[    0.75278     0.84738           0     0.59229     0.57634           0           0     0.29969     0.38056           0]
[    0.76451     0.75981     0.57155     0.61047     0.51164     0.56691           0     0.46795]
[    0.75356     0.85643      0.8416     0.40008     0.64474     0.42066           0     0.47307     0.45315]
[    0.57976           0     0.45654     0.33577     0.25995           0    0.031229     0.48288     0.49664           0           0           0     0.51996     0.21787      0.3795           0     0.35188     0.41647           0     0.61263           0           0     0.23575           0           0     0.24768
           0           0           0           0     0.23153           0           0     0.21318           0]
[    0.85412     0.82937     0.81586     0.83416           0           0           0           0     0.84345           0           0        0.49     0.54586           0           0           0           0           0]
[    0.69076      0.8147     0.85129     0.72418     0.57841     0.62112     0.35696           0           0     0.70975     0.69599     0.38161           0      0.5755]
[    0.81911     0.65852     0.31924      0.7753   0.0039013           0     0.83857           0           0           0           0]
[    0.62389     0.82249     0.81131     0.84897     0.69308     0.64993     0.73506     0.70805     0.74439     0.48955     0.63227     0.88126     0.69358           0]
[    0.72046     0.64126     0.49078           0       0.745           0           0     0.64559]
[    0.70961     0.82191           0     0.58431           0           0           0]
[    0.70102     0.68233     0.31773           0           0           0     0.42719           0           0           0           0     0.40709           0           0           0]
[    0.75606     0.59339     0.86668     0.68368     0.59136           0     0.34314     0.36753     0.33661           0]
[     0.6667           0     0.62678     0.43281           0           0]
[    0.81455     0.92139      0.7324     0.59823      0.2779     0.19119           0     0.82942     0.46068     0.41647     0.73741]
[    0.91031      0.9121     0.91393           0           0           0           0           0]
[    0.71661     0.72939      0.5563     0.30358    0.089694     0.58082    0.083861           0           0     0.66895     0.18908           0]
[    0.88666     0.86889     0.69065     0.93996     0.75917     0.56387     0.76259     0.77754     0.59337     0.81922     0.92924     0.33566     0.67025      0.3597     0.49885     0.62473     0.19531     0.68835     0.56888     0.53632     0.82302       0.497     0.56293     0.82696     0.74256      0.8514
     0.56935     0.56869]
[    0.80031      0.6849     0.74448           0]
[     0.7269           0           0           0           0           0           0]
[    0.89761     0.81918     0.54785     0.42751     0.77134           0           0     0.72777           0           0]
[    0.87248     0.71711     0.75436     0.72741     0.72472           0           0     0.53134     0.62708           0     0.71072     0.59594     0.33319           0           0]
[    0.84341     0.91619     0.81675]
