[          1]
[          1]
[          1]
[          1]
[          1]
[          1]
[          1]
[          1]
[          1]
[          1]
[          1]
[          1]
[          1]
[          1]
[          1]
[          1]
[          1]
[          1]
[          1]
[          1]
[          1]
[          1]
[          1]
[          1]
[          1]
[          1]
[          1]
[          1]
[          1]
[          1]
[          1]
[          1]
[          1]
[          1]
[          1]
[          1]
[          1]
[          1]
[          1]
[          1]
[          1]
[          1]
[          1]
[          1]
[          1]
[          1]
[          1]
[          1]
[          1]
[          1]
[          1]
[          1]
[          1]
[          1]
[          1]
[          1]
[          1]
[          1]
[          1]
[          1]
[          1]
[          1]
[          1]
[          1]
[          1]
[          1]
[          1]
[          1]
[          1]
[          1]
[          1]
[          1]
[          1]
[          1]
[          1]
[          1]
[          1]
[          1]
[          1]
[          1]
[          1]
[          1]
[          1]
[          1]
[          1]
[          1]
[          1]
[          1]
[          1]
[          1]
[          1]
[          1]
[          1]
[          1]
[          1]
[          1]
[          1]
[          1]
[          1]
[          1]
[          1]
[          1]
[          1]
[          1]
[          1]
[          1]
[          1]
[          1]
[          1]
[          1]
[          1]
[          1]
[          1]
[          1]
[          1]
[          1]
[          1]
[          1]
[          1]
[          1]
[          1]
[          1]
[          1]
[          1]
[          1]
[          1]
[          1]
[          1]
[          1]
[          1]
[          1]
[          1]
[          1]
[          1]
[          1]
[          1]
[          1]
[          1]
[          1]
[          1]
[          1]
[          1]
[          1]
[          1]
[          1]
[          1]
[          1]
[          1]
[          1]
[          1]
[          1]
[          1]
[          1]
[          1]
[          1]
[          1]
[          1]
[          1]
[          1]
[          1]
[    0.99379]
[    0.99383]
[    0.99387]
[     0.9939]
[    0.99394]
[    0.99398]
[    0.99401]
[    0.99405]
[    0.99408]
[    0.99412]
[    0.99415]
[    0.99419]
[    0.99422]
[    0.99425]
[    0.99429]
[    0.99432]
[     0.9887]
[    0.98876]
[    0.98883]
[    0.98889]
[    0.98895]
[    0.98901]
[    0.98907]
[    0.98913]
[    0.98919]
[    0.98925]
[     0.9893]
[    0.98936]
[    0.98942]
[    0.98947]
[    0.98953]
[    0.98958]
[    0.98964]
[    0.98969]
[    0.98974]
[     0.9898]
[    0.98985]
[     0.9899]
[    0.98995]
[       0.99]
[    0.99005]
[     0.9901]
[    0.99015]
[     0.9902]
[    0.99024]
[    0.99029]
[    0.99034]
[    0.99038]
[    0.99043]
[    0.99048]
[    0.98578]
[    0.98585]
[    0.98592]
[    0.98598]
[    0.98605]
[    0.98611]
[    0.98618]
[    0.98624]
[     0.9863]
[    0.98636]
[    0.98643]
[    0.98649]
[    0.98655]
[    0.98661]
[    0.98667]
[    0.98673]
[    0.98678]
[    0.98684]
[     0.9869]
[    0.98261]
[    0.97835]
[    0.97845]
[    0.97854]
[    0.97863]
[    0.97872]
[    0.97881]
[     0.9789]
[    0.97899]
[    0.97908]
[    0.97917]
[    0.97925]
[    0.97934]
[    0.97531]
[    0.97131]
[    0.97143]
[    0.96748]
[    0.96761]
[    0.96774]
[    0.96787]
[      0.964]
[    0.96414]
[    0.96429]
[    0.96047]
[    0.96063]
[    0.96078]
[    0.96094]
[     0.9572]
[    0.95349]
[    0.95367]
[    0.95385]
[    0.95402]
[    0.95038]
[    0.95057]
[    0.95076]
[    0.95094]
[    0.95113]
[    0.94757]
[    0.94776]
[    0.94796]
[    0.94444]
[    0.94465]
[    0.94485]
[    0.94139]
[    0.94161]
[    0.93818]
[    0.93478]
[    0.93502]
[    0.93165]
[     0.9319]
[    0.92857]
[    0.92883]
[    0.92553]
[     0.9258]
[    0.92254]
[    0.92281]
[    0.91958]
[    0.91638]
[    0.91319]
[    0.91003]
[     0.9069]
[    0.90378]
[    0.90411]
[    0.90102]
[    0.89796]
[    0.89492]
[    0.89189]
[    0.88889]
[    0.88591]
[    0.88294]
[       0.88]
[    0.87708]
[    0.87417]
[    0.87459]
[    0.87171]
[    0.86885]
[    0.86601]
[    0.86319]
[    0.86364]
[    0.86084]
[    0.85806]
[    0.85852]
[    0.85577]
[    0.85304]
[     0.8535]
[    0.85079]
[     0.8481]
[    0.84543]
[    0.84277]
[    0.84013]
[     0.8375]
[    0.83489]
[     0.8323]
[    0.82972]
[    0.82716]
[    0.82462]
[    0.82209]
[    0.81957]
[    0.81707]
[    0.81459]
[    0.81212]
[    0.80967]
[    0.80723]
[     0.8048]
[     0.8024]
[        0.8]
[    0.79762]
[    0.79525]
[     0.7929]
[    0.79056]
[    0.78824]
[    0.78592]
[    0.78363]
[    0.78426]
[    0.78198]
[    0.77971]
[    0.77746]
[     0.7781]
[    0.77586]
[    0.77364]
[    0.77143]
[    0.76923]
[    0.76705]
[    0.76487]
[    0.76271]
[    0.76056]
[    0.75843]
[     0.7563]
[    0.75419]
[    0.75209]
[       0.75]
[    0.75069]
[    0.74862]
[    0.74656]
[    0.74451]
[    0.74247]
[    0.74044]
[    0.73842]
[    0.73641]
[    0.73442]
[    0.73243]
[    0.73046]
[    0.72849]
[    0.72654]
[     0.7246]
[    0.72267]
[    0.72074]
[    0.71883]
[    0.71693]
[    0.71504]
[    0.71316]
[    0.71129]
[    0.70942]
[    0.70757]
[    0.70573]
[     0.7039]
[    0.70207]
[    0.70026]
[    0.69845]
[    0.69666]
[    0.69487]
[    0.69309]
[    0.69133]
[    0.68957]
[    0.68782]
[    0.68608]
[    0.68434]
[    0.68262]
[     0.6809]
[     0.6792]
[       0.68]
[     0.6783]
[    0.67662]
[    0.67494]
[    0.67327]
[     0.6716]
[    0.66995]
[     0.6683]
[    0.66667]
[    0.66504]
[    0.66341]
[     0.6618]
[    0.66019]
[     0.6586]
[      0.657]
[    0.65542]
[    0.65385]
[    0.65228]
[    0.65072]
[    0.64916]
[    0.64762]
[    0.64608]
[    0.64455]
[    0.64303]
[    0.64151]
[       0.64]
[     0.6385]
[      0.637]
[    0.63551]
[    0.63403]
[    0.63256]
[    0.63109]
[    0.62963]
[    0.62818]
[    0.62673]
[    0.62529]
[    0.62385]
[    0.62243]
[      0.621]
[    0.61959]
[    0.61818]
[    0.61678]
[    0.61538]
[      0.614]
[    0.61261]
[    0.61124]
[    0.60987]
[     0.6085]
[    0.60714]
[    0.60579]
[    0.60444]
[     0.6031]
[    0.60177]
[    0.60044]
[    0.59912]
[     0.5978]
[    0.59649]
[    0.59519]
[    0.59389]
[    0.59259]
[     0.5913]
[    0.59002]
[    0.58874]
[    0.58747]
[    0.58621]
[    0.58495]
[    0.58369]
[    0.58244]
[     0.5812]
[    0.57996]
[    0.57872]
[    0.57749]
[    0.57627]
[    0.57505]
[    0.57384]
[    0.57263]
[    0.57143]
[    0.57023]
[    0.56904]
[    0.56785]
[    0.56667]
[    0.56549]
[    0.56432]
[    0.56315]
[    0.56198]
[    0.56082]
[    0.55967]
[    0.55852]
[    0.55738]
[    0.55624]
[     0.5551]
[    0.55397]
[    0.55285]
[    0.55172]
[    0.55061]
[    0.54949]
[    0.54839]
[    0.54728]
[    0.54618]
[    0.54509]
[      0.544]
[    0.54291]
[    0.54183]
[    0.54076]
[    0.53968]
[    0.53861]
[    0.53755]
[    0.53649]
[    0.53543]
[    0.53438]
[    0.53333]
[    0.53229]
[    0.53125]
[    0.53021]
[    0.52918]
[    0.52816]
[    0.52907]
[    0.52805]
[    0.52703]
[    0.52601]
[      0.525]
[    0.52399]
[    0.52299]
[    0.52199]
[    0.52099]
[       0.52]
[    0.51901]
[    0.51803]
[    0.51705]
[    0.51607]
[    0.51509]
[    0.51412]
[    0.51316]
[     0.5122]
[    0.51124]
[    0.51028]
[    0.50933]
[    0.50838]
[    0.50743]
[    0.50649]
[    0.50556]
[    0.50462]
[    0.50369]
[    0.50276]
[    0.50184]
[    0.50092]
[        0.5]
[    0.49909]
[    0.49818]
[    0.49727]
[    0.49636]
[    0.49546]
[    0.49457]
[    0.49367]
[    0.49278]
[    0.49189]
[    0.49101]
[    0.49013]
[    0.48925]
[    0.48837]
[     0.4875]
[    0.48663]
[    0.48577]
[     0.4849]
[    0.48404]
[    0.48319]
[    0.48233]
[    0.48148]
[    0.48063]
[    0.47979]
[    0.47895]
[    0.47811]
[    0.47727]
[    0.47644]
[    0.47561]
[    0.47478]
[    0.47396]
[    0.47314]
[    0.47232]
[     0.4715]
[    0.47069]
[    0.46988]
[    0.46907]
[    0.46827]
[    0.46747]
[    0.46667]
[    0.46587]
[    0.46508]
[    0.46429]
[     0.4635]
[    0.46271]
[    0.46193]
[    0.46115]
[    0.46037]
[     0.4596]
[    0.45882]
[    0.45805]
[    0.45729]
[    0.45652]
[    0.45576]
[      0.455]
[    0.45424]
[    0.45349]
[    0.45274]
[    0.45199]
[    0.45289]
[    0.45215]
[     0.4514]
[    0.45066]
[    0.44992]
[    0.44918]
[    0.44845]
[    0.44771]
[    0.44698]
[    0.44625]
[    0.44553]
[    0.44481]
[    0.44408]
[    0.44337]
[    0.44265]
[    0.44194]
[    0.44122]
[    0.44051]
[    0.43981]
[     0.4391]
[     0.4384]
[     0.4377]
[      0.437]
[    0.43631]
[    0.43561]
[    0.43492]
[    0.43423]
[    0.43354]
[    0.43286]
[    0.43218]
[     0.4315]
[    0.43082]
[    0.43014]
[    0.42947]
[    0.42879]
[    0.42812]
[    0.42746]
[    0.42679]
[    0.42613]
[    0.42547]
[    0.42481]
[    0.42415]
[    0.42349]
[    0.42284]
[    0.42219]
[    0.42154]
[    0.42089]
[    0.42025]
[     0.4196]
[    0.41896]
[    0.41832]
[    0.41768]
[    0.41705]
[    0.41641]
[    0.41578]
[    0.41515]
[    0.41452]
[     0.4139]
[    0.41327]
[    0.41265]
[    0.41203]
[    0.41141]
[    0.41079]
[    0.41018]
[    0.40957]
[    0.40896]
[    0.40835]
[    0.40774]
[    0.40713]
[    0.40653]
[    0.40593]
[    0.40533]
[    0.40473]
[    0.40413]
[    0.40353]
[    0.40294]
[    0.40235]
[    0.40176]
[    0.40117]
[    0.40058]
[        0.4]
[    0.39942]
[    0.39884]
[    0.39826]
[    0.39768]
[     0.3971]
[    0.39653]
[    0.39595]
[    0.39538]
[    0.39481]
[    0.39424]
[    0.39368]
[    0.39311]
[    0.39255]
[    0.39199]
[    0.39143]
[    0.39087]
[    0.39031]
[    0.38976]
[     0.3892]
[    0.38865]
[     0.3881]
[    0.38755]
[    0.38701]
[    0.38646]
[    0.38592]
[    0.38537]
[    0.38483]
[    0.38429]
[    0.38375]
[    0.38322]
[    0.38268]
[    0.38215]
[    0.38162]
[    0.38108]
[    0.38056]
[    0.38003]
[     0.3795]
[    0.37898]
[    0.37845]
[    0.37793]
[    0.37741]
[    0.37689]
[    0.37637]
[    0.37586]
[    0.37534]
[    0.37483]
[    0.37432]
[    0.37381]
[     0.3733]
[    0.37279]
[    0.37228]
[    0.37178]
[    0.37127]
[    0.37077]
[    0.37027]
[    0.36977]
[    0.36927]
[    0.36878]
[    0.36828]
[    0.36779]
[    0.36729]
[     0.3668]
[    0.36631]
[    0.36582]
[    0.36533]
[    0.36485]
[    0.36436]
[    0.36388]
[     0.3634]
[    0.36291]
[    0.36243]
[    0.36196]
[    0.36148]
[      0.361]
[    0.36053]
[    0.36005]
[    0.35958]
[    0.35911]
[    0.35864]
[    0.35817]
[     0.3577]
[    0.35724]
[    0.35677]
[    0.35631]
[    0.35584]
[    0.35538]
[    0.35492]
[    0.35446]
[    0.35401]
[    0.35355]
[    0.35309]
[    0.35264]
[    0.35219]
[    0.35173]
[    0.35128]
[    0.35083]
[    0.35038]
[    0.34994]
[    0.34949]
[    0.34904]
[     0.3486]
[    0.34816]
[    0.34772]
[    0.34728]
[    0.34684]
[     0.3464]
[    0.34596]
[    0.34552]
[    0.34509]
[    0.34465]
[    0.34422]
[    0.34379]
[    0.34336]
[    0.34293]
[     0.3425]
[    0.34207]
[    0.34165]
[    0.34122]
[     0.3408]
[    0.34037]
[    0.33995]
[    0.33953]
[    0.33911]
[    0.33869]
[    0.33827]
[    0.33785]
[    0.33744]
[    0.33702]
[    0.33661]
[     0.3362]
[    0.33578]
[    0.33537]
[    0.33496]
[    0.33455]
[    0.33415]
[    0.33374]
[    0.33333]
[    0.33293]
[    0.33252]
[    0.33212]
[    0.33172]
[    0.33132]
[    0.33092]
[    0.33052]
[    0.33012]
[    0.32972]
[    0.32933]
[    0.32893]
[    0.32854]
[    0.32814]
[    0.32775]
[    0.32736]
[    0.32697]
[    0.32658]
[    0.32619]
[     0.3258]
[    0.32542]
[    0.32503]
[    0.32464]
[    0.32426]
[    0.32388]
[    0.32349]
[    0.32311]
[    0.32273]
[    0.32235]
[    0.32197]
[     0.3216]
[    0.32122]
[    0.32084]
[    0.32047]
[    0.32009]
[    0.31972]
[    0.31935]
[    0.31898]
[     0.3186]
[    0.31823]
[    0.31787]
[     0.3175]
[    0.31713]
[    0.31676]
[     0.3164]
[    0.31603]
[    0.31567]
[     0.3153]
[    0.31494]
[    0.31458]
[    0.31422]
[    0.31386]
[     0.3135]
[    0.31314]
[    0.31279]
[    0.31243]
[    0.31207]
[    0.31172]
[    0.31136]
[    0.31101]
[    0.31066]
[    0.31031]
[    0.30995]
[     0.3096]
[    0.30926]
[    0.30891]
[    0.30856]
[    0.30821]
[    0.30787]
[    0.30752]
[    0.30717]
[    0.30683]
[    0.30649]
[    0.30615]
[     0.3058]
[    0.30546]
[    0.30512]
[    0.30478]
[    0.30444]
[    0.30411]
[    0.30377]
[    0.30343]
[     0.3031]
[    0.30276]
[    0.30243]
[    0.30209]
[    0.30176]
[    0.30143]
[     0.3011]
[    0.30077]
[    0.30044]
[    0.30011]
[    0.29978]
[    0.29945]
[    0.29913]
[     0.2988]
[    0.29847]
[    0.29815]
[    0.29783]
[     0.2975]
[    0.29718]
[    0.29686]
[    0.29654]
[    0.29622]
[     0.2959]
[    0.29558]
[    0.29526]
[    0.29494]
[    0.29462]
[    0.29431]
[    0.29399]
[    0.29368]
[    0.29336]
[    0.29305]
[    0.29274]
[    0.29242]
[    0.29211]
[     0.2918]
[    0.29149]
[    0.29118]
[    0.29087]
[    0.29056]
[    0.29025]
[    0.28995]
[    0.28964]
[    0.28933]
[    0.28903]
[    0.28872]
[    0.28842]
[    0.28812]
[    0.28782]
[    0.28751]
[    0.28721]
[    0.28691]
[    0.28661]
[    0.28631]
[    0.28601]
[    0.28571]
[    0.28542]
[    0.28512]
[    0.28482]
[    0.28453]
[    0.28423]
[    0.28394]
[    0.28364]
[    0.28335]
[    0.28306]
[    0.28277]
[    0.28247]
[    0.28218]
[    0.28189]
[     0.2816]
[    0.28131]
[    0.28103]
[    0.28074]
[    0.28045]
[    0.28016]
[    0.27988]
[    0.27959]
[    0.27931]
[    0.27902]
[    0.27874]
[    0.27846]
[    0.27817]
[    0.27789]
[    0.27761]
[    0.27733]
[    0.27705]
[    0.27677]
[    0.27649]
[    0.27621]
[    0.27593]
[    0.27565]
[    0.27538]
[     0.2751]
[    0.27482]
[    0.27455]
[    0.27427]
[      0.274]
[    0.27373]
[    0.27345]
[    0.27318]
[    0.27291]
[    0.27264]
[    0.27237]
[     0.2721]
[    0.27183]
[    0.27156]
[    0.27129]
[    0.27102]
[    0.27075]
[    0.27048]
[    0.27022]
[    0.26995]
[    0.26969]
[    0.26942]
[    0.26916]
[    0.26889]
[    0.26863]
[    0.26836]
[     0.2681]
[    0.26784]
[    0.26758]
[    0.26732]
[    0.26706]
[     0.2668]
[    0.26654]
[    0.26628]
[    0.26602]
[    0.26576]
[     0.2655]
[    0.26525]
[    0.26499]
[    0.26473]
[    0.26448]
[    0.26422]
[    0.26397]
[    0.26372]
[    0.26346]
[    0.26321]
[    0.26296]
[     0.2627]
[    0.26245]
[     0.2622]
[    0.26195]
[     0.2617]
[    0.26145]
[     0.2612]
[    0.26095]
[     0.2607]
[    0.26046]
[    0.26021]
[    0.25996]
[    0.25972]
[    0.25947]
[    0.25922]
[    0.25898]
[    0.25873]
[    0.25849]
[    0.25825]
[      0.258]
[    0.25776]
[    0.25752]
[    0.25728]
[    0.25704]
[    0.25679]
[    0.25655]
[    0.25631]
[    0.25607]
[    0.25584]
[     0.2556]
[    0.25536]
[    0.25512]
[    0.25488]
[    0.25465]
[    0.25441]
[    0.25417]
[    0.25394]
[     0.2537]
[    0.25347]
[    0.25323]
[      0.253]
[    0.25277]
[    0.25253]
[     0.2523]
[    0.25207]
[    0.25184]
[    0.25161]
[    0.25138]
[    0.25115]
[    0.25092]
[    0.25069]
[    0.25046]
[    0.25023]
[       0.25]
[    0.24977]
[    0.24954]
[    0.24932]
[    0.24909]
[    0.24886]
[    0.24864]
[    0.24841]
[    0.24819]
[    0.24796]
[    0.24774]
[    0.24752]
[    0.24729]
[    0.24707]
[    0.24685]
[    0.24662]
[     0.2464]
[    0.24618]
[    0.24596]
[    0.24574]
[    0.24552]
[     0.2453]
[    0.24508]
[    0.24486]
[    0.24464]
[    0.24442]
[    0.24421]
[    0.24399]
[    0.24377]
[    0.24356]
[    0.24334]
[    0.24312]
[    0.24291]
[    0.24269]
[    0.24248]
[    0.24226]
[    0.24205]
[    0.24184]
[    0.24162]
[    0.24141]
[     0.2412]
[    0.24099]
[    0.24077]
[    0.24056]
[    0.24035]
[    0.24014]
[    0.23993]
[    0.23972]
[    0.23951]
[     0.2393]
[    0.23909]
[    0.23888]
[    0.23868]
[    0.23847]
[    0.23826]
[    0.23805]
[    0.23785]
[    0.23764]
[    0.23744]
[    0.23723]
[    0.23702]
[    0.23682]
[    0.23661]
[    0.23641]
[    0.23621]
[      0.236]
[     0.2358]
[     0.2356]
[     0.2354]
[    0.23519]
[    0.23499]
[    0.23479]
[    0.23459]
[    0.23439]
[    0.23419]
[    0.23399]
