[          1]
[          1]
[          1]
[          1]
[          1]
[          1]
[          1]
[          1]
[          1]
[          1]
[          1]
[          1]
[          1]
[          1]
[          1]
[          1]
[          1]
[          1]
[          1]
[          1]
[          1]
[          1]
[          1]
[          1]
[          1]
[          1]
[          1]
[          1]
[          1]
[          1]
[          1]
[          1]
[          1]
[          1]
[          1]
[          1]
[          1]
[          1]
[          1]
[          1]
[          1]
[          1]
[          1]
[          1]
[          1]
[          1]
[          1]
[          1]
[          1]
[          1]
[          1]
[          1]
[          1]
[          1]
[          1]
[          1]
[          1]
[          1]
[          1]
[          1]
[          1]
[          1]
[          1]
[          1]
[          1]
[          1]
[          1]
[          1]
[          1]
[          1]
[          1]
[          1]
[          1]
[          1]
[          1]
[          1]
[          1]
[          1]
[          1]
[          1]
[          1]
[          1]
[          1]
[          1]
[          1]
[          1]
[          1]
[          1]
[          1]
[          1]
[          1]
[          1]
[          1]
[          1]
[          1]
[          1]
[          1]
[          1]
[          1]
[          1]
[          1]
[          1]
[          1]
[          1]
[          1]
[          1]
[          1]
[          1]
[          1]
[          1]
[          1]
[          1]
[          1]
[          1]
[          1]
[          1]
[          1]
[          1]
[          1]
[          1]
[          1]
[          1]
[    0.99187]
[    0.99194]
[      0.992]
[    0.99206]
[    0.99213]
[    0.99219]
[    0.99225]
[    0.98462]
[    0.98473]
[    0.98485]
[    0.98496]
[    0.98507]
[    0.98519]
[    0.98529]
[     0.9854]
[    0.98551]
[    0.98561]
[    0.98571]
[    0.98582]
[    0.98592]
[    0.98601]
[    0.98611]
[    0.98621]
[     0.9863]
[    0.98639]
[    0.97973]
[    0.97987]
[       0.98]
[    0.98013]
[    0.98026]
[    0.98039]
[    0.98052]
[    0.98065]
[    0.98077]
[    0.98089]
[    0.98101]
[    0.98113]
[    0.98125]
[    0.98137]
[    0.97531]
[    0.97546]
[    0.97561]
[    0.97576]
[     0.9759]
[    0.97605]
[    0.97619]
[    0.97633]
[    0.97647]
[    0.97661]
[    0.97674]
[    0.97688]
[    0.97701]
[    0.97714]
[    0.97727]
[     0.9774]
[    0.97753]
[    0.97765]
[    0.97778]
[     0.9779]
[    0.97253]
[    0.97268]
[    0.97283]
[    0.97297]
[    0.97312]
[    0.96791]
[    0.96809]
[    0.96825]
[    0.96842]
[    0.96859]
[    0.96875]
[    0.96891]
[    0.96907]
[    0.96923]
[    0.96939]
[    0.96954]
[     0.9697]
[    0.96985]
[       0.97]
[    0.96517]
[     0.9604]
[    0.96059]
[    0.96078]
[    0.96098]
[    0.96117]
[    0.96135]
[    0.96154]
[    0.96172]
[    0.95714]
[    0.95735]
[    0.95755]
[    0.95775]
[    0.95794]
[    0.95814]
[    0.95833]
[    0.95853]
[    0.95413]
[    0.95434]
[    0.95455]
[    0.95023]
[    0.95045]
[    0.95067]
[    0.95089]
[    0.95111]
[    0.95133]
[    0.94714]
[    0.94737]
[     0.9476]
[    0.94783]
[    0.94372]
[    0.94397]
[    0.93991]
[     0.9359]
[    0.93617]
[     0.9322]
[    0.93249]
[    0.93277]
[    0.92887]
[    0.92917]
[    0.92946]
[    0.92975]
[    0.93004]
[    0.92623]
[    0.92653]
[    0.92683]
[    0.92713]
[    0.92742]
[    0.92369]
[      0.924]
[    0.92032]
[    0.92063]
[      0.917]
[    0.91339]
[     0.9098]
[    0.90625]
[    0.90661]
[     0.9031]
[    0.90347]
[        0.9]
[    0.90038]
[    0.90076]
[    0.89734]
[    0.89773]
[    0.89811]
[     0.8985]
[    0.89888]
[    0.89925]
[    0.89963]
[     0.8963]
[    0.89299]
[    0.88971]
[    0.88645]
[    0.88686]
[    0.88364]
[    0.88406]
[    0.88087]
[    0.88129]
[    0.88172]
[    0.88214]
[      0.879]
[    0.87589]
[    0.87633]
[    0.87676]
[    0.87368]
[    0.87413]
[    0.87456]
[    0.87153]
[    0.86851]
[    0.86552]
[    0.86254]
[    0.85959]
[    0.86007]
[    0.85714]
[    0.85424]
[    0.85135]
[    0.84848]
[    0.84564]
[    0.84281]
[       0.84]
[    0.83721]
[    0.83775]
[    0.83498]
[    0.83553]
[    0.83607]
[    0.83333]
[    0.83388]
[    0.83442]
[    0.83172]
[    0.83226]
[    0.82958]
[    0.82692]
[    0.82428]
[    0.82484]
[    0.82222]
[    0.81962]
[    0.81703]
[    0.81447]
[    0.81191]
[    0.80937]
[    0.80685]
[    0.80435]
[    0.80186]
[    0.79938]
[    0.79692]
[    0.79448]
[    0.79205]
[    0.78963]
[    0.78723]
[    0.78485]
[    0.78248]
[    0.78012]
[    0.77778]
[    0.77545]
[    0.77313]
[    0.77083]
[    0.76855]
[    0.76627]
[    0.76401]
[    0.76176]
[    0.75953]
[    0.75731]
[     0.7551]
[    0.75291]
[    0.75072]
[    0.74855]
[     0.7464]
[    0.74425]
[    0.74212]
[       0.74]
[    0.73789]
[     0.7358]
[    0.73371]
[    0.73164]
[    0.72958]
[    0.72753]
[    0.72549]
[    0.72346]
[    0.72145]
[    0.71944]
[    0.71745]
[    0.71547]
[     0.7135]
[    0.71429]
[    0.71233]
[    0.71038]
[    0.70845]
[    0.70652]
[    0.70461]
[     0.7027]
[    0.70081]
[    0.69892]
[    0.69705]
[    0.69519]
[    0.69333]
[    0.69415]
[    0.69231]
[    0.69048]
[    0.68865]
[    0.68684]
[    0.68504]
[    0.68325]
[    0.68146]
[    0.67969]
[    0.67792]
[    0.67617]
[    0.67442]
[    0.67268]
[    0.67095]
[    0.66923]
[    0.66752]
[    0.66582]
[    0.66667]
[    0.66497]
[    0.66329]
[    0.66162]
[    0.65995]
[    0.65829]
[    0.65664]
[      0.655]
[    0.65337]
[    0.65423]
[    0.65261]
[    0.65099]
[    0.64938]
[    0.64778]
[    0.64619]
[    0.64461]
[    0.64303]
[    0.64146]
[     0.6399]
[    0.63835]
[     0.6368]
[    0.63527]
[    0.63373]
[    0.63221]
[     0.6307]
[    0.62919]
[    0.62768]
[    0.62619]
[     0.6247]
[    0.62322]
[    0.62175]
[    0.62028]
[    0.61882]
[    0.61737]
[    0.61593]
[    0.61449]
[    0.61305]
[    0.61163]
[    0.61021]
[     0.6088]
[    0.60739]
[    0.60599]
[     0.6046]
[    0.60321]
[    0.60183]
[    0.60046]
[    0.59909]
[    0.59773]
[    0.59637]
[    0.59502]
[    0.59368]
[    0.59234]
[    0.59101]
[    0.58969]
[    0.58837]
[    0.58705]
[    0.58575]
[    0.58444]
[    0.58315]
[    0.58186]
[    0.58057]
[     0.5793]
[    0.57802]
[    0.57675]
[    0.57549]
[    0.57424]
[    0.57298]
[    0.57174]
[     0.5705]
[    0.56926]
[    0.56803]
[    0.56681]
[    0.56559]
[    0.56438]
[    0.56317]
[    0.56197]
[    0.56077]
[    0.55957]
[    0.55839]
[     0.5572]
[    0.55603]
[    0.55485]
[    0.55368]
[    0.55252]
[    0.55136]
[    0.55021]
[    0.54906]
[    0.54792]
[    0.54678]
[    0.54564]
[    0.54451]
[    0.54339]
[    0.54227]
[    0.54115]
[    0.54004]
[    0.53893]
[    0.53783]
[    0.53673]
[    0.53564]
[    0.53455]
[    0.53347]
[    0.53239]
[    0.53131]
[    0.53024]
[    0.52918]
[    0.52811]
[    0.52705]
[      0.526]
[    0.52495]
[     0.5239]
[    0.52286]
[    0.52183]
[    0.52079]
[    0.51976]
[    0.51874]
[    0.51772]
[     0.5167]
[    0.51569]
[    0.51663]
[    0.51562]
[    0.51462]
[    0.51362]
[    0.51262]
[    0.51163]
[    0.51064]
[    0.50965]
[    0.50867]
[    0.50769]
[    0.50672]
[    0.50575]
[    0.50478]
[    0.50382]
[    0.50286]
[     0.5019]
[    0.50095]
[        0.5]
[    0.49905]
[    0.49811]
[    0.49718]
[    0.49624]
[    0.49531]
[    0.49438]
[    0.49346]
[    0.49254]
[    0.49162]
[    0.49071]
[     0.4898]
[    0.48889]
[    0.48799]
[    0.48708]
[    0.48619]
[    0.48529]
[     0.4844]
[    0.48352]
[    0.48263]
[    0.48175]
[    0.48087]
[       0.48]
[    0.47913]
