[          1]
[          1]
[          1]
[          1]
[          1]
[          1]
[          1]
[          1]
[          1]
[          1]
[          1]
[          1]
[          1]
[          1]
[          1]
[          1]
[          1]
[          1]
[          1]
[          1]
[          1]
[          1]
[          1]
[          1]
[          1]
[          1]
[          1]
[          1]
[          1]
[          1]
[          1]
[          1]
[          1]
[          1]
[          1]
[          1]
[          1]
[          1]
[          1]
[          1]
[          1]
[          1]
[          1]
[          1]
[          1]
[          1]
[          1]
[          1]
[          1]
[          1]
[          1]
[          1]
[          1]
[          1]
[          1]
[          1]
[          1]
[          1]
[          1]
[          1]
[          1]
[          1]
[          1]
[          1]
[          1]
[          1]
[    0.98507]
[    0.98529]
[    0.98551]
[    0.98571]
[    0.98592]
[    0.98611]
[     0.9863]
[    0.98649]
[    0.98667]
[    0.98684]
[    0.98701]
[    0.98718]
[    0.98734]
[     0.9875]
[    0.98765]
[     0.9878]
[    0.98795]
[    0.97619]
[    0.97647]
[    0.97674]
[    0.96552]
[    0.96591]
[    0.96629]
[    0.96667]
[    0.96703]
[    0.96739]
[    0.96774]
[    0.96809]
[    0.96842]
[    0.96875]
[    0.96907]
[    0.96939]
[     0.9697]
[       0.97]
[     0.9703]
[    0.97059]
[    0.97087]
[    0.97115]
[     0.9619]
[    0.96226]
[    0.96262]
[    0.96296]
[     0.9633]
[    0.96364]
[    0.95495]
[    0.95536]
[    0.95575]
[    0.95614]
[    0.94783]
[    0.94828]
[    0.94017]
[     0.9322]
[    0.92437]
[    0.91667]
[    0.90909]
[    0.90164]
[    0.89431]
[     0.8871]
[       0.88]
[    0.87302]
[    0.87402]
[    0.86719]
[    0.86047]
[    0.85385]
[    0.84733]
[    0.84091]
[    0.83459]
[    0.82836]
[    0.82222]
[    0.81618]
[    0.81022]
[    0.80435]
[    0.80576]
[        0.8]
[    0.79433]
[    0.78873]
[    0.78322]
[    0.77778]
[    0.77241]
[    0.76712]
[     0.7619]
[    0.75676]
[    0.75168]
[    0.74667]
[    0.74172]
[    0.73684]
[    0.73203]
[    0.72727]
[    0.72258]
[    0.71795]
[    0.71338]
[    0.70886]
[     0.7044]
[        0.7]
[    0.69565]
[    0.69136]
[    0.68712]
[    0.68293]
[    0.67879]
[     0.6747]
[    0.67066]
[    0.66667]
[    0.66272]
[    0.65882]
[    0.65497]
[    0.65116]
[     0.6474]
[    0.64368]
[       0.64]
[    0.63636]
[    0.63277]
[    0.62921]
[     0.6257]
[    0.62222]
[    0.61878]
[    0.61538]
[    0.61202]
[     0.6087]
[    0.60541]
[    0.60215]
[    0.59893]
[    0.59574]
[    0.59259]
[    0.58947]
[    0.58639]
[    0.58333]
[    0.58031]
[    0.57732]
[    0.57436]
[    0.57143]
[    0.56853]
[    0.56566]
[    0.56281]
[       0.56]
[    0.55721]
[    0.55446]
[    0.55172]
[    0.54902]
[    0.54634]
[    0.54369]
[    0.54106]
[    0.53846]
[    0.53589]
[    0.53333]
[    0.53081]
[     0.5283]
[    0.52582]
[    0.52336]
[    0.52093]
[    0.51852]
[    0.51613]
[    0.51376]
[    0.51142]
[    0.50909]
[    0.50679]
[     0.5045]
[    0.50224]
[        0.5]
[    0.49778]
[    0.49558]
[    0.49339]
[    0.49123]
[    0.48908]
[    0.48696]
[    0.48485]
[    0.48276]
[    0.48069]
[    0.47863]
[     0.4766]
[    0.47458]
[    0.47257]
[    0.47059]
[    0.46862]
[    0.46667]
[    0.46473]
[    0.46281]
[    0.46091]
[    0.45902]
[    0.45714]
[    0.45528]
[    0.45344]
[    0.45161]
[     0.4498]
[      0.448]
[    0.44622]
[    0.44444]
[    0.44269]
[    0.44094]
[    0.43922]
[     0.4375]
[     0.4358]
[    0.43411]
[    0.43243]
[    0.43077]
[    0.42912]
[    0.42748]
[    0.42586]
[    0.42424]
[    0.42264]
[    0.42105]
[    0.41948]
[    0.41791]
[    0.41636]
[    0.41481]
[    0.41328]
[    0.41176]
[    0.41026]
[    0.40876]
[    0.40727]
[     0.4058]
[    0.40433]
[    0.40288]
[    0.40143]
[        0.4]
[    0.39858]
[    0.39716]
[    0.39576]
[    0.39437]
[    0.39298]
[    0.39161]
[    0.39024]
[    0.38889]
[    0.38754]
[    0.38621]
[    0.38488]
[    0.38356]
[    0.38225]
[    0.38095]
[    0.37966]
[    0.37838]
[     0.3771]
[    0.37584]
[    0.37458]
[    0.37333]
[    0.37209]
[    0.37086]
[    0.36964]
[    0.36842]
[    0.36721]
[    0.36601]
[    0.36482]
[    0.36364]
[    0.36246]
[    0.36129]
[    0.36013]
[    0.35897]
[    0.35783]
[    0.35669]
[    0.35556]
[    0.35443]
[    0.35331]
[     0.3522]
[     0.3511]
[       0.35]
[    0.34891]
[    0.34783]
[    0.34675]
[    0.34568]
[    0.34462]
[    0.34356]
[    0.34251]
[    0.34146]
[    0.34043]
[    0.33939]
[    0.33837]
[    0.33735]
