     0/299     7.81G      7.86        33         0      40.8        22       608         0         0    0.0115         0      6.73      1.62         0
     1/299     7.81G      5.98      4.14         0      10.1        18       608         0         0     0.036         0      5.66      1.45         0
     2/299     7.81G      4.94      3.51         0      8.44        11       608         0         0   0.00987         0      5.62      5.82         0
     3/299     7.81G      4.92      1.94         0      6.86        27       608    0.0562     0.699    0.0822     0.104         6      1.71         0
     4/299     7.81G      4.92      1.54         0      6.46        29       608     0.302     0.504     0.294     0.378      4.89     0.676         0
     5/299     7.81G      4.48      1.39         0      5.88        11       608     0.026     0.106    0.0218    0.0418      5.94       1.5         0
     6/299     7.81G      4.41      1.24         0      5.65        24       608     0.272     0.451     0.252     0.339      4.39      0.84         0
     7/299     7.81G      4.51      1.12         0      5.63        28       608     0.163     0.159     0.155     0.161      4.91      1.24         0
     8/299     7.81G      4.33      1.17         0       5.5         9       608     0.697      0.59     0.643     0.639      3.98      0.49         0
     9/299     7.81G      4.29      1.04         0      5.33        20       608     0.702     0.398     0.552     0.508      4.12     0.494         0
    10/299     7.81G      5.27      1.17         0      6.44        20       608     0.718     0.271     0.472     0.393      4.96     0.533         0
    11/299     7.81G      4.04      1.19         0      5.23        10       608     0.218     0.381     0.187     0.277      4.53     0.538         0
    12/299     7.81G      3.97       1.1         0      5.07        26       608     0.276     0.655     0.286     0.389      3.53     0.698         0
    13/299     7.81G      3.99     0.975         0      4.97        25       608    0.0395     0.133    0.0409    0.0608      4.55     0.703         0
    14/299     7.81G      3.69      1.09         0      4.79         7       608     0.437     0.522     0.435     0.476      4.37     0.414         0
    15/299     7.81G      3.91     0.983         0      4.89        20       608       0.2     0.248     0.129     0.221      6.73     0.339         0
    16/299     7.81G      4.47      1.08         0      5.55        21       608      0.94     0.138     0.741     0.241      3.42     0.481         0
    17/299     7.81G      3.86      0.84         0      4.69         8       608     0.879     0.319     0.632     0.468      3.42     0.458         0
    18/299     7.81G      3.63     0.878         0      4.51        23       608     0.511     0.286     0.416     0.367      4.65      0.37         0
    19/299     7.81G       3.7      1.04         0      4.74        25       608     0.874     0.184     0.729     0.304      3.61     0.442         0
    20/299     7.81G      3.41     0.828         0      4.24         7       608     0.816     0.626     0.781     0.708      3.31     0.386         0
    21/299     7.81G       3.1     0.831         0      3.93        26       608     0.701     0.643     0.697     0.671      3.13     0.406         0
    22/299     7.81G      3.24     0.778         0      4.02        22       608     0.753     0.425     0.681     0.543      3.24     0.414         0
    23/299     7.81G      3.31     0.824         0      4.13         9       608     0.628     0.699      0.66     0.661      3.83     0.375         0
    24/299     7.81G      2.92     0.812         0      3.73        21       608     0.858     0.673     0.807     0.754      3.31      0.36         0
    25/299     7.81G      3.16     0.789         0      3.95        22       608     0.904     0.749     0.819     0.819      3.38     0.361         0
    26/299     7.81G      2.86      0.76         0      3.62        10       608     0.888     0.726     0.809     0.799      3.34      0.35         0
    27/299     7.81G      2.95      0.77         0      3.72        24       608      0.92     0.664     0.841     0.771      2.94     0.373         0
    28/299     7.81G      2.84     0.715         0      3.55        31       608     0.901     0.723     0.816     0.802      3.41     0.343         0
    29/299     7.81G      2.53     0.717         0      3.24         8       608     0.861     0.761     0.861     0.808      2.86     0.348         0
    30/299     7.81G      2.77     0.736         0      3.51        28       608     0.823     0.735     0.814     0.776       2.9     0.352         0
    31/299     7.81G      2.48      0.68         0      3.16        19       608     0.816     0.785     0.851       0.8      2.72     0.336         0
    32/299     7.81G      2.38     0.672         0      3.05         9       608     0.893     0.735     0.841     0.806      2.86     0.351         0
    33/299     7.81G      2.31     0.659         0      2.97        27       608     0.763     0.717      0.74     0.739       3.3      0.35         0
    34/299     7.81G      2.45     0.648         0       3.1        27       608     0.832     0.796     0.835     0.814      2.88     0.334         0
    35/299     7.81G      2.44     0.649         0      3.09         6       608     0.846     0.814     0.826      0.83      3.14     0.326         0
    36/299     7.81G      2.31     0.678         0      2.99        27       608     0.827     0.823     0.862     0.825      2.68     0.333         0
    37/299     7.81G       2.4     0.605         0         3        27       608     0.895     0.757     0.864      0.82      2.73     0.351         0
    38/299     7.81G      2.27     0.649         0      2.92         4       608     0.827     0.779      0.84     0.802      2.76     0.356         0
    39/299     7.81G      2.42     0.675         0      3.09        24       608     0.819     0.801     0.869      0.81      2.95     0.336         0
    40/299     7.81G      2.21     0.614         0      2.83        25       608     0.808     0.784     0.827     0.796      2.58     0.345         0
    41/299     7.81G      1.94     0.619         0      2.56        10       608     0.804     0.805     0.865     0.805      2.58      0.32         0
    42/299     7.81G      2.18     0.614         0       2.8        27       608     0.909     0.832     0.912     0.869      2.46     0.316         0
    43/299     7.81G      2.17     0.573         0      2.75        20       608     0.858     0.802     0.868     0.829       2.5     0.338         0
    44/299     7.81G      2.07     0.563         0      2.64         7       608     0.857     0.823     0.886      0.84      2.77     0.339         0
    45/299     7.81G      1.97     0.601         0      2.57        26       608     0.819     0.841     0.892      0.83      2.51     0.336         0
    46/299     7.81G      2.09     0.584         0      2.68        24       608     0.871     0.832     0.893     0.851      2.67     0.329         0
    47/299     7.81G      1.75     0.549         0      2.29         8       608     0.855     0.814     0.866     0.834       2.5     0.318         0
    48/299     7.81G       1.9     0.551         0      2.45        25       608     0.873     0.849     0.902     0.861      2.45     0.315         0
    49/299     7.81G      1.97     0.536         0       2.5        28       608     0.802     0.858     0.872     0.829      2.65     0.324         0
    50/299     7.81G      1.92     0.545         0      2.47         5       608     0.849     0.841     0.903     0.845      2.71     0.324         0
    51/299     7.81G      2.03     0.582         0      2.61        25       608     0.853     0.822     0.881     0.837      2.58     0.315         0
    52/299     7.81G      1.96     0.534         0      2.49        22       608     0.866      0.85     0.918     0.858      2.46     0.315         0
    53/299     7.81G         2     0.536         0      2.53         7       608     0.838     0.841      0.89      0.84       2.6     0.319         0
    54/299     7.81G      1.93     0.536         0      2.47        22       608      0.85     0.853     0.886     0.852      2.53     0.325         0
    55/299     7.81G         2     0.575         0      2.58        21       608     0.822     0.876     0.898     0.848      2.45     0.317         0
    56/299     7.81G      1.86     0.536         0      2.39         8       608     0.876     0.877     0.922     0.877      2.44     0.295         0
    57/299     7.81G      1.93      0.51         0      2.44        27       608     0.884     0.867     0.914     0.876      2.39     0.303         0
    58/299     7.81G      1.84     0.534         0      2.38        22       608     0.889     0.885     0.912     0.887      2.41     0.303         0
    59/299     7.81G      1.81     0.523         0      2.33        10       608     0.897     0.885     0.927     0.891      2.42     0.302         0
    60/299     7.81G      1.81     0.537         0      2.34        28       608     0.858     0.909     0.938     0.883      2.34     0.293         0
    61/299     7.81G      1.87     0.466         0      2.34        25       608     0.899     0.867     0.908     0.883      2.33      0.31         0
    62/299     7.81G      1.83     0.511         0      2.34         6       608     0.878     0.876     0.886     0.877      2.46     0.323         0
    63/299     7.81G      1.66     0.525         0      2.18        22       608     0.871     0.894     0.911     0.882      2.39     0.294         0
    64/299     7.81G      1.86     0.487         0      2.35        22       608     0.879     0.898     0.914     0.888      2.47     0.289         0
    65/299     7.81G      1.83      0.49         0      2.32         7       608     0.852     0.867     0.891     0.859      2.51     0.299         0
    66/299     7.81G      1.46     0.491         0      1.95        26       608     0.865     0.894     0.907     0.879      2.43     0.297         0
    67/299     7.81G      1.74     0.481         0      2.22        23       608     0.856     0.894     0.917     0.875      2.34     0.296         0
    68/299     7.81G      1.77     0.514         0      2.29         6       608     0.867     0.865     0.898     0.866       2.4     0.299         0
    69/299     7.81G      1.63     0.459         0      2.08        21       608     0.833     0.885     0.913     0.858      2.35     0.307         0
    70/299     7.81G      1.66     0.473         0      2.13        19       608     0.843     0.903     0.911     0.872      2.24     0.298         0
    71/299     7.81G      1.71       0.5         0      2.21         7       608     0.852     0.864     0.898     0.858      2.47     0.298         0
    72/299     7.81G      1.57     0.495         0      2.07        30       608     0.835     0.894     0.921     0.864      2.33      0.28         0
    73/299     7.81G      1.63     0.495         0      2.13        24       608     0.838     0.868      0.91     0.853      2.27     0.282         0
    74/299     7.81G      1.61     0.461         0      2.07        10       608     0.853     0.876     0.911     0.865      2.27       0.3         0
    75/299     7.81G       1.6      0.48         0      2.08        23       608     0.853     0.903     0.924     0.877      2.39     0.288         0
    76/299     7.81G      1.57     0.446         0      2.02        20       608     0.835     0.893     0.915     0.863      2.33     0.307         0
    77/299     7.81G      1.67     0.465         0      2.14         9       608     0.873     0.894     0.934     0.883      2.29     0.299         0
    78/299     7.81G      1.55     0.462         0      2.01        27       608     0.834     0.876     0.927     0.855      2.19     0.283         0
    79/299     7.81G      1.54     0.465         0      2.01        19       608     0.844     0.885      0.91     0.864      2.26      0.28         0
    80/299     7.81G      1.53     0.437         0      1.97         6       608     0.839     0.903     0.927      0.87      2.18     0.282         0
    81/299     7.81G       1.6     0.438         0      2.04        22       608     0.859     0.903     0.928      0.88      2.23     0.283         0
    82/299     7.81G      1.56     0.441         0         2        26       608      0.88     0.903     0.929     0.891      2.26     0.279         0
    83/299     7.81G      1.53     0.431         0      1.97         8       608     0.866     0.912     0.934     0.888      2.18     0.281         0
    84/299     7.81G      1.42     0.473         0       1.9        25       608     0.878     0.894     0.914     0.886      2.24     0.274         0
    85/299     7.81G      1.44     0.441         0      1.88        24       608      0.87      0.92      0.94     0.894      2.25     0.271         0
    86/299     7.81G      1.55     0.432         0      1.98         9       608     0.862     0.912     0.933     0.886      2.28     0.284         0
    87/299     7.81G      1.58     0.457         0      2.03        20       608     0.858     0.852     0.906     0.855      2.37     0.293         0
    88/299     7.81G      1.34     0.452         0      1.79        24       608     0.872     0.905     0.928     0.888      2.24     0.293         0
    89/299     7.81G      1.51      0.43         0      1.94         6       608     0.872     0.901     0.924     0.886       2.2     0.292         0
    90/299     7.81G      1.53     0.455         0      1.99        29       608     0.875     0.885     0.929      0.88      2.29     0.289         0
    91/299     7.81G      1.34       0.4         0      1.74        29       608     0.849     0.947     0.942     0.895      2.13     0.296         0
    92/299     7.81G      1.45     0.437         0      1.89         8       608      0.84     0.884     0.926     0.861      2.27     0.289         0
    93/299     7.81G       1.4     0.426         0      1.82        22       608     0.864     0.899     0.897     0.881      2.16     0.271         0
    94/299     7.81G      1.41     0.405         0      1.81        23       608     0.884     0.929     0.951     0.906       2.1     0.255         0
    95/299     7.81G      1.29     0.402         0       1.7         9       608     0.868     0.903     0.928     0.885      2.09     0.252         0
    96/299     7.81G      1.46     0.409         0      1.87        27       608     0.905     0.903     0.938     0.904         2     0.256         0
    97/299     7.81G      1.28     0.398         0      1.68        29       608     0.914     0.944     0.953     0.929         2     0.254         0
    98/299     7.81G      1.31     0.402         0      1.71         7       608     0.892     0.949     0.927      0.92      2.08      0.27         0
    99/299     7.81G      1.44      0.42         0      1.86        30       608      0.89      0.93     0.942      0.91      2.09     0.271         0
   100/299     7.81G      1.25     0.398         0      1.65        21       608     0.876     0.934     0.943     0.904      2.02     0.266         0
   101/299     7.81G      1.43     0.402         0      1.83         7       608      0.87     0.948     0.946     0.907      2.12     0.271         0
   102/299     7.81G      1.35     0.392         0      1.74        24       608     0.853     0.927     0.936     0.889      2.06     0.285         0
   103/299     7.81G      1.27     0.398         0      1.67        23       608     0.848     0.938      0.92     0.891      2.06     0.279         0
   104/299     7.81G       1.3     0.374         0      1.67         9       608     0.805     0.912     0.917     0.855      2.17     0.298         0
   105/299     7.81G      1.31      0.38         0      1.69        22       608     0.867      0.92     0.943     0.893      2.07     0.289         0
   106/299     7.81G       1.3     0.395         0      1.69        30       608     0.878     0.903     0.926      0.89      2.05     0.288         0
   107/299     7.81G      1.22      0.37         0      1.59         7       608     0.851     0.876     0.913     0.863      2.09      0.29         0
   108/299     7.81G       1.4     0.362         0      1.77        25       608     0.907     0.868     0.912     0.887      2.08      0.29         0
   109/299     7.81G      1.29     0.371         0      1.66        23       608     0.909     0.885     0.916     0.897         2     0.288         0
   110/299     7.81G      1.36      0.37         0      1.73         8       608     0.892     0.885     0.915     0.889      2.09     0.288         0
   111/299     7.81G      1.31     0.397         0       1.7        23       608     0.884     0.894     0.926     0.889      2.08     0.293         0
   112/299     7.81G      1.25     0.384         0      1.63        24       608     0.886     0.912     0.933     0.898      2.07     0.299         0
   113/299     7.81G      1.24     0.377         0      1.61         8       608     0.887     0.905     0.935     0.896      2.06     0.294         0
   114/299     7.81G      1.27     0.363         0      1.64        22       608     0.887     0.902     0.929     0.894       2.1     0.296         0
   115/299     7.81G      1.24     0.357         0       1.6        25       608     0.875      0.92     0.937     0.897      2.07     0.288         0
   116/299     7.81G      1.22     0.356         0      1.58         7       608     0.853     0.921      0.94     0.885      1.98     0.283         0
   117/299     7.81G      1.23     0.374         0       1.6        24       608     0.845     0.914     0.928     0.878         2     0.274         0
   118/299     7.81G      1.14     0.363         0       1.5        26       608     0.814     0.912     0.934      0.86      1.96     0.272         0
   119/299     7.81G      1.17     0.363         0      1.53         7       608     0.826      0.92      0.92     0.871      2.04     0.269         0
   120/299     7.81G      1.19     0.336         0      1.53        24       608     0.861     0.929     0.925     0.894      2.02     0.274         0
   121/299     7.81G       1.2     0.351         0      1.55        25       608     0.884      0.92     0.933     0.902      1.95     0.275         0
   122/299     7.81G      1.15     0.358         0      1.51         9       608     0.859     0.903     0.935      0.88      2.04     0.282         0
   123/299     7.81G      1.16     0.364         0      1.52        24       608     0.866      0.92     0.952     0.892      2.07     0.281         0
   124/299     7.81G      1.21     0.372         0      1.59        25       608     0.841     0.876     0.895     0.858      2.23     0.294         0
   125/299     7.81G      1.24     0.363         0       1.6         9       608     0.845     0.876      0.92      0.86      2.12     0.288         0
   126/299     7.81G      1.19     0.369         0      1.56        19       608     0.853     0.885     0.914     0.868      2.04     0.264         0
   127/299     7.81G      1.24     0.365         0       1.6        21       608     0.863      0.92     0.937     0.891      2.06     0.262         0
   128/299     7.81G      1.15     0.365         0      1.51         9       608     0.853     0.903     0.909     0.877      1.94     0.261         0
   129/299     7.81G      1.16     0.341         0       1.5        29       608     0.887     0.894     0.915      0.89      2.05     0.262         0
   130/299     7.81G      1.09     0.363         0      1.45        23       608      0.88      0.92     0.944       0.9      1.99     0.264         0
   131/299     7.81G      1.13     0.345         0      1.48         7       608      0.87     0.891     0.924     0.881      1.98     0.268         0
   132/299     7.81G      1.08     0.346         0      1.42        18       608     0.904     0.918     0.941     0.911      1.94     0.262         0
   133/299     7.81G      1.09     0.324         0      1.42        20       608     0.875      0.93     0.932     0.902      1.98     0.273         0
   134/299     7.81G      1.11      0.34         0      1.45         7       608     0.855     0.903     0.932     0.878      1.95     0.278         0
   135/299     7.81G      1.12     0.344         0      1.46        28       608     0.878     0.893     0.906     0.885         2     0.273         0
   136/299     7.81G      1.08     0.335         0      1.41        22       608      0.86     0.923     0.918      0.89      1.93     0.263         0
   137/299     7.81G      1.02     0.326         0      1.35         9       608     0.858     0.929     0.917     0.892      1.93     0.261         0
   138/299     7.81G      1.03      0.33         0      1.36        25       608     0.892     0.938     0.953     0.915      1.96     0.265         0
   139/299     7.81G      1.09     0.348         0      1.44        26       608     0.889     0.919      0.95     0.903      1.96     0.269         0
   140/299     7.81G      1.03     0.336         0      1.37        10       608     0.885     0.912     0.937     0.898      2.03     0.275         0
   141/299     7.81G      1.03     0.326         0      1.35        26       608     0.874     0.919     0.935     0.896      1.92      0.27         0
   142/299     7.81G      1.06     0.324         0      1.38        24       608     0.904     0.938     0.956      0.92      1.94     0.263         0
   143/299     7.81G      1.04      0.34         0      1.38         7       608     0.883     0.937     0.944     0.909      1.86     0.261         0
   144/299     7.81G     0.989     0.314         0       1.3        26       608     0.879     0.938      0.96     0.908      1.83     0.261         0
   145/299     7.81G      1.03     0.303         0      1.33        27       608      0.89     0.912     0.954     0.901      1.86     0.263         0
   146/299     7.81G      0.95     0.309         0      1.26         8       608     0.884     0.929      0.93     0.906      1.89     0.265         0
   147/299     7.81G      1.07     0.303         0      1.37        25       608       0.9      0.92     0.947      0.91      1.94     0.273         0
   148/299     7.81G      1.03     0.306         0      1.34        20       608     0.907     0.929      0.94     0.918      1.93     0.271         0
   149/299     7.81G      1.03     0.311         0      1.35         6       608     0.907     0.929     0.949     0.918      1.96     0.269         0
   150/299     7.81G     0.936      0.32         0      1.26        23       608     0.911     0.929     0.939      0.92      1.91     0.269         0
   151/299     7.81G     0.952     0.325         0      1.28        27       608     0.922     0.941     0.956     0.932      1.96     0.269         0
   152/299     7.81G     0.988     0.311         0       1.3         7       608     0.931     0.938     0.953     0.934      1.85     0.271         0
   153/299     7.81G      0.94       0.3         0      1.24        28       608     0.914     0.937     0.951     0.925      1.86     0.277         0
   154/299     7.81G     0.905     0.321         0      1.23        21       608     0.914     0.947     0.953      0.93      1.87     0.278         0
   155/299     7.81G      1.04      0.29         0      1.33        10       608     0.913     0.931     0.952     0.922      1.88     0.268         0
   156/299     7.81G     0.947     0.275         0      1.22        22       608     0.912     0.921     0.944     0.917      1.89     0.267         0
   157/299     7.81G     0.993     0.301         0      1.29        25       608     0.903     0.907     0.946     0.905      1.89     0.277         0
   158/299     7.81G     0.884     0.283         0      1.17         4       608     0.893     0.885     0.954     0.889      1.88     0.284         0
   159/299     7.81G     0.951     0.309         0      1.26        25       608     0.919     0.929     0.964     0.924      1.88     0.281         0
   160/299     7.81G     0.906     0.294         0       1.2        24       608     0.912     0.919     0.956     0.916      1.87     0.279         0
   161/299     7.81G     0.812     0.286         0       1.1         8       608     0.914     0.929     0.956     0.922      1.86     0.268         0
   162/299     7.81G     0.895     0.307         0       1.2        20       608      0.89     0.938     0.945     0.913      1.91     0.269         0
   163/299     7.81G     0.995     0.304         0       1.3        24       608     0.904     0.938     0.958     0.921      1.87     0.267         0
   164/299     7.81G     0.907     0.283         0      1.19         7       608     0.903     0.938     0.953      0.92      1.86     0.266         0
   165/299     7.81G     0.842     0.302         0      1.14        27       608     0.862     0.929     0.942     0.894      1.79     0.272         0
   166/299     7.81G     0.906     0.285         0      1.19        27       608     0.877     0.938     0.948     0.906      1.86     0.275         0
   167/299     7.81G     0.933     0.285         0      1.22         6       608     0.887     0.938     0.955     0.912       1.8      0.28         0
   168/299     7.81G     0.912     0.288         0       1.2        24       608     0.907      0.92     0.955     0.913      1.81     0.276         0
   169/299     7.81G      0.86     0.282         0      1.14        25       608     0.903     0.929     0.953     0.916      1.88     0.269         0
   170/299     7.81G     0.858     0.267         0      1.12         6       608     0.897     0.927     0.959     0.912      1.88     0.265         0
   171/299     7.81G     0.912     0.301         0      1.21        26       608     0.892      0.92     0.942     0.906      1.89     0.278         0
   172/299     7.81G     0.918     0.273         0      1.19        19       608     0.902     0.929     0.932     0.916      1.83     0.284         0
   173/299     7.81G     0.803     0.264         0      1.07         5       608     0.894      0.92      0.93     0.907      1.84     0.285         0
   174/299     7.81G     0.898     0.255         0      1.15        25       608     0.912      0.92     0.946     0.916      1.81     0.276         0
   175/299     7.81G     0.811     0.257         0      1.07        22       608      0.92      0.92     0.956      0.92      1.82     0.274         0
   176/299     7.81G      0.86     0.255         0      1.12         8       608     0.919      0.92     0.953      0.92      1.85     0.275         0
   177/299     7.81G     0.785     0.265         0      1.05        25       608     0.916      0.92      0.96     0.918      1.81      0.27         0
   178/299     7.81G     0.817     0.291         0      1.11        25       608     0.912      0.92     0.962     0.916      1.84     0.267         0
   179/299     7.81G      0.81     0.278         0      1.09         8       608     0.914     0.936     0.965     0.925       1.8     0.267         0
   180/299     7.81G     0.811     0.283         0      1.09        18       608     0.895      0.92     0.938     0.908      1.79     0.267         0
   181/299     7.81G     0.834     0.239         0      1.07        23       608     0.897     0.926     0.951     0.911      1.79     0.264         0
   182/299     7.81G     0.697     0.253         0      0.95         6       608     0.893      0.92     0.926     0.906       1.8     0.264         0
   183/299     7.81G     0.807     0.262         0      1.07        29       608     0.897     0.923     0.949      0.91      1.78     0.264         0
   184/299     7.81G     0.773     0.242         0      1.02        20       608     0.903      0.92      0.95     0.912      1.82     0.277         0
   185/299     7.81G     0.802     0.251         0      1.05         7       608     0.913     0.912     0.942     0.912      1.84     0.285         0
   186/299     7.81G     0.736     0.264         0         1        23       608     0.894     0.896     0.931     0.895      1.85     0.288         0
   187/299     7.81G     0.757     0.248         0         1        24       608     0.912     0.917     0.933     0.914      1.88      0.28         0
   188/299     7.81G     0.738     0.244         0     0.983         9       608      0.92     0.915     0.947     0.917      1.83     0.279         0
   189/299     7.81G     0.805     0.257         0      1.06        28       608      0.92      0.91     0.951     0.915      1.83      0.28         0
   190/299     7.81G     0.693     0.232         0     0.925        28       608     0.907     0.912     0.948     0.909      1.83     0.277         0
   191/299     7.81G     0.704     0.245         0     0.949         6       608     0.929     0.929     0.958     0.929      1.82     0.271         0
   192/299     7.81G     0.789     0.254         0      1.04        31       608     0.929     0.926     0.958     0.927       1.8     0.271         0
   193/299     7.81G     0.714     0.243         0     0.956        22       608     0.926     0.929     0.957     0.928       1.8     0.277         0
   194/299     7.81G      0.72     0.238         0     0.958        11       608      0.92     0.956     0.958     0.937      1.77     0.278         0
   195/299     7.81G     0.706     0.247         0     0.954        25       608     0.897     0.947     0.956     0.921      1.74     0.283         0
   196/299     7.81G     0.706     0.239         0     0.945        26       608     0.899     0.947     0.955     0.922      1.76     0.283         0
   197/299     7.81G     0.704     0.264         0     0.967        10       608     0.914     0.941     0.958     0.927      1.75     0.275         0
   198/299     7.81G     0.637      0.23         0     0.866        25       608     0.911     0.947     0.953     0.929      1.74     0.271         0
   199/299     7.81G     0.654     0.212         0     0.866        23       608     0.921     0.932     0.951     0.927      1.76     0.263         0
   200/299     7.81G     0.682     0.217         0     0.899         8       608     0.935     0.929     0.955     0.932      1.79     0.265         0
   201/299     7.81G     0.655     0.222         0     0.877        30       608      0.93     0.929     0.962     0.929      1.75     0.267         0
   202/299     7.81G     0.681     0.228         0     0.909        24       608     0.922     0.947     0.958     0.935      1.74     0.268         0
   203/299     7.81G      0.65     0.214         0     0.864         6       608     0.921     0.947     0.967     0.934      1.75     0.268         0
   204/299     7.81G     0.637     0.225         0     0.862        20       608     0.908     0.965     0.969     0.935      1.77     0.272         0
   205/299     7.81G     0.679     0.209         0     0.888        24       608     0.892     0.948     0.962     0.919      1.77     0.274         0
   206/299     7.81G      0.66     0.219         0     0.879         8       608     0.896     0.947      0.96     0.921      1.75     0.275         0
   207/299     7.81G     0.573     0.216         0     0.789        21       608     0.888     0.956     0.961     0.921      1.76     0.276         0
   208/299     7.81G     0.639     0.209         0     0.848        26       608     0.907     0.947     0.959     0.926      1.75     0.279         0
   209/299     7.81G     0.585     0.205         0      0.79         8       608     0.907     0.955     0.964     0.931      1.74     0.276         0
   210/299     7.81G     0.661     0.209         0      0.87        26       608     0.918     0.956     0.968     0.936      1.74     0.275         0
   211/299     7.81G     0.585     0.211         0     0.797        27       608     0.923     0.955     0.968     0.939      1.73     0.282         0
   212/299     7.81G     0.586     0.211         0     0.797         8       608     0.923     0.952     0.968     0.937      1.73     0.284         0
   213/299     7.81G     0.597       0.2         0     0.797        28       608     0.923     0.952     0.968     0.937      1.72     0.286         0
   214/299     7.81G     0.621     0.219         0      0.84        25       608     0.922     0.947     0.966     0.934      1.73     0.287         0
   215/299     7.81G     0.582     0.216         0     0.798         5       608     0.915     0.949     0.962     0.932      1.73     0.289         0
   216/299     7.81G      0.62     0.227         0     0.847        24       608      0.91     0.938     0.952     0.924      1.72      0.29         0
   217/299     7.81G     0.558     0.214         0     0.772        24       608     0.915     0.948     0.958     0.931      1.74     0.292         0
   218/299     7.81G     0.564     0.229         0     0.793        11       608     0.918     0.947      0.95     0.932      1.73     0.295         0
   219/299     7.81G     0.615     0.208         0     0.824        22       608     0.919     0.947     0.961     0.933      1.74     0.299         0
   220/299     7.81G     0.599      0.19         0     0.789        22       608     0.914     0.947     0.964      0.93      1.75     0.299         0
   221/299     7.81G     0.534     0.211         0     0.745         7       608     0.915     0.947     0.965      0.93      1.73     0.298         0
   222/299     7.81G     0.578     0.218         0     0.796        23       608     0.908     0.947     0.966     0.927      1.73     0.293         0
   223/299     7.81G     0.589       0.2         0     0.789        28       608     0.915     0.953     0.968     0.933      1.74     0.291         0
   224/299     7.81G     0.528     0.207         0     0.735         6       608     0.919     0.956     0.967     0.937      1.75     0.286         0
   225/299     7.81G     0.565       0.2         0     0.766        24       608     0.913     0.956     0.961     0.934      1.76     0.285         0
   226/299     7.81G     0.519     0.183         0     0.702        22       608     0.912     0.956     0.963     0.933      1.75     0.283         0
   227/299     7.81G     0.567     0.196         0     0.763         7       608     0.923     0.956     0.962     0.939      1.75     0.283         0
   228/299     7.81G     0.538     0.183         0     0.721        26       608      0.91     0.956     0.962     0.932      1.75     0.283         0
   229/299     7.81G     0.568     0.223         0     0.791        25       608     0.912     0.956     0.963     0.933      1.75     0.283         0
   230/299     7.81G     0.519     0.183         0     0.703         7       608     0.923     0.953     0.964     0.938      1.74      0.28         0
   231/299     7.81G     0.509     0.182         0     0.691        25       608     0.923     0.952     0.964     0.937      1.74     0.281         0
   232/299     7.81G      0.55     0.191         0     0.741        25       608     0.923     0.953     0.965     0.937      1.76     0.284         0
   233/299     7.81G     0.518     0.168         0     0.686         6       608     0.923     0.957     0.965      0.94      1.75     0.284         0
   234/299     7.81G     0.547     0.217         0     0.764        28       608     0.923     0.947     0.967     0.935      1.75     0.278         0
   235/299     7.81G     0.566     0.187         0     0.753        26       608     0.931     0.949     0.966      0.94      1.74     0.277         0
   236/299     7.81G     0.556     0.193         0     0.749         8       608     0.931     0.951     0.966     0.941      1.74     0.275         0
   237/299     7.81G     0.505     0.186         0     0.691        29       608     0.915     0.947     0.966     0.931      1.73     0.275         0
   238/299     7.81G     0.509     0.189         0     0.697        27       608     0.918     0.947     0.967     0.932      1.72     0.276         0
   239/299     7.81G     0.519     0.189         0     0.708         9       608     0.929     0.956     0.968     0.942      1.72     0.281         0
   240/299     7.81G     0.498      0.18         0     0.678        21       608     0.931     0.973     0.969     0.952      1.72     0.285         0
   241/299     7.81G     0.528     0.177         0     0.706        20       608     0.927     0.973     0.969      0.95      1.72     0.287         0
   242/299     7.81G     0.492      0.18         0     0.672         9       608     0.924     0.966     0.965     0.945      1.71     0.289         0
   243/299     7.81G     0.506     0.187         0     0.693        23       608     0.924     0.968     0.965     0.946       1.7     0.291         0
   244/299     7.81G     0.516     0.186         0     0.703        23       608     0.924     0.964     0.964     0.944       1.7     0.293         0
   245/299     7.81G     0.483     0.165         0     0.648         6       608     0.921     0.965     0.964     0.942      1.69     0.294         0
   246/299     7.81G     0.499     0.193         0     0.692        24       608     0.924     0.964     0.963     0.944      1.69     0.296         0
   247/299     7.81G     0.522     0.178         0       0.7        27       608     0.914     0.965     0.963     0.939      1.69       0.3         0
   248/299     7.81G     0.507     0.175         0     0.682         7       608     0.913     0.965     0.964     0.938      1.69     0.302         0
   249/299     7.81G       0.5     0.196         0     0.696        25       608     0.914     0.965     0.965     0.939      1.71     0.302         0
   250/299     7.81G     0.514     0.177         0     0.691        22       608     0.915     0.953      0.96     0.934      1.72     0.301         0
   251/299     7.81G     0.489     0.163         0     0.652         8       608     0.916      0.96     0.962     0.937      1.71     0.299         0
   252/299     7.81G     0.477     0.182         0     0.659        23       608     0.915     0.958     0.961     0.936      1.72     0.299         0
   253/299     7.81G      0.48     0.187         0     0.667        28       608     0.916      0.96     0.961     0.937      1.71       0.3         0
   254/299     7.81G     0.472     0.178         0      0.65         4       608     0.911     0.956     0.962     0.933      1.71     0.301         0
   255/299     7.81G     0.459     0.167         0     0.626        28       608     0.908     0.961     0.962     0.934      1.71     0.302         0
   256/299     7.81G     0.494     0.167         0     0.661        22       608     0.908     0.958     0.962     0.932      1.71     0.307         0
   257/299     7.81G     0.495      0.18         0     0.675        10       608     0.908     0.962     0.963     0.934      1.72     0.306         0
   258/299     7.81G     0.502     0.186         0     0.689        27       608     0.908     0.961     0.963     0.934      1.71     0.304         0
   259/299     7.81G     0.486     0.167         0     0.653        24       608     0.916     0.956     0.964     0.935      1.71     0.301         0
   260/299     7.81G     0.457     0.177         0     0.634         8       608      0.91     0.956     0.963     0.932      1.72     0.298         0
   261/299     7.81G     0.491     0.171         0     0.662        27       608     0.908     0.962     0.962     0.934      1.72     0.298         0
   262/299     7.81G     0.495     0.179         0     0.674        25       608       0.9     0.952     0.956     0.925      1.73     0.297         0
   263/299     7.81G     0.485     0.168         0     0.653         9       608     0.908     0.957     0.962     0.931      1.75     0.298         0
   264/299     7.81G     0.483     0.176         0     0.659        26       608     0.916      0.96     0.961     0.937      1.74     0.299         0
   265/299     7.81G     0.463     0.173         0     0.636        20       608     0.899      0.95     0.956     0.924      1.73     0.302         0
   266/299     7.81G     0.495     0.159         0     0.654        10       608     0.899     0.956     0.956     0.926      1.73     0.305         0
   267/299     7.81G     0.486     0.179         0     0.665        27       608     0.911     0.965     0.962     0.937      1.72     0.308         0
   268/299     7.81G     0.465     0.163         0     0.627        23       608     0.903     0.965     0.962     0.933      1.72     0.307         0
   269/299     7.81G     0.474     0.158         0     0.632         9       608     0.908     0.965     0.963     0.936      1.72     0.307         0
   270/299     7.81G     0.455     0.159         0     0.614        24       608     0.916     0.965     0.963      0.94      1.72     0.306         0
   271/299     7.81G     0.461     0.174         0     0.635        27       608      0.91     0.965     0.963     0.936      1.73     0.305         0
   272/299     7.81G     0.478     0.173         0     0.651         8       608     0.913     0.965     0.962     0.938      1.73     0.304         0
   273/299     7.81G     0.448     0.162         0      0.61        25       608     0.914     0.965     0.961     0.938      1.73     0.302         0
   274/299     7.81G     0.463      0.18         0     0.644        24       608     0.916     0.965     0.961      0.94      1.74     0.304         0
   275/299     7.81G     0.452     0.167         0      0.62         9       608     0.913     0.965      0.96     0.938      1.74     0.305         0
   276/299     7.81G     0.455     0.183         0     0.638        25       608     0.919     0.965      0.96     0.941      1.74     0.304         0
   277/299     7.81G     0.447     0.152         0     0.598        24       608     0.906     0.965     0.959     0.934      1.73     0.303         0
   278/299     7.81G     0.469     0.156         0     0.625         6       608     0.905     0.956     0.953      0.93      1.73     0.302         0
   279/299     7.81G     0.461     0.164         0     0.625        26       608     0.907     0.956     0.955     0.931      1.72     0.303         0
   280/299     7.81G     0.445     0.169         0     0.614        22       608     0.909     0.965     0.962     0.936      1.71     0.305         0
   281/299     7.81G     0.473     0.169         0     0.641         8       608     0.918     0.965     0.962     0.941      1.71     0.306         0
   282/299     7.81G     0.451     0.164         0     0.615        28       608     0.915     0.965     0.962     0.939      1.71     0.307         0
   283/299     7.81G     0.442     0.151         0     0.593        24       608     0.908     0.965     0.965     0.935      1.71     0.306         0
   284/299     7.81G     0.441     0.169         0      0.61         8       608     0.902     0.965     0.964     0.932      1.71     0.304         0
   285/299     7.81G     0.447      0.17         0     0.617        23       608     0.893     0.965     0.963     0.928      1.71     0.304         0
   286/299     7.81G     0.462     0.164         0     0.626        31       608     0.899     0.965     0.963     0.931      1.71     0.302         0
   287/299     7.81G     0.451     0.164         0     0.616         9       608       0.9     0.965     0.963     0.931      1.71     0.301         0
   288/299     7.81G     0.458     0.164         0     0.622        27       608       0.9     0.965     0.963     0.931      1.72     0.302         0
   289/299     7.81G     0.442     0.172         0     0.613        24       608     0.908     0.965     0.964     0.936      1.72     0.304         0
   290/299     7.81G     0.421     0.144         0     0.565         9       608     0.912     0.965     0.961     0.937      1.72     0.307         0
   291/299     7.81G     0.452     0.168         0      0.62        27       608     0.916     0.965     0.961      0.94      1.72     0.308         0
   292/299     7.81G     0.432     0.153         0     0.585        23       608     0.924     0.964     0.969     0.944      1.72      0.31         0
   293/299     7.81G     0.473     0.161         0     0.633         8       608     0.916     0.961      0.97     0.938      1.71     0.311         0
   294/299     7.81G     0.457      0.16         0     0.617        20       608     0.915     0.956     0.971     0.935      1.72     0.312         0
   295/299     7.81G     0.471     0.162         0     0.633        28       608     0.918     0.965      0.97     0.941      1.73      0.31         0
   296/299     7.81G     0.422     0.147         0     0.568         7       608     0.922     0.965      0.97     0.943      1.73      0.31         0
   297/299     7.81G     0.446     0.162         0     0.608        28       608     0.923     0.965      0.97     0.943      1.72     0.309         0
   298/299     7.81G     0.424     0.157         0     0.581        22       608      0.92     0.965     0.971     0.942      1.71     0.307         0
   299/299     7.81G      0.44     0.157         0     0.597         7       608     0.922     0.965      0.97     0.943      1.71     0.305         0
