[          1]
[          1]
[          1]
[          1]
[          1]
[          1]
[          1]
[          1]
[          1]
[          1]
[          1]
[          1]
[          1]
[          1]
[          1]
[          1]
[          1]
[          1]
[          1]
[          1]
[          1]
[          1]
[          1]
[          1]
[          1]
[          1]
[          1]
[          1]
[          1]
[          1]
[          1]
[          1]
[          1]
[          1]
[          1]
[          1]
[          1]
[          1]
[          1]
[          1]
[          1]
[          1]
[          1]
[          1]
[          1]
[          1]
[          1]
[          1]
[          1]
[          1]
[          1]
[          1]
[          1]
[          1]
[          1]
[          1]
[          1]
[          1]
[          1]
[          1]
[          1]
[          1]
[          1]
[          1]
[          1]
[          1]
[          1]
[          1]
[          1]
[          1]
[          1]
[          1]
[          1]
[          1]
[          1]
[          1]
[          1]
[    0.98718]
[    0.98734]
[      0.975]
[    0.97531]
[    0.97561]
[     0.9759]
[    0.97619]
[    0.97647]
[    0.97674]
[    0.97701]
[    0.97727]
[    0.97753]
[    0.97778]
[    0.97802]
[    0.97826]
[    0.97849]
[    0.97872]
[    0.97895]
[    0.97917]
[    0.97938]
[    0.97959]
[     0.9798]
[       0.98]
[     0.9802]
[    0.98039]
[    0.98058]
[    0.98077]
[    0.98095]
[    0.98113]
[    0.98131]
[    0.98148]
[    0.98165]
[    0.98182]
[    0.98198]
[    0.98214]
[     0.9823]
[    0.98246]
[    0.98261]
[    0.97414]
[    0.97436]
[    0.97458]
[    0.97479]
[      0.975]
[    0.97521]
[    0.97541]
[    0.97561]
[    0.97581]
[      0.976]
[    0.96825]
[     0.9685]
[    0.96875]
[    0.96899]
[    0.96923]
[    0.96183]
[    0.96212]
[    0.96241]
[    0.96269]
[    0.95556]
[    0.95588]
[    0.94891]
[    0.94203]
[    0.94245]
[    0.94286]
[    0.94326]
[    0.94366]
[    0.94406]
[     0.9375]
[    0.93103]
[    0.93151]
[    0.93197]
[    0.93243]
[    0.93289]
[    0.93333]
[    0.92715]
[    0.92763]
[     0.9281]
[    0.92857]
[    0.92903]
[    0.92949]
[    0.92994]
[    0.92405]
[    0.92453]
[      0.925]
[    0.91925]
[    0.91975]
[    0.91411]
[    0.91463]
[    0.91515]
[    0.90964]
[    0.90419]
[    0.89881]
[    0.89349]
[    0.88824]
[    0.88889]
[    0.88372]
[    0.88439]
[    0.88506]
[    0.88571]
[    0.88068]
[    0.87571]
[    0.87079]
[    0.87151]
[    0.86667]
[    0.86188]
[    0.86264]
[    0.85792]
[     0.8587]
[    0.85405]
[    0.84946]
[    0.85027]
[    0.84574]
[    0.84127]
[    0.83684]
[    0.83246]
[    0.82812]
[    0.82902]
[     0.8299]
[    0.82564]
[    0.82143]
[    0.81726]
[    0.81313]
[    0.80905]
[      0.805]
[    0.80597]
[    0.80198]
[    0.79803]
[    0.79412]
[    0.79024]
[    0.79126]
[    0.79227]
[    0.78846]
[    0.78947]
[    0.78571]
[    0.78199]
[    0.78302]
[    0.77934]
[    0.78037]
[    0.77674]
[    0.77315]
[    0.76959]
[    0.76606]
[    0.76256]
[    0.75909]
[    0.75566]
[    0.75225]
[    0.74888]
[    0.74554]
[    0.74222]
[    0.73894]
[    0.73568]
[    0.73246]
[    0.72926]
[    0.72609]
[    0.72294]
[    0.71983]
[    0.71674]
[    0.71368]
[    0.71064]
[    0.70763]
[    0.70464]
[    0.70168]
[    0.69874]
[        0.7]
[     0.6971]
[    0.69421]
[    0.69136]
[    0.68852]
[    0.68571]
[    0.68293]
[    0.68016]
[    0.67742]
[     0.6747]
[      0.672]
[    0.66932]
[    0.66667]
[    0.66403]
[    0.66142]
[    0.65882]
[    0.65625]
[     0.6537]
[    0.65116]
[    0.64865]
[    0.64615]
[    0.64368]
[    0.64122]
[    0.63878]
[    0.63636]
[    0.63774]
[    0.63534]
[    0.63296]
[     0.6306]
[    0.62825]
[    0.62593]
[    0.62362]
[    0.62132]
[    0.61905]
[    0.61679]
[    0.61455]
[    0.61232]
[    0.61011]
[    0.60791]
[    0.60573]
[    0.60357]
[    0.60142]
[    0.59929]
[    0.59717]
[    0.59507]
[    0.59298]
[    0.59091]
[    0.58885]
[    0.58681]
[    0.58478]
[    0.58276]
[    0.58076]
[    0.57877]
[    0.57679]
[    0.57483]
[    0.57288]
[    0.57095]
[    0.56902]
[    0.56711]
[    0.56856]
[    0.56667]
[    0.56478]
[    0.56291]
[    0.56106]
[     0.5625]
[    0.56066]
[    0.55882]
[      0.557]
[    0.55519]
[     0.5534]
[    0.55484]
[    0.55305]
[    0.55128]
[    0.54952]
[    0.54777]
[    0.54603]
[     0.5443]
[    0.54259]
[    0.54088]
[    0.53918]
[     0.5375]
[    0.53583]
[    0.53416]
[    0.53251]
[    0.53086]
[    0.52923]
[    0.52761]
[    0.52599]
[    0.52439]
[     0.5228]
[    0.52121]
[    0.51964]
[    0.51807]
[    0.51652]
[    0.51497]
[    0.51343]
[     0.5119]
[    0.51039]
[    0.50888]
[    0.50737]
[    0.50588]
[     0.5044]
[    0.50292]
[    0.50146]
[        0.5]
[    0.49855]
[    0.49711]
[    0.49568]
[    0.49425]
[    0.49284]
[    0.49143]
[    0.49003]
[    0.48864]
[    0.48725]
[    0.48588]
[    0.48451]
[    0.48596]
[    0.48459]
[    0.48324]
[    0.48189]
[    0.48056]
[    0.47922]
[     0.4779]
[    0.47658]
[    0.47527]
[    0.47397]
[    0.47268]
[    0.47139]
[    0.47011]
[    0.46883]
[    0.46757]
[    0.46631]
[    0.46505]
[    0.46381]
[    0.46257]
[    0.46133]
[    0.46011]
[    0.45889]
[    0.45767]
[    0.45646]
[    0.45789]
[    0.45669]
[     0.4555]
[    0.45431]
[    0.45312]
[    0.45195]
[    0.45078]
[    0.44961]
[    0.44845]
[     0.4473]
[    0.44615]
[    0.44501]
[    0.44388]
[    0.44275]
[    0.44162]
[    0.44051]
[    0.43939]
[    0.43829]
[    0.43719]
[    0.43609]
[      0.435]
[    0.43392]
[    0.43284]
[    0.43176]
[    0.43069]
[    0.42963]
[    0.42857]
[    0.42752]
[    0.42647]
[    0.42543]
[    0.42439]
[    0.42336]
[    0.42233]
[    0.42131]
[    0.42029]
[    0.41928]
[    0.41827]
[    0.41727]
[    0.41627]
[    0.41527]
[    0.41429]
[     0.4133]
[    0.41232]
[    0.41135]
[    0.41038]
[    0.40941]
[    0.40845]
[    0.40749]
[    0.40654]
[    0.40559]
[    0.40698]
[    0.40603]
[    0.40509]
[    0.40416]
[    0.40323]
[     0.4023]
[    0.40138]
[    0.40046]
[    0.39954]
[    0.39863]
[    0.39773]
[    0.39683]
[    0.39593]
[    0.39503]
[    0.39414]
[    0.39326]
[    0.39238]
[     0.3915]
[    0.39062]
[    0.38976]
[    0.38889]
[    0.38803]
[    0.38717]
[    0.38631]
[    0.38546]
[    0.38462]
[    0.38377]
[    0.38293]
[     0.3821]
[    0.38126]
[    0.38043]
[    0.37961]
[    0.37879]
[    0.37797]
[    0.37716]
[    0.37634]
[    0.37554]
[    0.37473]
[    0.37393]
[    0.37313]
[    0.37234]
[    0.37155]
[    0.37076]
[    0.36998]
[     0.3692]
[    0.36842]
[    0.36765]
[    0.36688]
[    0.36611]
[    0.36534]
[    0.36458]
[    0.36383]
[    0.36307]
[    0.36232]
[    0.36157]
[    0.36082]
[    0.36008]
[    0.35934]
[    0.35861]
[    0.35787]
[    0.35714]
[    0.35642]
[    0.35569]
[    0.35497]
[    0.35425]
[    0.35354]
[    0.35282]
[    0.35211]
[    0.35141]
[     0.3507]
[       0.35]
[     0.3493]
[    0.34861]
[    0.34791]
[    0.34722]
[    0.34653]
[    0.34585]
[    0.34517]
[    0.34449]
[    0.34381]
[    0.34314]
[    0.34247]
[     0.3418]
[    0.34113]
[    0.34047]
[    0.33981]
[    0.33915]
[    0.33849]
[    0.33784]
[    0.33719]
[    0.33654]
[    0.33589]
[    0.33525]
[    0.33461]
[    0.33397]
[    0.33333]
[     0.3327]
[    0.33207]
[    0.33144]
[    0.33081]
[    0.33019]
[    0.32957]
[    0.32895]
[    0.32833]
[    0.32772]
[     0.3271]
[    0.32649]
