[    0.61606           0]
[    0.79025           0           0      0.4686           0]
[    0.40435     0.39699     0.29662]
[          0     0.48632           0           0           0           0           0           0]
[    0.64431     0.53374]
[    0.75286     0.73333]
[    0.59832           0           0           0]
[    0.80486           0     0.79064           0           0]
[    0.56189]
[    0.72966           0           0]
[     0.4188     0.48857]
[    0.65732           0]
[    0.86988           0]
[    0.56798           0           0           0           0           0]
[    0.82445           0     0.59708           0           0           0           0           0           0]
[    0.34959     0.33537           0           0     0.70881]
[    0.35716           0           0]
[    0.79594    0.031287           0]
[    0.80334]
[    0.85913     0.89589           0           0           0           0]
[    0.79706           0           0           0           0]
[    0.51949           0           0]
[    0.84906           0           0]
[     0.5082]
[    0.67055           0     0.54771           0           0           0]
[    0.61557           0           0           0]
[    0.93956           0           0           0]
[    0.87267           0      0.4753     0.86084]
[    0.65283]
[    0.58122           0]
[    0.63848     0.65935           0     0.41394]
[    0.66862           0]
[    0.86612     0.29555           0     0.34214           0]
[    0.43705           0           0     0.62094]
[    0.64499     0.48831]
[    0.30604           0     0.29758           0           0           0]
[    0.70236           0           0           0]
[    0.67835           0]
[          0     0.40665     0.33051           0           0           0           0]
[    0.80216           0]
[    0.83485           0           0]
[    0.65285           0]
[    0.53745     0.60594           0           0           0           0           0]
[    0.64063           0      0.5956           0]
[    0.80296]
[          0     0.41008     0.23192           0]
[     0.5695]
[     0.8853]
[    0.68236     0.38527     0.33833           0]
[    0.68697   0.0030178     0.36211     0.49383]
[    0.51639           0     0.52217]
[    0.45654     0.57799     0.79292           0           0           0           0           0           0           0]
[          0     0.45034     0.48429    0.049659    0.052254]
[    0.70571           0           0]
[    0.77176     0.43375           0     0.76978]
[     0.8072     0.57237]
[    0.50175           0           0           0     0.56708]
[    0.80788           0]
[    0.50264           0           0]
[    0.79844           0           0           0           0           0           0           0           0]
[    0.55021           0]
[    0.77546]
[    0.63442           0]
[    0.89476     0.85499     0.85544     0.65264     0.38992      0.4426     0.31993]
[    0.74738     0.68689           0]
[    0.72424     0.59186      0.4872     0.78711]
[    0.95924           0]
[    0.79685]
[    0.48224     0.30132           0]
[    0.84443]
[    0.85059]
[    0.90725]
[     0.7056           0    0.029468     0.62154    0.031574     0.73183           0]
[          0     0.70525     0.47865           0           0]
[    0.93145           0]
[    0.88447           0]
[    0.46285     0.51188           0    0.035144]
[    0.42025     0.81946           0           0]
[     0.5771           0           0           0]
[    0.65262           0]
[          0     0.58342           0           0           0     0.65554           0           0           0           0           0           0           0           0           0]
[    0.56202     0.43878]
[    0.55306     0.38137]
[    0.81473     0.76829           0           0     0.43165]
[     0.7608           0           0           0           0]
[          0     0.63878           0]
[    0.64373]
[    0.77692     0.41481           0]
[    0.85721           0           0           0]
[    0.64597           0]
[      0.834     0.61477           0           0]
[    0.73103     0.75469           0]
[    0.91656     0.60427           0           0     0.43441]
[    0.76524     0.92808           0           0           0]
[    0.61022           0]
[    0.78836           0]
[    0.44755           0]
[    0.78653           0           0]
[     0.5973           0           0]
