[          1]
[          1]
[          1]
[          1]
[          1]
[          1]
[          1]
[          1]
[          1]
[          1]
[          1]
[          1]
[          1]
[          1]
[          1]
[          1]
[          1]
[          1]
[          1]
[          1]
[          1]
[          1]
[          1]
[          1]
[          1]
[          1]
[          1]
[          1]
[          1]
[          1]
[          1]
[          1]
[          1]
[          1]
[    0.97143]
[    0.97222]
[    0.97297]
[    0.94737]
[    0.94872]
[       0.95]
[    0.95122]
[    0.95238]
[    0.95349]
[    0.95455]
[    0.95556]
[    0.95652]
[    0.95745]
[    0.95833]
[    0.95918]
[       0.96]
[    0.96078]
[    0.94231]
[     0.9434]
[    0.92593]
[    0.92727]
[    0.92857]
[    0.92982]
[    0.93103]
[     0.9322]
[    0.93333]
[    0.93443]
[    0.93548]
[    0.93651]
[     0.9375]
[    0.93846]
[    0.93939]
[     0.9403]
[    0.94118]
[    0.94203]
[    0.94286]
[    0.94366]
[    0.93056]
[    0.93151]
[    0.93243]
[       0.92]
[    0.92105]
[    0.90909]
[    0.91026]
[    0.91139]
[     0.9125]
[    0.91358]
[    0.91463]
[    0.91566]
[    0.91667]
[    0.90588]
[    0.89535]
[    0.89655]
[    0.88636]
[     0.8764]
[    0.87778]
[    0.86813]
[    0.86957]
[    0.87097]
[    0.87234]
[    0.87368]
[      0.875]
[    0.86598]
[    0.86735]
[    0.85859]
[       0.85]
[    0.84158]
[    0.84314]
[    0.84466]
[    0.83654]
[     0.8381]
[    0.83019]
[    0.82243]
[    0.81481]
[    0.80734]
[    0.80909]
[    0.81081]
[    0.80357]
[    0.79646]
[    0.79825]
[     0.7913]
[    0.78448]
[    0.77778]
[    0.77119]
[    0.77311]
[    0.76667]
[    0.76033]
[     0.7541]
[    0.74797]
[    0.74194]
[      0.736]
[    0.73016]
[    0.73228]
[    0.72656]
[    0.72093]
[    0.71538]
[    0.70992]
[    0.70455]
[    0.69925]
[    0.69403]
[    0.68889]
[    0.69118]
[    0.68613]
[    0.68116]
[    0.67626]
[    0.67143]
[    0.66667]
[    0.66197]
[    0.65734]
[    0.65278]
[    0.64828]
[    0.64384]
[    0.63946]
[    0.63514]
[    0.63087]
[    0.62667]
[    0.62252]
[    0.61842]
[    0.61438]
[    0.61039]
[    0.60645]
[    0.60256]
[    0.59873]
[    0.59494]
[    0.59119]
[     0.5875]
[    0.58385]
[    0.58025]
[    0.57669]
[    0.57317]
[     0.5697]
[    0.56627]
[    0.56287]
[    0.55952]
[    0.55621]
[    0.55294]
[    0.54971]
[    0.54651]
[    0.54335]
[    0.54023]
[    0.53714]
[    0.53409]
[    0.53107]
[    0.52809]
[    0.52514]
[    0.52222]
[    0.52486]
[    0.52198]
[    0.51913]
[     0.5163]
[    0.51351]
[    0.51075]
[    0.50802]
[    0.50532]
[    0.50265]
[    0.50526]
[    0.50262]
[        0.5]
[    0.49741]
[    0.49485]
[    0.49231]
[     0.4898]
[    0.48731]
[    0.48485]
[    0.48241]
[       0.48]
[    0.47761]
[    0.47525]
[    0.47291]
[    0.47059]
[    0.46829]
[    0.46602]
[    0.46377]
[    0.46154]
[    0.45933]
[    0.45714]
[    0.45498]
[    0.45283]
[     0.4507]
[     0.4486]
[    0.44651]
[    0.44444]
[     0.4424]
[    0.44037]
[    0.43836]
[    0.43636]
[    0.43439]
[    0.43243]
[    0.43049]
[    0.42857]
[    0.42667]
[    0.42478]
[    0.42291]
[    0.42105]
[    0.41921]
[    0.41739]
[    0.41558]
[    0.41379]
[    0.41202]
[    0.41026]
[    0.40851]
[    0.40678]
[    0.40506]
[    0.40756]
[    0.40586]
[    0.40417]
[    0.40249]
[    0.40083]
[    0.39918]
[    0.39754]
[    0.39592]
[    0.39431]
[    0.39271]
[    0.39113]
[    0.38956]
[      0.388]
[    0.38645]
[    0.38492]
[     0.3834]
[    0.38189]
[    0.38039]
[    0.37891]
[    0.37743]
[    0.37597]
[    0.37452]
[    0.37308]
[    0.37165]
[    0.37023]
[    0.36882]
[    0.36742]
[    0.36604]
[    0.36466]
[     0.3633]
[    0.36194]
[    0.36059]
[    0.36296]
[    0.36162]
[    0.36029]
[    0.35897]
[    0.35766]
[    0.35636]
[    0.35507]
[    0.35379]
[    0.35252]
[    0.35125]
[       0.35]
[    0.34875]
[    0.34752]
[    0.34629]
[    0.34507]
[    0.34386]
[    0.34266]
[    0.34146]
[    0.34028]
[     0.3391]
[    0.33793]
[    0.33677]
[    0.33562]
[    0.33447]
[    0.33333]
[     0.3322]
[    0.33108]
[    0.32997]
[    0.32886]
[    0.32776]
[    0.32667]
[    0.32558]
[     0.3245]
[    0.32343]
[    0.32237]
[    0.32131]
[    0.32026]
[    0.31922]
[    0.31818]
[    0.31715]
[    0.31613]
[    0.31511]
[     0.3141]
[     0.3131]
[     0.3121]
[    0.31429]
[    0.31329]
[     0.3123]
[    0.31132]
[    0.31034]
[    0.30938]
[    0.30841]
[    0.30745]
[     0.3065]
[    0.30556]
[    0.30462]
[    0.30368]
[    0.30275]
[    0.30183]
[    0.30091]
[        0.3]
[    0.29909]
[    0.29819]
[     0.2973]
[    0.29641]
[    0.29552]
[    0.29464]
[    0.29377]
[     0.2929]
[    0.29204]
[    0.29118]
[    0.29032]
[    0.28947]
[    0.28863]
[    0.28779]
[    0.28696]
[    0.28613]
[     0.2853]
[    0.28448]
[    0.28367]
[    0.28286]
[    0.28205]
