[          1]
[          1]
[    0.66667]
[       0.75]
[        0.8]
[    0.83333]
[    0.85714]
[      0.875]
[    0.88889]
[        0.9]
[    0.90909]
[    0.91667]
[    0.92308]
[    0.92857]
[    0.93333]
[     0.9375]
[    0.94118]
[    0.94444]
[    0.94737]
[       0.95]
[    0.95238]
[    0.95455]
[    0.95652]
[    0.95833]
[       0.96]
[    0.96154]
[    0.96296]
[    0.96429]
[    0.96552]
[    0.96667]
[    0.96774]
[    0.96875]
[     0.9697]
[    0.97059]
[    0.97143]
[    0.97222]
[    0.97297]
[    0.97368]
[    0.97436]
[      0.975]
[    0.97561]
[    0.97619]
[    0.97674]
[    0.97727]
[    0.97778]
[    0.97826]
[    0.97872]
[    0.97917]
[    0.97959]
[       0.98]
[    0.98039]
[    0.98077]
[    0.98113]
[    0.98148]
[    0.98182]
[    0.98214]
[    0.98246]
[    0.98276]
[    0.98305]
[    0.98333]
[    0.98361]
[    0.98387]
[    0.98413]
[    0.98438]
[    0.98462]
[    0.98485]
[    0.98507]
[    0.98529]
[    0.98551]
[    0.98571]
[    0.98592]
[    0.98611]
[     0.9863]
[    0.98649]
[    0.98667]
[    0.98684]
[    0.98701]
[    0.98718]
[    0.98734]
[     0.9875]
[    0.98765]
[     0.9878]
[    0.98795]
[     0.9881]
[    0.98824]
[    0.98837]
[    0.98851]
[    0.98864]
[    0.98876]
[    0.98889]
[    0.98901]
[    0.98913]
[    0.98925]
[    0.98936]
[    0.98947]
[    0.98958]
[    0.98969]
[    0.97959]
[     0.9798]
[       0.98]
[     0.9802]
[    0.98039]
[    0.98058]
[    0.98077]
[    0.98095]
[    0.98113]
[    0.97196]
[    0.97222]
[    0.97248]
[    0.97273]
[    0.97297]
[    0.97321]
[    0.97345]
[    0.97368]
[    0.97391]
[    0.97414]
[    0.97436]
[    0.97458]
[    0.97479]
[      0.975]
[    0.97521]
[    0.97541]
[    0.97561]
[    0.97581]
[      0.976]
[    0.97619]
[    0.97638]
[    0.97656]
[    0.97674]
[    0.97692]
[     0.9771]
[    0.97727]
[    0.97744]
[    0.97761]
[    0.97037]
[    0.97059]
[     0.9708]
[    0.97101]
[    0.97122]
[    0.97143]
[    0.97163]
[    0.97183]
[    0.97203]
[    0.97222]
[    0.97241]
[     0.9726]
[    0.97279]
[    0.97297]
[    0.97315]
[    0.97333]
[    0.97351]
[    0.97368]
[    0.97386]
[    0.97403]
[    0.97419]
[    0.97436]
[    0.97452]
[    0.97468]
[    0.97484]
[      0.975]
[    0.97516]
[    0.97531]
[    0.97546]
[    0.97561]
[    0.97576]
[     0.9759]
[    0.97605]
[    0.97619]
[    0.97633]
[    0.97647]
[    0.97661]
[    0.97674]
[    0.97688]
[    0.97701]
[    0.97714]
[    0.97159]
[    0.97175]
[    0.97191]
[    0.97207]
[    0.97222]
[    0.96685]
[    0.96703]
[    0.96721]
[    0.96739]
[    0.96757]
[    0.96774]
[    0.96791]
[    0.96809]
[    0.96825]
[    0.96842]
[    0.96859]
[    0.96875]
[    0.96891]
[    0.96907]
[    0.96923]
[    0.96939]
[    0.96954]
[     0.9697]
[    0.96482]
[      0.965]
[    0.96517]
[    0.96535]
[    0.96552]
[    0.96569]
[    0.96585]
[    0.96602]
[    0.96618]
[    0.96635]
[    0.96651]
[    0.96667]
[    0.96682]
[    0.96698]
[    0.96714]
[    0.96729]
[    0.96744]
[    0.96759]
[    0.96774]
[    0.96789]
[    0.96804]
[    0.96818]
[    0.96833]
[    0.96847]
[    0.96861]
[    0.96875]
[    0.96889]
[    0.96903]
[    0.96916]
[     0.9693]
[    0.96943]
[    0.96957]
[     0.9697]
[    0.96983]
[    0.96996]
[    0.97009]
[    0.97021]
[    0.97034]
[    0.97046]
[    0.97059]
[    0.97071]
[    0.97083]
[    0.97095]
[    0.97107]
[    0.97119]
[    0.96721]
[    0.96327]
[    0.96341]
[    0.96356]
[    0.96371]
[    0.96386]
[      0.964]
[    0.96414]
[    0.96429]
[    0.96443]
[    0.96063]
[    0.95686]
[    0.95312]
[    0.94942]
[    0.94574]
[    0.94595]
[    0.94231]
[    0.94253]
[    0.94275]
[    0.93916]
[    0.93939]
[    0.93585]
[    0.93609]
[    0.93633]
[    0.93284]
[    0.93309]
[    0.93333]
[    0.92989]
[    0.93015]
[    0.92674]
[    0.92336]
[       0.92]
[    0.92029]
[    0.91697]
[    0.91727]
[    0.91756]
[    0.91786]
[    0.91459]
[    0.91135]
[    0.90813]
[    0.90845]
[    0.90877]
[    0.90909]
[    0.90941]
[    0.90625]
[    0.90657]
[    0.90345]
[    0.90034]
[    0.89726]
[     0.8942]
[    0.89116]
[    0.88814]
[    0.88514]
[    0.88215]
[    0.87919]
[    0.87625]
[    0.87333]
[    0.87043]
[    0.86755]
[    0.86469]
[    0.86184]
[    0.85902]
[    0.85621]
[    0.85342]
[    0.85065]
[    0.85113]
[    0.84839]
[    0.84566]
[    0.84295]
[    0.84345]
[    0.84076]
[     0.8381]
[    0.83544]
[    0.83281]
[    0.83019]
[    0.82759]
[      0.825]
[    0.82243]
[    0.81988]
[    0.81734]
[    0.81481]
[    0.81231]
[    0.81288]
[     0.8104]
[    0.80793]
[    0.80547]
[    0.80303]
[     0.8006]
[    0.79819]
[     0.7958]
[    0.79341]
[    0.79104]
[    0.78869]
[    0.78635]
[    0.78402]
[    0.78171]
[    0.77941]
[    0.77713]
[    0.77485]
[    0.77259]
[    0.77035]
[    0.76812]
[     0.7659]
[    0.76369]
[    0.76149]
[    0.75931]
[    0.75714]
[    0.75499]
[    0.75284]
[    0.75071]
[    0.74859]
[    0.74648]
[    0.74438]
[     0.7423]
[    0.74022]
[    0.73816]
[    0.73611]
[    0.73407]
[    0.73204]
[    0.73003]
[    0.72802]
[    0.72603]
[    0.72678]
[    0.72752]
[    0.72554]
[    0.72358]
[    0.72162]
[    0.71968]
[    0.71774]
[    0.71582]
[     0.7139]
[      0.712]
[    0.71011]
[    0.70822]
[    0.70635]
[    0.70449]
[    0.70263]
[    0.70079]
[    0.69895]
[    0.69713]
[    0.69531]
[    0.69351]
[    0.69171]
[    0.68992]
[    0.68814]
[    0.68638]
[    0.68462]
[    0.68286]
[    0.68112]
[    0.67939]
[    0.67766]
[    0.67595]
[    0.67424]
[    0.67254]
[    0.67085]
[    0.66917]
[     0.6675]
[    0.66584]
[    0.66418]
[    0.66253]
[    0.66089]
[    0.65926]
[    0.65764]
[    0.65602]
[    0.65441]
[    0.65281]
[    0.65122]
[    0.64964]
[    0.64806]
[    0.64649]
[    0.64493]
[    0.64337]
[    0.64183]
[    0.64029]
[    0.63876]
[    0.63723]
[    0.63571]
[     0.6342]
[     0.6327]
[    0.63121]
[    0.62972]
[    0.62824]
[    0.62676]
[    0.62529]
[    0.62383]
[    0.62238]
[    0.62093]
[    0.61949]
[    0.61806]
[    0.61663]
[    0.61521]
[    0.61379]
[    0.61239]
[    0.61098]
[    0.60959]
[     0.6082]
[    0.60682]
[    0.60544]
[    0.60407]
[    0.60271]
[    0.60135]
[        0.6]
[    0.59865]
[    0.59732]
[    0.59598]
[    0.59465]
[    0.59333]
[    0.59202]
[    0.59071]
[     0.5894]
[    0.58811]
[    0.58681]
[    0.58553]
[    0.58425]
[    0.58297]
[     0.5817]
[    0.58043]
[    0.57918]
[    0.57792]
[    0.57667]
[    0.57543]
[    0.57419]
[    0.57296]
[    0.57173]
[    0.57051]
[     0.5693]
[    0.56809]
[    0.56688]
[    0.56568]
[    0.56448]
[    0.56329]
[    0.56211]
[    0.56092]
[    0.55975]
[    0.55858]
[    0.55741]
[    0.55625]
[    0.55509]
[    0.55602]
[    0.55487]
[    0.55372]
[    0.55258]
[    0.55144]
[    0.55031]
[    0.54918]
[    0.54806]
[    0.54694]
[    0.54582]
[    0.54472]
[    0.54361]
[    0.54251]
[    0.54141]
[    0.54032]
[    0.53924]
[    0.53815]
[    0.53707]
[      0.536]
[    0.53493]
[    0.53386]
[     0.5328]
[    0.53175]
[    0.53069]
[    0.52964]
[     0.5286]
[    0.52756]
[    0.52652]
[    0.52549]
[    0.52446]
[    0.52344]
[    0.52242]
[     0.5214]
[    0.52039]
[    0.51938]
[    0.51838]
[    0.51737]
[    0.51638]
[    0.51538]
[     0.5144]
[    0.51341]
[    0.51243]
[    0.51145]
[    0.51048]
[    0.50951]
[    0.50854]
[    0.50758]
[    0.50662]
[    0.50566]
[    0.50471]
[    0.50376]
[    0.50281]
[    0.50187]
[    0.50093]
[        0.5]
[    0.49907]
[    0.49814]
[    0.49722]
[     0.4963]
[    0.49538]
[    0.49446]
[    0.49355]
[    0.49265]
[    0.49174]
[    0.49084]
[    0.48995]
[    0.48905]
[    0.48816]
[    0.48727]
[    0.48639]
[    0.48551]
[    0.48463]
[    0.48375]
[    0.48288]
[    0.48201]
[    0.48115]
[    0.48029]
[    0.47943]
[    0.47857]
[    0.47772]
[    0.47687]
[    0.47602]
[    0.47518]
[    0.47434]
[     0.4735]
[    0.47266]
[    0.47183]
[      0.471]
[    0.47018]
[    0.46935]
[    0.46853]
[    0.46771]
[     0.4669]
[    0.46609]
[    0.46528]
[    0.46447]
[    0.46367]
[    0.46287]
[    0.46207]
[    0.46127]
[    0.46048]
[    0.45969]
[     0.4589]
[    0.45812]
[    0.45734]
[    0.45656]
[    0.45578]
[    0.45501]
[    0.45424]
[    0.45347]
[     0.4527]
[    0.45194]
[    0.45118]
[    0.45042]
[    0.44966]
[    0.44891]
[    0.44816]
[    0.44741]
[    0.44667]
[    0.44592]
[    0.44518]
[    0.44444]
[    0.44371]
[    0.44298]
[    0.44224]
[    0.44152]
[    0.44079]
[    0.44007]
[    0.43934]
[    0.43863]
[    0.43791]
[    0.43719]
[    0.43648]
[    0.43577]
[    0.43506]
[    0.43436]
[    0.43366]
[    0.43296]
[    0.43226]
[    0.43156]
[    0.43087]
[    0.43018]
[    0.42949]
[     0.4288]
[    0.42812]
[    0.42743]
[    0.42675]
[    0.42607]
[     0.4254]
[    0.42631]
[    0.42563]
[    0.42496]
[    0.42429]
[    0.42362]
[    0.42296]
[    0.42229]
[    0.42163]
[    0.42097]
[    0.42031]
[    0.41966]
[      0.419]
[    0.41835]
[     0.4177]
[    0.41705]
[    0.41641]
[    0.41577]
[    0.41512]
[    0.41448]
[    0.41385]
[    0.41321]
[    0.41258]
[    0.41194]
[    0.41131]
[    0.41069]
[    0.41006]
[    0.40944]
[    0.40881]
[    0.40819]
[    0.40758]
[    0.40696]
[    0.40634]
[    0.40573]
[    0.40512]
[    0.40451]
[     0.4039]
[     0.4033]
[    0.40269]
[    0.40209]
[    0.40149]
[    0.40089]
[     0.4003]
[     0.3997]
[    0.39911]
[    0.39852]
[    0.39793]
[    0.39734]
[    0.39676]
[    0.39617]
[    0.39559]
[    0.39501]
[    0.39589]
[    0.39531]
[    0.39474]
[    0.39416]
[    0.39359]
[    0.39301]
[    0.39244]
[    0.39187]
[     0.3913]
[    0.39074]
[    0.39017]
[    0.38961]
[    0.38905]
[    0.38849]
[    0.38793]
[    0.38737]
[    0.38682]
[    0.38627]
[    0.38571]
[    0.38516]
[    0.38462]
[    0.38407]
[    0.38352]
[    0.38298]
[    0.38244]
[     0.3819]
[    0.38136]
[    0.38082]
[    0.38028]
[    0.37975]
[    0.37921]
[    0.37868]
[    0.37815]
[    0.37762]
[    0.37709]
[    0.37657]
[    0.37604]
[    0.37552]
[      0.375]
[    0.37448]
[    0.37396]
[    0.37344]
[    0.37293]
[    0.37241]
[     0.3719]
[    0.37139]
[    0.37088]
[    0.37037]
[    0.36986]
[    0.36936]
[    0.36885]
[    0.36835]
[    0.36785]
[    0.36735]
[    0.36685]
[    0.36635]
[    0.36585]
[    0.36536]
[    0.36486]
[    0.36437]
[    0.36388]
[    0.36339]
[     0.3629]
[    0.36242]
[    0.36193]
[    0.36145]
[    0.36096]
[    0.36048]
[       0.36]
[    0.35952]
[    0.35904]
[    0.35857]
[    0.35809]
[    0.35762]
[    0.35714]
[    0.35667]
[     0.3562]
[    0.35573]
[    0.35526]
[     0.3548]
[    0.35564]
[    0.35518]
[    0.35471]
[    0.35425]
[    0.35379]
[    0.35332]
[    0.35286]
[    0.35241]
[    0.35195]
[    0.35149]
[    0.35104]
[    0.35058]
[    0.35013]
[    0.34968]
[    0.34923]
[    0.34878]
[    0.34833]
[    0.34788]
[    0.34744]
[    0.34699]
[    0.34655]
[     0.3461]
[    0.34566]
[    0.34522]
[    0.34478]
[    0.34435]
[    0.34391]
[    0.34347]
[    0.34304]
[     0.3426]
[    0.34217]
[    0.34174]
[    0.34131]
[    0.34088]
[    0.34045]
[    0.34003]
[     0.3396]
[    0.33917]
[    0.33875]
[    0.33833]
[    0.33791]
[    0.33748]
[    0.33706]
[    0.33665]
[    0.33623]
[    0.33581]
[     0.3354]
[    0.33498]
[    0.33457]
[    0.33416]
[    0.33374]
[    0.33333]
[    0.33292]
[    0.33252]
[    0.33211]
[     0.3317]
[     0.3313]
[    0.33089]
[    0.33049]
[    0.33009]
[    0.32968]
[    0.32928]
[    0.32888]
[    0.32848]
[    0.32809]
[    0.32769]
[    0.32729]
[     0.3269]
[    0.32651]
[    0.32611]
[    0.32572]
[    0.32533]
[    0.32494]
[    0.32455]
[    0.32416]
[    0.32378]
[    0.32339]
[      0.323]
[    0.32262]
[    0.32224]
[    0.32185]
[    0.32147]
[    0.32109]
[    0.32071]
[    0.32033]
[    0.31995]
[    0.31958]
[     0.3192]
[    0.31882]
[    0.31845]
[    0.31808]
[     0.3177]
[    0.31733]
[    0.31696]
[    0.31659]
[    0.31622]
[    0.31585]
[    0.31548]
[    0.31512]
[    0.31475]
[    0.31439]
[    0.31402]
[    0.31366]
[    0.31329]
[    0.31293]
[    0.31257]
[    0.31221]
[    0.31185]
[    0.31149]
[    0.31114]
[    0.31078]
[    0.31042]
[    0.31007]
[    0.30971]
[    0.30936]
[    0.30901]
[    0.30866]
[     0.3083]
[    0.30795]
[     0.3076]
[    0.30726]
[    0.30691]
[    0.30656]
[    0.30621]
[    0.30587]
[    0.30552]
[    0.30518]
[    0.30484]
[    0.30449]
[    0.30415]
[    0.30381]
[    0.30347]
[    0.30313]
[    0.30279]
[    0.30246]
[    0.30212]
[    0.30178]
[    0.30145]
[    0.30111]
[    0.30078]
[    0.30044]
[    0.30011]
[    0.29978]
[    0.29945]
[    0.29912]
[    0.29879]
[    0.29846]
[    0.29813]
[     0.2978]
[    0.29748]
[    0.29715]
[    0.29682]
[     0.2965]
[    0.29617]
[    0.29585]
[    0.29553]
[    0.29521]
[    0.29489]
[    0.29457]
[    0.29425]
[    0.29393]
[    0.29361]
[    0.29329]
[    0.29297]
[    0.29266]
[    0.29234]
[    0.29203]
[    0.29171]
[     0.2914]
[    0.29108]
[    0.29077]
[    0.29046]
[    0.29015]
[    0.28984]
[    0.28953]
[    0.28922]
[    0.28891]
[     0.2886]
[     0.2883]
[    0.28799]
[    0.28769]
[    0.28738]
[    0.28708]
[    0.28677]
[    0.28647]
[    0.28617]
[    0.28586]
[    0.28556]
[    0.28526]
[    0.28496]
[    0.28466]
[    0.28437]
[    0.28407]
[    0.28377]
[    0.28347]
[    0.28318]
[    0.28288]
[    0.28259]
[    0.28229]
[      0.282]
[     0.2817]
[    0.28141]
[    0.28112]
[    0.28083]
[    0.28054]
[    0.28025]
[    0.27996]
[    0.27967]
[    0.27938]
[    0.27909]
[    0.27881]
[    0.27852]
[    0.27823]
[    0.27795]
[    0.27766]
[    0.27738]
[     0.2771]
[    0.27681]
[    0.27653]
[    0.27625]
[    0.27597]
[    0.27569]
[    0.27541]
[    0.27513]
[    0.27485]
[    0.27457]
[    0.27429]
[    0.27401]
[    0.27374]
[    0.27346]
[    0.27319]
[    0.27291]
[    0.27264]
[    0.27236]
[    0.27209]
[    0.27182]
[    0.27154]
[    0.27127]
[      0.271]
[    0.27073]
[    0.27046]
[    0.27019]
[    0.26992]
[    0.26965]
[    0.26938]
[    0.26912]
[    0.26885]
[    0.26858]
[    0.26832]
[    0.26805]
[    0.26779]
[    0.26752]
[    0.26726]
[      0.267]
[    0.26673]
[    0.26647]
[    0.26621]
[    0.26595]
[    0.26569]
[    0.26543]
[    0.26517]
[    0.26491]
[    0.26465]
[    0.26439]
[    0.26413]
[    0.26388]
[    0.26362]
[    0.26336]
[    0.26311]
[    0.26285]
[     0.2626]
[    0.26234]
[    0.26209]
[    0.26184]
[    0.26158]
[    0.26133]
[    0.26108]
[    0.26083]
[    0.26058]
[    0.26033]
[    0.26008]
[    0.25983]
[    0.25958]
[    0.25933]
[    0.25908]
[    0.25883]
[    0.25859]
[    0.25834]
[     0.2581]
[    0.25785]
[     0.2576]
[    0.25736]
[    0.25712]
[    0.25687]
[    0.25663]
[    0.25639]
[    0.25614]
[     0.2559]
[    0.25566]
[    0.25542]
[    0.25518]
[    0.25494]
[     0.2547]
[    0.25446]
[    0.25422]
[    0.25398]
[    0.25375]
[    0.25351]
[    0.25327]
[    0.25303]
[     0.2528]
[    0.25256]
[    0.25233]
[    0.25209]
[    0.25186]
[    0.25162]
[    0.25139]
[    0.25116]
[    0.25093]
[    0.25069]
[    0.25046]
[    0.25023]
[       0.25]
[    0.24977]
[    0.24954]
[    0.24931]
[    0.24908]
[    0.24885]
[    0.24862]
[     0.2484]
[    0.24817]
[    0.24794]
[    0.24771]
[    0.24749]
[    0.24726]
[    0.24704]
[    0.24681]
[    0.24659]
[    0.24636]
[    0.24614]
[    0.24592]
[    0.24569]
[    0.24547]
[    0.24525]
[    0.24503]
[    0.24481]
[    0.24458]
[    0.24436]
[    0.24414]
[    0.24392]
[    0.24371]
[    0.24349]
[    0.24417]
[    0.24395]
[    0.24373]
[    0.24351]
[    0.24329]
[    0.24307]
[    0.24286]
[    0.24264]
[    0.24242]
[    0.24221]
[    0.24199]
[    0.24178]
[    0.24156]
[    0.24135]
[    0.24113]
[    0.24092]
[    0.24071]
[     0.2405]
[    0.24028]
[    0.24007]
[    0.23986]
[    0.23965]
[    0.23944]
[    0.23923]
[    0.23902]
[    0.23881]
[     0.2386]
[    0.23839]
[    0.23818]
[    0.23797]
[    0.23776]
[    0.23755]
[    0.23735]
[    0.23714]
[    0.23693]
[    0.23673]
[    0.23652]
[    0.23632]
[    0.23611]
[    0.23591]
[     0.2357]
[     0.2355]
[    0.23529]
[    0.23509]
[    0.23489]
[    0.23469]
[    0.23448]
[    0.23428]
[    0.23408]
[    0.23388]
[    0.23368]
[    0.23348]
[    0.23328]
[    0.23308]
[    0.23288]
[    0.23268]
[    0.23248]
[    0.23228]
[    0.23208]
[    0.23188]
[    0.23169]
[    0.23149]
[    0.23129]
[     0.2311]
[     0.2309]
[     0.2307]
[    0.23051]
[    0.23031]
[    0.23012]
[    0.22992]
[    0.22973]
[    0.22954]
[    0.22934]
[    0.22915]
[    0.22896]
[    0.22876]
[    0.22857]
[    0.22838]
[    0.22819]
[      0.228]
[    0.22781]
[    0.22762]
[    0.22742]
[    0.22723]
[    0.22705]
[    0.22686]
[    0.22667]
[    0.22648]
[    0.22629]
[     0.2261]
[    0.22591]
[    0.22573]
[    0.22554]
[    0.22535]
[    0.22517]
[    0.22498]
[    0.22479]
[    0.22461]
[    0.22442]
[    0.22424]
[    0.22405]
[    0.22387]
[    0.22368]
[     0.2235]
[    0.22332]
[    0.22313]
[    0.22295]
[    0.22277]
[    0.22259]
[     0.2224]
[    0.22222]
[    0.22204]
[    0.22186]
[    0.22168]
[     0.2215]
[    0.22132]
[    0.22114]
[    0.22096]
[    0.22078]
[     0.2206]
[    0.22042]
[    0.22024]
[    0.22006]
[    0.21989]
[    0.21971]
[    0.21953]
[    0.21935]
[    0.21918]
[      0.219]
[    0.21883]
[    0.21865]
[    0.21847]
[     0.2183]
[    0.21812]
[    0.21795]
[    0.21777]
[     0.2176]
[    0.21743]
[    0.21725]
[    0.21708]
[    0.21691]
[    0.21673]
[    0.21656]
[    0.21639]
[    0.21622]
[    0.21604]
[    0.21587]
[     0.2157]
[    0.21553]
[    0.21536]
[    0.21519]
[    0.21502]
[    0.21485]
[    0.21468]
[    0.21451]
[    0.21434]
[    0.21417]
[      0.214]
[    0.21384]
[    0.21367]
[     0.2135]
[    0.21333]
[    0.21317]
[      0.213]
[    0.21283]
[    0.21267]
[     0.2125]
[    0.21233]
[    0.21217]
[      0.212]
[    0.21184]
[    0.21167]
[    0.21151]
[    0.21134]
[    0.21118]
[    0.21102]
[    0.21085]
[    0.21069]
[    0.21053]
[    0.21036]
[     0.2102]
[    0.21004]
[    0.20988]
[    0.20971]
[    0.20955]
[    0.20939]
[    0.20923]
[    0.20907]
[    0.20891]
[    0.20875]
[    0.20859]
[    0.20843]
[    0.20827]
[    0.20811]
[    0.20795]
[    0.20779]
[    0.20763]
[    0.20748]
[    0.20732]
[    0.20716]
[      0.207]
[    0.20684]
[    0.20669]
[    0.20653]
[    0.20637]
[    0.20622]
[    0.20606]
[     0.2059]
[    0.20575]
[    0.20559]
[    0.20544]
[    0.20528]
[    0.20513]
[    0.20497]
[    0.20482]
[    0.20467]
[    0.20451]
[    0.20436]
[     0.2042]
[    0.20405]
[     0.2039]
[    0.20375]
[    0.20359]
[    0.20344]
[    0.20329]
[    0.20314]
[    0.20299]
[    0.20283]
[    0.20268]
[    0.20253]
[    0.20238]
[    0.20223]
[    0.20208]
[    0.20193]
[    0.20178]
[    0.20163]
[    0.20148]
[    0.20133]
[    0.20118]
[    0.20103]
[    0.20089]
[    0.20074]
[    0.20059]
[    0.20044]
[    0.20029]
[    0.20015]
[        0.2]
[    0.19985]
[    0.19971]
[    0.19956]
[    0.19941]
[    0.19927]
[    0.19912]
[    0.19898]
[    0.19883]
[    0.19869]
[    0.19854]
[     0.1984]
[    0.19825]
[    0.19811]
[    0.19796]
[    0.19782]
[    0.19767]
[    0.19753]
[    0.19739]
[    0.19724]
[     0.1971]
[    0.19696]
[    0.19682]
[    0.19667]
[    0.19653]
[    0.19639]
[    0.19625]
[    0.19611]
[    0.19597]
[    0.19582]
[    0.19568]
[    0.19554]
[     0.1954]
[    0.19526]
[    0.19512]
[    0.19498]
[    0.19484]
[     0.1947]
[    0.19456]
[    0.19442]
[    0.19429]
[    0.19415]
[    0.19401]
[    0.19387]
[    0.19373]
[    0.19359]
[    0.19346]
[    0.19332]
[    0.19318]
[    0.19304]
[    0.19291]
[    0.19277]
[    0.19263]
[     0.1925]
[    0.19236]
[    0.19223]
[    0.19209]
[    0.19195]
[    0.19182]
[    0.19168]
[    0.19155]
[    0.19141]
[    0.19128]
[    0.19115]
[    0.19101]
[    0.19088]
[    0.19074]
[    0.19061]
[    0.19048]
[    0.19034]
[    0.19021]
[    0.19008]
[    0.18994]
[    0.18981]
[    0.18968]
[    0.18955]
[    0.18942]
[    0.18928]
[    0.18915]
[    0.18902]
[    0.18889]
[    0.18876]
[    0.18863]
[     0.1885]
[    0.18837]
[    0.18824]
[    0.18811]
[    0.18798]
[    0.18785]
[    0.18772]
[    0.18759]
[    0.18746]
[    0.18733]
[     0.1872]
[    0.18707]
[    0.18694]
[    0.18681]
[    0.18668]
[    0.18656]
[    0.18643]
[     0.1863]
[    0.18617]
[    0.18605]
[    0.18592]
[    0.18579]
[    0.18567]
[    0.18554]
[    0.18541]
[    0.18529]
[    0.18516]
[    0.18503]
[    0.18491]
[    0.18478]
[    0.18466]
[    0.18453]
[    0.18441]
[    0.18428]
[    0.18416]
[    0.18403]
[    0.18391]
[    0.18378]
[    0.18366]
[    0.18354]
[    0.18341]
[    0.18329]
[    0.18316]
[    0.18304]
[    0.18292]
[     0.1828]
[    0.18267]
[    0.18255]
[    0.18243]
[    0.18231]
[    0.18218]
[    0.18206]
[    0.18194]
[    0.18182]
[     0.1817]
[    0.18158]
[    0.18145]
[    0.18133]
[    0.18121]
[    0.18109]
[    0.18097]
[    0.18085]
[    0.18073]
[    0.18061]
[    0.18049]
[    0.18037]
[    0.18025]
[    0.18013]
[    0.18001]
[    0.17989]
[    0.17978]
[    0.17966]
[    0.17954]
[    0.17942]
[     0.1793]
[    0.17918]
[    0.17907]
[    0.17895]
[    0.17883]
[    0.17871]
[    0.17859]
[    0.17848]
[    0.17836]
[    0.17824]
[    0.17813]
[    0.17801]
[    0.17789]
[    0.17778]
[    0.17766]
[    0.17755]
[    0.17743]
[    0.17731]
[     0.1772]
[    0.17708]
[    0.17697]
[    0.17685]
[    0.17674]
[    0.17662]
[    0.17651]
[    0.17639]
[    0.17628]
[    0.17617]
[    0.17605]
[    0.17594]
[    0.17582]
[    0.17571]
[     0.1756]
[    0.17548]
[    0.17537]
[    0.17526]
[    0.17514]
[    0.17503]
[    0.17492]
[    0.17481]
[    0.17469]
[    0.17458]
[    0.17447]
[    0.17436]
[    0.17425]
[    0.17414]
[    0.17402]
[    0.17391]
[     0.1738]
[    0.17369]
[    0.17358]
[    0.17347]
[    0.17336]
[    0.17325]
[    0.17314]
[    0.17303]
[    0.17292]
[    0.17281]
[     0.1727]
[    0.17259]
[    0.17248]
[    0.17237]
[    0.17226]
[    0.17215]
[    0.17204]
[    0.17193]
[    0.17183]
[    0.17172]
[    0.17161]
[     0.1715]
[    0.17139]
[    0.17128]
[    0.17118]
[    0.17107]
[    0.17096]
[    0.17085]
[    0.17075]
[    0.17064]
[    0.17053]
[    0.17043]
[    0.17032]
[    0.17021]
[    0.17011]
[       0.17]
[    0.16989]
[    0.16979]
[    0.16968]
[    0.16958]
[    0.16947]
[    0.16936]
[    0.16926]
[    0.16915]
[    0.16905]
[    0.16894]
[    0.16884]
[    0.16873]
[    0.16863]
[    0.16853]
[    0.16842]
[    0.16832]
[    0.16821]
[    0.16811]
[      0.168]
[     0.1679]
[     0.1678]
[    0.16769]
[    0.16759]
[    0.16749]
[    0.16738]
[    0.16728]
[    0.16718]
[    0.16708]
[    0.16697]
[    0.16687]
[    0.16677]
[    0.16667]
[    0.16656]
[    0.16646]
[    0.16636]
[    0.16626]
[    0.16616]
[    0.16606]
[    0.16595]
[    0.16585]
[    0.16575]
[    0.16565]
[    0.16555]
[    0.16545]
[    0.16535]
[    0.16525]
[    0.16515]
[    0.16505]
[    0.16495]
[    0.16485]
[    0.16475]
[    0.16465]
[    0.16455]
[    0.16445]
[    0.16435]
[    0.16425]
[    0.16415]
[    0.16405]
[    0.16395]
[    0.16386]
[    0.16376]
[    0.16366]
[    0.16356]
[    0.16346]
[    0.16336]
[    0.16327]
[    0.16317]
[    0.16307]
[    0.16297]
[    0.16287]
[    0.16278]
[    0.16268]
[    0.16258]
[    0.16249]
[    0.16239]
[    0.16229]
[    0.16219]
[     0.1621]
[      0.162]
[     0.1619]
[    0.16181]
[    0.16171]
[    0.16162]
[    0.16152]
[    0.16142]
[    0.16133]
[    0.16123]
[    0.16114]
[    0.16104]
[    0.16095]
[    0.16085]
[    0.16076]
[    0.16066]
[    0.16057]
[    0.16047]
[    0.16038]
[    0.16028]
[    0.16019]
[    0.16009]
[       0.16]
[    0.15991]
[    0.15981]
[    0.15972]
[    0.15962]
[    0.15953]
[    0.15944]
[    0.15934]
[    0.15925]
[    0.15916]
[    0.15906]
[    0.15897]
[    0.15888]
[    0.15879]
[    0.15869]
[     0.1586]
[    0.15851]
[    0.15842]
[    0.15832]
[    0.15823]
[    0.15814]
[    0.15805]
[    0.15796]
[    0.15786]
[    0.15777]
[    0.15768]
[    0.15759]
[     0.1575]
[    0.15741]
[    0.15732]
[    0.15723]
[    0.15713]
[    0.15704]
[    0.15695]
[    0.15686]
[    0.15677]
[    0.15668]
[    0.15659]
[     0.1565]
[    0.15641]
[    0.15632]
[    0.15623]
[    0.15614]
[    0.15605]
[    0.15596]
[    0.15587]
[    0.15578]
[     0.1557]
[    0.15561]
[    0.15552]
[    0.15543]
[    0.15534]
[    0.15525]
[    0.15516]
[    0.15507]
[    0.15499]
[     0.1549]
[    0.15481]
[    0.15472]
[    0.15463]
[    0.15455]
[    0.15446]
[    0.15437]
[    0.15428]
[     0.1542]
[    0.15411]
[    0.15459]
[     0.1545]
[    0.15441]
[    0.15432]
[    0.15424]
[    0.15415]
[    0.15406]
[    0.15398]
[    0.15389]
[     0.1538]
[    0.15372]
[    0.15363]
[    0.15354]
[    0.15346]
[    0.15337]
[    0.15328]
[     0.1532]
[    0.15311]
[    0.15303]
[    0.15294]
[    0.15286]
[    0.15277]
[    0.15268]
[     0.1526]
[    0.15251]
[    0.15243]
[    0.15234]
[    0.15226]
[    0.15217]
[    0.15209]
[      0.152]
[    0.15192]
[    0.15184]
[    0.15175]
[    0.15167]
[    0.15158]
[     0.1515]
[    0.15141]
[    0.15133]
[    0.15125]
[    0.15116]
[    0.15108]
[      0.151]
[    0.15091]
[    0.15083]
[    0.15075]
[    0.15066]
[    0.15058]
[     0.1505]
[    0.15041]
[    0.15033]
[    0.15025]
[    0.15017]
[    0.15008]
[       0.15]
[    0.14992]
[    0.14984]
[    0.14975]
[    0.14967]
[    0.14959]
[    0.14951]
[    0.14943]
[    0.14934]
[    0.14926]
[    0.14918]
[     0.1491]
[    0.14902]
[    0.14894]
[    0.14885]
[    0.14877]
[    0.14869]
[    0.14861]
[    0.14853]
[    0.14845]
[    0.14837]
[    0.14829]
[    0.14821]
[    0.14813]
[    0.14805]
[    0.14797]
[    0.14789]
[    0.14781]
[    0.14773]
[    0.14765]
[    0.14757]
[    0.14749]
[    0.14741]
[    0.14733]
[    0.14725]
[    0.14717]
[    0.14709]
[    0.14701]
[    0.14693]
[    0.14685]
[    0.14677]
[     0.1467]
[    0.14662]
[    0.14654]
[    0.14646]
[    0.14638]
[     0.1463]
[    0.14622]
[    0.14615]
[    0.14607]
