     0/299     7.81G      7.97      32.7         0      40.7        23       608         0         0   0.00427         0      7.06      2.07         0
     1/299     7.81G      6.24      3.89         0      10.1        28       608         0         0   0.00275         0      5.66      2.03         0
     2/299     7.81G      5.42      3.23         0      8.66         7       608         0         0   0.00824         0      5.41       1.6         0
     3/299     7.81G      4.71      2.46         0      7.18        17       608     0.195   0.00526    0.0882    0.0103       5.2      1.04         0
     4/299     7.81G       5.4      1.41         0      6.81        23       608     0.251     0.254     0.183     0.252       5.1     0.989         0
     5/299     7.81G      4.86      1.31         0      6.16         2       608    0.0383    0.0632    0.0146    0.0477      5.75      11.7         0
     6/299     7.81G      4.55      1.24         0      5.79        20       608    0.0143    0.0789    0.0151    0.0242      5.31      35.8         0
     7/299     7.81G      4.49      1.21         0       5.7        24       608     0.221    0.0526     0.118     0.085      5.43     0.876         0
     8/299     7.81G      4.41      1.15         0      5.55         6       608     0.589       0.2     0.315     0.299      4.57     0.756         0
     9/299     7.81G      4.19      1.04         0      5.23        30       608     0.377     0.389     0.308     0.383      4.96     0.713         0
    10/299     7.81G      4.56       1.1         0      5.67        25       608     0.697     0.218      0.48     0.333      4.27     0.716         0
    11/299     7.81G       4.3     0.976         0      5.28         6       608     0.647     0.251     0.441     0.362      4.39     0.691         0
    12/299     7.81G       4.2         1         0       5.2        22       608     0.673     0.174     0.377     0.276      4.32     0.747         0
    13/299     7.81G      3.92     0.972         0      4.89        25       608         1    0.0518     0.423    0.0986      4.18     0.739         0
    14/299     7.81G      3.96     0.944         0      4.91         9       608     0.601    0.0714     0.274     0.128      4.73     0.731         0
    15/299     7.81G      3.49     0.915         0      4.41        14       608     0.248     0.505     0.229     0.332       5.1     0.623         0
    16/299     7.81G      4.39      1.07         0      5.45        25       608     0.793    0.0105      0.35    0.0208      4.55      0.71         0
    17/299     7.81G      3.72     0.883         0      4.61         6       608      0.61     0.453      0.47      0.52      4.19     0.602         0
    18/299     7.81G      3.79     0.869         0      4.66        21       608     0.322    0.0876     0.239     0.138      5.13     0.586         0
    19/299     7.81G      3.97     0.928         0       4.9        20       608     0.469     0.335      0.35      0.39      4.11     0.622         0
    20/299     7.81G      3.61     0.962         0      4.57        12       608     0.478     0.173      0.23     0.254      4.37     0.633         0
    21/299     7.81G      3.33     0.855         0      4.18        21       608     0.782     0.264     0.489     0.394      4.13     0.588         0
    22/299     7.81G      3.72     0.829         0      4.55        24       608     0.928     0.205     0.517     0.336      3.85       0.6         0
    23/299     7.81G      3.61     0.773         0      4.38         7       608     0.643     0.337     0.422     0.442      4.41     0.553         0
    24/299     7.81G      3.07     0.881         0      3.95        27       608     0.557     0.532     0.467     0.544      3.81     0.633         0
    25/299     7.81G      3.27     0.692         0      3.96        18       608     0.659     0.289     0.431     0.402      4.13     0.576         0
    26/299     7.81G      2.93     0.837         0      3.77         8       608     0.681     0.432     0.481     0.528      4.02     0.549         0
    27/299     7.81G      2.95     0.728         0      3.68        22       608     0.807     0.375     0.495     0.512      3.76       0.6         0
    28/299     7.81G      2.92      0.73         0      3.65        28       608     0.496     0.558     0.466     0.525      4.63     0.629         0
    29/299     7.81G      2.98     0.811         0      3.79        10       608     0.747     0.466     0.555     0.574      3.65     0.583         0
    30/299     7.81G      2.76     0.701         0      3.46        19       608     0.555     0.505     0.511     0.529      3.96     0.532         0
    31/299     7.81G      2.93     0.699         0      3.63        21       608     0.667     0.611     0.616     0.638      3.59     0.552         0
    32/299     7.81G      2.78     0.644         0      3.43        10       608     0.696     0.482     0.565     0.569      3.78     0.578         0
    33/299     7.81G      2.83     0.643         0      3.47        22       608     0.737     0.479     0.542     0.581      3.92     0.565         0
    34/299     7.81G      2.69     0.759         0      3.45        26       608      0.71     0.505     0.529      0.59       3.7     0.572         0
    35/299     7.81G      2.75     0.635         0      3.39         9       608     0.822     0.364     0.531     0.505      3.75     0.602         0
    36/299     7.81G       2.5     0.656         0      3.16        19       608     0.794     0.363     0.488     0.498       3.7     0.619         0
    37/299     7.81G      2.51      0.68         0      3.19        24       608     0.584     0.516     0.483     0.548      3.77      0.59         0
    38/299     7.81G       2.6     0.687         0      3.29        14       608     0.755     0.342     0.536     0.471      3.69     0.623         0
    39/299     7.81G      2.69     0.653         0      3.34        26       608     0.658     0.421     0.495     0.514      3.69     0.596         0
    40/299     7.81G      2.48     0.607         0      3.09        30       608     0.772     0.511     0.613     0.615      3.61     0.556         0
    41/299     7.81G      2.54     0.612         0      3.15         8       608     0.814     0.484     0.601     0.607      3.45     0.551         0
    42/299     7.81G       2.5     0.611         0      3.11        18       608     0.822     0.559     0.643     0.666      3.47     0.512         0
    43/299     7.81G      2.37      0.56         0      2.93        18       608     0.712     0.642     0.637     0.675      3.78     0.496         0
    44/299     7.81G      2.33     0.607         0      2.94        12       608     0.696     0.663     0.673     0.679      3.38     0.508         0
    45/299     7.81G      2.36     0.591         0      2.95        22       608     0.707     0.642     0.683     0.673      3.42     0.488         0
    46/299     7.81G      2.45     0.611         0      3.06        22       608     0.738     0.632     0.679     0.681      3.35     0.486         0
    47/299     7.81G      2.41     0.563         0      2.97         7       608     0.772     0.568     0.663     0.655      3.28       0.5         0
    48/299     7.81G      2.24     0.582         0      2.83        18       608      0.67     0.574     0.613     0.618      3.49     0.509         0
    49/299     7.81G       2.5     0.607         0      3.11        33       608     0.748     0.553      0.61     0.636      3.34     0.534         0
    50/299     7.81G      2.24     0.573         0      2.81        10       608     0.665     0.558     0.575     0.607      3.32      0.55         0
    51/299     7.81G      2.03      0.59         0      2.62        31       608     0.702     0.633     0.639     0.666      3.53     0.529         0
    52/299     7.81G      2.23     0.567         0      2.79        25       608      0.78     0.521     0.585     0.625      3.41      0.55         0
    53/299     7.81G      2.18     0.599         0      2.77         8       608     0.771     0.567     0.639     0.653      3.49     0.522         0
    54/299     7.81G      2.12     0.551         0      2.67        31       608     0.717     0.548     0.622     0.621      3.38     0.528         0
    55/299     7.81G      2.28     0.568         0      2.85        32       608     0.757     0.443     0.549     0.559      3.57     0.566         0
    56/299     7.81G      2.14     0.529         0      2.67        12       608     0.651     0.491      0.53      0.56      3.65     0.553         0
    57/299     7.81G      2.24     0.535         0      2.78        23       608     0.719     0.632     0.666     0.673      3.23     0.521         0
    58/299     7.81G      2.06     0.523         0      2.59        32       608     0.668     0.663     0.642     0.666      3.48     0.534         0
    59/299     7.81G         2     0.524         0      2.52         8       608     0.536     0.663     0.578     0.593       3.5     0.545         0
    60/299     7.81G      2.07     0.483         0      2.55        20       608     0.561     0.563     0.513     0.562      3.88     0.511         0
    61/299     7.81G       1.9     0.553         0      2.45        28       608     0.611     0.579     0.579     0.595      3.32      0.53         0
    62/299     7.81G      2.04     0.525         0      2.56         8       608     0.585     0.595     0.586      0.59      3.53     0.521         0
    63/299     7.81G      1.95     0.507         0      2.45        30       608     0.636     0.516     0.527      0.57      3.56     0.537         0
    64/299     7.81G      2.01     0.496         0      2.51        24       608     0.636     0.616     0.604     0.626      3.59     0.474         0
    65/299     7.81G      2.02     0.451         0      2.47         9       608     0.735      0.57     0.622     0.642      3.47     0.495         0
    66/299     7.81G      2.06     0.436         0       2.5        20       608     0.753     0.558     0.626     0.641      3.34     0.512         0
    67/299     7.81G      1.93     0.492         0      2.42        22       608     0.746     0.634     0.678     0.686      3.21     0.485         0
    68/299     7.81G      1.95     0.505         0      2.46        14       608      0.73     0.611     0.631     0.665      3.38     0.508         0
    69/299     7.81G       1.9     0.478         0      2.38        24       608     0.727     0.642     0.665     0.682      3.27     0.505         0
    70/299     7.81G      1.81     0.505         0      2.31        30       608      0.71     0.619     0.648     0.661      3.43     0.496         0
    71/299     7.81G      2.01     0.481         0       2.5         9       608     0.733     0.558       0.6     0.634      3.54     0.512         0
    72/299     7.81G       1.8     0.494         0       2.3        21       608     0.774     0.576      0.65      0.66      3.28     0.535         0
    73/299     7.81G      1.74     0.458         0      2.19        21       608      0.72     0.623     0.625     0.668      3.39     0.532         0
    74/299     7.81G      2.02     0.486         0       2.5         8       608     0.705      0.59     0.601     0.642      3.36     0.535         0
    75/299     7.81G      1.91     0.485         0      2.39        20       608     0.661     0.568     0.564     0.611      3.48     0.533         0
    76/299     7.81G       1.9     0.466         0      2.36        28       608     0.698     0.474     0.546     0.564      3.51     0.598         0
    77/299     7.81G      1.82     0.498         0      2.32         5       608     0.736     0.513     0.531     0.605      3.62     0.615         0
    78/299     7.81G      1.86     0.467         0      2.33        24       608     0.626     0.547     0.543     0.584      3.42     0.585         0
    79/299     7.81G      1.86     0.478         0      2.33        33       608     0.634       0.6     0.596     0.617      3.28      0.54         0
    80/299     7.81G      1.81     0.431         0      2.24         8       608      0.72     0.568     0.622     0.635       3.3     0.556         0
    81/299     7.81G      1.88     0.444         0      2.32        29       608     0.747     0.589     0.641     0.659      3.21      0.55         0
    82/299     7.81G      1.78      0.46         0      2.24        18       608      0.77       0.6     0.661     0.674      3.26      0.56         0
    83/299     7.81G      1.84     0.456         0      2.29        11       608     0.779     0.521       0.6     0.624      3.28     0.564         0
    84/299     7.81G      1.88     0.425         0       2.3        31       608     0.823     0.587     0.648     0.685      3.32     0.561         0
    85/299     7.81G      1.79     0.426         0      2.22        22       608     0.757       0.6     0.639     0.669      3.32     0.529         0
    86/299     7.81G      1.62     0.411         0      2.03         7       608     0.744     0.642     0.666     0.689      3.33     0.512         0
    87/299     7.81G      1.67     0.432         0       2.1        26       608     0.701     0.568     0.578     0.628       3.4     0.527         0
    88/299     7.81G      1.63     0.421         0      2.06        26       608      0.71     0.621     0.646     0.662      3.34     0.528         0
    89/299     7.81G       1.8     0.435         0      2.23         7       608     0.695     0.574     0.601     0.629      3.37     0.539         0
    90/299     7.81G      1.59     0.428         0      2.01        27       608     0.677     0.621      0.63     0.648      3.28     0.541         0
    91/299     7.81G      1.83     0.427         0      2.25        23       608     0.698     0.621     0.638     0.657      3.47     0.527         0
    92/299     7.81G      1.65     0.433         0      2.08         5       608     0.776     0.532     0.625     0.631      3.32     0.585         0
    93/299     7.81G      1.66     0.422         0      2.08        21       608     0.651     0.551     0.555     0.597      3.52      0.57         0
    94/299     7.81G      1.58     0.402         0      1.98        13       608     0.701     0.574     0.608     0.631      3.32     0.562         0
    95/299     7.81G      1.64      0.38         0      2.02         4       608     0.785     0.594      0.65     0.676      3.25     0.549         0
    96/299     7.81G      1.58     0.436         0      2.01        27       608      0.79     0.575     0.643     0.666      3.31     0.548         0
    97/299     7.81G      1.64     0.421         0      2.06        26       608      0.81     0.584     0.653     0.679      3.31     0.556         0
    98/299     7.81G      1.59     0.398         0      1.98        10       608     0.726     0.584     0.639     0.647      3.28     0.548         0
    99/299     7.81G      1.62      0.39         0      2.01        20       608     0.715     0.595     0.673     0.649      3.25     0.563         0
   100/299     7.81G      1.57     0.425         0      1.99        25       608     0.709      0.59      0.63     0.644      3.32     0.547         0
   101/299     7.81G      1.52     0.407         0      1.93         6       608       0.7     0.595     0.622     0.643      3.31     0.546         0
   102/299     7.81G      1.54     0.404         0      1.94        20       608     0.666     0.605      0.62     0.634      3.32     0.536         0
   103/299     7.81G      1.47       0.4         0      1.87        22       608      0.69     0.634     0.654     0.661      3.28     0.527         0
   104/299     7.81G      1.61     0.372         0      1.98        10       608     0.732     0.562     0.629     0.636      3.32     0.558         0
   105/299     7.81G      1.59     0.399         0      1.99        18       608     0.758     0.593     0.672     0.666      3.33      0.56         0
   106/299     7.81G      1.56     0.385         0      1.94        21       608     0.738     0.609     0.659     0.667      3.29      0.56         0
   107/299     7.81G      1.45     0.392         0      1.84         8       608     0.727     0.617     0.666     0.667      3.34     0.566         0
   108/299     7.81G      1.53     0.407         0      1.94        24       608     0.722     0.563     0.609     0.633      3.31     0.574         0
   109/299     7.81G      1.51     0.357         0      1.86        22       608     0.731     0.586     0.641     0.651      3.34     0.582         0
   110/299     7.81G      1.44     0.384         0      1.83        12       608     0.713     0.561     0.626     0.628      3.27     0.603         0
   111/299     7.81G      1.36     0.333         0      1.69        18       608     0.734     0.565     0.617     0.639      3.28     0.577         0
   112/299     7.81G      1.45     0.366         0      1.81        13       608       0.8     0.442     0.561      0.57      3.52     0.652         0
   113/299     7.81G      1.43     0.366         0      1.79         9       608     0.738     0.495      0.57     0.592      3.48     0.603         0
   114/299     7.81G       1.6     0.366         0      1.97        18       608      0.69     0.493     0.542     0.575      3.51     0.652         0
   115/299     7.81G      1.39      0.35         0      1.74        14       608     0.649     0.526     0.565     0.581      3.43      0.63         0
   116/299     7.81G       1.3     0.358         0      1.65         4       608     0.707     0.563     0.587     0.627      3.37     0.602         0
   117/299     7.81G      1.38     0.369         0      1.75        23       608     0.715     0.555     0.599     0.625      3.43     0.595         0
   118/299     7.81G       1.4     0.343         0      1.74        23       608     0.722      0.52     0.571     0.605      3.46     0.596         0
   119/299     7.81G      1.39     0.384         0      1.77         8       608     0.765     0.553     0.617     0.642      3.44      0.59         0
   120/299     7.81G       1.4     0.362         0      1.76        17       608     0.707     0.595     0.626     0.646      3.35     0.566         0
   121/299     7.81G      1.47     0.372         0      1.84        24       608     0.733     0.584     0.615      0.65      3.35     0.584         0
   122/299     7.81G      1.31     0.367         0      1.68         8       608      0.74     0.605     0.654     0.666      3.28     0.586         0
   123/299     7.81G      1.32     0.348         0      1.67        19       608     0.713     0.653     0.669     0.681      3.17     0.556         0
   124/299     7.81G      1.49     0.368         0      1.86        18       608     0.713     0.658     0.686     0.684      3.22     0.554         0
   125/299     7.81G      1.46     0.339         0       1.8        13       608     0.682     0.632     0.643     0.656      3.24     0.553         0
   126/299     7.81G      1.26     0.315         0      1.58        20       608     0.723     0.632     0.636     0.675      3.25      0.55         0
   127/299     7.81G      1.27      0.37         0      1.64        28       608     0.693     0.641     0.643     0.666      3.24     0.546         0
   128/299     7.81G      1.34     0.356         0      1.69         5       608     0.718     0.617      0.64     0.664      3.28     0.556         0
   129/299     7.81G      1.32     0.339         0      1.66        26       608     0.772       0.6     0.643     0.675      3.25     0.574         0
   130/299     7.81G      1.23     0.323         0      1.55        26       608     0.755       0.6     0.634     0.669      3.22     0.566         0
   131/299     7.81G      1.33     0.321         0      1.65        16       608     0.744     0.549     0.606     0.632      3.31     0.584         0
   132/299     7.81G       1.3     0.328         0      1.62        23       608     0.734     0.537     0.589      0.62      3.37     0.585         0
   133/299     7.81G      1.33     0.358         0      1.69        24       608     0.695     0.588     0.612     0.637      3.24      0.58         0
   134/299     7.81G       1.3     0.333         0      1.63         6       608     0.687     0.565     0.601      0.62      3.33     0.597         0
   135/299     7.81G       1.3     0.348         0      1.65        21       608     0.729     0.579     0.615     0.645       3.3     0.612         0
   136/299     7.81G      1.16     0.308         0      1.47        19       608     0.707     0.563     0.605     0.627      3.31     0.602         0
   137/299     7.81G       1.3      0.34         0      1.64        10       608      0.73     0.542     0.589     0.622      3.41     0.606         0
   138/299     7.81G      1.18     0.322         0       1.5        24       608     0.788     0.558     0.607     0.653      3.43     0.614         0
   139/299     7.81G      1.27     0.309         0      1.58        24       608     0.663     0.549     0.568       0.6      3.42     0.595         0
   140/299     7.81G      1.26     0.295         0      1.55         6       608     0.716     0.547     0.562      0.62      3.44     0.616         0
   141/299     7.81G      1.21     0.349         0      1.56        33       608     0.715     0.558     0.582     0.627      3.33     0.609         0
   142/299     7.81G      1.15     0.314         0      1.46        22       608       0.7     0.577     0.614     0.633      3.27     0.597         0
   143/299     7.81G      1.14     0.305         0      1.45         9       608     0.744     0.621     0.656     0.677      3.28     0.573         0
   144/299     7.81G      1.26     0.302         0      1.57        14       608     0.692     0.603     0.637     0.644      3.29      0.57         0
   145/299     7.81G      1.17     0.343         0      1.51        18       608     0.697     0.581      0.65     0.634      3.22     0.578         0
   146/299     7.81G      1.24     0.316         0      1.55         6       608     0.699       0.6     0.616     0.646      3.28     0.574         0
   147/299     7.81G      1.07     0.315         0      1.39        22       608     0.685     0.637     0.636      0.66      3.21     0.559         0
   148/299     7.81G      1.22     0.306         0      1.53        27       608     0.674     0.626     0.609     0.649      3.42     0.552         0
   149/299     7.81G      1.25     0.301         0      1.55         9       608     0.653     0.616     0.626     0.634      3.27     0.567         0
   150/299     7.81G      1.15     0.315         0      1.47        24       608     0.699     0.611     0.641     0.652      3.27     0.599         0
   151/299     7.81G      1.18     0.331         0      1.51        20       608     0.682     0.611      0.65     0.644      3.22     0.599         0
   152/299     7.81G      1.13     0.299         0      1.43        11       608     0.651     0.626     0.649     0.639      3.27     0.594         0
   153/299     7.81G       1.1     0.301         0       1.4        23       608     0.698     0.637     0.665     0.666      3.23     0.598         0
   154/299     7.81G      1.12     0.283         0       1.4        26       608     0.728     0.605     0.645     0.661      3.24     0.611         0
   155/299     7.81G      1.03     0.279         0      1.31         2       608      0.69     0.595     0.604     0.639      3.29      0.61         0
   156/299     7.81G     0.974     0.295         0      1.27        19       608     0.686     0.621     0.649     0.652      3.24     0.592         0
   157/299     7.81G      1.05     0.292         0      1.35        22       608     0.659     0.637     0.643     0.648      3.26      0.59         0
   158/299     7.81G      1.09     0.312         0       1.4        11       608      0.71     0.611     0.638     0.657      3.33     0.588         0
   159/299     7.81G     0.976     0.289         0      1.27        24       608     0.736       0.6     0.647     0.661      3.26     0.583         0
   160/299     7.81G       1.1     0.288         0      1.39        28       608     0.779     0.626     0.682     0.694      3.16     0.581         0
   161/299     7.81G      1.16     0.277         0      1.44         7       608     0.771     0.602     0.675     0.676      3.12     0.591         0
   162/299     7.81G      1.02      0.26         0      1.28        31       608     0.769     0.614     0.671     0.683      3.13     0.592         0
   163/299     7.81G      1.05     0.275         0      1.32        30       608     0.767     0.605     0.662     0.677      3.09     0.595         0
   164/299     7.81G      1.01     0.294         0       1.3        10       608     0.775     0.635     0.669     0.698      3.13     0.581         0
   165/299     7.81G      1.09     0.281         0      1.38        22       608     0.735     0.642     0.667     0.685      3.16     0.577         0
   166/299     7.81G         1     0.275         0      1.28        21       608     0.755     0.658     0.672     0.703      3.19     0.575         0
   167/299     7.81G      1.04     0.295         0      1.34        11       608     0.753     0.632     0.666     0.687      3.24     0.585         0
   168/299     7.81G      1.01     0.261         0      1.27        20       608     0.767     0.658     0.682     0.708      3.16      0.58         0
   169/299     7.81G      0.99     0.296         0      1.29        23       608     0.767      0.64     0.678     0.698      3.18     0.585         0
   170/299     7.81G      1.03     0.276         0       1.3        11       608     0.777     0.632     0.675     0.697      3.13     0.593         0
   171/299     7.81G         1     0.265         0      1.27        20       608     0.783     0.609     0.664     0.685      3.14     0.607         0
   172/299     7.81G     0.961     0.291         0      1.25        23       608     0.795     0.592     0.663     0.679      3.13      0.61         0
   173/299     7.81G     0.993     0.288         0      1.28        10       608      0.78     0.579     0.653     0.665      3.17     0.627         0
   174/299     7.81G     0.973     0.264         0      1.24        18       608     0.769     0.616     0.664     0.684      3.11     0.612         0
   175/299     7.81G     0.952     0.265         0      1.22        20       608     0.789     0.632     0.677     0.702      3.13     0.607         0
   176/299     7.81G     0.941     0.277         0      1.22         7       608     0.763     0.616     0.665     0.681      3.14     0.614         0
   177/299     7.81G     0.933     0.277         0      1.21        16       608     0.772     0.632     0.647     0.695      3.17     0.602         0
   178/299     7.81G      0.95     0.261         0      1.21        29       608     0.787     0.585      0.64     0.671      3.24     0.607         0
   179/299     7.81G     0.976     0.264         0      1.24        10       608     0.776     0.603     0.635     0.678       3.2     0.607         0
   180/299     7.81G     0.904     0.276         0      1.18        21       608     0.764     0.621     0.657     0.685      3.15     0.601         0
   181/299     7.81G     0.937     0.294         0      1.23        25       608     0.751     0.604     0.652      0.67      3.19     0.598         0
   182/299     7.81G     0.967     0.245         0      1.21         5       608      0.76     0.633     0.657     0.691      3.21     0.596         0
   183/299     7.81G     0.958     0.252         0      1.21        21       608     0.767     0.611     0.651      0.68      3.21       0.6         0
   184/299     7.81G     0.936     0.214         0      1.15        18       608     0.759     0.626     0.647     0.686      3.19     0.606         0
   185/299     7.81G     0.931     0.258         0      1.19         9       608     0.777     0.632     0.658     0.697      3.14     0.606         0
   186/299     7.81G     0.898     0.247         0      1.14        24       608     0.806     0.647     0.689     0.718      3.11       0.6         0
   187/299     7.81G     0.914      0.27         0      1.18        22       608     0.766     0.642     0.669     0.698      3.12     0.604         0
   188/299     7.81G     0.912     0.248         0      1.16         5       608     0.745     0.626     0.655      0.68      3.15     0.605         0
   189/299     7.81G     0.851     0.237         0      1.09        24       608     0.706     0.606      0.65     0.652      3.14     0.605         0
   190/299     7.81G     0.876     0.251         0      1.13        22       608     0.721     0.642     0.646     0.679      3.16     0.603         0
   191/299     7.81G     0.872     0.274         0      1.15        15       608     0.755     0.632     0.657     0.688      3.18     0.617         0
   192/299     7.81G     0.909     0.253         0      1.16        25       608     0.788     0.628     0.656     0.699      3.15     0.628         0
   193/299     7.81G     0.865     0.255         0      1.12        24       608     0.781     0.601     0.637     0.679      3.16     0.625         0
   194/299     7.81G     0.799     0.223         0      1.02        10       608     0.727      0.59     0.619     0.652      3.18     0.623         0
   195/299     7.81G     0.795     0.237         0      1.03        20       608     0.701     0.595     0.626     0.644      3.17     0.623         0
   196/299     7.81G     0.881     0.267         0      1.15        20       608     0.707     0.616      0.64     0.658      3.17     0.624         0
   197/299     7.81G      0.86     0.237         0       1.1         9       608     0.685       0.6     0.631     0.639      3.17     0.626         0
   198/299     7.81G     0.794     0.241         0      1.04        32       608     0.714     0.591     0.642     0.647      3.19     0.629         0
   199/299     7.81G     0.809     0.242         0      1.05        27       608     0.729     0.605     0.648     0.661      3.18     0.625         0
   200/299     7.81G     0.826     0.232         0      1.06         6       608     0.756     0.616     0.649     0.679      3.22      0.62         0
   201/299     7.81G     0.817     0.254         0      1.07        27       608     0.764     0.605     0.648     0.676      3.24     0.618         0
   202/299     7.81G     0.785     0.239         0      1.02        23       608     0.739     0.612     0.645     0.669      3.23     0.614         0
   203/299     7.81G     0.805     0.233         0      1.04         7       608     0.733     0.626     0.652     0.676      3.22     0.619         0
   204/299     7.81G     0.723     0.216         0     0.939        19       608     0.732     0.626     0.656     0.675      3.23     0.618         0
   205/299     7.81G     0.795     0.212         0      1.01        27       608     0.742     0.621     0.663     0.676      3.21     0.619         0
   206/299     7.81G     0.794     0.278         0      1.07         7       608     0.748     0.621     0.651     0.679      3.18     0.625         0
   207/299     7.81G     0.744     0.214         0     0.958        22       608     0.739     0.621     0.636     0.675      3.18     0.626         0
   208/299     7.81G     0.789     0.239         0      1.03        31       608     0.716     0.636     0.642     0.674      3.17     0.628         0
   209/299     7.81G     0.747     0.244         0     0.991         8       608     0.696     0.616     0.622     0.653      3.21     0.641         0
   210/299     7.81G     0.755     0.231         0     0.986        26       608     0.705     0.611     0.624     0.654      3.21     0.648         0
   211/299     7.81G     0.755     0.258         0      1.01        19       608     0.704     0.621     0.628      0.66      3.22     0.642         0
   212/299     7.81G      0.74     0.254         0     0.994         9       608     0.714     0.642     0.633     0.676      3.21     0.637         0
   213/299     7.81G     0.724     0.204         0     0.928        16       608     0.724     0.636     0.644     0.677      3.19     0.638         0
   214/299     7.81G     0.745     0.235         0      0.98        20       608     0.741     0.633     0.647     0.683       3.2     0.638         0
   215/299     7.81G     0.714     0.228         0     0.942        15       608     0.734     0.637     0.634     0.682      3.17     0.634         0
   216/299     7.81G     0.768     0.234         0         1        17       608     0.739     0.639     0.664     0.685      3.16     0.627         0
   217/299     7.81G     0.774     0.219         0     0.993        29       608     0.738     0.632     0.679     0.681      3.17     0.632         0
   218/299     7.81G       0.7     0.216         0     0.916         5       608     0.754     0.628     0.668     0.685      3.17     0.633         0
   219/299     7.81G     0.688     0.226         0     0.914        21       608     0.753     0.637     0.679      0.69      3.16     0.633         0
   220/299     7.81G     0.691     0.177         0     0.868        17       608      0.75     0.637      0.68     0.689      3.14     0.638         0
   221/299     7.81G     0.699     0.224         0     0.923        16       608     0.786     0.647     0.701      0.71      3.14     0.641         0
   222/299     7.81G     0.708      0.22         0     0.928        23       608     0.789     0.653       0.7     0.714      3.14      0.64         0
   223/299     7.81G     0.681     0.198         0     0.879        24       608     0.773     0.642     0.685     0.702      3.14     0.643         0
   224/299     7.81G     0.712     0.201         0     0.913         5       608     0.764     0.626      0.68     0.688      3.16     0.651         0
   225/299     7.81G     0.673      0.22         0     0.892        36       608     0.755     0.632     0.678     0.688      3.16     0.659         0
   226/299     7.81G      0.72     0.218         0     0.938        22       608     0.745     0.615     0.668     0.674      3.16     0.659         0
   227/299     7.81G     0.657     0.219         0     0.876         8       608     0.762     0.623     0.662     0.685      3.16     0.658         0
   228/299     7.81G     0.677     0.218         0     0.895        24       608     0.768     0.637      0.68     0.696      3.15     0.657         0
   229/299     7.81G     0.663     0.209         0     0.872        21       608     0.784      0.67     0.706     0.723      3.14     0.649         0
   230/299     7.81G     0.651     0.201         0     0.852         7       608     0.775     0.663     0.697     0.715      3.16     0.645         0
   231/299     7.81G     0.711     0.224         0     0.935        26       608     0.758     0.642     0.682     0.695      3.17     0.642         0
   232/299     7.81G     0.687     0.214         0     0.901        23       608     0.751      0.65     0.677     0.697      3.17     0.645         0
   233/299     7.81G     0.704     0.234         0     0.938         6       608     0.742      0.65     0.667     0.693      3.19     0.646         0
   234/299     7.81G     0.715     0.191         0     0.906        24       608     0.735     0.627     0.664     0.676      3.21     0.647         0
   235/299     7.81G     0.691      0.21         0     0.901        27       608     0.716     0.612      0.64      0.66      3.21     0.648         0
   236/299     7.81G     0.634     0.201         0     0.835        11       608     0.722     0.611      0.64     0.661       3.2     0.647         0
   237/299     7.81G     0.659     0.196         0     0.855        32       608     0.738     0.624     0.658     0.676      3.19     0.644         0
   238/299     7.81G     0.665     0.199         0     0.865        25       608     0.736     0.642     0.663     0.686      3.18     0.644         0
   239/299     7.81G     0.679     0.205         0     0.884         7       608      0.75     0.663     0.689     0.704      3.16     0.647         0
   240/299     7.81G     0.657       0.2         0     0.857        39       608     0.772     0.668     0.692     0.716      3.14     0.646         0
   241/299     7.81G     0.611     0.185         0     0.796        16       608     0.793     0.679     0.697     0.731      3.13     0.649         0
   242/299     7.81G     0.645       0.2         0     0.845         9       608       0.8     0.679     0.694     0.735      3.14     0.649         0
   243/299     7.81G     0.631     0.175         0     0.806        26       608     0.825     0.663     0.693     0.735      3.16     0.648         0
   244/299     7.81G     0.648     0.197         0     0.845        30       608     0.804     0.653     0.688      0.72      3.17     0.649         0
   245/299     7.81G     0.628     0.201         0     0.829         5       608     0.792     0.647     0.686     0.713      3.18      0.65         0
   246/299     7.81G     0.631     0.211         0     0.842        25       608     0.783     0.642      0.69     0.706      3.17     0.657         0
   247/299     7.81G     0.655     0.186         0     0.841        27       608     0.777     0.622     0.684     0.691      3.17     0.664         0
   248/299     7.81G     0.635     0.207         0     0.842        12       608     0.767     0.621     0.677     0.686      3.16     0.662         0
   249/299     7.81G     0.597     0.194         0     0.791        20       608     0.757     0.641     0.681     0.694      3.15     0.659         0
   250/299     7.81G     0.654     0.214         0     0.868        31       608     0.753     0.632     0.679     0.687      3.15     0.659         0
   251/299     7.81G     0.661     0.202         0     0.863         5       608     0.777     0.637     0.693       0.7      3.15      0.66         0
   252/299     7.81G     0.628     0.181         0     0.809        26       608     0.788     0.653     0.693     0.714      3.16     0.659         0
   253/299     7.81G     0.634      0.17         0     0.804        19       608       0.8     0.668     0.705     0.728      3.17     0.661         0
   254/299     7.81G     0.595     0.186         0     0.781         6       608     0.809     0.668     0.706     0.732      3.17     0.662         0
   255/299     7.81G     0.613     0.171         0     0.784        24       608     0.842     0.673     0.715     0.748      3.17     0.663         0
   256/299     7.81G     0.613     0.198         0     0.811        29       608     0.811     0.637     0.691     0.713      3.18      0.67         0
   257/299     7.81G     0.601     0.203         0     0.804        11       608     0.816     0.637      0.69     0.715      3.17     0.673         0
   258/299     7.81G     0.574     0.183         0     0.757        21       608     0.802     0.639      0.69     0.711      3.17     0.675         0
   259/299     7.81G     0.609     0.184         0     0.793        20       608     0.796     0.638      0.68     0.709      3.18     0.677         0
   260/299     7.81G     0.597      0.18         0     0.777         9       608     0.771     0.642     0.676     0.701      3.18     0.675         0
   261/299     7.81G     0.597     0.221         0     0.818        29       608     0.748     0.632     0.671     0.685      3.17     0.675         0
   262/299     7.81G      0.64      0.19         0      0.83        27       608      0.75     0.626     0.659     0.683      3.19     0.675         0
   263/299     7.81G     0.596     0.186         0     0.782        13       608     0.758     0.632     0.661     0.689      3.19     0.674         0
   264/299     7.81G     0.591     0.209         0       0.8        19       608     0.756     0.632     0.666     0.688      3.18     0.671         0
   265/299     7.81G     0.627      0.19         0     0.817        32       608     0.753     0.642     0.682     0.693      3.16     0.671         0
   266/299     7.81G     0.571     0.166         0     0.736        17       608     0.751     0.642     0.678     0.692      3.16     0.672         0
   267/299     7.81G     0.596     0.209         0     0.805        23       608      0.75     0.647     0.678     0.695      3.15     0.668         0
   268/299     7.81G     0.602     0.172         0     0.775        22       608     0.766     0.653      0.69     0.705      3.14     0.665         0
   269/299     7.81G     0.627     0.204         0     0.832        14       608     0.751     0.642     0.685     0.692      3.15     0.664         0
   270/299     7.81G     0.604     0.195         0     0.799        27       608     0.728     0.637     0.664     0.679      3.16     0.665         0
   271/299     7.81G     0.626     0.169         0     0.795        19       608      0.72     0.637     0.669     0.676      3.17     0.666         0
   272/299     7.81G     0.591     0.197         0     0.789         7       608      0.73     0.637     0.668      0.68      3.17     0.664         0
   273/299     7.81G     0.585     0.178         0     0.763        28       608     0.735     0.642     0.671     0.685      3.18     0.666         0
   274/299     7.81G      0.59     0.201         0     0.791        28       608     0.734     0.637     0.671     0.682      3.18     0.667         0
   275/299     7.81G     0.592     0.185         0     0.778        10       608     0.736     0.637     0.668     0.683      3.18     0.665         0
   276/299     7.81G     0.605     0.201         0     0.805        29       608     0.742     0.642      0.67     0.689      3.17     0.663         0
   277/299     7.81G     0.579     0.205         0     0.785        19       608     0.745     0.642     0.682      0.69      3.17     0.664         0
   278/299     7.81G     0.585     0.201         0     0.786         9       608     0.745     0.647     0.683     0.693      3.17     0.666         0
   279/299     7.81G     0.577     0.179         0     0.756        28       608     0.747     0.653      0.68     0.697      3.18     0.668         0
   280/299     7.81G     0.596     0.198         0     0.794        22       608     0.761     0.647     0.675       0.7      3.17     0.672         0
   281/299     7.81G     0.592     0.188         0      0.78         8       608     0.765     0.647     0.675     0.701      3.17     0.674         0
   282/299     7.81G     0.589     0.177         0     0.766        21       608     0.771     0.653     0.683     0.707      3.16     0.676         0
   283/299     7.81G     0.602     0.202         0     0.804        24       608     0.758     0.647     0.676     0.698      3.17     0.676         0
   284/299     7.81G      0.58     0.197         0     0.776        12       608      0.77     0.651     0.688     0.705      3.16      0.68         0
   285/299     7.81G     0.553     0.178         0     0.731        16       608     0.758     0.642     0.679     0.695      3.17      0.68         0
   286/299     7.81G     0.567     0.194         0     0.761        29       608     0.762      0.64     0.678     0.696      3.17      0.68         0
   287/299     7.81G     0.575     0.186         0     0.761         9       608     0.751     0.632     0.672     0.686      3.17      0.68         0
   288/299     7.81G     0.563     0.184         0     0.748        30       608     0.743     0.632     0.671     0.683      3.17     0.681         0
   289/299     7.81G     0.557     0.176         0     0.734        26       608     0.746     0.642     0.677      0.69      3.18     0.683         0
   290/299     7.81G     0.587     0.179         0     0.765         8       608     0.735     0.637      0.67     0.682      3.17     0.684         0
   291/299     7.81G     0.595     0.182         0     0.777        17       608     0.752     0.637     0.671      0.69      3.16     0.685         0
   292/299     7.81G      0.57     0.201         0     0.771        21       608     0.759     0.642     0.679     0.696      3.16     0.686         0
   293/299     7.81G     0.543      0.16         0     0.703        10       608     0.744     0.632      0.67     0.683      3.17     0.687         0
   294/299     7.81G     0.554     0.163         0     0.717        28       608     0.744     0.632     0.665     0.683      3.18     0.687         0
   295/299     7.81G     0.557     0.197         0     0.755        23       608     0.748     0.637     0.676     0.688      3.18     0.685         0
   296/299     7.81G     0.591     0.181         0     0.772        11       608     0.736     0.642     0.681     0.686      3.17      0.68         0
   297/299     7.81G     0.569      0.19         0      0.76        20       608     0.755     0.647     0.691     0.697      3.17      0.68         0
   298/299     7.81G     0.536     0.164         0       0.7        21       608     0.755     0.633     0.674     0.689      3.17     0.679         0
   299/299     7.81G      0.57     0.189         0     0.759        12       608     0.758     0.643     0.682     0.695      3.17     0.679         0
