     0/299      7.8G      7.95      32.8         0      40.7        26       608         0         0   0.00885         0      6.66      3.67         0
     1/299     7.81G      5.98      3.89         0      9.88        19       608         0         0    0.0101         0      5.38       3.4         0
     2/299     7.81G      5.04      2.89         0      7.93        31       608         1   0.00361     0.225   0.00719      4.38      2.28         0
     3/299     7.81G      4.87      1.89         0      6.77        22       608    0.0876     0.603    0.0829     0.153      5.36      1.52         0
     4/299     7.81G       5.1      1.24         0      6.35        23       608      0.67    0.0397     0.404     0.075      4.05      1.32         0
     5/299     7.81G      4.68      1.19         0      5.87        24       608     0.422     0.449       0.4     0.435      4.37      1.22         0
     6/299     7.81G      4.12       1.1         0      5.22        20       608     0.471     0.691     0.546      0.56      3.89     0.923         0
     7/299     7.81G      4.39         1         0      5.39        22       608     0.674     0.505      0.63     0.578      3.67     0.968         0
     8/299     7.81G      4.32      0.88         0       5.2        24       608     0.643     0.657     0.657      0.65      3.45      1.33         0
     9/299     7.81G      3.94     0.892         0      4.83        20       608      0.48     0.675      0.44     0.561      4.32     0.898         0
    10/299     7.81G      4.49     0.929         0      5.42        29       608         1    0.0274     0.658    0.0533      3.72      1.14         0
    11/299     7.81G      3.98     0.873         0      4.85        19       608     0.497     0.765     0.549     0.603      3.63     0.917         0
    12/299     7.81G      4.23     0.906         0      5.13        10       608     0.809     0.549     0.741     0.654      3.48     0.937         0
    13/299     7.81G      3.93     0.853         0      4.78        21       608    0.0943     0.368    0.0738      0.15      4.65      1.27         0
    14/299     7.81G      3.69     0.867         0      4.56        27       608     0.332     0.538      0.32     0.411      4.11     0.952         0
    15/299     7.81G      3.82     0.709         0      4.53        20       608     0.325     0.278     0.294       0.3      5.57     0.724         0
    16/299     7.81G      4.14     0.968         0      5.11        23       608     0.899     0.064     0.771     0.119      3.54      1.05         0
    17/299     7.81G      3.56     0.851         0      4.41        24       608     0.812     0.458     0.716     0.586      4.08     0.809         0
    18/299     7.81G      3.85     0.852         0      4.71        33       608     0.768     0.536     0.673     0.631      4.27     0.718         0
    19/299     7.81G      3.52     0.879         0       4.4        27       608     0.816     0.337     0.702     0.477      3.61     0.815         0
    20/299     7.81G      3.48      0.82         0       4.3        32       608     0.873     0.646     0.837     0.743      3.42     0.763         0
    21/299     7.81G       3.7     0.771         0      4.47        35       608     0.842     0.383      0.77     0.527      3.05     0.853         0
    22/299     7.81G      2.97     0.784         0      3.75        26       608     0.843     0.812     0.878     0.827      3.13     0.745         0
    23/299     7.81G      3.24      0.76         0         4        24       608     0.943     0.531     0.818     0.679      3.12     0.779         0
    24/299     7.81G      3.01     0.673         0      3.68        16       608     0.825     0.767     0.864     0.795      2.97     0.726         0
    25/299     7.81G      2.91     0.699         0      3.61        14       608     0.945     0.745     0.916     0.833      2.96     0.721         0
    26/299     7.81G      2.83     0.662         0      3.49        23       608     0.908     0.823     0.901     0.863      3.43     0.661         0
    27/299     7.81G      2.96     0.662         0      3.62        24       608     0.915     0.852     0.925     0.882      2.95     0.698         0
    28/299     7.81G      2.67     0.607         0      3.28        21       608     0.868     0.841     0.883     0.854       2.9     0.658         0
    29/299     7.81G      2.78     0.614         0       3.4        25       608     0.912     0.865     0.939     0.888      2.85     0.684         0
    30/299     7.81G      2.59     0.674         0      3.26        30       608     0.891     0.824     0.903     0.856      3.19     0.679         0
    31/299     7.81G      2.68     0.612         0      3.29        28       608     0.932     0.746       0.9     0.829       2.8     0.699         0
    32/299     7.81G      2.57     0.624         0      3.19        29       608     0.941     0.803     0.915     0.867      2.96     0.668         0
    33/299     7.81G      2.55     0.653         0       3.2        26       608     0.908      0.86      0.93     0.884      3.02     0.649         0
    34/299     7.81G      2.77     0.608         0      3.38        29       608     0.932     0.776     0.919     0.847      2.81     0.683         0
    35/299     7.81G      2.32     0.608         0      2.93        24       608     0.889     0.813     0.898      0.85      2.82      0.67         0
    36/299     7.81G      2.46     0.549         0      3.01        18       608      0.88     0.874     0.906     0.877      2.78     0.654         0
    37/299     7.81G      2.45     0.613         0      3.06        20       608     0.903     0.907      0.93     0.905      2.82     0.668         0
    38/299     7.81G      2.44     0.584         0      3.03        13       608     0.871     0.855      0.91     0.863      3.02     0.656         0
    39/299     7.81G      2.17     0.533         0       2.7        35       608     0.834     0.873     0.876     0.853      2.74     0.648         0
    40/299     7.81G      2.24     0.559         0       2.8        30       608     0.847      0.82     0.843     0.834      2.77     0.659         0
    41/299     7.81G       2.2     0.567         0      2.76        27       608      0.84     0.798     0.873     0.818      2.89     0.658         0
    42/299     7.81G       2.2      0.53         0      2.73        23       608       0.9     0.863     0.903     0.881      2.56     0.635         0
    43/299     7.81G      2.13     0.595         0      2.73        26       608     0.873     0.872     0.901     0.873      3.12     0.661         0
    44/299     7.81G      2.25     0.561         0      2.81        29       608     0.882      0.83     0.907     0.855      2.68     0.632         0
    45/299     7.81G      2.19     0.573         0      2.76        24       608     0.885     0.877     0.912     0.881      2.84     0.639         0
    46/299     7.81G      2.28     0.539         0      2.82        24       608     0.885     0.838     0.892     0.861       2.8     0.671         0
    47/299     7.81G         2     0.588         0      2.59        23       608     0.886     0.921     0.919     0.903       2.8     0.637         0
    48/299     7.81G      2.19      0.53         0      2.72        20       608     0.922     0.898     0.943      0.91      2.73     0.655         0
    49/299     7.81G      2.02     0.529         0      2.55        24       608     0.909     0.896     0.925     0.902       2.8     0.659         0
    50/299     7.81G      2.15     0.497         0      2.65        28       608     0.925     0.903     0.925     0.914      2.48     0.673         0
    51/299     7.81G      2.05     0.481         0      2.53        10       608     0.909     0.905      0.92     0.907      2.76     0.664         0
    52/299     7.81G      2.08      0.51         0      2.59        19       608     0.902     0.903     0.915     0.902      2.62      0.68         0
    53/299     7.81G      1.89     0.509         0       2.4        34       608     0.897     0.908     0.917     0.902      2.62     0.666         0
    54/299     7.81G      2.06     0.456         0      2.52        21       608     0.911     0.888     0.906     0.899      2.68     0.662         0
    55/299     7.81G      1.98     0.455         0      2.43        28       608     0.906     0.899     0.919     0.902      2.66     0.661         0
    56/299     7.81G      1.88     0.496         0      2.38        30       608     0.903      0.91      0.94     0.907      2.58     0.647         0
    57/299     7.81G      1.99     0.459         0      2.45        22       608     0.914     0.838     0.915     0.874      2.63     0.663         0
    58/299     7.81G       1.9     0.449         0      2.35        20       608     0.925     0.933     0.961     0.929      2.54      0.63         0
    59/299     7.81G      1.92     0.452         0      2.37        21       608     0.903      0.91     0.943     0.907      2.66     0.642         0
    60/299     7.81G      1.91     0.445         0      2.35        22       608     0.926     0.874      0.93     0.899      2.68     0.665         0
    61/299     7.81G      1.87     0.475         0      2.35        15       608     0.912     0.856     0.903     0.883      2.68      0.68         0
    62/299     7.81G      1.72     0.443         0      2.16        24       608     0.913     0.903     0.932     0.908      2.44     0.637         0
    63/299     7.81G      1.92     0.457         0      2.38        25       608     0.926      0.91     0.946     0.918      2.95     0.625         0
    64/299     7.81G      1.78     0.431         0      2.21        14       608     0.925     0.897     0.934     0.911      2.82     0.644         0
    65/299     7.81G      1.84     0.446         0      2.28        26       608      0.93     0.859     0.932     0.893      2.61      0.64         0
    66/299     7.81G         2     0.452         0      2.45        25       608     0.903     0.877      0.91      0.89      2.78     0.666         0
    67/299     7.81G       1.7     0.429         0      2.13        17       608     0.912     0.903      0.94     0.908      2.45      0.64         0
    68/299     7.81G      1.67     0.463         0      2.13        22       608     0.906     0.904     0.916     0.905      2.74     0.642         0
    69/299     7.81G      1.66     0.441         0       2.1        38       608     0.902     0.898     0.934       0.9      2.42     0.619         0
    70/299     7.81G      1.88     0.423         0       2.3        24       608     0.916     0.848       0.9     0.881      2.67     0.672         0
    71/299     7.81G      1.59     0.458         0      2.04        29       608     0.919     0.888     0.935     0.903      2.39     0.642         0
    72/299     7.81G      1.74     0.452         0      2.19        27       608     0.896     0.903      0.93       0.9      2.37     0.622         0
    73/299     7.81G      1.68      0.41         0      2.09        23       608     0.932     0.895     0.942     0.913       2.6     0.637         0
    74/299     7.81G      1.63     0.432         0      2.06        22       608      0.93     0.921      0.95     0.925       2.4     0.621         0
    75/299     7.81G      1.62     0.416         0      2.04        23       608     0.936     0.904     0.946      0.92      2.57      0.63         0
    76/299     7.81G      1.67      0.41         0      2.08        20       608     0.939     0.896     0.929     0.917      2.42     0.622         0
    77/299     7.81G      1.64     0.423         0      2.07        17       608     0.945     0.892     0.927     0.917      2.56      0.64         0
    78/299     7.81G      1.61      0.41         0      2.02        18       608     0.933     0.902     0.944     0.917      2.42     0.618         0
    79/299     7.81G      1.55     0.376         0      1.93        26       608     0.924     0.926     0.949     0.925      2.51     0.622         0
    80/299     7.81G      1.66     0.431         0      2.09        22       608     0.911     0.925     0.941     0.918      2.62     0.624         0
    81/299     7.81G      1.61     0.376         0      1.99        20       608     0.901     0.921     0.933     0.911       2.5     0.616         0
    82/299     7.81G      1.49     0.377         0      1.86        24       608     0.922     0.935     0.947     0.929      2.48     0.623         0
    83/299     7.81G      1.58     0.371         0      1.96        26       608     0.894     0.913     0.928     0.903      2.52     0.656         0
    84/299     7.81G      1.58     0.394         0      1.97        23       608     0.905     0.903     0.919     0.904      2.58     0.657         0
    85/299     7.81G      1.52     0.407         0      1.93        23       608     0.905     0.917     0.931     0.911      2.44     0.651         0
    86/299     7.81G      1.71      0.42         0      2.13        26       608     0.895     0.913     0.918     0.904      2.56     0.658         0
    87/299     7.81G      1.53     0.384         0      1.92        25       608     0.913     0.908     0.919      0.91      2.55     0.655         0
    88/299     7.81G      1.45     0.395         0      1.85        32       608     0.915     0.921     0.936     0.918      2.36     0.653         0
    89/299     7.81G      1.42     0.371         0      1.79        24       608     0.909     0.913     0.933     0.911       2.6     0.644         0
    90/299     7.81G      1.65       0.4         0      2.05         9       608     0.935      0.91     0.937     0.922      2.45     0.637         0
    91/299     7.81G      1.52       0.4         0      1.92        29       608     0.925      0.89     0.927     0.907      2.53     0.671         0
    92/299     7.81G      1.43     0.377         0      1.81        21       608      0.91     0.877     0.916     0.893      2.53     0.684         0
    93/299     7.81G      1.55     0.381         0      1.93        20       608     0.908     0.858     0.916     0.883       2.7     0.708         0
    94/299     7.81G      1.43      0.37         0       1.8        22       608     0.938     0.874     0.931     0.905      2.46     0.705         0
    95/299     7.81G      1.44     0.356         0       1.8        13       608     0.935     0.881     0.922     0.907      2.56     0.685         0
    96/299     7.81G      1.48     0.375         0      1.86        19       608     0.918      0.89     0.921     0.904      2.52     0.642         0
    97/299     7.81G      1.38     0.355         0      1.73        18       608     0.925     0.931     0.941     0.928       2.4     0.618         0
    98/299     7.81G      1.37     0.364         0      1.74        20       608       0.9      0.91     0.921     0.905      2.49     0.624         0
    99/299     7.81G      1.18      0.34         0      1.52        28       608     0.883     0.895     0.914     0.889      2.44      0.64         0
   100/299     7.81G      1.51     0.371         0      1.88        22       608     0.877     0.884     0.911     0.881      2.63     0.658         0
   101/299     7.81G      1.53     0.372         0       1.9        27       608     0.931     0.877     0.931     0.903      2.35      0.67         0
   102/299     7.81G      1.45     0.352         0       1.8        16       608     0.917     0.917     0.928     0.917      2.58     0.654         0
   103/299     7.81G      1.28     0.366         0      1.64        14       608     0.898     0.913     0.922     0.906       2.4     0.656         0
   104/299     7.81G      1.31     0.373         0      1.68        21       608     0.911     0.921     0.932     0.916      2.44     0.676         0
   105/299     7.81G      1.44     0.364         0      1.81        29       608     0.901     0.903     0.912     0.902      2.59     0.692         0
   106/299     7.81G      1.35     0.362         0      1.71        22       608      0.91     0.903     0.918     0.906      2.37     0.682         0
   107/299     7.81G       1.4     0.367         0      1.77        16       608     0.907      0.91     0.919     0.908      2.39     0.672         0
   108/299     7.81G      1.25     0.361         0      1.61        24       608     0.893     0.917     0.922     0.905      2.32     0.651         0
   109/299     7.81G      1.44      0.35         0      1.79        18       608     0.891     0.911     0.916     0.901      2.56     0.659         0
   110/299     7.81G       1.3     0.326         0      1.62        29       608     0.926     0.917     0.942     0.921      2.29     0.649         0
   111/299     7.81G      1.34     0.344         0      1.69        21       608     0.924      0.91     0.947     0.917      2.41     0.641         0
   112/299     7.81G      1.29     0.349         0      1.64        23       608     0.906     0.921      0.93     0.913      2.44     0.641         0
   113/299     7.81G      1.29     0.324         0      1.62        23       608     0.899     0.928     0.937     0.913       2.4     0.645         0
   114/299     7.81G       1.3     0.322         0      1.62        29       608     0.896     0.917     0.937     0.906      2.39     0.654         0
   115/299     7.81G      1.34      0.34         0      1.68        18       608     0.888     0.913      0.93       0.9      2.45     0.665         0
   116/299     7.81G      1.32     0.335         0      1.66         9       608     0.897     0.899     0.928     0.898      2.41     0.669         0
   117/299     7.81G      1.25      0.31         0      1.56        30       608      0.91     0.921     0.933     0.915      2.35     0.668         0
   118/299     7.81G       1.3      0.32         0      1.62        25       608     0.911     0.918     0.944     0.914      2.42      0.67         0
   119/299     7.81G      1.32      0.36         0      1.68        24       608     0.927     0.928     0.952     0.927       2.3      0.65         0
   120/299     7.81G      1.26     0.328         0      1.58        20       608     0.918      0.93     0.952     0.924       2.3     0.652         0
   121/299     7.81G      1.22     0.326         0      1.54        23       608     0.915     0.917     0.939     0.916      2.37     0.647         0
   122/299     7.81G      1.32     0.338         0      1.66        35       608     0.903     0.906     0.932     0.904      2.38     0.654         0
   123/299     7.81G      1.29     0.343         0      1.64        27       608     0.893       0.9     0.928     0.896      2.39     0.664         0
   124/299     7.81G      1.21     0.332         0      1.54        22       608     0.882     0.918     0.925       0.9      2.38     0.659         0
   125/299     7.81G      1.21     0.306         0      1.51        25       608     0.899     0.924      0.93     0.912      2.37      0.66         0
   126/299     7.81G      1.23     0.331         0      1.56        23       608     0.907      0.91     0.935     0.908       2.4     0.663         0
   127/299     7.81G       1.1     0.301         0       1.4        20       608     0.918      0.91     0.933     0.914      2.38     0.666         0
   128/299     7.81G      1.23     0.338         0      1.57        24       608     0.924     0.913     0.948     0.919      2.36     0.658         0
   129/299     7.81G      1.13     0.303         0      1.44        20       608     0.914     0.916     0.938     0.915      2.36     0.658         0
   130/299     7.81G      1.28     0.302         0      1.58        23       608     0.911     0.917     0.938     0.914      2.37     0.664         0
   131/299     7.81G      1.23      0.33         0      1.56        22       608     0.923     0.914     0.944     0.919      2.43      0.66         0
   132/299     7.81G      1.16     0.324         0      1.48        18       608     0.913     0.899     0.935     0.906      2.33     0.658         0
   133/299     7.81G      1.14     0.298         0      1.43        28       608     0.919       0.9     0.926     0.909      2.35     0.657         0
   134/299     7.81G      1.18     0.297         0      1.47        22       608      0.93     0.899     0.924     0.914       2.4     0.674         0
   135/299     7.81G      1.26     0.309         0      1.57        30       608     0.928     0.884     0.921     0.905      2.45     0.694         0
   136/299     7.81G      1.07     0.305         0      1.37        35       608     0.918     0.884     0.902       0.9      2.45     0.712         0
   137/299     7.81G      1.07     0.311         0      1.38        23       608     0.927     0.899     0.927     0.913      2.34     0.693         0
   138/299     7.81G      1.17     0.306         0      1.48        22       608     0.921     0.895     0.931     0.908      2.49     0.701         0
   139/299     7.81G      1.17     0.292         0      1.46        24       608     0.931     0.903     0.937     0.916      2.32     0.695         0
   140/299     7.81G      1.13     0.306         0      1.44        18       608     0.938     0.913     0.937     0.926      2.43     0.704         0
   141/299     7.81G      1.06     0.294         0      1.36        20       608      0.93     0.912     0.934     0.921      2.33     0.667         0
   142/299     7.81G      1.12     0.295         0      1.41        12       608     0.939      0.91     0.932     0.924      2.42      0.66         0
   143/299     7.81G      1.03     0.289         0      1.32        25       608     0.934     0.913     0.929     0.924      2.34     0.659         0
   144/299     7.81G      1.05     0.271         0      1.32        20       608     0.935     0.913     0.932     0.924      2.34     0.668         0
   145/299     7.81G       1.1     0.286         0      1.39        26       608     0.931     0.903     0.916     0.916      2.43     0.711         0
   146/299     7.81G     0.976     0.291         0      1.27        24       608     0.921     0.913     0.919     0.917      2.33      0.71         0
   147/299     7.81G      1.05     0.276         0      1.33        18       608     0.925     0.917     0.927     0.921      2.39     0.709         0
   148/299     7.81G     0.965     0.278         0      1.24        14       608     0.936     0.931     0.945     0.934      2.32     0.686         0
   149/299     7.81G      1.03     0.259         0      1.29        18       608     0.913     0.917     0.923     0.915       2.4     0.693         0
   150/299     7.81G      1.04     0.273         0      1.31        25       608      0.92     0.916     0.923     0.918      2.37     0.699         0
   151/299     7.81G         1     0.288         0      1.29        24       608     0.916     0.909     0.918     0.912      2.36     0.708         0
   152/299     7.81G      1.09     0.274         0      1.36        24       608     0.913     0.921     0.928     0.917      2.34     0.726         0
   153/299     7.81G      1.05     0.259         0      1.31        21       608     0.912     0.921     0.943     0.916      2.34     0.717         0
   154/299     7.81G     0.916      0.28         0       1.2        20       608     0.915     0.928     0.934     0.921      2.37     0.713         0
   155/299     7.81G     0.878     0.256         0      1.13        14       608      0.93     0.924     0.938     0.927       2.3     0.692         0
   156/299     7.81G      1.02     0.278         0       1.3        22       608     0.931      0.92     0.937     0.925      2.37     0.697         0
   157/299     7.81G     0.905      0.28         0      1.18        30       608     0.938     0.923     0.942      0.93      2.32     0.688         0
   158/299     7.81G     0.955     0.286         0      1.24        29       608     0.933     0.931     0.948     0.932      2.34     0.701         0
   159/299     7.81G      1.02     0.255         0      1.28        24       608     0.931     0.935     0.951     0.933      2.28     0.692         0
   160/299     7.81G     0.887     0.248         0      1.14        25       608     0.929     0.949     0.951     0.939      2.31     0.698         0
   161/299     7.81G     0.986     0.247         0      1.23        19       608     0.935     0.928      0.95     0.931      2.31     0.709         0
   162/299     7.81G     0.962     0.265         0      1.23        19       608     0.931     0.925     0.948     0.928      2.34     0.721         0
   163/299     7.81G     0.874      0.24         0      1.11        19       608     0.924     0.913     0.939     0.919      2.34     0.727         0
   164/299     7.81G     0.901     0.249         0      1.15        25       608     0.911     0.913     0.929     0.912      2.38     0.726         0
   165/299     7.81G      0.89     0.257         0      1.15        29       608     0.904     0.899     0.918     0.902      2.36     0.726         0
   166/299     7.81G     0.913     0.223         0      1.14        24       608     0.913      0.91     0.929     0.912      2.33     0.709         0
   167/299     7.81G     0.913     0.242         0      1.15        28       608     0.912     0.938     0.939     0.925      2.34     0.714         0
   168/299     7.81G     0.879     0.262         0      1.14        10       608     0.921     0.931     0.938     0.926      2.33     0.716         0
   169/299     7.81G     0.871     0.277         0      1.15        25       608     0.921     0.931     0.942     0.926      2.29     0.724         0
   170/299     7.81G     0.843     0.252         0       1.1        27       608     0.913     0.917     0.934     0.915      2.31      0.73         0
   171/299     7.81G     0.899      0.25         0      1.15        26       608     0.913     0.914     0.932     0.913      2.28     0.729         0
   172/299     7.81G     0.935      0.24         0      1.17        22       608     0.913     0.905     0.929     0.909      2.32     0.735         0
   173/299     7.81G     0.896     0.265         0      1.16        23       608      0.92     0.913     0.929     0.917      2.28     0.734         0
   174/299     7.81G     0.828      0.24         0      1.07        23       608     0.915     0.928     0.931     0.921      2.28     0.734         0
   175/299     7.81G      0.84     0.243         0      1.08        23       608     0.917     0.928     0.932     0.923      2.24     0.725         0
   176/299     7.81G     0.875     0.232         0      1.11        27       608     0.929     0.931      0.94      0.93      2.22     0.726         0
   177/299     7.81G     0.838     0.259         0       1.1        24       608     0.918     0.929     0.941     0.924      2.33     0.737         0
   178/299     7.81G     0.835      0.24         0      1.08        31       608     0.925     0.935     0.949      0.93      2.28     0.739         0
   179/299     7.81G     0.823     0.234         0      1.06        28       608     0.915     0.932     0.944     0.923      2.33      0.73         0
   180/299     7.81G      0.79      0.23         0      1.02        19       608     0.931     0.939      0.96     0.935      2.32     0.727         0
   181/299     7.81G     0.816     0.239         0      1.06        12       608     0.923     0.935     0.934     0.929      2.34      0.74         0
   182/299     7.81G      0.84     0.244         0      1.08        28       608     0.926     0.928     0.928     0.927      2.31     0.733         0
   183/299     7.81G     0.826     0.263         0      1.09        31       608     0.911     0.928     0.925     0.919      2.35     0.745         0
   184/299     7.81G     0.801     0.232         0      1.03        38       608     0.923     0.942     0.947     0.932      2.31      0.75         0
   185/299     7.81G     0.844     0.214         0      1.06        20       608      0.92     0.935     0.936     0.928      2.34     0.761         0
   186/299     7.81G     0.773     0.249         0      1.02        18       608     0.912     0.937     0.944     0.925      2.33     0.764         0
   187/299     7.81G      0.79     0.219         0      1.01        24       608     0.909     0.939     0.944     0.923      2.36     0.767         0
   188/299     7.81G     0.796     0.233         0      1.03        22       608     0.906     0.931     0.933     0.919      2.34     0.755         0
   189/299     7.81G     0.792     0.229         0      1.02        30       608     0.921     0.935      0.94     0.928      2.33     0.752         0
   190/299     7.81G     0.754     0.218         0     0.971        25       608      0.91     0.924     0.932     0.917       2.3     0.739         0
   191/299     7.81G     0.781     0.237         0      1.02        19       608     0.913     0.924     0.934     0.918      2.32     0.742         0
   192/299     7.81G     0.817     0.212         0      1.03        28       608     0.918     0.928     0.943     0.923      2.31     0.745         0
   193/299     7.81G     0.783      0.23         0      1.01        27       608     0.922     0.928     0.943     0.925      2.26     0.745         0
   194/299     7.81G     0.739     0.206         0     0.945        10       608     0.918     0.929     0.945     0.923      2.29     0.754         0
   195/299     7.81G     0.748     0.249         0     0.997        28       608     0.928     0.928     0.947     0.928      2.26     0.752         0
   196/299     7.81G     0.693     0.204         0     0.897        15       608     0.921     0.928     0.945     0.924      2.27      0.75         0
   197/299     7.81G     0.717     0.219         0     0.935        22       608     0.927     0.931     0.945     0.929      2.29     0.758         0
   198/299     7.81G     0.722     0.212         0     0.934        26       608     0.919     0.924     0.941     0.922      2.28     0.762         0
   199/299     7.81G     0.705     0.225         0      0.93        36       608     0.914     0.928     0.936     0.921      2.35     0.776         0
   200/299     7.81G       0.7     0.222         0     0.922        26       608     0.918     0.926     0.939     0.922      2.35     0.785         0
   201/299     7.81G     0.686      0.21         0     0.896        23       608     0.908     0.913     0.921     0.911      2.31     0.781         0
   202/299     7.81G     0.676     0.187         0     0.864        28       608     0.918     0.921     0.932     0.919      2.32     0.777         0
   203/299     7.81G      0.66     0.201         0     0.861        21       608     0.912     0.917     0.925     0.914      2.28     0.771         0
   204/299     7.81G     0.649     0.209         0     0.858        23       608     0.906     0.921     0.927     0.913       2.3     0.773         0
   205/299     7.81G     0.681     0.182         0     0.863        23       608     0.901      0.92     0.931     0.911      2.29     0.782         0
   206/299     7.81G      0.65     0.187         0     0.836        22       608     0.905     0.921     0.925     0.913      2.32     0.793         0
   207/299     7.81G     0.659     0.183         0     0.842        12       608     0.911     0.922     0.934     0.917      2.32     0.802         0
   208/299     7.81G     0.663     0.225         0     0.889        23       608     0.913     0.924      0.94     0.918      2.32     0.799         0
   209/299     7.81G     0.646     0.184         0     0.831        27       608      0.91     0.924      0.94     0.917      2.33     0.801         0
   210/299     7.81G     0.653     0.217         0      0.87        34       608     0.911     0.926     0.937     0.919      2.32     0.796         0
   211/299     7.81G     0.639      0.19         0      0.83        27       608     0.904     0.928     0.934     0.915      2.32     0.797         0
   212/299     7.81G     0.636     0.196         0     0.832        22       608     0.909     0.931     0.942      0.92      2.33     0.809         0
   213/299     7.81G     0.618     0.185         0     0.804        24       608     0.913     0.935     0.947     0.924      2.35     0.814         0
   214/299     7.81G     0.635     0.179         0     0.814        21       608     0.911     0.931     0.946     0.921      2.35     0.816         0
   215/299     7.81G     0.614     0.191         0     0.805        22       608     0.914     0.928     0.933     0.921      2.31     0.802         0
   216/299     7.81G     0.622     0.175         0     0.797        29       608     0.924     0.928     0.942     0.926      2.31     0.799         0
   217/299     7.81G     0.631     0.184         0     0.815        20       608     0.917     0.928     0.934     0.923      2.28     0.797         0
   218/299     7.81G     0.591     0.185         0     0.776        33       608     0.917     0.931     0.942     0.924      2.29     0.805         0
   219/299     7.81G     0.612     0.195         0     0.808        25       608     0.922     0.937     0.947     0.929      2.31     0.808         0
   220/299     7.81G     0.597     0.177         0     0.773        17       608     0.923     0.939     0.946     0.931      2.32     0.822         0
   221/299     7.81G     0.615     0.197         0     0.812        27       608     0.925     0.939     0.948     0.932      2.31     0.823         0
   222/299     7.81G     0.573      0.18         0     0.753        18       608     0.921     0.931     0.942     0.926      2.33     0.819         0
   223/299     7.81G     0.582     0.185         0     0.767        19       608     0.915     0.928     0.943     0.921       2.3     0.815         0
   224/299     7.81G     0.603     0.189         0     0.792        16       608     0.915     0.927     0.943     0.921      2.28     0.812         0
   225/299     7.81G     0.551     0.165         0     0.717        23       608     0.906     0.928     0.931     0.917      2.28     0.812         0
   226/299     7.81G     0.579     0.188         0     0.767        24       608     0.909     0.931     0.944      0.92      2.29      0.81         0
   227/299     7.81G     0.571     0.177         0     0.747        21       608     0.909     0.936     0.946     0.922      2.28     0.807         0
   228/299     7.81G     0.554     0.174         0     0.728        24       608     0.909     0.937     0.947     0.923      2.29     0.811         0
   229/299     7.81G     0.611     0.165         0     0.775        21       608     0.912     0.946     0.948     0.929       2.3     0.814         0
   230/299     7.81G     0.552     0.189         0     0.741        22       608      0.91     0.946     0.949     0.928      2.31     0.818         0
   231/299     7.81G     0.583     0.195         0     0.778        22       608     0.912     0.939     0.954     0.926       2.3     0.819         0
   232/299     7.81G     0.582     0.157         0     0.739        16       608     0.912     0.932     0.947     0.922       2.3     0.823         0
   233/299     7.81G     0.574     0.192         0     0.766        19       608     0.912      0.93     0.947     0.921       2.3      0.83         0
   234/299     7.81G      0.55     0.165         0     0.714        15       608      0.91     0.928     0.944     0.919       2.3     0.829         0
   235/299     7.81G     0.562     0.169         0     0.731        19       608     0.908     0.932     0.945      0.92       2.3     0.827         0
   236/299     7.81G     0.515     0.159         0     0.674        26       608     0.909     0.935     0.945     0.922       2.3     0.829         0
   237/299     7.81G     0.533     0.182         0     0.715        24       608     0.907     0.935     0.944     0.921      2.29     0.834         0
   238/299     7.81G     0.546     0.172         0     0.717        24       608     0.907     0.935     0.944     0.921       2.3     0.834         0
   239/299     7.81G     0.556      0.17         0     0.726        26       608     0.908     0.935     0.944     0.921      2.29      0.83         0
   240/299     7.81G     0.511     0.158         0     0.669        27       608     0.915     0.937     0.946     0.926       2.3     0.829         0
   241/299     7.81G     0.541     0.164         0     0.705        22       608     0.912     0.934     0.946     0.923      2.31      0.83         0
   242/299     7.81G     0.524      0.16         0     0.684        23       608     0.919     0.941     0.958      0.93      2.31     0.832         0
   243/299     7.81G     0.583     0.166         0     0.749        23       608     0.922     0.938     0.957      0.93       2.3     0.829         0
   244/299     7.81G     0.526     0.156         0     0.683        22       608     0.922     0.936     0.957     0.929       2.3     0.828         0
   245/299     7.81G     0.515     0.157         0     0.672        20       608     0.919     0.945     0.961     0.932       2.3     0.831         0
   246/299     7.81G     0.514     0.175         0     0.689        10       608     0.921     0.946     0.961     0.933       2.3     0.832         0
   247/299     7.81G     0.522     0.163         0     0.684        20       608     0.917     0.946      0.96     0.931      2.29     0.837         0
   248/299     7.81G     0.543     0.168         0     0.712        20       608     0.916     0.946     0.956     0.931      2.29     0.846         0
   249/299     7.81G      0.53     0.173         0     0.703        26       608     0.919     0.946     0.956     0.933      2.28     0.853         0
   250/299     7.81G     0.515     0.165         0      0.68        16       608     0.918     0.946     0.956     0.932      2.28     0.857         0
   251/299     7.81G     0.517      0.17         0     0.687        32       608     0.919     0.946     0.956     0.932      2.29     0.859         0
   252/299     7.81G     0.505     0.149         0     0.654        27       608     0.922     0.944     0.955     0.933      2.28     0.857         0
   253/299     7.81G     0.534     0.175         0     0.709        27       608     0.921     0.942     0.955     0.932      2.28     0.859         0
   254/299     7.81G     0.514      0.18         0     0.694        34       608     0.919     0.942      0.95      0.93      2.28     0.861         0
   255/299     7.81G     0.502     0.155         0     0.657        21       608     0.919     0.945      0.95     0.932      2.28      0.86         0
   256/299     7.81G     0.526     0.164         0     0.689        22       608     0.916     0.946      0.95     0.931      2.27     0.862         0
   257/299     7.81G     0.519     0.152         0     0.671        15       608     0.917     0.949      0.95     0.933      2.28     0.864         0
   258/299     7.81G     0.467     0.159         0     0.626        26       608     0.919     0.946      0.95     0.932      2.27     0.863         0
   259/299     7.81G       0.5      0.17         0     0.671         9       608      0.92     0.949      0.95     0.934      2.28     0.863         0
   260/299     7.81G     0.492     0.155         0     0.647        24       608     0.917     0.949      0.95     0.933      2.28     0.862         0
   261/299     7.81G     0.515     0.155         0      0.67        15       608     0.916     0.946      0.95     0.931      2.28     0.864         0
   262/299     7.81G     0.512      0.16         0     0.672        25       608     0.916     0.944      0.95      0.93      2.29     0.867         0
   263/299     7.81G     0.507     0.155         0     0.662        24       608     0.919     0.942     0.949      0.93      2.29     0.868         0
   264/299     7.81G     0.474     0.152         0     0.626        18       608     0.916     0.943      0.95     0.929      2.28     0.868         0
   265/299     7.81G     0.478     0.165         0     0.642        21       608     0.915     0.942     0.949     0.929      2.28     0.869         0
   266/299     7.81G     0.513     0.159         0     0.672        22       608     0.915     0.942     0.949     0.928      2.28     0.869         0
   267/299     7.81G     0.473     0.142         0     0.616        26       608     0.912     0.942     0.948     0.927      2.28     0.871         0
   268/299     7.81G     0.483     0.152         0     0.635        19       608     0.914     0.942     0.948     0.928      2.28     0.875         0
   269/299     7.81G     0.516     0.167         0     0.683        23       608     0.914     0.942     0.948     0.928      2.29     0.876         0
   270/299     7.81G     0.513     0.167         0      0.68        19       608     0.914     0.942     0.948     0.928      2.28     0.879         0
   271/299     7.81G     0.494     0.163         0     0.658        31       608     0.917     0.946      0.95     0.931      2.29     0.877         0
   272/299     7.81G     0.481     0.176         0     0.657         8       608     0.916     0.942     0.949     0.929      2.29     0.875         0
   273/299     7.81G     0.458     0.152         0      0.61        28       608     0.912     0.939     0.947     0.925      2.28     0.871         0
   274/299     7.81G     0.447     0.155         0     0.602        18       608     0.916     0.942     0.949     0.929      2.27     0.874         0
   275/299     7.81G     0.497     0.152         0     0.649        21       608     0.917     0.942     0.949     0.929      2.28     0.874         0
   276/299     7.81G      0.52     0.165         0     0.684        22       608     0.917     0.942      0.95      0.93      2.28     0.873         0
   277/299     7.81G     0.471      0.14         0     0.611        29       608     0.917     0.942      0.95     0.929      2.28     0.876         0
   278/299     7.81G     0.466     0.154         0      0.62        23       608     0.914     0.942      0.95     0.928      2.27     0.878         0
   279/299     7.81G      0.47     0.153         0     0.623        22       608     0.913     0.942      0.95     0.927      2.28     0.881         0
   280/299     7.81G     0.469     0.154         0     0.623        24       608     0.916     0.944     0.949      0.93      2.28     0.881         0
   281/299     7.81G     0.513     0.163         0     0.676        39       608     0.916     0.943      0.95     0.929      2.29     0.882         0
   282/299     7.81G     0.471     0.149         0     0.621        29       608     0.915     0.942      0.95     0.928      2.29     0.882         0
   283/299     7.81G     0.498     0.153         0      0.65        26       608     0.915     0.942      0.95     0.928      2.29     0.885         0
   284/299     7.81G     0.478     0.147         0     0.625        19       608     0.915     0.942      0.95     0.928      2.29     0.889         0
   285/299     7.81G     0.483     0.153         0     0.636        11       608     0.916     0.942      0.95     0.929      2.28     0.889         0
   286/299     7.81G     0.472     0.159         0     0.631        29       608     0.915     0.938     0.949     0.927      2.28     0.887         0
   287/299     7.81G     0.462     0.137         0     0.599        26       608     0.919     0.942      0.95      0.93      2.28     0.885         0
   288/299     7.81G     0.484     0.151         0     0.635        29       608     0.921     0.942      0.95     0.932      2.28     0.885         0
   289/299     7.81G      0.47     0.164         0     0.634        29       608     0.922     0.942     0.957     0.932      2.28     0.884         0
   290/299     7.81G     0.501     0.157         0     0.658        28       608     0.918     0.939     0.948     0.928      2.28     0.889         0
   291/299     7.81G      0.47     0.144         0     0.614        22       608     0.917     0.939     0.947     0.928      2.29     0.893         0
   292/299     7.81G     0.466     0.147         0     0.612        21       608     0.918     0.939     0.948     0.928      2.28     0.893         0
   293/299     7.81G     0.491     0.151         0     0.642        21       608      0.92     0.939     0.948     0.929      2.29     0.896         0
   294/299     7.81G     0.438     0.145         0     0.583        19       608      0.92     0.939     0.948     0.929      2.29     0.899         0
   295/299     7.81G     0.473     0.167         0      0.64        29       608     0.922      0.94     0.948     0.931      2.28     0.898         0
   296/299     7.81G     0.456      0.16         0     0.616        24       608     0.926     0.946      0.95     0.936      2.28     0.899         0
   297/299     7.81G     0.458     0.137         0     0.595        17       608     0.923     0.942      0.95     0.933      2.28     0.895         0
   298/299     7.81G     0.473     0.142         0     0.615        15       608     0.923     0.939      0.95     0.931      2.28     0.895         0
   299/299     7.81G      0.44     0.138         0     0.578        23       608     0.924     0.939      0.95     0.931      2.28     0.897         0
