[    0.67473           0           0           0           0           0           0           0]
[    0.57109     0.68266     0.45344     0.21499           0     0.38832           0     0.77374           0           0    0.048954           0           0           0           0           0           0           0           0           0           0           0           0           0           0           0
           0           0]
[    0.58369     0.75192           0           0           0           0           0           0           0           0]
[    0.63792           0           0           0           0           0           0           0           0           0           0           0           0           0           0           0           0           0           0           0           0           0           0           0           0           0
           0           0           0           0           0           0           0           0           0           0           0           0           0           0           0           0           0           0           0           0           0           0           0           0           0           0
           0           0]
[    0.80105           0           0           0           0           0           0           0     0.84495           0           0           0           0]
[    0.50327     0.50695           0           0           0           0           0           0           0           0           0           0           0           0           0           0           0           0           0           0           0           0]
[    0.73707     0.84051     0.72154     0.46465     0.72184     0.72069     0.66015     0.64749           0     0.46437           0           0    0.083299]
[    0.58534     0.59257      0.6639           0           0     0.30827           0           0           0           0           0           0           0           0           0           0           0           0           0           0           0           0           0           0]
[    0.76701           0           0           0           0           0           0           0           0           0           0           0           0           0           0           0           0           0           0           0           0           0           0           0           0           0
           0           0           0           0           0           0           0           0           0]
[    0.59162           0           0           0           0           0]
[    0.63567           0           0           0           0           0           0           0           0           0           0           0           0           0           0           0           0           0           0]
[    0.80159           0           0           0           0           0           0           0           0           0           0           0           0           0           0           0           0           0           0           0           0           0           0           0           0           0
           0           0           0           0           0           0]
[    0.68947           0           0           0     0.37636           0]
[    0.46895           0           0]
[    0.63947           0           0           0           0           0]
[    0.78961     0.68558           0           0           0           0           0           0           0           0           0]
[    0.73145     0.50425           0           0     0.51872           0           0           0]
[    0.21758           0           0           0      0.2048           0           0]
[    0.83368           0           0           0           0           0           0           0           0           0]
[    0.36374     0.63439      0.5275           0           0           0           0           0           0           0]
[    0.63132     0.63529     0.75373      0.6312           0           0           0           0           0           0           0           0      0.7087           0           0]
[    0.76823      0.6096           0           0           0           0           0]
[    0.50983     0.70197           0           0]
[    0.72926     0.59427           0     0.23317     0.26094           0           0           0           0           0     0.43255     0.74829           0]
[     0.6656           0     0.43688      0.4309           0           0           0           0           0           0           0           0           0           0           0           0           0           0           0           0]
[    0.81028     0.60226           0           0           0           0           0]
[    0.56495           0           0     0.45503           0           0           0           0           0           0           0           0           0           0]
[          0     0.51551           0           0           0]
[    0.83895           0           0           0           0           0           0           0]
[    0.84778           0           0           0     0.47247           0           0           0           0           0           0           0           0]
[    0.73892     0.14527           0           0           0           0           0           0]
[    0.54086     0.67026     0.80258           0           0           0           0     0.40573           0           0]
[    0.78941     0.59766      0.3075           0           0           0           0]
[    0.66899     0.88361           0           0           0           0           0           0           0           0           0           0           0           0           0           0           0           0           0           0           0           0           0           0           0           0
           0           0]
[    0.71064     0.80536           0           0           0           0           0           0           0           0           0           0]
[    0.76935           0           0           0           0           0           0           0           0]
[    0.52648     0.61198           0           0           0           0           0           0           0           0           0           0           0           0           0           0           0           0           0           0           0           0           0           0           0           0
           0           0           0]
[      0.653     0.68353           0           0           0           0           0           0           0           0           0           0           0           0           0           0           0           0]
[    0.85927     0.75639     0.88923           0           0           0           0           0           0     0.54863           0     0.61254           0           0           0           0           0           0           0           0           0           0           0           0           0           0
           0           0           0           0           0           0           0]
[     0.7003     0.34964     0.25562           0           0           0]
[    0.69166           0           0     0.25299           0           0           0           0           0           0           0]
[     0.5914           0           0           0           0           0           0     0.50249]
[    0.62333           0           0           0           0           0           0           0           0           0           0           0           0           0           0           0           0           0           0           0           0           0           0]
[    0.58979           0           0           0           0           0           0           0           0           0           0           0           0           0           0           0           0           0           0           0           0           0           0           0]
[    0.71798           0           0           0           0           0]
[      0.837     0.45756     0.37256     0.67756     0.53075           0           0           0           0]
[    0.78031     0.66326           0           0           0           0           0           0           0           0           0]
[    0.68531           0           0           0           0           0           0           0           0           0           0           0           0]
[    0.37967           0    0.037552     0.47101           0           0           0           0           0           0           0           0           0           0           0           0           0           0    0.010325           0           0           0           0           0           0           0
           0           0           0           0           0]
[    0.84588     0.73367     0.76453     0.51004           0           0           0           0           0           0           0           0]
[    0.68201     0.85313     0.60182     0.42512           0           0           0           0]
[    0.44738           0           0           0           0           0           0]
[    0.70317           0           0           0           0           0           0           0           0           0           0           0]
[    0.51039     0.73932           0           0           0           0           0           0           0           0           0           0           0           0           0           0           0           0           0]
[    0.86834     0.80876     0.70258           0           0           0           0]
[    0.56808     0.55232     0.47524     0.24519           0           0           0           0]
[    0.45925           0           0           0           0           0           0           0]
[     0.8054           0]
[    0.66821     0.69461     0.80112     0.48216     0.76944           0           0           0           0           0           0           0           0           0           0           0           0           0           0           0           0]
[    0.70758           0           0           0           0           0           0           0           0           0           0           0           0           0           0           0           0           0           0           0           0           0           0           0           0           0
           0           0           0           0           0           0           0           0           0           0           0           0           0           0           0           0           0           0           0           0           0           0           0           0           0           0
           0           0           0           0           0           0           0           0           0           0           0           0           0           0           0           0           0           0           0           0           0           0           0           0           0           0
           0           0           0           0           0           0           0           0           0           0           0           0           0           0           0           0           0           0]
[    0.75869           0           0           0           0           0           0           0]
[    0.84123     0.66829     0.52028           0           0           0     0.50396]
[    0.69068           0           0           0]
[    0.50609     0.61562     0.20021           0           0]
[    0.56392     0.59042           0           0           0           0           0           0           0           0           0           0           0           0           0           0           0           0           0           0           0           0           0           0           0           0
           0           0           0           0           0           0           0           0           0           0           0           0           0           0           0           0           0           0           0           0           0           0           0           0           0           0
           0           0           0           0           0           0           0           0           0           0           0           0           0           0           0           0           0           0           0           0           0           0           0           0           0           0
           0           0           0           0           0           0           0]
[    0.57822     0.44586           0           0           0           0           0           0           0           0           0           0           0     0.65284           0]
[    0.67024           0           0     0.81101           0     0.25218     0.27809           0           0           0           0           0           0           0           0           0           0           0           0           0           0           0           0     0.26885           0           0
           0           0           0]
[    0.76121           0           0           0           0           0           0           0           0           0           0           0           0           0           0           0           0           0           0           0           0           0           0           0           0           0
           0           0           0           0           0           0           0           0           0           0           0           0           0           0           0           0           0           0           0           0           0           0           0           0           0           0
           0]
[     0.5987           0           0           0           0           0]
[     0.6438     0.44143           0           0           0           0           0           0           0]
[    0.79251           0           0           0           0           0           0           0           0           0           0           0           0           0           0           0           0           0           0           0           0           0           0           0           0]
[    0.73816     0.53942     0.67652     0.35253      0.6958           0           0   0.0058438           0]
[     0.8206           0           0           0           0           0           0           0           0]
[     0.8684      0.7866     0.64301           0           0           0]
[    0.64368           0           0           0           0           0]
[    0.64324           0]
[    0.74227   0.0050362           0           0           0]
[    0.66775     0.95764     0.50052           0           0           0     0.54231           0           0           0           0           0           0           0]
[    0.74663     0.69235     0.81459     0.81515           0           0           0           0           0           0           0           0           0]
[    0.72454     0.82458     0.89202           0           0           0           0]
[    0.33099           0           0    0.045828           0]
[    0.52687           0           0           0           0           0           0           0]
[    0.78904     0.75697     0.64491           0           0           0           0           0           0]
[    0.79644     0.76426           0           0           0           0           0           0           0]
[    0.51867     0.57164           0           0           0           0           0           0           0           0           0           0           0           0           0           0           0           0           0           0           0           0]
[    0.80585     0.76311           0           0           0           0           0]
[    0.84882     0.81363      0.8695           0]
[    0.54059      0.6206           0           0           0           0           0           0           0           0           0           0           0           0           0           0           0           0           0           0           0           0           0           0           0           0
           0           0           0           0           0           0           0           0           0           0]
[    0.74908     0.66963     0.50147     0.75351           0           0           0           0           0]
[    0.61242           0           0           0           0           0           0           0           0           0           0           0           0           0           0           0           0           0           0           0           0           0           0           0           0]
[    0.90093     0.94295     0.97934           0           0           0           0           0           0           0           0           0           0           0]
[    0.63848      0.6184     0.90611      0.7871     0.73497     0.65356           0           0           0     0.63314           0           0           0     0.73647           0           0           0           0           0           0           0           0]
[    0.49776     0.56508     0.44871     0.31808     0.53432           0           0           0           0     0.51817           0           0           0           0           0           0           0           0           0           0]
[    0.81707     0.59229           0           0           0           0           0           0           0           0           0           0           0           0           0           0           0           0           0           0           0]
[    0.57017           0           0           0           0           0           0           0           0           0           0           0           0]
[    0.71794     0.78396     0.72207           0           0           0]
[      0.541     0.67779           0           0           0           0           0           0           0           0           0           0]
[    0.64448     0.62627      0.6537           0           0           0           0]
[    0.82592     0.77593     0.73315     0.65879           0           0           0           0           0           0           0           0           0           0           0           0           0           0           0           0           0]
[    0.21553    0.040548           0           0           0           0     0.37472           0           0           0           0           0           0           0]
