[    0.48824     0.46856     0.59322           0     0.81656       0.417           0      0.6085     0.41168           0     0.29592     0.46564     0.45735           0           0           0           0           0           0           0     0.41496]
[    0.60201     0.69504           0           0           0           0      0.6423    0.058774     0.75183           0]
[     0.7319     0.72644      0.6753     0.59982           0     0.54297     0.85958     0.54355           0     0.33252     0.66516     0.66002           0     0.69266     0.86359     0.28565     0.64619     0.48535     0.10115     0.65903     0.45749           0     0.59675     0.58502     0.72965     0.47378
     0.20376     0.21619    0.093702     0.67419     0.59706     0.74913     0.38709     0.55954     0.70459           0    0.067822]
[    0.74064     0.44371           0           0           0           0           0           0           0           0    0.072989           0           0     0.56592           0           0           0           0     0.68559           0      0.5492           0           0           0           0]
[    0.68603     0.70972           0    0.052297           0           0           0           0           0           0     0.70716           0           0           0           0     0.63965           0           0           0           0           0]
[    0.50323     0.56763     0.72682     0.45697       0.636           0           0           0     0.80961           0           0           0           0           0           0           0           0     0.86316           0     0.31482           0           0]
[    0.80069           0           0           0     0.53851           0           0           0           0     0.58881           0           0           0           0           0           0           0           0           0           0           0           0           0           0           0           0
           0]
[     0.5482     0.42045     0.52621     0.27789     0.58815     0.40675     0.65019           0     0.22954           0           0     0.12908           0     0.65622     0.63913           0       0.325     0.62488]
[    0.86423     0.70325           0           0           0           0           0     0.85489           0           0           0           0]
[    0.79277     0.64062           0     0.74856     0.63172           0           0           0           0     0.41204           0           0           0     0.28229           0]
[    0.55673           0           0           0     0.46775           0           0     0.57214           0           0           0           0           0           0     0.50091    0.017895           0     0.61077]
[    0.39227     0.57569     0.48217     0.70752     0.41018           0     0.47512           0     0.66047     0.55855     0.41909           0           0     0.57002           0     0.38251           0           0           0     0.64623           0           0           0           0           0]
[    0.72607     0.88164     0.79363      0.6911     0.55638     0.32678           0     0.63112    0.063403     0.68889           0     0.63491           0           0           0           0    0.085075    0.090291     0.54241    0.076674           0    0.074592           0           0]
[    0.38141     0.57927     0.38355     0.32795     0.40596     0.64163           0           0           0           0     0.43593           0     0.48421    0.028933           0     0.71904           0     0.20342           0           0     0.52569           0]
[     0.3746     0.41801     0.51383     0.37403           0           0     0.43983     0.41231           0           0           0           0           0           0           0           0           0           0           0           0           0           0           0           0           0           0
           0           0           0           0           0           0           0           0           0     0.45083           0           0           0           0           0           0           0           0           0           0]
[    0.86931     0.78036     0.57703       0.597           0           0     0.50034           0     0.13159     0.33941           0     0.58284           0     0.55553     0.30041           0     0.73707           0           0     0.16753]
[    0.34409     0.42216     0.75347     0.37723     0.40781     0.41368           0    0.096562    0.078353           0     0.26096     0.84623           0           0           0           0           0           0           0           0     0.63792           0           0           0           0           0
           0           0     0.29088     0.43536    0.076482]
[    0.79435     0.77411     0.75094     0.74743     0.58566     0.58029     0.13804           0     0.10799           0    0.056464           0     0.81313           0]
[    0.70812     0.66751     0.90607     0.82703     0.90279      0.5881     0.40367       0.643     0.61108      0.3501     0.38002           0     0.19941           0     0.40925     0.64974     0.52538     0.19298           0     0.41513     0.60105     0.70201      0.5383           0      0.5914     0.74948
     0.35712     0.60067     0.41453     0.68674           0           0           0       0.813           0           0           0           0]
[    0.89012           0           0           0           0     0.83141     0.11143           0    0.058376           0           0           0     0.13979           0           0           0           0           0           0     0.31897     0.11712           0]
[     0.5966           0     0.72273           0           0           0           0           0           0           0           0]
[    0.75661     0.71113     0.73505           0           0]
[    0.65905     0.37137     0.39931     0.20059     0.10284     0.40132     0.19615           0     0.29637     0.11669     0.54916     0.33868     0.58798           0           0    0.026517           0           0      0.3389           0           0           0     0.41542           0     0.35157     0.24346
     0.23026           0     0.17357       0.167     0.29304     0.30924]
[    0.84728           0     0.76003           0           0           0           0           0           0           0           0           0           0]
[    0.77481     0.78917     0.70525           0           0           0           0           0           0     0.10118           0           0           0           0           0           0           0           0           0           0           0           0]
[    0.89111           0           0           0           0           0]
[    0.81076     0.87568     0.83411     0.71861     0.49433      0.7707       0.636           0     0.54472     0.83613           0     0.42853    0.093757           0           0      0.2455           0]
[    0.69619           0           0      0.7931           0           0           0           0           0           0           0           0           0           0           0           0           0           0           0           0           0           0]
[    0.56585     0.70565     0.66105     0.45782           0           0           0           0           0           0     0.58398           0           0     0.82129           0           0           0           0]
[    0.83038     0.74654     0.83172           0     0.71651           0     0.68347           0           0     0.59944           0           0           0           0           0           0           0]
[    0.67359    0.058891           0           0    0.064024     0.60894           0    0.096713     0.55561           0           0           0           0           0           0           0     0.13769           0]
[    0.87264           0           0           0           0           0           0]
[    0.68473     0.46831     0.57949           0     0.42281           0           0     0.49628     0.43984    0.014804     0.71062     0.36404     0.67517           0]
[    0.41473     0.73269     0.83575     0.22123     0.56315      0.6273           0     0.69514           0           0     0.76102           0     0.68776           0     0.41743    0.054026     0.61193     0.86045      0.2696     0.38037    0.075868     0.75206           0           0     0.15827           0
           0           0           0    0.042906    0.069055           0           0]
[    0.83556     0.74536           0           0           0           0           0           0           0           0      0.4657           0           0           0           0           0]
[    0.28651     0.62773           0           0           0           0     0.41974           0           0           0           0           0           0           0           0           0           0           0           0           0           0           0           0           0           0           0
           0           0           0]
[    0.85484     0.79624     0.83406           0           0           0           0           0           0     0.77393    0.001363           0           0           0           0           0           0           0     0.70585           0           0]
[    0.48018     0.77888     0.40977     0.17098     0.19747     0.18977           0     0.51037      0.3596           0     0.50805     0.43253     0.50937           0     0.74275     0.14513    0.024955     0.60071    0.047795    0.053339           0     0.57704     0.10982     0.14288           0    0.050858
     0.34601       0.318     0.41748      0.3195    0.027578      0.4166           0           0     0.27535]
[    0.72224     0.83855     0.64734           0           0           0     0.72298           0           0           0           0           0     0.17459           0]
[    0.66888     0.55043     0.58928           0       0.605      0.4937           0           0           0           0]
[    0.74088     0.92281           0           0           0           0]
[    0.60216     0.71787     0.80029           0           0     0.69118           0           0     0.81351           0           0           0           0           0     0.80048           0]
[    0.76358      0.6287           0           0    0.076342           0]
[     0.8285     0.79169      0.8637     0.88871           0     0.05067           0           0           0           0     0.40717    0.062655           0           0     0.63009     0.76241    0.082449     0.12482           0     0.76385     0.53456           0     0.55052           0           0     0.76878
           0           0]
[    0.83235     0.84882     0.90619      0.7828       0.858     0.83734           0     0.14454           0     0.84196           0     0.28894     0.76816           0     0.87342     0.10097           0           0           0      0.4553     0.91814           0]
[    0.61147     0.62123     0.75325     0.50373     0.60778     0.50465     0.60942     0.59605     0.54031           0     0.46396     0.44767           0     0.50852     0.40475     0.53749           0     0.71225           0     0.64144           0     0.38336]
[    0.59764     0.51575     0.71977     0.56303     0.16277     0.58694           0      0.2274      0.1436     0.11363     0.43616]
[    0.75775     0.33926     0.86754     0.43662     0.12391           0     0.15862     0.79855           0           0     0.43628     0.35901           0           0    0.030453     0.29483      0.4948           0     0.16296    0.081104           0]
[    0.58949     0.53484     0.44041     0.52736     0.47144     0.27456     0.61364           0           0    0.057746     0.11929     0.24093     0.21452    0.032041           0           0           0           0           0           0           0    0.047891           0           0     0.40882           0
    0.097118     0.19218     0.61433           0     0.65022     0.46044           0     0.47173    0.087922           0           0           0     0.35978    0.068797     0.54369    0.071313      0.1117           0     0.19762     0.17685           0           0           0           0]
[    0.72441     0.77657     0.66101     0.69227     0.58812           0           0     0.57883    0.044615    0.030542     0.62339     0.39272     0.11232]
[    0.77337      0.5375     0.40132     0.35003     0.47137           0           0           0           0           0           0           0           0           0           0           0]
[    0.86267     0.87625     0.92629           0           0           0           0           0     0.88891           0           0           0           0           0]
[    0.82363     0.60833     0.59802           0           0     0.22692           0           0     0.27449           0           0           0           0           0           0           0           0           0     0.11709           0           0]
[    0.65768     0.74783     0.59344     0.79828     0.63163    0.040149     0.02713     0.50588           0     0.55269           0           0           0     0.23828    0.045176           0           0    0.038164           0           0           0]
[    0.75458      0.9238     0.65545           0           0           0           0           0     0.44817           0           0           0           0           0           0           0           0]
[    0.50434     0.79877      0.8106     0.76289           0           0     0.44354           0           0     0.64536           0           0           0           0           0           0           0           0           0           0           0           0           0]
[    0.64778     0.56481           0           0           0           0           0           0           0           0           0           0     0.70745     0.51633     0.52044           0           0           0           0     0.55645           0]
[    0.74529     0.78997      0.6064      0.5738     0.50921     0.52893           0     0.57763      0.0482     0.63785     0.37233     0.63458           0           0           0     0.39164           0           0     0.43251           0]
[    0.64566     0.71872     0.80551      0.5554           0     0.44047     0.18651           0           0           0     0.66047     0.22881     0.80521      0.1506           0           0     0.57536           0           0]
[    0.77934     0.57008     0.82111     0.47534     0.71178           0     0.55219           0           0      0.6105           0           0     0.59291     0.59029]
[    0.85162     0.76585     0.77728     0.73809           0    0.035297     0.20545     0.68913     0.39085           0           0     0.55265]
[    0.62976     0.86245      0.8475           0           0           0           0           0           0           0     0.67675           0    0.080573           0           0           0     0.51634     0.77348    0.063802]
[    0.79152     0.70202     0.87569     0.83567           0    0.012592     0.63159    0.095516           0           0     0.40024     0.76243           0    0.075516     0.34891      0.6532     0.10408     0.21349           0           0           0     0.63934]
[    0.69657     0.74704           0     0.54727           0           0      0.4032           0           0           0           0           0           0           0           0   0.0029696    0.073413     0.13134           0           0     0.57647           0           0           0           0           0
           0           0]
[    0.67365     0.17827           0           0           0           0           0           0           0           0           0     0.18956]
[    0.77705           0           0           0           0           0           0    0.077991     0.54688     0.32902           0           0           0           0           0           0           0           0           0           0     0.07829]
[    0.79219      0.8312      0.8472           0     0.69217           0           0     0.77831           0     0.50103           0           0     0.80767           0]
[    0.74628     0.76895           0     0.79015           0     0.84807     0.51024     0.72155     0.21464     0.40357           0           0     0.76848     0.70209           0     0.23329           0           0     0.25957           0]
[    0.53912     0.53825     0.59115     0.50369           0     0.45658     0.38984     0.45961     0.44656     0.62042     0.47119           0           0     0.31885           0           0     0.26248           0]
[    0.83315     0.66904     0.72126           0     0.75494     0.60904           0           0           0           0           0           0           0           0           0           0]
[    0.72365     0.80348           0           0           0           0           0           0           0           0           0           0           0           0           0           0]
[    0.74122     0.44469     0.76835           0     0.76563           0           0           0     0.41315           0           0           0     0.79898           0]
[    0.67475     0.53808      0.7693     0.84008     0.61008     0.71047     0.58695     0.69656     0.54259     0.73148    0.055118     0.75633           0      0.5058           0           0     0.73031]
[    0.42186     0.92973     0.79249     0.74235      0.7887     0.78139     0.65838      0.7209     0.48767     0.74008           0           0           0           0     0.45491     0.89789      0.8498     0.43143     0.54884           0      0.8802           0           0           0           0     0.75269
           0     0.81615     0.78161           0]
[    0.74775           0           0           0           0           0           0           0           0           0           0           0           0           0           0           0           0           0           0           0           0           0           0           0           0           0
           0           0           0           0           0           0           0           0           0      0.7725           0           0           0           0           0]
[    0.81089     0.58562     0.65889           0           0     0.87983     0.48996           0           0           0           0     0.65969           0     0.39511           0]
[    0.42897     0.43811     0.48842      0.6454     0.24061    0.006758      0.1642     0.63711           0     0.17962           0           0           0     0.38968     0.10687     0.20448     0.38662           0     0.25876      0.4439]
[    0.89819     0.85335     0.60464      0.7651           0     0.68323           0           0     0.56865           0           0     0.59054           0           0     0.35376           0           0           0           0           0           0           0           0           0           0           0
     0.78153           0           0           0           0           0           0           0           0]
[    0.83873     0.71024      0.4936           0           0           0           0     0.45311    0.053815           0           0           0           0     0.56154           0     0.30157           0]
[    0.69718     0.82631     0.66595     0.83302     0.69116           0           0           0           0     0.41701     0.66624     0.86863           0           0           0           0     0.63703]
[    0.77661      0.7711     0.87697           0     0.79171           0           0           0     0.86258           0           0           0           0           0     0.76658     0.14784           0           0     0.63615           0           0           0     0.51901    0.097488           0     0.15124
    0.091412           0           0]
[    0.56654     0.55617           0     0.55594     0.55666     0.26027     0.37868     0.62786     0.65916     0.61852           0           0           0           0           0           0           0           0           0           0     0.64357           0           0           0           0           0
           0           0     0.24155           0]
[    0.89356      0.8444      0.8435     0.85461           0           0     0.75877           0           0           0           0           0           0           0           0           0           0           0           0           0           0           0           0]
[    0.89206     0.68788     0.72207       0.898           0           0           0           0     0.64029     0.68147           0           0           0           0           0     0.73762]
[    0.81893      0.6903           0     0.78765     0.70871           0     0.63742     0.59522           0           0           0           0     0.72211           0     0.60902           0]
[    0.78772     0.79563     0.75104      0.8201     0.97074      0.7632        0.54     0.79412      0.6386      0.7661           0     0.79528           0           0           0     0.24394           0      0.8673           0           0           0           0]
[    0.78428     0.64908     0.37831           0           0      0.6408           0           0           0           0           0           0           0]
[    0.57708     0.75952           0           0     0.66571     0.75905     0.15442           0           0    0.049782           0     0.53913     0.65592     0.38925           0           0]
[    0.49584   0.0096694           0           0           0           0     0.55304           0     0.45612           0           0     0.45323           0           0           0           0     0.64263           0]
[     0.7594     0.78444     0.54232     0.83879     0.95973           0     0.95493           0           0    0.065328           0           0           0    0.049252           0]
[    0.56323           0           0     0.72178           0           0           0           0           0           0           0     0.20845           0           0       0.143           0           0     0.37316     0.51339           0           0           0]
[    0.81893     0.59577     0.89006     0.69341     0.14456           0     0.52288     0.78394           0      0.3058     0.13087     0.81781           0           0     0.76273           0     0.79041           0]
[    0.82922     0.84012     0.43185     0.49684     0.76043     0.56599           0           0           0     0.73479     0.68114     0.10607    0.042668           0      0.3043           0     0.39786           0    0.008391]
[    0.68003     0.50669     0.51915     0.35295           0     0.59452     0.66867     0.10921     0.37213     0.24485           0     0.54989           0     0.33281           0     0.17843           0]
[    0.85534     0.87872     0.94667     0.80765     0.89385     0.65604     0.82976     0.66751      0.6358     0.81442     0.35877     0.48302     0.76743     0.60768     0.69946     0.25907     0.71399     0.68415     0.61586     0.76772      0.2626     0.80848      0.1427     0.86406     0.80641     0.14814
     0.79976     0.89189     0.56809     0.68026     0.17324]
[    0.86025     0.77664     0.87368           0           0           0]
[    0.79112           0           0           0           0           0           0           0           0           0]
[    0.70297     0.69196     0.51162     0.44626     0.77691     0.66432     0.67104     0.52137     0.67029     0.22961]
[    0.92744     0.69762     0.62201     0.73428           0           0           0]
[    0.78461     0.45013     0.71709     0.69534           0           0           0     0.37663           0           0           0           0           0     0.74956           0     0.10897     0.69778    0.043339           0           0           0           0           0]
