     0/299     7.81G      7.99      32.4         0      40.4        21       608         0         0    0.0146         0      6.49      1.59         0
     1/299     7.81G      6.06      3.29         0      9.35        25       608         0         0   0.00324         0      5.73      1.51         0
     2/299     7.81G      5.15      2.63         0      7.78         3       608         0         0    0.0534         0      5.33      1.16         0
     3/299     7.81G      4.61      1.98         0      6.59        14       608     0.171     0.204     0.111     0.186      5.17     0.712         0
     4/299     7.81G      5.62      1.22         0      6.84        19       608    0.0942    0.0708    0.0686    0.0808      5.19     0.773         0
     5/299     7.81G      4.49      1.25         0      5.75         1       608     0.118    0.0307     0.134    0.0487      4.56     0.695         0
     6/299     7.81G      4.38      1.09         0      5.47        16       608     0.577     0.315     0.387     0.407      4.41     0.592         0
     7/299     7.81G      4.26     0.974         0      5.24        22       608     0.375     0.327     0.305      0.35      4.61     0.529         0
     8/299     7.81G      4.33     0.945         0      5.28         4       608     0.506     0.363     0.416     0.423      3.79     0.553         0
     9/299     7.81G      4.25     0.902         0      5.16        24       608     0.903    0.0823     0.538     0.151      3.98     0.589         0
    10/299     7.81G      4.41     0.924         0      5.33        21       608     0.912    0.0916     0.602     0.167      4.21     0.542         0
    11/299     7.81G      4.11     0.818         0      4.93         4       608     0.772     0.329     0.572     0.462      4.12     0.475         0
    12/299     7.81G      3.97     0.869         0      4.84        21       608   0.00803     0.407    0.0082    0.0157      3.79      14.3         0
    13/299     7.81G      3.98     0.845         0      4.83        24       608    0.0115     0.239    0.0102    0.0219      4.11      3.43         0
    14/299     7.81G      3.85     0.835         0      4.69         5       608     0.647     0.159      0.48     0.256      3.94     0.581         0
    15/299     7.81G      3.34     0.787         0      4.13        10       608     0.177     0.257     0.112     0.209      5.77     0.484         0
    16/299     7.81G       4.8     0.992         0      5.79        16       608         0         0     0.215         0      4.55     0.915         0
    17/299     7.81G      3.51     0.848         0      4.36         4       608     0.587     0.277     0.517     0.376      4.23      0.42         0
    18/299     7.81G      4.14      0.75         0      4.89        20       608     0.679     0.224     0.487     0.337      4.08     0.444         0
    19/299     7.81G      3.59     0.873         0      4.46        19       608     0.895    0.0708     0.533     0.131      3.85      0.52         0
    20/299     7.81G      3.43     0.758         0      4.19        10       608      0.68     0.283     0.507       0.4      4.59     0.425         0
    21/299     7.81G      3.77     0.717         0      4.49        17       608     0.867     0.398     0.626     0.546       3.6     0.433         0
    22/299     7.81G      3.48     0.761         0      4.24        22       608     0.891      0.29     0.633     0.438      3.85     0.438         0
    23/299     7.81G      3.23     0.689         0      3.91         4       608     0.626     0.178     0.403     0.277      4.45      0.48         0
    24/299     7.81G      3.12     0.696         0      3.82        24       608      0.82     0.363     0.547     0.504      3.91      0.44         0
    25/299     7.81G      3.16     0.617         0      3.77        16       608     0.779     0.451     0.595     0.571      3.63     0.411         0
    26/299     7.81G       3.3     0.667         0      3.97         7       608     0.792     0.584     0.642     0.672         4     0.407         0
    27/299     7.81G      3.07     0.679         0      3.75        21       608     0.793     0.509     0.627      0.62      3.75     0.386         0
    28/299     7.81G      2.87     0.627         0       3.5        27       608     0.741     0.522     0.679     0.613      3.66       0.4         0
    29/299     7.81G       3.1     0.599         0       3.7         9       608     0.742     0.611     0.666      0.67      3.63      0.41         0
    30/299     7.81G      2.86     0.628         0      3.49        15       608     0.734     0.575       0.6     0.645       3.5     0.424         0
    31/299     7.81G      2.76     0.591         0      3.35        17       608      0.67     0.666     0.678     0.668      3.59     0.372         0
    32/299     7.81G      2.89     0.532         0      3.42         6       608     0.854     0.681     0.811     0.758      3.25      0.36         0
    33/299     7.81G      2.54     0.531         0      3.07        19       608     0.702     0.752     0.753     0.726      3.33     0.365         0
    34/299     7.81G      2.77     0.655         0      3.42        21       608     0.831     0.593     0.726     0.692       3.3     0.422         0
    35/299     7.81G      2.63     0.564         0       3.2         4       608     0.784     0.646     0.739     0.708      3.28       0.4         0
    36/299     7.81G      2.39     0.557         0      2.95        16       608     0.837     0.752     0.824     0.792      3.19      0.38         0
    37/299     7.81G      2.62     0.568         0      3.19        21       608     0.869     0.708     0.827      0.78      2.92     0.393         0
    38/299     7.81G      2.45     0.569         0      3.02         9       608     0.857     0.673     0.824     0.754      3.15     0.396         0
    39/299     7.81G      2.41     0.523         0      2.93        21       608     0.794     0.681     0.769     0.733      3.03     0.371         0
    40/299     7.81G      2.63     0.519         0      3.15        25       608     0.897     0.708      0.82     0.791      3.13       0.4         0
    41/299     7.81G      2.34     0.544         0      2.89         6       608     0.846     0.776     0.811      0.81      3.25     0.368         0
    42/299     7.81G      2.38     0.499         0      2.88        16       608      0.82     0.685     0.742     0.747      3.19     0.381         0
    43/299     7.81G       2.5     0.515         0      3.01        14       608       0.8     0.638     0.736      0.71      3.34     0.387         0
    44/299     7.81G      2.29     0.539         0      2.83        11       608     0.779      0.69     0.765     0.732      3.36       0.4         0
    45/299     7.81G      2.17     0.532         0      2.71        16       608     0.893     0.673     0.813     0.767      3.07       0.4         0
    46/299     7.81G      2.28     0.509         0      2.79        21       608     0.867     0.633     0.787     0.732      2.98     0.398         0
    47/299     7.81G      2.16     0.493         0      2.66         6       608     0.864     0.602     0.761     0.709      3.31     0.443         0
    48/299     7.81G      2.36     0.476         0      2.83        13       608     0.855     0.574     0.711     0.687       3.6     0.471         0
    49/299     7.81G      2.28     0.538         0      2.81        29       608     0.818     0.628     0.756     0.711      3.19     0.415         0
    50/299     7.81G      2.23     0.483         0      2.71         8       608     0.764     0.673     0.718     0.715       3.5     0.384         0
    51/299     7.81G      2.21     0.511         0      2.72        29       608     0.859     0.655     0.775     0.743      3.15     0.397         0
    52/299     7.81G      2.08     0.473         0      2.55        21       608     0.861     0.712     0.803      0.78       3.1     0.381         0
    53/299     7.81G      2.08     0.533         0      2.61         6       608     0.761     0.743     0.812     0.752      2.86     0.366         0
    54/299     7.81G      2.03     0.515         0      2.54        27       608     0.824      0.77     0.838     0.796      2.82     0.356         0
    55/299     7.81G      2.03     0.498         0      2.52        31       608     0.871     0.752     0.824     0.807      2.87     0.369         0
    56/299     7.81G      2.04     0.448         0      2.49         9       608     0.824     0.747     0.827     0.783      2.95     0.354         0
    57/299     7.81G      2.24     0.465         0      2.71        21       608     0.887     0.796     0.853     0.839      2.93     0.347         0
    58/299     7.81G      2.03     0.472         0       2.5        30       608     0.874     0.761     0.845     0.814       2.9     0.355         0
    59/299     7.81G      1.94     0.441         0      2.38         4       608       0.9     0.795     0.863     0.844      3.02     0.343         0
    60/299     7.81G      1.89     0.435         0      2.33        18       608     0.873     0.761     0.833     0.813      2.89     0.358         0
    61/299     7.81G      2.07     0.471         0      2.54        24       608     0.861      0.77     0.843     0.813      3.03     0.358         0
    62/299     7.81G       1.9     0.464         0      2.36         6       608      0.81     0.793     0.813     0.802      2.93     0.376         0
    63/299     7.81G      2.01     0.451         0      2.46        24       608     0.844     0.717     0.829     0.775      3.05     0.365         0
    64/299     7.81G      1.93     0.412         0      2.34        21       608     0.769     0.743     0.788     0.756      2.97     0.355         0
    65/299     7.81G      1.89     0.394         0      2.28         7       608     0.797     0.779     0.823     0.788      2.83     0.353         0
    66/299     7.81G      1.87     0.417         0      2.29        17       608     0.821     0.796     0.817     0.809       2.8     0.339         0
    67/299     7.81G      1.93     0.443         0      2.38        21       608     0.823     0.805     0.823     0.814      2.67      0.34         0
    68/299     7.81G      1.95     0.429         0      2.38        11       608     0.785     0.814     0.836     0.799       2.9     0.336         0
    69/299     7.81G      1.92     0.451         0      2.37        18       608     0.849     0.798     0.851     0.823      2.91     0.351         0
    70/299     7.81G      1.94     0.445         0      2.39        25       608      0.82      0.77     0.832     0.794      2.94     0.361         0
    71/299     7.81G      1.96     0.444         0       2.4         6       608     0.886     0.758     0.853     0.817      3.03     0.379         0
    72/299     7.81G      1.79     0.477         0      2.26        18       608     0.896     0.735     0.836     0.807      2.91     0.386         0
    73/299     7.81G      1.77     0.399         0      2.17        20       608     0.834     0.708     0.834     0.766      2.79     0.378         0
    74/299     7.81G       1.8     0.422         0      2.22         5       608     0.892     0.728     0.826     0.802      2.81     0.379         0
    75/299     7.81G      1.81     0.423         0      2.24        13       608     0.902      0.73     0.835     0.807      2.81     0.369         0
    76/299     7.81G      1.75     0.405         0      2.15        26       608     0.902     0.717     0.806     0.799      2.79     0.369         0
    77/299     7.81G      1.74     0.393         0      2.13         4       608     0.903     0.717     0.826     0.799      2.87     0.372         0
    78/299     7.81G      1.81     0.402         0      2.21        22       608     0.867     0.691     0.817     0.769      2.92     0.371         0
    79/299     7.81G       1.6     0.414         0      2.01        30       608     0.887     0.764     0.851     0.821      2.81      0.37         0
    80/299     7.81G      1.89     0.374         0      2.26         5       608     0.901     0.725     0.833     0.804         3     0.382         0
    81/299     7.81G      1.76     0.391         0      2.15        25       608     0.934      0.77     0.839     0.844      2.93     0.367         0
    82/299     7.81G      1.55     0.401         0      1.95        17       608     0.928      0.77     0.845     0.842      2.87     0.367         0
    83/299     7.81G      1.67     0.385         0      2.06         8       608     0.925     0.767     0.842     0.839      2.91     0.374         0
    84/299     7.81G      1.74     0.374         0      2.12        28       608     0.918     0.752     0.826     0.827      2.94     0.366         0
    85/299     7.81G      1.68      0.38         0      2.06        19       608     0.912     0.738     0.813     0.816      2.83     0.364         0
    86/299     7.81G      1.62     0.376         0         2         6       608     0.895     0.755     0.828     0.819      2.84     0.365         0
    87/299     7.81G      1.66     0.378         0      2.04        25       608     0.891     0.805     0.848     0.846         3     0.349         0
    88/299     7.81G       1.7     0.373         0      2.07        19       608     0.875     0.808     0.842     0.841      2.93     0.351         0
    89/299     7.81G      1.66     0.373         0      2.04         4       608     0.884     0.779     0.853     0.828      2.77     0.342         0
    90/299     7.81G      1.71     0.383         0      2.09        26       608     0.866     0.779     0.831      0.82      2.96     0.336         0
    91/299     7.81G      1.71     0.383         0      2.09        18       608     0.872     0.761     0.834     0.813      2.86     0.341         0
    92/299     7.81G      1.81     0.382         0      2.19         4       608     0.895     0.726     0.838     0.801      2.89     0.366         0
    93/299     7.81G      1.73     0.398         0      2.13        17       608     0.918     0.717     0.815     0.805      2.88     0.365         0
    94/299     7.81G      1.56     0.361         0      1.92        13       608     0.904     0.752     0.789     0.821         3     0.355         0
    95/299     7.81G       1.6     0.347         0      1.95         3       608     0.901     0.726     0.802     0.804       2.8     0.359         0
    96/299     7.81G      1.44      0.39         0      1.83        24       608     0.877     0.796     0.838     0.835      2.75     0.344         0
    97/299     7.81G      1.49     0.355         0      1.84        23       608     0.897     0.772     0.824      0.83      2.75      0.36         0
    98/299     7.81G      1.53     0.372         0       1.9         6       608       0.9     0.713     0.803     0.796       2.9      0.37         0
    99/299     7.81G      1.61     0.354         0      1.97        15       608     0.881     0.721     0.827     0.793      2.78     0.357         0
   100/299     7.81G      1.52      0.36         0      1.88        21       608     0.904      0.77     0.843     0.832       2.7     0.342         0
   101/299     7.81G      1.51     0.352         0      1.86         5       608     0.867     0.779     0.835     0.821      2.72     0.349         0
   102/299     7.81G      1.43     0.363         0      1.79        19       608     0.877      0.77     0.826      0.82      2.72      0.36         0
   103/299     7.81G      1.52     0.359         0      1.88        21       608     0.852     0.764     0.804     0.806      2.68     0.368         0
   104/299     7.81G      1.47     0.332         0       1.8         8       608     0.872     0.785      0.81     0.826      2.77     0.344         0
   105/299     7.81G      1.43     0.345         0      1.77        15       608     0.902     0.796     0.837     0.846      2.74     0.335         0
   106/299     7.81G       1.6      0.32         0      1.92        19       608       0.9     0.796     0.834     0.845      2.78     0.335         0
   107/299     7.81G      1.54     0.359         0       1.9         7       608     0.879     0.761     0.822     0.816      2.77     0.346         0
   108/299     7.81G      1.47     0.362         0      1.83        22       608     0.883     0.743     0.826     0.807      2.89     0.351         0
   109/299     7.81G      1.45     0.322         0      1.78        19       608     0.902     0.743     0.843     0.815      2.92     0.358         0
   110/299     7.81G      1.48     0.372         0      1.85        11       608     0.896      0.77     0.826     0.828      2.94     0.379         0
   111/299     7.81G      1.36     0.319         0      1.68        14       608     0.899     0.785     0.822     0.838       2.9     0.371         0
   112/299     7.81G      1.39     0.321         0      1.71        10       608     0.906     0.814     0.839     0.858      2.84     0.354         0
   113/299     7.81G       1.4     0.312         0      1.72         6       608     0.886      0.77     0.825     0.824      2.87     0.348         0
   114/299     7.81G      1.37     0.309         0      1.68        17       608     0.898     0.775     0.811     0.832      2.82     0.357         0
   115/299     7.81G      1.36     0.301         0      1.67        10       608     0.887     0.767     0.813     0.823      2.84     0.359         0
   116/299     7.81G      1.33     0.322         0      1.65         3       608     0.879     0.788     0.838     0.831      2.76     0.349         0
   117/299     7.81G      1.36      0.33         0      1.69        21       608     0.897     0.768     0.824     0.828      2.82     0.351         0
   118/299     7.81G       1.4     0.302         0       1.7        21       608     0.908     0.785     0.821     0.842      2.78     0.358         0
   119/299     7.81G      1.32     0.314         0      1.63         5       608     0.894     0.747     0.816     0.814      2.81     0.362         0
   120/299     7.81G      1.29     0.328         0      1.62        16       608     0.894     0.743     0.816     0.811      2.73     0.356         0
   121/299     7.81G      1.36     0.312         0      1.67        20       608     0.916     0.752     0.828     0.826      2.75     0.362         0
   122/299     7.81G      1.46     0.322         0      1.78         5       608     0.901     0.724      0.82     0.803      2.69     0.371         0
   123/299     7.81G      1.31     0.303         0      1.62        18       608     0.895     0.756     0.846      0.82      2.75     0.366         0
   124/299     7.81G      1.38      0.33         0      1.71        17       608     0.883     0.735      0.82     0.802      2.67      0.36         0
   125/299     7.81G      1.34     0.311         0      1.65        11       608     0.866     0.745       0.8     0.801      2.84     0.354         0
   126/299     7.81G      1.42     0.307         0      1.73        17       608     0.846     0.728     0.782     0.782      2.67     0.367         0
   127/299     7.81G      1.31     0.321         0      1.63        24       608     0.882     0.743     0.839     0.807      2.66      0.37         0
   128/299     7.81G      1.32     0.311         0      1.64         3       608     0.905     0.756     0.839     0.824       2.8     0.364         0
   129/299     7.81G      1.24     0.312         0      1.55        24       608     0.901     0.788     0.831      0.84      2.63     0.353         0
   130/299     7.81G      1.26     0.308         0      1.57        18       608       0.9     0.795     0.863     0.844      2.68     0.347         0
   131/299     7.81G      1.29     0.276         0      1.56        11       608      0.88     0.777     0.843     0.825      2.63     0.345         0
   132/299     7.81G      1.27     0.319         0      1.59        20       608     0.896     0.761     0.843     0.823      2.71     0.351         0
   133/299     7.81G      1.24     0.322         0      1.57        19       608     0.884     0.744      0.82     0.808      2.67     0.352         0
   134/299     7.81G      1.34     0.298         0      1.64         4       608     0.875     0.744     0.824     0.804      2.72     0.357         0
   135/299     7.81G      1.21     0.321         0      1.53        17       608     0.876     0.752     0.818     0.809      2.65     0.358         0
   136/299     7.81G       1.1     0.275         0      1.38        18       608     0.865     0.737     0.833     0.796      2.62     0.358         0
   137/299     7.81G      1.17     0.288         0      1.46         5       608      0.88     0.708     0.843     0.784       2.7     0.367         0
   138/299     7.81G      1.25     0.295         0      1.55        20       608     0.909     0.703      0.82     0.793      2.71     0.372         0
   139/299     7.81G      1.26     0.284         0      1.54        23       608     0.932     0.708     0.828     0.805      2.75     0.379         0
   140/299     7.81G      1.15     0.267         0      1.42         4       608     0.922     0.731     0.823     0.816      2.62     0.393         0
   141/299     7.81G      1.14     0.307         0      1.45        32       608     0.909     0.735     0.852     0.813      2.63     0.398         0
   142/299     7.81G      1.13     0.262         0      1.39        20       608     0.922     0.752     0.847     0.828      2.69     0.402         0
   143/299     7.81G      1.17     0.254         0      1.43         7       608     0.902     0.735     0.838      0.81      2.65     0.398         0
   144/299     7.81G      1.25     0.295         0      1.55        12       608     0.932      0.61      0.73     0.737      3.16     0.497         0
   145/299     7.81G      1.22     0.327         0      1.55        17       608     0.929     0.582     0.727     0.716      3.13     0.471         0
   146/299     7.81G      1.23     0.302         0      1.53         6       608     0.867     0.726      0.81      0.79      2.81     0.395         0
   147/299     7.81G      1.18     0.294         0      1.48        20       608     0.836     0.779     0.817     0.807      2.63     0.389         0
   148/299     7.81G      1.11     0.257         0      1.37        24       608     0.757     0.805      0.82      0.78      2.64     0.396         0
   149/299     7.81G      1.16     0.264         0      1.43         6       608     0.757      0.77     0.817     0.763      2.64     0.391         0
   150/299     7.81G      1.18      0.29         0      1.47        20       608     0.814     0.779      0.83     0.796      2.67     0.387         0
   151/299     7.81G       1.1      0.28         0      1.38        18       608     0.835     0.752     0.819     0.791      2.62     0.371         0
   152/299     7.81G      1.05     0.279         0      1.33         5       608     0.846     0.814     0.823      0.83      2.66     0.355         0
   153/299     7.81G      1.17      0.28         0      1.45        22       608     0.856     0.787     0.816      0.82      2.68     0.347         0
   154/299     7.81G      1.22     0.267         0      1.49        23       608     0.882     0.779     0.831     0.827      2.77     0.351         0
   155/299     7.81G      1.04     0.265         0       1.3         1       608     0.857     0.735     0.817     0.791      2.71     0.353         0
   156/299     7.81G      1.15     0.248         0       1.4        18       608     0.829     0.761     0.829     0.794      2.74     0.359         0
   157/299     7.81G      1.14     0.267         0      1.41        17       608     0.842     0.761     0.821       0.8      2.68      0.36         0
   158/299     7.81G      1.12     0.284         0      1.41         5       608      0.88     0.779     0.835     0.826      2.66     0.354         0
   159/299     7.81G     0.982     0.252         0      1.23        22       608     0.875     0.814     0.834     0.844      2.65     0.346         0
   160/299     7.81G      1.07     0.253         0      1.32        26       608     0.888     0.846     0.869     0.867      2.62     0.346         0
   161/299     7.81G      1.09     0.244         0      1.34         5       608     0.904     0.833     0.868     0.867      2.59     0.353         0
   162/299     7.81G      1.01     0.236         0      1.25        30       608      0.93     0.823     0.856     0.873      2.62     0.366         0
   163/299     7.81G     0.994     0.235         0      1.23        28       608     0.912     0.832     0.854      0.87      2.64     0.373         0
   164/299     7.81G      1.04     0.249         0      1.29         5       608     0.908     0.788     0.861     0.844       2.6     0.377         0
   165/299     7.81G      1.03     0.239         0      1.27        17       608     0.902     0.788     0.851     0.841       2.6     0.379         0
   166/299     7.81G      1.05     0.246         0      1.29        17       608     0.898     0.778     0.827     0.834      2.59     0.379         0
   167/299     7.81G      1.07     0.258         0      1.33         6       608     0.886     0.761      0.83     0.819      2.53     0.378         0
   168/299     7.81G      1.04     0.255         0       1.3        16       608     0.865     0.779     0.822     0.819      2.54     0.379         0
   169/299     7.81G     0.963     0.247         0      1.21        20       608     0.867     0.779     0.832      0.82      2.52     0.371         0
   170/299     7.81G      1.03     0.262         0       1.3         7       608     0.885     0.779     0.848     0.828      2.58     0.368         0
   171/299     7.81G      1.04     0.252         0      1.29        17       608     0.889      0.78     0.843     0.831      2.53     0.367         0
   172/299     7.81G     0.943     0.275         0      1.22        19       608     0.898     0.779     0.863     0.834      2.53     0.365         0
   173/299     7.81G     0.943     0.256         0       1.2         8       608      0.89     0.785     0.856     0.834      2.54     0.362         0
   174/299     7.81G     0.937     0.234         0      1.17        16       608      0.89     0.787     0.845     0.836      2.58     0.369         0
   175/299     7.81G     0.926     0.243         0      1.17        18       608     0.895     0.779     0.837     0.833      2.58     0.369         0
   176/299     7.81G     0.939     0.238         0      1.18         6       608     0.892     0.796     0.839     0.841      2.52     0.364         0
   177/299     7.81G     0.931      0.26         0      1.19        15       608     0.893     0.812     0.849      0.85      2.54     0.361         0
   178/299     7.81G     0.971     0.249         0      1.22        26       608     0.854     0.779     0.826     0.815      2.57     0.372         0
   179/299     7.81G     0.902      0.23         0      1.13         4       608     0.875     0.807     0.845      0.84      2.54     0.373         0
   180/299     7.81G     0.868     0.235         0       1.1        17       608      0.89     0.784     0.846     0.834      2.57      0.38         0
   181/299     7.81G     0.944     0.253         0       1.2        23       608     0.882      0.77      0.85     0.822      2.58     0.388         0
   182/299     7.81G     0.961     0.219         0      1.18         3       608     0.901     0.805      0.85      0.85      2.61     0.391         0
   183/299     7.81G     0.897     0.211         0      1.11        18       608     0.883     0.802     0.846     0.841      2.64     0.395         0
   184/299     7.81G     0.844     0.191         0      1.04        14       608     0.874     0.796     0.838     0.834      2.69     0.395         0
   185/299     7.81G      0.86     0.232         0      1.09         7       608     0.883     0.805     0.838     0.842      2.68       0.4         0
   186/299     7.81G     0.889     0.213         0       1.1        22       608     0.889     0.778     0.837      0.83      2.66       0.4         0
   187/299     7.81G     0.864     0.238         0       1.1        18       608     0.888     0.768     0.837     0.824      2.68     0.397         0
   188/299     7.81G     0.913     0.218         0      1.13         4       608     0.897     0.774     0.838     0.831      2.66     0.393         0
   189/299     7.81G     0.818     0.205         0      1.02        22       608     0.904      0.75      0.84      0.82      2.67     0.397         0
   190/299     7.81G     0.881     0.227         0      1.11        20       608     0.895     0.753     0.848     0.818      2.66     0.402         0
   191/299     7.81G     0.872     0.245         0      1.12        11       608     0.895     0.755     0.854     0.819      2.63     0.406         0
   192/299     7.81G     0.838     0.219         0      1.06        23       608      0.88      0.78     0.847     0.827      2.66     0.403         0
   193/299     7.81G     0.831       0.2         0      1.03        18       608     0.874     0.788     0.837     0.829       2.6     0.402         0
   194/299     7.81G     0.776     0.197         0     0.973         6       608      0.88     0.796     0.843     0.836       2.6     0.401         0
   195/299     7.81G     0.831     0.217         0      1.05        19       608     0.889     0.814     0.853      0.85      2.61     0.405         0
   196/299     7.81G      0.88     0.236         0      1.12        15       608     0.882     0.792     0.851     0.835      2.61     0.406         0
   197/299     7.81G      0.84     0.204         0      1.04         8       608     0.899     0.805     0.869     0.849      2.57     0.404         0
   198/299     7.81G     0.782     0.215         0     0.997        27       608       0.9     0.796     0.874     0.845      2.57     0.407         0
   199/299     7.81G     0.794      0.23         0      1.02        22       608     0.909     0.796     0.875     0.849      2.59     0.405         0
   200/299     7.81G     0.812     0.188         0         1         4       608     0.917     0.796     0.877     0.852      2.61     0.403         0
   201/299     7.81G     0.841     0.249         0      1.09        23       608     0.912     0.788     0.876     0.845      2.57     0.406         0
   202/299     7.81G     0.801     0.207         0      1.01        19       608     0.904     0.796     0.876     0.847      2.54     0.411         0
   203/299     7.81G     0.832     0.195         0      1.03         6       608     0.899     0.792     0.865     0.842      2.53      0.41         0
   204/299     7.81G     0.704     0.202         0     0.907        17       608     0.894     0.796     0.867     0.842      2.52     0.412         0
   205/299     7.81G     0.727     0.204         0      0.93        22       608       0.9     0.799     0.855     0.847      2.56     0.413         0
   206/299     7.81G     0.743      0.21         0     0.952         5       608     0.891     0.805     0.863     0.846      2.54     0.411         0
   207/299     7.81G     0.745     0.197         0     0.942        18       608      0.89     0.814     0.863     0.851      2.61     0.409         0
   208/299     7.81G     0.782     0.199         0     0.982        25       608     0.901     0.805     0.864      0.85      2.63       0.4         0
   209/299     7.81G     0.755     0.207         0     0.962         5       608      0.91     0.814     0.863     0.859      2.66     0.398         0
   210/299     7.81G      0.72     0.199         0     0.919        19       608     0.903     0.805     0.873     0.852      2.67     0.393         0
   211/299     7.81G     0.739     0.211         0     0.949        15       608       0.9     0.801      0.87     0.848      2.62     0.394         0
   212/299     7.81G     0.719     0.218         0     0.937         6       608      0.89     0.792     0.851     0.838      2.62     0.401         0
   213/299     7.81G     0.692     0.184         0     0.876        11       608     0.892     0.801     0.851     0.844      2.59     0.404         0
   214/299     7.81G     0.675     0.187         0     0.861        18       608     0.891     0.805      0.85     0.846      2.59     0.409         0
   215/299     7.81G     0.689     0.191         0      0.88        10       608       0.9     0.796      0.85     0.845      2.57     0.412         0
   216/299     7.81G     0.711     0.208         0     0.919        16       608       0.9     0.798     0.844     0.846      2.58     0.416         0
   217/299     7.81G     0.698      0.18         0     0.878        26       608     0.895     0.796     0.851     0.843      2.58     0.415         0
   218/299     7.81G     0.686      0.19         0     0.876         1       608     0.886     0.796     0.854     0.839      2.54     0.414         0
   219/299     7.81G      0.68      0.19         0      0.87        17       608     0.875     0.806     0.867     0.839      2.56     0.413         0
   220/299     7.81G     0.675     0.163         0     0.838        17       608     0.881      0.79     0.859     0.833      2.55     0.414         0
   221/299     7.81G     0.686      0.19         0     0.876         8       608     0.883     0.803     0.853     0.841      2.58     0.416         0
   222/299     7.81G     0.694     0.189         0     0.883        17       608     0.878     0.796     0.863     0.835      2.56     0.415         0
   223/299     7.81G     0.708     0.166         0     0.875        20       608     0.877     0.796     0.863     0.835      2.58     0.407         0
   224/299     7.81G     0.685     0.178         0     0.862         4       608     0.875     0.788     0.852     0.829       2.6     0.403         0
   225/299     7.81G     0.666     0.186         0     0.851        34       608     0.886     0.796     0.863     0.839       2.6     0.404         0
   226/299     7.81G     0.684     0.196         0     0.881        19       608     0.891     0.805     0.855     0.846      2.59     0.407         0
   227/299     7.81G     0.649     0.187         0     0.836         7       608     0.902     0.811     0.872     0.854      2.57     0.411         0
   228/299     7.81G     0.649     0.198         0     0.847        21       608     0.895     0.805     0.865     0.848      2.56     0.411         0
   229/299     7.81G     0.635     0.169         0     0.804        17       608     0.893     0.805     0.867     0.847      2.57     0.411         0
   230/299     7.81G     0.628     0.166         0     0.793         3       608     0.893     0.805     0.868     0.847      2.58     0.414         0
   231/299     7.81G       0.7     0.186         0     0.886        23       608     0.893     0.805     0.866     0.847      2.56     0.417         0
   232/299     7.81G     0.672     0.186         0     0.858        22       608     0.903     0.805     0.862     0.851      2.57     0.419         0
   233/299     7.81G     0.703     0.203         0     0.906         4       608     0.907     0.796     0.859     0.848      2.56      0.42         0
   234/299     7.81G     0.686     0.164         0      0.85        21       608     0.903     0.796     0.861     0.847      2.57     0.419         0
   235/299     7.81G     0.607     0.169         0     0.777        24       608     0.911     0.796     0.863      0.85      2.55     0.415         0
   236/299     7.81G      0.62     0.169         0     0.789         9       608     0.919     0.805     0.867     0.858      2.57     0.414         0
   237/299     7.81G     0.603     0.164         0     0.767        30       608      0.92     0.814     0.866     0.864      2.58     0.415         0
   238/299     7.81G      0.64     0.187         0     0.826        21       608     0.916     0.814     0.864     0.862      2.57     0.416         0
   239/299     7.81G     0.652     0.186         0     0.838         4       608      0.91     0.809     0.861     0.857      2.57     0.418         0
   240/299     7.81G     0.626     0.179         0     0.805        36       608     0.891     0.798     0.851     0.842      2.56     0.417         0
   241/299     7.81G     0.586     0.164         0     0.749        14       608     0.892       0.8     0.851     0.843      2.55     0.416         0
   242/299     7.81G      0.63     0.176         0     0.806         5       608     0.882     0.796     0.853     0.837      2.55     0.416         0
   243/299     7.81G     0.624     0.171         0     0.795        24       608     0.883     0.802     0.855     0.841      2.56     0.418         0
   244/299     7.81G     0.635     0.168         0     0.803        24       608      0.88     0.796     0.858     0.836      2.55     0.417         0
   245/299     7.81G      0.58     0.173         0     0.754         3       608     0.882     0.796     0.852     0.837      2.57     0.418         0
   246/299     7.81G     0.615     0.177         0     0.792        21       608     0.886     0.796     0.851     0.839      2.61     0.423         0
   247/299     7.81G     0.605     0.161         0     0.766        21       608     0.882     0.792     0.852     0.835      2.59     0.424         0
   248/299     7.81G     0.611     0.177         0     0.788        11       608      0.89     0.785     0.853     0.834      2.58     0.421         0
   249/299     7.81G     0.582     0.164         0     0.746        19       608     0.893     0.788     0.846     0.837      2.59     0.421         0
   250/299     7.81G     0.631      0.18         0     0.812        27       608       0.9     0.795     0.846     0.844      2.58     0.426         0
   251/299     7.81G     0.643     0.172         0     0.815         3       608       0.9     0.796     0.845     0.845      2.57     0.423         0
   252/299     7.81G     0.568     0.162         0     0.731        23       608     0.888     0.796     0.846      0.84      2.57     0.421         0
   253/299     7.81G     0.621     0.159         0      0.78        16       608     0.881     0.785     0.846      0.83      2.56     0.421         0
   254/299     7.81G      0.56     0.171         0     0.731         5       608     0.884     0.788     0.846     0.833      2.57     0.421         0
   255/299     7.81G      0.59      0.16         0      0.75        21       608     0.882     0.792     0.855     0.834      2.56     0.419         0
   256/299     7.81G     0.565     0.169         0     0.734        21       608     0.883     0.788     0.857     0.833      2.57     0.421         0
   257/299     7.81G     0.565     0.171         0     0.736         9       608     0.891     0.794     0.857      0.84      2.57     0.422         0
   258/299     7.81G     0.552     0.172         0     0.724        15       608     0.886     0.788     0.857     0.834      2.56     0.425         0
   259/299     7.81G     0.573     0.167         0      0.74        18       608       0.9     0.793     0.871     0.843      2.61     0.428         0
   260/299     7.81G     0.565     0.146         0     0.711         6       608     0.891     0.796     0.848     0.841      2.59      0.43         0
   261/299     7.81G      0.56     0.185         0     0.745        24       608     0.893     0.812     0.849     0.851      2.56     0.429         0
   262/299     7.81G     0.607     0.156         0     0.764        25       608     0.893     0.811     0.849      0.85      2.55     0.428         0
   263/299     7.81G     0.541     0.158         0       0.7        11       608     0.892     0.808     0.849     0.848      2.55     0.427         0
   264/299     7.81G     0.555     0.175         0      0.73        19       608     0.902     0.812     0.851     0.855      2.53     0.426         0
   265/299     7.81G     0.577     0.167         0     0.744        25       608     0.902     0.814     0.853     0.856      2.54     0.429         0
   266/299     7.81G     0.533     0.145         0     0.678        10       608     0.911     0.813     0.854     0.859      2.54     0.428         0
   267/299     7.81G     0.583     0.175         0     0.758        20       608     0.895     0.814     0.855     0.853      2.53     0.429         0
   268/299     7.81G     0.574     0.151         0     0.725        19       608       0.9     0.814     0.854     0.855      2.53     0.428         0
   269/299     7.81G     0.606     0.181         0     0.787         9       608     0.902     0.811     0.851     0.854      2.58     0.431         0
   270/299     7.81G     0.568     0.179         0     0.746        23       608     0.902     0.811     0.851     0.854      2.58      0.43         0
   271/299     7.81G     0.566     0.149         0     0.715        14       608     0.897     0.805     0.851     0.848      2.58     0.431         0
   272/299     7.81G     0.565      0.17         0     0.735         6       608     0.899     0.814     0.851     0.855      2.57      0.43         0
   273/299     7.81G     0.538     0.163         0     0.701        23       608       0.9     0.798     0.851     0.846      2.57     0.429         0
   274/299     7.81G     0.573     0.163         0     0.736        24       608     0.891     0.794     0.851     0.839      2.59      0.43         0
   275/299     7.81G     0.542     0.157         0       0.7         8       608      0.89     0.787     0.861     0.835      2.59     0.429         0
   276/299     7.81G     0.581     0.174         0     0.755        25       608      0.89     0.787     0.853     0.835      2.58     0.429         0
   277/299     7.81G     0.541     0.162         0     0.702        17       608      0.89     0.786     0.852     0.835      2.59      0.43         0
   278/299     7.81G     0.552     0.167         0     0.719         7       608      0.89     0.787     0.853     0.835      2.58      0.43         0
   279/299     7.81G      0.55     0.161         0     0.711        22       608      0.89     0.787     0.853     0.835      2.57      0.43         0
   280/299     7.81G     0.564     0.162         0     0.726        20       608      0.89     0.789     0.852     0.837      2.57     0.432         0
   281/299     7.81G     0.546     0.155         0     0.701         6       608     0.891     0.792     0.851     0.839      2.57     0.434         0
   282/299     7.81G     0.582     0.156         0     0.739        19       608      0.89     0.789      0.85     0.836      2.55     0.432         0
   283/299     7.81G     0.572     0.171         0     0.743        22       608     0.889     0.782     0.849     0.832      2.55     0.431         0
   284/299     7.81G     0.526     0.158         0     0.684        10       608     0.889     0.783     0.851     0.833      2.55     0.433         0
   285/299     7.81G     0.527     0.165         0     0.692        14       608     0.889     0.781     0.849     0.831      2.55     0.434         0
   286/299     7.81G     0.536     0.159         0     0.695        26       608     0.889     0.779      0.85      0.83      2.54     0.435         0
   287/299     7.81G     0.534     0.148         0     0.683         7       608     0.889     0.779     0.856      0.83      2.54     0.436         0
   288/299     7.81G     0.509     0.165         0     0.674        27       608     0.889     0.782     0.854     0.832      2.55     0.439         0
   289/299     7.81G      0.54     0.162         0     0.702        23       608     0.889     0.781      0.85     0.832      2.55     0.439         0
   290/299     7.81G     0.537      0.15         0     0.686         5       608      0.89     0.788     0.849     0.836      2.58      0.44         0
   291/299     7.81G     0.559     0.161         0      0.72        16       608     0.889     0.777     0.849     0.829      2.59      0.44         0
   292/299     7.81G     0.545     0.178         0     0.723        18       608     0.891     0.798     0.849     0.842      2.57      0.44         0
   293/299     7.81G     0.522     0.147         0     0.668         6       608     0.889     0.781     0.849     0.832      2.57     0.439         0
   294/299     7.81G     0.538     0.137         0     0.675        25       608     0.891     0.797     0.849     0.842      2.56     0.439         0
   295/299     7.81G     0.539     0.166         0     0.704        20       608     0.891     0.798     0.854     0.842      2.56     0.439         0
   296/299     7.81G     0.543     0.158         0     0.702         9       608     0.892     0.802     0.853     0.844      2.56     0.442         0
   297/299     7.81G     0.535     0.178         0     0.714        18       608     0.892       0.8     0.853     0.844      2.55     0.444         0
   298/299     7.81G     0.524     0.148         0     0.673        16       608     0.892     0.802     0.852     0.845      2.54     0.443         0
   299/299     7.81G     0.542     0.167         0     0.709         6       608     0.892     0.805     0.852     0.846      2.52     0.441         0
