[          1]
[          1]
[          1]
[          1]
[          1]
[          1]
[          1]
[      0.875]
[    0.88889]
[        0.9]
[    0.90909]
[    0.91667]
[    0.92308]
[    0.92857]
[    0.93333]
[     0.9375]
[    0.94118]
[    0.94444]
[    0.94737]
[       0.95]
[    0.95238]
[    0.95455]
[    0.95652]
[    0.95833]
[       0.92]
[    0.92308]
[    0.92593]
[    0.92857]
[    0.93103]
[    0.93333]
[    0.93548]
[     0.9375]
[    0.93939]
[    0.94118]
[    0.94286]
[    0.94444]
[    0.94595]
[    0.94737]
[    0.94872]
[       0.95]
[    0.92683]
[    0.92857]
[    0.93023]
[    0.93182]
[    0.91111]
[    0.91304]
[    0.89362]
[    0.89583]
[    0.89796]
[        0.9]
[    0.88235]
[    0.86538]
[    0.86792]
[    0.87037]
[    0.85455]
[    0.85714]
[    0.84211]
[    0.84483]
[    0.83051]
[    0.83333]
[    0.83607]
[    0.83871]
[    0.84127]
[    0.84375]
[    0.84615]
[    0.84848]
[    0.85075]
[    0.85294]
[    0.85507]
[    0.85714]
[    0.85915]
[    0.86111]
[    0.86301]
[    0.86486]
[    0.86667]
[    0.86842]
[    0.85714]
[    0.84615]
[     0.8481]
[     0.8375]
[    0.82716]
[    0.82927]
[    0.83133]
[    0.83333]
[    0.83529]
[    0.83721]
[    0.83908]
[    0.82955]
[    0.83146]
[    0.83333]
[    0.83516]
[    0.82609]
[    0.82796]
[    0.81915]
[    0.82105]
[    0.82292]
[    0.82474]
[    0.82653]
[    0.82828]
[       0.82]
[    0.82178]
[    0.82353]
[    0.82524]
[    0.81731]
[    0.81905]
[    0.82075]
[    0.82243]
[    0.81481]
[    0.80734]
[    0.80909]
[     0.8018]
[    0.79464]
[    0.78761]
[    0.78947]
[    0.78261]
[    0.78448]
[    0.78632]
[    0.78814]
[    0.78151]
[      0.775]
[     0.7686]
[    0.77049]
[    0.77236]
[    0.77419]
[      0.776]
[    0.77778]
[    0.77165]
[    0.77344]
[    0.77519]
[    0.77692]
[    0.77863]
[     0.7803]
[    0.77444]
[    0.77612]
[    0.77778]
[    0.77206]
[    0.77372]
[    0.77536]
[    0.77698]
[    0.77857]
[    0.78014]
[    0.78169]
[    0.78322]
[    0.78472]
[    0.77931]
[    0.77397]
[    0.77551]
[    0.77703]
[    0.77852]
[    0.77333]
[    0.76821]
[    0.76974]
[    0.76471]
[    0.76623]
[    0.76129]
[    0.76282]
[    0.76433]
[    0.75949]
[    0.76101]
[    0.75625]
[    0.75155]
[    0.74691]
[    0.74847]
[       0.75]
[    0.74545]
[    0.74096]
[    0.74251]
[    0.74405]
[    0.73964]
[    0.73529]
[    0.73684]
[    0.73256]
[     0.7341]
[    0.73563]
[    0.73143]
[    0.73295]
[    0.73446]
[    0.73034]
[    0.72626]
[    0.72222]
[    0.72376]
[    0.71978]
[    0.72131]
[    0.71739]
[    0.71351]
[    0.71505]
[    0.71123]
[    0.70745]
[     0.7037]
[    0.70526]
[    0.70157]
[    0.70312]
[    0.70466]
[    0.70619]
[    0.70256]
[    0.70408]
[    0.70051]
[    0.69697]
[    0.69347]
[       0.69]
[    0.69154]
[    0.68812]
[    0.68473]
[    0.68137]
[    0.67805]
[    0.67476]
[    0.67633]
[    0.67788]
[    0.67464]
[    0.67143]
[    0.66825]
[    0.66509]
[    0.66197]
[    0.65888]
[    0.66047]
[    0.65741]
[    0.65438]
[    0.65138]
[    0.65297]
[       0.65]
[    0.64706]
[    0.64865]
[    0.64574]
[    0.64286]
[       0.64]
[    0.63717]
[    0.63436]
[    0.63158]
[    0.62882]
[    0.62609]
[    0.62338]
[      0.625]
[    0.62232]
[    0.61966]
[    0.61702]
[    0.61441]
[    0.61181]
[    0.60924]
[    0.60669]
[    0.60417]
[    0.60166]
[    0.59917]
[    0.59671]
[    0.59426]
[    0.59184]
[    0.58943]
[    0.59109]
[    0.58871]
[    0.58635]
[      0.584]
[    0.58167]
[    0.57937]
[    0.57708]
[     0.5748]
[    0.57647]
[    0.57422]
[    0.57198]
[    0.56977]
[    0.56757]
[    0.56538]
[    0.56322]
[    0.56489]
[    0.56274]
[    0.56061]
[    0.56226]
[    0.56015]
[    0.55805]
[    0.55597]
[     0.5539]
[    0.55556]
[    0.55351]
[    0.55147]
[    0.54945]
[    0.54745]
[    0.54545]
[    0.54348]
[    0.54152]
[    0.53957]
[    0.53763]
[    0.53571]
[    0.53381]
[    0.53191]
[    0.53004]
[    0.52817]
[    0.52632]
[    0.52448]
[    0.52265]
[    0.52083]
[    0.52249]
[    0.52069]
[     0.5189]
[    0.51712]
[    0.51536]
[    0.51361]
[    0.51186]
[    0.51014]
[    0.50842]
[    0.50671]
[    0.50502]
[    0.50333]
[    0.50166]
[        0.5]
[    0.49835]
[    0.49671]
[    0.49508]
[    0.49673]
[    0.49511]
[    0.49351]
[    0.49191]
[    0.49032]
[    0.48875]
[    0.48718]
[    0.48562]
[    0.48408]
[    0.48254]
[    0.48101]
[     0.4795]
[    0.47799]
[    0.47649]
[      0.475]
[    0.47352]
[    0.47205]
[    0.47059]
[    0.46914]
[    0.46769]
[    0.46626]
[    0.46483]
[    0.46341]
[    0.46201]
[    0.46061]
[    0.45921]
[    0.45783]
[    0.45646]
[    0.45509]
[    0.45373]
[    0.45238]
[    0.45104]
[     0.4497]
[    0.44838]
[    0.44706]
[    0.44575]
[    0.44444]
[    0.44315]
[    0.44186]
[    0.44058]
[    0.43931]
[    0.44092]
[    0.43966]
[     0.4384]
[    0.43714]
[     0.4359]
[    0.43466]
[    0.43343]
[     0.4322]
[    0.43099]
[    0.42978]
[    0.42857]
[    0.42737]
[    0.42618]
[      0.425]
[    0.42382]
[    0.42265]
[    0.42149]
[    0.42033]
[    0.41918]
[    0.41803]
[    0.41689]
[    0.41576]
[    0.41463]
[    0.41351]
[     0.4124]
[    0.41129]
[    0.41019]
[    0.40909]
[      0.408]
[    0.40691]
[    0.40584]
[    0.40476]
[    0.40369]
[    0.40263]
[    0.40157]
[    0.40052]
[    0.39948]
[    0.39844]
[     0.3974]
[    0.39637]
[    0.39535]
[    0.39433]
[    0.39332]
[    0.39231]
[     0.3913]
[    0.39031]
[    0.39186]
[    0.39086]
[    0.38987]
[    0.38889]
[    0.38791]
[    0.38693]
[    0.38596]
[      0.385]
[    0.38404]
[    0.38308]
[    0.38213]
[    0.38119]
[    0.38025]
[    0.37931]
[    0.37838]
[    0.37745]
[    0.37653]
[    0.37561]
[     0.3747]
[    0.37379]
[    0.37288]
[    0.37198]
[    0.37108]
[    0.37019]
[     0.3693]
[    0.36842]
[    0.36754]
[    0.36667]
[    0.36817]
[     0.3673]
[    0.36643]
[    0.36557]
[    0.36471]
[    0.36385]
[      0.363]
[    0.36215]
[    0.36131]
[    0.36047]
[    0.35963]
[     0.3588]
[    0.35797]
[    0.35714]
[    0.35632]
[     0.3555]
[    0.35469]
[    0.35388]
[    0.35308]
[    0.35227]
[    0.35147]
[    0.35068]
[    0.34989]
[     0.3491]
[    0.34831]
[    0.34753]
[    0.34676]
[    0.34598]
[    0.34744]
[    0.34667]
[     0.3459]
[    0.34513]
[    0.34437]
[    0.34361]
[    0.34286]
[    0.34211]
[    0.34136]
[    0.34061]
[    0.33987]
[    0.33913]
[    0.33839]
[    0.33766]
[    0.33693]
[    0.33621]
[    0.33548]
[    0.33476]
[    0.33405]
[    0.33333]
[    0.33262]
[    0.33191]
[    0.33121]
[    0.33051]
[    0.32981]
[    0.32911]
[    0.32842]
[    0.32773]
[    0.32704]
[    0.32636]
[    0.32568]
[      0.325]
[    0.32432]
[    0.32365]
[    0.32298]
[    0.32231]
[    0.32165]
[    0.32099]
[    0.32238]
[    0.32172]
[    0.32106]
[    0.32041]
[    0.31976]
[    0.31911]
[    0.32049]
[    0.31984]
[    0.31919]
[    0.31855]
[    0.31791]
[    0.31727]
[    0.31663]
[      0.316]
[    0.31537]
[    0.31474]
[    0.31412]
[    0.31349]
[    0.31287]
[    0.31225]
[    0.31361]
[    0.31299]
[    0.31238]
[    0.31176]
[    0.31115]
[    0.31055]
[    0.30994]
[    0.30934]
[    0.30874]
[    0.30814]
[    0.30754]
[    0.30695]
[    0.30636]
[    0.30577]
[    0.30518]
[     0.3046]
[    0.30402]
[    0.30344]
[    0.30286]
[    0.30228]
[    0.30171]
[    0.30114]
[    0.30057]
[        0.3]
[    0.29944]
[    0.29887]
[    0.30019]
[    0.29963]
[    0.29907]
[    0.29851]
[    0.29795]
[     0.2974]
[    0.29685]
[     0.2963]
[    0.29575]
[     0.2952]
[    0.29466]
[    0.29412]
[    0.29358]
[    0.29304]
[     0.2925]
[    0.29197]
[    0.29144]
[    0.29091]
[    0.29038]
[    0.28986]
[    0.29114]
[    0.29061]
[    0.29009]
[    0.28957]
[    0.28905]
[    0.28853]
[    0.28801]
[     0.2875]
[    0.28699]
[    0.28648]
[    0.28597]
[    0.28546]
[    0.28496]
[    0.28445]
[    0.28395]
[    0.28345]
[    0.28295]
[    0.28246]
[    0.28196]
[    0.28147]
[    0.28098]
[    0.28049]
[       0.28]
[    0.27951]
[    0.27903]
[    0.27855]
[    0.27807]
[    0.27759]
[    0.27711]
[    0.27663]
[    0.27616]
[    0.27568]
[    0.27521]
[    0.27474]
[    0.27428]
[    0.27381]
[    0.27334]
[    0.27288]
[    0.27242]
[    0.27196]
[     0.2715]
[    0.27104]
[    0.27059]
[    0.27013]
[    0.26968]
[    0.26923]
[    0.26878]
[    0.26833]
[    0.26789]
[    0.26744]
[      0.267]
[    0.26656]
[    0.26612]
[    0.26568]
[    0.26524]
[     0.2648]
[    0.26437]
[    0.26393]
[     0.2635]
[    0.26307]
[    0.26264]
[    0.26221]
[    0.26179]
[    0.26136]
[    0.26094]
[    0.26052]
[     0.2601]
[    0.25968]
[    0.25926]
[    0.25884]
[    0.25843]
[    0.25801]
[     0.2576]
[    0.25719]
[    0.25678]
[    0.25637]
[    0.25596]
[    0.25556]
[    0.25515]
[    0.25475]
[    0.25434]
[    0.25394]
[    0.25354]
[    0.25314]
[    0.25275]
[    0.25235]
[    0.25196]
[    0.25156]
[    0.25117]
[    0.25078]
[    0.25039]
[       0.25]
[    0.24961]
[    0.24923]
[    0.24884]
[    0.24846]
[    0.24807]
[    0.24769]
[    0.24731]
[    0.24693]
[    0.24655]
[    0.24618]
[     0.2458]
[    0.24543]
[    0.24505]
[    0.24468]
[    0.24431]
[    0.24394]
[    0.24357]
[     0.2432]
[    0.24284]
[    0.24247]
[    0.24211]
[    0.24174]
[    0.24138]
[    0.24102]
[    0.24066]
[     0.2403]
[    0.23994]
[    0.23958]
[    0.23923]
[    0.23887]
[    0.23852]
[    0.23817]
[    0.23781]
[    0.23746]
[    0.23711]
[    0.23676]
[    0.23642]
[    0.23607]
[    0.23572]
[    0.23538]
[    0.23504]
[    0.23469]
[    0.23435]
[    0.23401]
[    0.23367]
[    0.23333]
[      0.233]
[    0.23266]
[    0.23232]
[    0.23199]
[    0.23165]
[    0.23132]
[    0.23099]
[    0.23066]
[    0.23033]
[       0.23]
[    0.22967]
[    0.22934]
[    0.22902]
[    0.22869]
[    0.22837]
[    0.22805]
[    0.22772]
[     0.2274]
[    0.22708]
[    0.22676]
[    0.22644]
[    0.22612]
[    0.22581]
[    0.22549]
[    0.22517]
[    0.22486]
[    0.22455]
[    0.22423]
[    0.22392]
[    0.22361]
[     0.2233]
[    0.22299]
[    0.22268]
[    0.22238]
[    0.22207]
[    0.22176]
[    0.22146]
[    0.22115]
[    0.22085]
[    0.22055]
[    0.22025]
[    0.21995]
[    0.21965]
[    0.21935]
[    0.21905]
[    0.21875]
[    0.21845]
[    0.21816]
[    0.21786]
[    0.21757]
[    0.21727]
[    0.21698]
[    0.21669]
[     0.2164]
[    0.21611]
[    0.21582]
[    0.21553]
[    0.21524]
[    0.21495]
[    0.21467]
[    0.21438]
[     0.2141]
[    0.21381]
[    0.21353]
[    0.21325]
[    0.21296]
[    0.21268]
[    0.21372]
[    0.21344]
[    0.21316]
[    0.21288]
[     0.2126]
[    0.21232]
[    0.21204]
[    0.21176]
[    0.21149]
[    0.21121]
[    0.21094]
[    0.21066]
[    0.21039]
[    0.21012]
[    0.20984]
[    0.20957]
[     0.2093]
[    0.20903]
[    0.20876]
[    0.20849]
[    0.20823]
[    0.20796]
[    0.20769]
[    0.20743]
[    0.20716]
[    0.20817]
[    0.20791]
[    0.20764]
[    0.20738]
[    0.20712]
[    0.20685]
[    0.20659]
[    0.20633]
[    0.20607]
[    0.20581]
[    0.20555]
[    0.20529]
[    0.20503]
[    0.20477]
[    0.20452]
[    0.20426]
[    0.20401]
[    0.20375]
[     0.2035]
[    0.20324]
[    0.20299]
[    0.20274]
[    0.20248]
[    0.20223]
[    0.20198]
[    0.20173]
[    0.20148]
[    0.20123]
[    0.20099]
[    0.20074]
[    0.20049]
[    0.20025]
[        0.2]
[    0.19975]
[    0.19951]
[    0.19927]
[    0.19902]
[    0.19878]
[    0.19854]
[    0.19951]
[    0.19927]
[    0.19903]
[    0.19879]
[    0.19855]
[    0.19831]
[    0.19807]
[    0.19783]
[    0.19759]
[    0.19735]
[    0.19712]
[    0.19688]
[    0.19664]
[    0.19641]
[    0.19617]
[    0.19594]
[     0.1957]
[    0.19547]
[    0.19524]
[    0.19501]
[    0.19477]
[    0.19454]
[    0.19431]
[    0.19408]
[    0.19385]
[    0.19362]
[     0.1934]
[    0.19317]
[    0.19294]
[    0.19271]
[    0.19249]
[    0.19226]
[    0.19204]
[    0.19181]
[    0.19159]
[    0.19137]
[    0.19114]
[    0.19092]
[     0.1907]
[    0.19048]
[    0.19026]
[    0.19003]
[    0.18981]
[     0.1896]
[    0.18938]
[    0.18916]
[    0.18894]
[    0.18872]
[    0.18851]
[    0.18829]
[    0.18807]
[    0.18786]
[    0.18764]
[    0.18743]
[    0.18721]
[      0.187]
[    0.18679]
[    0.18658]
[    0.18636]
[    0.18615]
[    0.18594]
[    0.18573]
[    0.18665]
[    0.18644]
[    0.18623]
[    0.18602]
[    0.18581]
[     0.1856]
[    0.18539]
[    0.18519]
[    0.18498]
[    0.18477]
[    0.18456]
[    0.18436]
[    0.18415]
[    0.18395]
[    0.18374]
[    0.18354]
[    0.18333]
[    0.18313]
[    0.18293]
[    0.18272]
[    0.18252]
[    0.18232]
[    0.18212]
[    0.18192]
[    0.18172]
[    0.18152]
[    0.18132]
[    0.18112]
[    0.18092]
[    0.18072]
[    0.18053]
[    0.18033]
[    0.18013]
[    0.17993]
[    0.17974]
[    0.17954]
[    0.17935]
[    0.17915]
[    0.17896]
[    0.17876]
[    0.17857]
[    0.17838]
[    0.17819]
[    0.17799]
[     0.1778]
[    0.17761]
[    0.17742]
[    0.17723]
[    0.17704]
[    0.17685]
[    0.17666]
[    0.17647]
[    0.17628]
[    0.17609]
[    0.17591]
[    0.17572]
[    0.17553]
[    0.17535]
[    0.17516]
[    0.17497]
[    0.17479]
[     0.1746]
[    0.17442]
[    0.17423]
[    0.17405]
[    0.17387]
[    0.17368]
[     0.1735]
[    0.17332]
[    0.17314]
[    0.17296]
[    0.17277]
[    0.17259]
[    0.17241]
[    0.17223]
[    0.17205]
[    0.17188]
[     0.1717]
[    0.17152]
[    0.17134]
[    0.17116]
[    0.17098]
[    0.17081]
[    0.17063]
[    0.17045]
[    0.17028]
[     0.1701]
[    0.16993]
[    0.16975]
[    0.16958]
[     0.1694]
[    0.16923]
[    0.16906]
[    0.16888]
[    0.16871]
[    0.16854]
[    0.16837]
[     0.1682]
[    0.16802]
[    0.16785]
[    0.16768]
[    0.16751]
[    0.16734]
[    0.16717]
[      0.167]
[    0.16684]
[    0.16667]
[     0.1665]
[    0.16633]
[    0.16616]
[      0.166]
[    0.16583]
[    0.16566]
[     0.1655]
[    0.16533]
[    0.16517]
[      0.165]
[    0.16484]
[    0.16467]
[    0.16451]
[    0.16434]
[    0.16418]
[    0.16402]
[    0.16385]
[    0.16369]
[    0.16353]
[    0.16337]
[     0.1632]
[    0.16304]
[    0.16288]
[    0.16272]
[    0.16256]
[     0.1624]
[    0.16224]
[    0.16208]
[    0.16192]
[    0.16176]
[    0.16161]
[    0.16145]
[    0.16129]
[    0.16113]
[    0.16098]
[    0.16082]
[    0.16066]
[    0.16051]
[    0.16035]
[    0.16019]
[    0.16004]
[    0.15988]
[    0.15973]
[    0.15957]
[    0.15942]
[    0.15927]
[    0.15911]
[    0.15896]
[    0.15881]
[    0.15865]
[     0.1585]
[    0.15835]
[     0.1582]
[    0.15805]
[    0.15789]
[    0.15774]
[    0.15759]
[    0.15744]
[    0.15729]
[    0.15714]
[    0.15699]
[    0.15684]
[     0.1567]
[    0.15655]
[     0.1564]
[    0.15625]
[     0.1561]
[    0.15595]
[    0.15581]
[    0.15566]
[    0.15551]
[    0.15537]
[    0.15522]
[    0.15508]
[    0.15493]
[    0.15478]
[    0.15464]
[    0.15449]
[    0.15435]
[    0.15421]
[    0.15406]
[    0.15392]
[    0.15377]
[    0.15363]
[    0.15349]
[    0.15335]
[     0.1532]
[    0.15306]
[    0.15292]
[    0.15278]
[    0.15264]
[     0.1525]
[    0.15235]
[    0.15221]
[    0.15207]
[    0.15193]
[    0.15179]
[    0.15165]
[    0.15152]
[    0.15138]
[    0.15124]
[     0.1511]
[    0.15096]
[    0.15082]
[    0.15068]
[    0.15055]
[    0.15041]
[    0.15027]
[    0.15014]
[       0.15]
[    0.14986]
[    0.14973]
[    0.14959]
[    0.14946]
[    0.14932]
[    0.14919]
[    0.14905]
[    0.14892]
[    0.14878]
[    0.14865]
[    0.14851]
[    0.14838]
[    0.14825]
[    0.14811]
[    0.14798]
[    0.14785]
[    0.14772]
[    0.14758]
[    0.14745]
[    0.14732]
[    0.14719]
[    0.14706]
[    0.14693]
[     0.1468]
[    0.14667]
[    0.14654]
[    0.14641]
[    0.14628]
[    0.14615]
[    0.14602]
[    0.14589]
[    0.14576]
[    0.14563]
[     0.1455]
[    0.14537]
[    0.14525]
[    0.14512]
[    0.14499]
[    0.14486]
[    0.14474]
[    0.14461]
[    0.14448]
[    0.14436]
[    0.14423]
[     0.1441]
[    0.14398]
[    0.14385]
[    0.14373]
[     0.1436]
[    0.14348]
[    0.14335]
[    0.14323]
[     0.1431]
[    0.14298]
[    0.14286]
[    0.14273]
[    0.14261]
[    0.14249]
[    0.14236]
[    0.14224]
[    0.14212]
[      0.142]
[    0.14187]
[    0.14175]
[    0.14163]
[    0.14151]
[    0.14139]
[    0.14127]
[    0.14115]
[    0.14103]
[    0.14091]
[    0.14078]
[    0.14066]
[    0.14055]
[    0.14043]
[    0.14031]
[    0.14019]
[    0.14007]
[    0.13995]
[    0.13983]
[    0.13971]
[    0.13959]
[    0.13948]
[    0.13936]
[    0.13924]
[    0.13912]
[    0.13901]
[    0.13889]
[    0.13877]
[    0.13866]
[    0.13854]
[    0.13842]
[    0.13831]
[    0.13819]
[    0.13808]
[    0.13796]
[    0.13784]
[    0.13773]
[    0.13761]
[     0.1375]
[    0.13739]
[    0.13727]
[    0.13716]
[    0.13704]
[    0.13693]
[    0.13682]
[     0.1367]
[    0.13659]
[    0.13648]
[    0.13636]
[    0.13625]
[    0.13614]
[    0.13603]
[    0.13591]
[     0.1358]
[    0.13569]
[    0.13558]
[    0.13547]
[    0.13536]
[    0.13525]
[    0.13514]
[    0.13502]
[    0.13491]
[     0.1348]
[    0.13469]
[    0.13458]
[    0.13447]
[    0.13436]
[    0.13426]
[    0.13415]
[    0.13404]
[    0.13393]
[    0.13382]
[    0.13371]
[     0.1336]
[     0.1335]
[    0.13339]
[    0.13328]
[    0.13317]
[    0.13306]
[    0.13296]
[    0.13366]
[    0.13355]
[    0.13344]
[    0.13333]
[    0.13323]
[    0.13312]
[    0.13301]
[    0.13291]
[     0.1328]
[    0.13269]
[    0.13259]
[    0.13248]
[    0.13238]
[    0.13227]
[    0.13217]
[    0.13206]
[    0.13196]
[    0.13185]
[    0.13175]
[    0.13164]
[    0.13154]
[    0.13143]
[    0.13133]
[    0.13123]
[    0.13112]
[    0.13102]
[    0.13091]
[    0.13081]
[    0.13071]
[    0.13061]
[     0.1305]
[     0.1304]
[     0.1303]
[     0.1302]
[    0.13009]
[    0.12999]
[    0.12989]
[    0.12979]
[    0.12969]
[    0.12959]
[    0.12949]
[    0.12938]
[    0.12928]
[    0.12918]
[    0.12908]
[    0.12898]
[    0.12888]
[    0.12878]
[    0.12868]
[    0.12858]
[    0.12848]
[    0.12838]
[    0.12828]
[    0.12819]
[    0.12809]
[    0.12799]
[    0.12789]
[    0.12779]
[    0.12769]
[    0.12759]
[     0.1275]
[     0.1274]
[     0.1273]
[     0.1272]
[    0.12711]
[    0.12701]
[    0.12691]
[    0.12681]
[    0.12672]
[    0.12662]
[    0.12652]
[    0.12643]
[    0.12633]
[    0.12624]
[    0.12614]
[    0.12604]
[    0.12595]
[    0.12585]
[    0.12576]
[    0.12566]
[    0.12557]
[    0.12547]
[    0.12538]
[    0.12528]
[    0.12594]
[    0.12585]
[    0.12575]
[    0.12566]
[    0.12556]
[    0.12547]
[    0.12538]
[    0.12528]
[    0.12519]
[    0.12509]
[      0.125]
[    0.12491]
[    0.12481]
[    0.12472]
[    0.12463]
[    0.12453]
[    0.12444]
[    0.12435]
[    0.12426]
[    0.12416]
[    0.12407]
[    0.12398]
[    0.12389]
[     0.1238]
[     0.1237]
[    0.12361]
[    0.12352]
[    0.12343]
[    0.12334]
[    0.12325]
[    0.12316]
[    0.12307]
[    0.12297]
[    0.12288]
[    0.12279]
[     0.1227]
[    0.12261]
[    0.12252]
[    0.12243]
[    0.12234]
[    0.12225]
[    0.12217]
[    0.12208]
[    0.12199]
[     0.1219]
[    0.12181]
[    0.12172]
[    0.12163]
[    0.12154]
[    0.12145]
[    0.12137]
[    0.12128]
[    0.12119]
[     0.1211]
[    0.12101]
[    0.12093]
[    0.12084]
[    0.12075]
[    0.12066]
[    0.12058]
[    0.12049]
[     0.1204]
[    0.12032]
[    0.12023]
[    0.12014]
[    0.12006]
[    0.11997]
[    0.11989]
[     0.1198]
[    0.11971]
[    0.11963]
[    0.11954]
[    0.11946]
[    0.11937]
[    0.11929]
[     0.1192]
[    0.11912]
[    0.11903]
[    0.11895]
[    0.11886]
[    0.11878]
[    0.11869]
[    0.11861]
[    0.11852]
[    0.11844]
[    0.11836]
[    0.11827]
[    0.11819]
[     0.1181]
[    0.11802]
[    0.11794]
[    0.11785]
[    0.11777]
[    0.11769]
[    0.11761]
[    0.11752]
[    0.11744]
[    0.11736]
[    0.11728]
[    0.11719]
[    0.11711]
[    0.11703]
[    0.11695]
[    0.11686]
[    0.11678]
[     0.1167]
[    0.11662]
[    0.11654]
[    0.11646]
[    0.11638]
[     0.1163]
[    0.11621]
[    0.11613]
[    0.11605]
[    0.11597]
[    0.11589]
[    0.11581]
[    0.11573]
[    0.11565]
[    0.11557]
[    0.11549]
[    0.11541]
[    0.11533]
[    0.11525]
[    0.11517]
[    0.11509]
[    0.11501]
[    0.11493]
[    0.11486]
[    0.11478]
[     0.1147]
[    0.11462]
[    0.11454]
[    0.11446]
[    0.11438]
[    0.11431]
[    0.11423]
[    0.11415]
[    0.11407]
[    0.11399]
[    0.11392]
[    0.11384]
[    0.11376]
[    0.11368]
[    0.11361]
[    0.11353]
[    0.11345]
[    0.11337]
[     0.1133]
[    0.11322]
[    0.11314]
[    0.11307]
[    0.11299]
[    0.11291]
[    0.11284]
[    0.11276]
[    0.11269]
[    0.11261]
[    0.11253]
[    0.11246]
[    0.11238]
[    0.11231]
[    0.11223]
[    0.11216]
[    0.11208]
[    0.11201]
[    0.11193]
[    0.11186]
[    0.11178]
[    0.11171]
[    0.11163]
[    0.11156]
[    0.11148]
[    0.11141]
[    0.11133]
[    0.11126]
[    0.11119]
[    0.11111]
[    0.11104]
[    0.11096]
[    0.11089]
[    0.11082]
[    0.11074]
[    0.11067]
[     0.1106]
[    0.11052]
[    0.11045]
[    0.11038]
[     0.1103]
[    0.11023]
[    0.11016]
[    0.11009]
[    0.11001]
[    0.10994]
[    0.10987]
[     0.1098]
[    0.10972]
[    0.10965]
[    0.10958]
[    0.10951]
[    0.10944]
[    0.10936]
[    0.10929]
[    0.10922]
[    0.10915]
[    0.10908]
[    0.10901]
[    0.10894]
[    0.10887]
[    0.10879]
[    0.10872]
[    0.10865]
[    0.10858]
[    0.10851]
[    0.10844]
[    0.10837]
[     0.1083]
[    0.10823]
[    0.10816]
[    0.10809]
[    0.10802]
[    0.10795]
[    0.10788]
[    0.10781]
[    0.10774]
[    0.10767]
[     0.1076]
[    0.10753]
[    0.10746]
[     0.1074]
[    0.10733]
[    0.10726]
[    0.10719]
[    0.10712]
[    0.10705]
[    0.10698]
[    0.10691]
[    0.10685]
[    0.10678]
[    0.10671]
[    0.10664]
[    0.10657]
[    0.10651]
[    0.10644]
[    0.10637]
[     0.1063]
[    0.10623]
[    0.10617]
[     0.1061]
[    0.10603]
[    0.10596]
[     0.1059]
[    0.10583]
[    0.10576]
[     0.1057]
[    0.10563]
[    0.10556]
[     0.1055]
[    0.10543]
[    0.10536]
[     0.1053]
[    0.10523]
[    0.10516]
[     0.1051]
[    0.10503]
[    0.10497]
[     0.1049]
[    0.10483]
[    0.10477]
[     0.1047]
[    0.10464]
[    0.10457]
[    0.10451]
[    0.10444]
[    0.10437]
[    0.10431]
[    0.10424]
[    0.10418]
[    0.10411]
[    0.10405]
[    0.10399]
[    0.10392]
[    0.10386]
[    0.10379]
[    0.10373]
[    0.10366]
[     0.1036]
[    0.10353]
[    0.10347]
[    0.10341]
[    0.10334]
[    0.10328]
[    0.10321]
[    0.10315]
[    0.10309]
[    0.10302]
[    0.10296]
[     0.1029]
[    0.10283]
[    0.10277]
[    0.10271]
[    0.10264]
[    0.10258]
[    0.10252]
[    0.10245]
[    0.10239]
[    0.10233]
[    0.10227]
[     0.1022]
[    0.10214]
[    0.10208]
[    0.10202]
[    0.10195]
[    0.10189]
[    0.10183]
[    0.10177]
[    0.10171]
[    0.10164]
[    0.10158]
[    0.10152]
[    0.10146]
[     0.1014]
[    0.10133]
[    0.10127]
[    0.10121]
[    0.10115]
[    0.10109]
[    0.10103]
[    0.10097]
[    0.10091]
[    0.10085]
[    0.10078]
[    0.10072]
[    0.10066]
[     0.1006]
[    0.10054]
[    0.10048]
[    0.10042]
[    0.10036]
[     0.1003]
[    0.10024]
[    0.10018]
[    0.10012]
[    0.10006]
[        0.1]
[    0.09994]
[    0.09988]
[   0.099821]
[   0.099761]
[   0.099701]
[   0.099642]
[   0.099583]
[   0.099523]
[   0.099464]
[   0.099405]
[   0.099346]
[   0.099287]
[   0.099228]
[   0.099169]
[    0.09911]
[   0.099051]
[   0.098992]
[   0.098934]
[   0.098875]
[   0.098817]
[   0.098758]
[     0.0987]
[   0.098641]
[   0.098583]
[   0.098525]
[   0.098467]
[   0.098409]
[   0.098351]
[   0.098293]
[   0.098235]
[   0.098178]
[    0.09812]
[   0.098062]
[   0.098005]
[   0.097947]
[    0.09789]
[   0.097832]
[   0.097775]
[   0.097718]
[   0.097661]
[   0.097604]
[   0.097547]
[    0.09749]
[   0.097433]
[   0.097376]
[   0.097319]
[   0.097263]
[   0.097206]
[    0.09715]
[   0.097093]
[   0.097037]
[    0.09698]
[   0.096924]
[   0.096868]
[   0.096812]
[   0.096756]
[   0.096699]
[   0.096644]
[   0.096588]
[   0.096532]
[   0.096476]
[    0.09642]
[   0.096365]
[   0.096309]
[   0.096254]
[   0.096198]
[   0.096143]
[   0.096087]
[   0.096032]
[   0.095977]
[   0.095922]
[   0.095867]
[   0.095812]
[   0.095757]
[   0.095702]
[   0.095647]
[   0.095592]
[   0.095538]
[   0.095483]
[   0.095429]
[   0.095374]
[    0.09532]
[   0.095265]
[   0.095211]
[   0.095157]
[   0.095103]
[   0.095048]
[   0.094994]
[    0.09494]
[   0.094886]
[   0.094832]
[   0.094779]
[   0.094725]
[   0.094671]
[   0.094618]
[   0.094564]
[    0.09451]
[   0.094457]
[   0.094404]
[    0.09435]
[   0.094297]
[   0.094244]
[   0.094191]
[   0.094701]
[   0.094648]
[   0.094595]
[   0.094541]
[   0.094488]
[   0.094435]
[   0.094382]
[   0.094329]
[   0.094276]
[   0.094223]
[    0.09417]
[   0.094118]
[   0.094065]
[   0.094012]
[    0.09396]
[   0.093907]
[   0.093855]
[   0.093802]
[    0.09375]
[   0.093698]
[   0.093645]
[   0.093593]
[   0.093541]
[   0.093489]
[   0.093437]
[   0.093385]
[   0.093333]
[   0.093282]
[    0.09323]
[   0.093178]
[   0.093126]
[   0.093075]
[   0.093023]
[   0.092972]
[    0.09292]
[   0.092869]
[   0.092818]
[   0.092766]
[   0.092715]
[   0.092664]
[   0.092613]
[   0.092562]
[   0.092511]
[    0.09246]
[   0.092409]
[   0.092358]
[   0.092308]
[   0.092257]
[   0.092206]
[   0.092156]
[   0.092105]
[   0.092055]
[   0.092004]
[   0.091954]
[   0.091904]
[   0.091853]
[   0.091803]
[   0.091753]
[   0.091703]
[   0.091653]
[   0.091603]
[   0.091553]
[   0.091503]
[   0.091453]
[   0.091404]
[   0.091354]
[   0.091304]
[   0.091255]
[   0.091205]
[   0.091156]
[   0.091106]
[   0.091057]
[   0.091008]
[   0.090958]
[   0.090909]
[    0.09086]
[   0.090811]
[   0.090762]
[   0.090713]
[   0.090664]
[   0.090615]
[   0.090566]
[   0.090517]
[   0.090468]
[    0.09042]
[   0.090371]
[   0.090323]
[   0.090274]
[   0.090226]
[   0.090177]
[   0.090129]
[    0.09008]
[   0.090032]
[   0.089984]
[   0.089936]
[   0.089888]
[    0.08984]
[   0.089792]
[   0.089744]
[   0.089696]
[   0.089648]
[     0.0896]
[   0.089552]
[   0.089505]
[   0.089457]
[   0.089409]
[   0.089362]
[   0.089314]
[   0.089267]
[   0.089219]
[   0.089172]
[   0.089125]
[   0.089077]
[    0.08903]
[   0.088983]
[   0.088936]
[   0.088889]
[   0.088842]
[   0.088795]
[   0.088748]
[   0.088701]
[   0.088654]
[   0.088608]
[   0.088561]
[   0.088514]
[   0.088468]
[   0.088421]
[   0.088375]
[   0.088328]
[   0.088282]
[   0.088235]
[   0.088189]
[   0.088143]
[   0.088096]
[    0.08805]
[   0.088004]
[   0.087958]
[   0.087912]
[   0.087866]
[    0.08782]
[   0.087774]
[   0.087728]
[   0.087683]
[   0.087637]
[   0.087591]
[   0.087546]
[     0.0875]
[   0.087454]
[   0.087409]
[   0.087363]
[   0.087318]
[   0.087273]
[   0.087227]
[   0.087182]
[   0.087137]
[   0.087092]
[   0.087047]
[   0.087002]
[   0.086957]
[   0.086912]
[   0.086867]
[   0.086822]
[   0.086777]
[   0.086732]
[   0.086687]
[   0.086643]
[   0.086598]
[   0.086553]
[   0.086509]
[   0.086464]
[    0.08642]
[   0.086375]
[   0.086331]
[   0.086287]
[   0.086242]
[   0.086198]
[   0.086154]
[    0.08611]
[   0.086066]
[   0.086022]
[   0.085977]
[   0.085934]
[    0.08589]
[   0.085846]
[   0.085802]
[   0.085758]
[   0.085714]
[   0.085671]
[   0.085627]
[   0.085583]
[    0.08554]
[   0.085496]
[   0.085453]
[   0.085409]
[   0.085366]
[   0.085322]
[   0.085279]
[   0.085236]
[   0.085193]
[    0.08515]
[   0.085106]
[   0.085063]
[    0.08502]
[   0.084977]
[   0.084934]
[   0.084891]
[   0.084848]
[   0.084806]
[   0.084763]
[    0.08472]
[   0.084677]
[   0.084635]
[   0.084592]
[    0.08455]
[   0.084507]
[   0.084465]
[   0.084422]
[    0.08438]
[   0.084337]
[   0.084295]
[   0.084253]
[   0.084211]
[   0.084168]
[   0.084126]
[   0.084084]
[   0.084042]
[      0.084]
[   0.083958]
[   0.083916]
[   0.083874]
[   0.083832]
[   0.083791]
[   0.083749]
[   0.083707]
[   0.083665]
[   0.083624]
[   0.083582]
[   0.083541]
[   0.083499]
[   0.083458]
[   0.083416]
[   0.083375]
[   0.083333]
[   0.083292]
[   0.083251]
[    0.08321]
[   0.083168]
[   0.083127]
[   0.083086]
[   0.083045]
[   0.083004]
[   0.082963]
[   0.082922]
[   0.082881]
[    0.08284]
[   0.082799]
[   0.082759]
[   0.082718]
[   0.082677]
[   0.082636]
[   0.082596]
[   0.082555]
[   0.082515]
[   0.082474]
[   0.082434]
[   0.082393]
[   0.082353]
[   0.082313]
[   0.082272]
[   0.082232]
[   0.082192]
[   0.082152]
[   0.082111]
[   0.082071]
[   0.082031]
[   0.081991]
[   0.081951]
[   0.081911]
[   0.081871]
[   0.081831]
[   0.081792]
[   0.081752]
[   0.081712]
[   0.081672]
[   0.081633]
[   0.081593]
[   0.081553]
[   0.081514]
[   0.081474]
[   0.081435]
[   0.081395]
[   0.081356]
[   0.081317]
[   0.081277]
[   0.081238]
[   0.081199]
[   0.081159]
[    0.08112]
[   0.081081]
[   0.081042]
[   0.081003]
[   0.080964]
[   0.080925]
[   0.080886]
[   0.080847]
[   0.080808]
[   0.080769]
[    0.08073]
[   0.080692]
[   0.080653]
[   0.080614]
[   0.080576]
[   0.080537]
[   0.080498]
[    0.08046]
[   0.080421]
[   0.080383]
[   0.080344]
[   0.080306]
[   0.080268]
[   0.080229]
[   0.080191]
[   0.080153]
[   0.080114]
[   0.080076]
[   0.080038]
[       0.08]
[   0.079962]
[   0.079924]
[   0.079886]
[   0.079848]
[    0.07981]
[   0.079772]
[   0.079734]
[   0.079696]
[   0.079659]
[   0.079621]
[   0.079583]
[   0.079545]
[   0.079508]
[    0.07947]
[   0.079433]
[   0.079395]
[   0.079358]
[    0.07932]
[   0.079283]
[   0.079245]
[   0.079208]
[   0.079171]
[   0.079133]
[   0.079096]
[   0.079059]
[   0.079022]
[   0.078984]
[   0.078947]
[    0.07891]
[   0.078873]
[   0.078836]
[   0.078799]
[   0.078762]
[   0.078725]
[   0.078689]
[   0.078652]
[   0.078615]
[   0.078578]
[   0.078541]
[   0.078505]
[   0.078468]
[   0.078431]
[   0.078395]
[   0.078358]
[   0.078322]
[   0.078285]
[   0.078249]
[   0.078212]
[   0.078176]
[    0.07814]
[   0.078103]
[   0.078067]
[   0.078031]
[   0.077994]
[   0.077958]
[   0.077922]
[   0.077886]
[    0.07785]
[   0.077814]
[   0.077778]
[   0.077742]
[   0.077706]
[    0.07767]
[   0.077634]
[   0.077598]
[   0.077562]
[   0.077527]
[   0.077491]
[   0.077455]
[   0.077419]
[   0.077384]
[   0.077348]
[   0.077312]
[   0.077277]
[   0.077241]
[   0.077206]
[    0.07717]
[   0.077135]
[     0.0771]
[   0.077064]
[   0.077029]
[   0.076994]
[   0.076958]
[   0.076923]
[   0.076888]
[   0.076853]
[   0.076818]
[   0.076782]
[   0.076747]
[   0.076712]
[   0.076677]
[   0.076642]
[   0.076607]
[   0.076572]
[   0.076538]
[   0.076503]
[   0.076468]
[   0.076433]
[   0.076398]
[   0.076364]
[   0.076329]
[   0.076294]
[    0.07626]
[   0.076225]
[    0.07619]
[   0.076156]
[   0.076121]
[   0.076087]
[   0.076053]
[   0.076018]
[   0.075984]
[   0.075949]
[   0.075915]
[   0.075881]
[   0.075847]
[   0.075812]
[   0.075778]
[   0.075744]
[    0.07571]
[   0.075676]
[   0.075642]
[   0.075608]
[   0.075574]
[    0.07554]
[   0.075506]
[   0.075472]
[   0.075438]
[   0.075404]
[    0.07537]
[   0.075336]
[   0.075303]
[   0.075269]
[   0.075235]
[   0.075201]
[   0.075168]
[   0.075134]
[   0.075101]
[   0.075067]
[   0.075033]
[      0.075]
[   0.074967]
[   0.074933]
[     0.0749]
[   0.074866]
[   0.074833]
[     0.0748]
[   0.074766]
[   0.074733]
[     0.0747]
[   0.074667]
[   0.074633]
[     0.0746]
[   0.074567]
[   0.074534]
[   0.074501]
[   0.074468]
[   0.074435]
[   0.074402]
[   0.074369]
[   0.074336]
[   0.074303]
[   0.074271]
[   0.074238]
[   0.074205]
[   0.074172]
[   0.074139]
[   0.074107]
[   0.074074]
[   0.074041]
[   0.074009]
[   0.073976]
[   0.073944]
[   0.073911]
[   0.073879]
[   0.073846]
[   0.073814]
[   0.073781]
[   0.073749]
[   0.073717]
[   0.073684]
[   0.073652]
[    0.07362]
[   0.073587]
[   0.073555]
[   0.073523]
[   0.073491]
[   0.073459]
[   0.073427]
[   0.073394]
[   0.073362]
[    0.07333]
[   0.073298]
[   0.073266]
[   0.073235]
[   0.073203]
[   0.073171]
[   0.073139]
[   0.073107]
[   0.073075]
[   0.073043]
[   0.073012]
[    0.07298]
[   0.072948]
[   0.072917]
[   0.072885]
[   0.072853]
[   0.072822]
[    0.07279]
[   0.072759]
[   0.072727]
[   0.072696]
[   0.072664]
[   0.072633]
[   0.072602]
[    0.07257]
[   0.072539]
[   0.072508]
[   0.072476]
[   0.072445]
[   0.072414]
[   0.072383]
[   0.072351]
[    0.07232]
[   0.072289]
[   0.072258]
[   0.072227]
[   0.072196]
[   0.072165]
[   0.072134]
[   0.072103]
[   0.072072]
[   0.072041]
[    0.07201]
[   0.071979]
[   0.071949]
[   0.071918]
[   0.071887]
[   0.071856]
[   0.071826]
[   0.071795]
[   0.071764]
[   0.071734]
[   0.071703]
[   0.071672]
[   0.071642]
[   0.071611]
[   0.071581]
[    0.07155]
[    0.07152]
[   0.071489]
[   0.071459]
[   0.071429]
[   0.071398]
[   0.071368]
[   0.071338]
[   0.071307]
[   0.071277]
[   0.071247]
[   0.071217]
[   0.071186]
[   0.071156]
[   0.071126]
[   0.071096]
[   0.071066]
[   0.071036]
[   0.071006]
[   0.070976]
[   0.070946]
[   0.070916]
[   0.070886]
[   0.070856]
[   0.070826]
[   0.070796]
[   0.070767]
[   0.070737]
[   0.070707]
[   0.070677]
[   0.070648]
[   0.070618]
[   0.070588]
[   0.070559]
[   0.070529]
[   0.070499]
[    0.07047]
[    0.07044]
[   0.070411]
[   0.070381]
[   0.070352]
[   0.070322]
[   0.070293]
[   0.070263]
[   0.070234]
[   0.070205]
[   0.070175]
[   0.070146]
[   0.070117]
[   0.070088]
[   0.070058]
[   0.070029]
[       0.07]
[   0.069971]
[   0.069942]
[   0.069913]
[   0.069884]
[   0.069854]
[   0.069825]
[   0.069796]
[   0.069767]
[   0.069738]
[    0.06971]
[   0.069681]
[   0.069652]
[   0.069623]
[   0.069594]
[   0.069565]
[   0.069536]
[   0.069508]
[   0.069479]
[    0.06945]
[   0.069421]
[   0.069393]
[   0.069364]
[   0.069336]
[   0.069307]
[   0.069278]
[    0.06925]
[   0.069221]
[   0.069193]
[   0.069164]
[   0.069136]
[   0.069107]
[   0.069079]
[   0.069051]
[   0.069022]
[   0.068994]
[   0.068966]
[   0.068937]
[   0.068909]
[   0.068881]
[   0.068852]
[   0.068824]
[   0.068796]
[   0.068768]
[    0.06874]
[   0.068712]
[   0.068684]
[   0.068655]
[   0.068627]
[   0.068599]
[   0.068571]
[   0.068543]
[   0.068515]
[   0.068488]
[    0.06846]
[   0.068432]
[   0.068404]
[   0.068376]
[   0.068348]
[    0.06832]
[   0.068293]
[   0.068265]
[   0.068237]
[    0.06821]
[   0.068182]
[   0.068154]
[   0.068127]
[   0.068099]
[   0.068071]
[   0.068044]
[   0.068016]
[   0.067989]
[   0.067961]
[   0.067934]
[   0.067906]
[   0.067879]
[   0.067851]
[   0.067824]
[   0.067797]
[   0.067769]
[   0.067742]
[   0.067715]
[   0.067687]
[    0.06766]
[   0.067633]
[   0.067606]
[   0.067578]
[   0.067551]
[   0.067524]
[   0.067497]
[    0.06747]
[   0.067443]
[   0.067416]
[   0.067389]
[   0.067362]
[   0.067335]
[   0.067308]
[   0.067281]
[   0.067254]
[   0.067227]
[     0.0672]
[   0.067173]
[   0.067146]
[   0.067119]
[   0.067093]
[   0.067066]
[   0.067039]
[   0.067012]
[   0.066986]
[   0.066959]
[   0.066932]
[   0.066906]
[   0.066879]
[   0.066852]
[   0.066826]
[   0.066799]
[   0.066773]
[   0.066746]
[    0.06672]
[   0.066693]
[   0.066667]
[    0.06664]
[   0.066614]
[   0.066587]
[   0.066561]
[   0.066535]
[   0.066508]
[   0.066482]
[   0.066456]
[   0.066429]
[   0.066403]
[   0.066377]
[   0.066351]
[   0.066325]
[   0.066298]
[   0.066272]
[   0.066246]
[    0.06622]
[   0.066194]
[   0.066562]
[   0.066535]
[   0.066509]
[   0.066483]
[   0.066457]
[   0.066431]
[   0.066405]
[   0.066379]
[   0.066353]
[   0.066327]
[   0.066301]
[   0.066275]
[   0.066249]
[   0.066223]
[   0.066197]
[   0.066171]
[   0.066145]
[   0.066119]
[   0.066093]
[   0.066067]
[   0.066041]
[   0.066016]
[    0.06599]
[   0.065964]
[   0.065938]
[   0.065913]
[   0.065887]
[   0.065861]
[   0.065836]
[    0.06581]
[   0.065784]
[   0.065759]
[   0.065733]
[   0.065708]
[   0.065682]
[   0.065657]
[   0.065631]
[   0.065606]
[    0.06558]
[   0.065555]
[   0.065529]
[   0.065504]
[   0.065478]
[   0.065453]
[   0.065428]
[   0.065402]
[   0.065377]
[   0.065352]
[   0.065327]
[   0.065301]
[   0.065276]
[   0.065251]
[   0.065226]
[   0.065201]
[   0.065175]
[    0.06515]
[   0.065125]
[     0.0651]
[   0.065075]
[    0.06505]
[   0.065025]
[      0.065]
[   0.064975]
[    0.06495]
[   0.064925]
[     0.0649]
[   0.064875]
[    0.06485]
[   0.064825]
[   0.064801]
[   0.064776]
[   0.064751]
[   0.064726]
[   0.064701]
[   0.064677]
[   0.064652]
[   0.064627]
[   0.064602]
[   0.064578]
[   0.064553]
[   0.064528]
[   0.064504]
[   0.064479]
[   0.064455]
[    0.06443]
[   0.064405]
[   0.064381]
[   0.064356]
[   0.064332]
[   0.064307]
[   0.064283]
[   0.064259]
[   0.064234]
[    0.06421]
[   0.064185]
[   0.064161]
[   0.064137]
[   0.064112]
[   0.064088]
[   0.064064]
[   0.064039]
[   0.064015]
[   0.063991]
[   0.063967]
[   0.063942]
[   0.063918]
[   0.063894]
[    0.06387]
[   0.063846]
[   0.063822]
[   0.063798]
[   0.063774]
[    0.06375]
[   0.063725]
[   0.063701]
[   0.063677]
[   0.063653]
[    0.06363]
[   0.063606]
[   0.063582]
[   0.063558]
[   0.063534]
[    0.06351]
[   0.063486]
[   0.063462]
[   0.063438]
[   0.063415]
[   0.063391]
[   0.063367]
[   0.063343]
[    0.06332]
[   0.063296]
[   0.063272]
[   0.063249]
[   0.063225]
[   0.063201]
[   0.063178]
[   0.063154]
[    0.06313]
[   0.063107]
[   0.063083]
[    0.06306]
[   0.063036]
[   0.063013]
[   0.062989]
[   0.062966]
[   0.062942]
[   0.062919]
[   0.062895]
[   0.062872]
[   0.062849]
[   0.062825]
[   0.062802]
[   0.062779]
[   0.062755]
[   0.062732]
[   0.062709]
[   0.062685]
[   0.062662]
[   0.062639]
[   0.062616]
[   0.062593]
[   0.062569]
[   0.062546]
[   0.062523]
[     0.0625]
[   0.062477]
[   0.062454]
[   0.062431]
[   0.062408]
[   0.062385]
[   0.062362]
[   0.062339]
[   0.062316]
[   0.062293]
[    0.06227]
[   0.062247]
[   0.062224]
[   0.062201]
[   0.062178]
[   0.062155]
[   0.062132]
[    0.06211]
[   0.062087]
[   0.062064]
[   0.062041]
[   0.062018]
[   0.061996]
[   0.061973]
[    0.06195]
[   0.061927]
[   0.061905]
[   0.061882]
[   0.061859]
[   0.061837]
[   0.061814]
[   0.061792]
[   0.061769]
[   0.061746]
[   0.061724]
[   0.061701]
[   0.061679]
[   0.061656]
[   0.061634]
[   0.061611]
[   0.061589]
[   0.061566]
[   0.061544]
[   0.061522]
[   0.061499]
[   0.061477]
[   0.061455]
[   0.061432]
[    0.06141]
[   0.061388]
[   0.061365]
[   0.061343]
[   0.061321]
[   0.061299]
[   0.061276]
[   0.061254]
[   0.061232]
[    0.06121]
[   0.061188]
[   0.061165]
[   0.061143]
[   0.061121]
[   0.061099]
[   0.061077]
[   0.061055]
[   0.061033]
[   0.061011]
[   0.060989]
[   0.060967]
[   0.060945]
[   0.060923]
[   0.060901]
[   0.060879]
[   0.060857]
[   0.060835]
[   0.060813]
[   0.060791]
[    0.06077]
[   0.060748]
[   0.060726]
[   0.060704]
[   0.060682]
[    0.06066]
[   0.060639]
[   0.060617]
[   0.060595]
[   0.060573]
[   0.060552]
[    0.06053]
[   0.060508]
[   0.060487]
[   0.060465]
[   0.060443]
[   0.060422]
[     0.0604]
[   0.060379]
[   0.060357]
[   0.060336]
[   0.060314]
[   0.060293]
[   0.060271]
[    0.06025]
[   0.060228]
[   0.060207]
[   0.060185]
[   0.060164]
[   0.060142]
[   0.060121]
[     0.0601]
[   0.060078]
[   0.060057]
[   0.060036]
[   0.060014]
[   0.059993]
[   0.059972]
[    0.05995]
[   0.059929]
[   0.059908]
[   0.059887]
[   0.059865]
[   0.059844]
[   0.059823]
[   0.059802]
[   0.059781]
[    0.05976]
[   0.059738]
[   0.059717]
[   0.059696]
[   0.059675]
[   0.059654]
[   0.059633]
[   0.059612]
[   0.059591]
[    0.05957]
[   0.059549]
[   0.059528]
[   0.059507]
[   0.059486]
[   0.059465]
[   0.059444]
[   0.059423]
[   0.059402]
[   0.059382]
[   0.059361]
[    0.05934]
[   0.059319]
[   0.059298]
[   0.059277]
[   0.059257]
[   0.059236]
[   0.059215]
[   0.059194]
[   0.059174]
[   0.059153]
[   0.059132]
[   0.059112]
[   0.059091]
[    0.05907]
[    0.05905]
[   0.059029]
[   0.059008]
[   0.058988]
[   0.058967]
[   0.058947]
[   0.058926]
[   0.058906]
[   0.058885]
[   0.058865]
[   0.058844]
[   0.058824]
[   0.058803]
