[    0.64722]
[    0.79587           0           0           0           0     0.70118           0           0]
[    0.50497     0.53561     0.41565]
[    0.50219           0     0.52684           0      0.5571           0]
[     0.5731           0     0.38114]
[    0.72763     0.75498]
[    0.66938           0]
[     0.8148]
[    0.51759     0.70693]
[    0.42084           0     0.43684           0]
[    0.85896           0           0]
[    0.43423     0.55303]
[    0.74734           0     0.42864           0           0           0           0           0           0           0           0           0           0           0           0           0           0           0           0           0           0           0]
[     0.9093]
[    0.64109           0     0.25043           0]
[    0.84556           0           0]
[    0.36833     0.28049]
[    0.45928           0           0           0]
[      0.786    0.034171           0]
[    0.76237           0           0           0     0.22334]
[    0.89495      0.8257]
[    0.72504     0.69296           0           0]
[     0.5282     0.57965]
[    0.82711           0]
[    0.51577     0.31362]
[    0.64755     0.55459     0.39653]
[    0.65489           0           0           0]
[     0.9078           0]
[    0.61367           0     0.53148]
[    0.66558     0.48761]
[    0.55367]
[    0.58749      0.6137]
[    0.60513           0           0           0]
[    0.66394           0           0]
[    0.53051           0]
[    0.71934]
[    0.41738     0.63306           0     0.46081           0]
[    0.80061           0     0.40199]
[    0.78104      0.5281]
[    0.48711           0     0.51795]
[    0.76969     0.22636]
[    0.83134           0           0]
[    0.73528           0]
[    0.59995     0.69014           0           0]
[    0.62122           0]
[     0.6961]
[    0.41049           0           0           0           0     0.28206]
[    0.50595]
[    0.70556]
[    0.65619     0.34352           0      0.6231     0.42666     0.39691           0           0     0.60276]
[    0.36033     0.63277           0           0     0.34399           0     0.30276]
[    0.55823]
[    0.93418     0.49175           0]
[          0     0.37623     0.46358    0.044147      0.3972]
[    0.59882]
[    0.69415     0.63772           0]
[    0.70594       0.514]
[    0.57406           0           0     0.62479           0]
[    0.81744           0]
[    0.53333           0           0           0           0           0           0]
[    0.75156           0           0           0]
[    0.72156]
[    0.76787]
[    0.65861           0           0           0]
[    0.89507     0.85869     0.71489     0.87678     0.45813     0.43979     0.87321     0.33769]
[    0.61186     0.74656           0     0.65064]
[    0.53585     0.65409     0.42587     0.22814     0.72439]
[    0.93069]
[    0.80013     0.44917]
[    0.85884     0.48096]
[    0.90051]
[    0.84036]
[    0.87529]
[       0.53     0.17435           0    0.048899           0     0.19643     0.43752]
[    0.74579           0           0]
[    0.92832     0.33911]
[    0.86725           0]
[    0.38755     0.38998]
[          0     0.45118     0.71486           0]
[    0.60143]
[     0.7058]
[          0     0.65527           0     0.42988     0.67149]
[    0.56321     0.77253           0]
[    0.47295      0.3848     0.55648     0.44848     0.37122     0.47682]
[     0.7836           0           0     0.71037]
[    0.76571]
[    0.69765]
[     0.8117           0           0]
[    0.58315     0.41824           0     0.81013           0]
[    0.81522           0           0           0           0]
[    0.61337     0.63605]
[    0.71689     0.75141]
[     0.8203     0.69361     0.46036]
[    0.71581     0.78772           0           0     0.46795]
[    0.93219     0.83839     0.29567]
[    0.41554     0.33991     0.45514]
[    0.77758]
[    0.45016     0.18197]
[    0.74431           0           0]
[    0.74745           0]
