[          1]
[          1]
[          1]
[          1]
[          1]
[          1]
[          1]
[          1]
[          1]
[          1]
[          1]
[          1]
[          1]
[          1]
[          1]
[          1]
[          1]
[          1]
[          1]
[          1]
[          1]
[          1]
[          1]
[          1]
[          1]
[          1]
[          1]
[          1]
[          1]
[          1]
[          1]
[          1]
[          1]
[          1]
[          1]
[          1]
[          1]
[          1]
[          1]
[          1]
[          1]
[          1]
[          1]
[          1]
[          1]
[          1]
[          1]
[          1]
[          1]
[          1]
[          1]
[          1]
[          1]
[          1]
[          1]
[          1]
[          1]
[          1]
[          1]
[          1]
[          1]
[          1]
[          1]
[          1]
[          1]
[          1]
[          1]
[          1]
[          1]
[          1]
[          1]
[          1]
[          1]
[          1]
[          1]
[          1]
[          1]
[          1]
[          1]
[          1]
[          1]
[          1]
[          1]
[          1]
[          1]
[          1]
[          1]
[          1]
[          1]
[          1]
[          1]
[          1]
[          1]
[          1]
[          1]
[          1]
[          1]
[          1]
[          1]
[          1]
[          1]
[          1]
[          1]
[          1]
[          1]
[          1]
[          1]
[          1]
[          1]
[          1]
[          1]
[          1]
[          1]
[          1]
[          1]
[          1]
[          1]
[          1]
[          1]
[          1]
[          1]
[          1]
[          1]
[          1]
[          1]
[          1]
[          1]
[          1]
[          1]
[          1]
[          1]
[          1]
[          1]
[    0.99254]
[    0.99259]
[    0.99265]
[     0.9927]
[    0.99275]
[    0.99281]
[    0.99286]
[    0.99291]
[    0.99296]
[    0.99301]
[    0.99306]
[     0.9931]
[    0.99315]
[     0.9932]
[    0.99324]
[    0.99329]
[    0.98667]
[    0.98675]
[    0.98684]
[    0.98693]
[    0.98701]
[     0.9871]
[    0.98718]
[    0.98726]
[    0.98734]
[    0.98742]
[     0.9875]
[    0.98758]
[    0.98765]
[    0.98773]
[     0.9878]
[    0.98788]
[    0.98795]
[    0.98802]
[     0.9881]
[    0.98817]
[    0.98824]
[     0.9883]
[    0.98837]
[    0.98844]
[    0.98851]
[    0.98857]
[    0.98864]
[    0.98305]
[    0.98315]
[    0.98324]
[    0.98333]
[    0.98343]
[    0.98352]
[    0.97814]
[    0.97826]
[    0.97838]
[    0.97849]
[    0.97861]
[    0.97872]
[    0.97884]
[    0.97895]
[    0.97906]
[    0.97917]
[    0.97927]
[    0.97423]
[    0.97436]
[    0.97449]
[    0.97462]
[    0.97475]
[    0.97487]
[      0.975]
[    0.97512]
[    0.97525]
[    0.97537]
[    0.97549]
[    0.97561]
[    0.97573]
[    0.97585]
[    0.97115]
[    0.97129]
[    0.97143]
[    0.97156]
[     0.9717]
[    0.97183]
[    0.97196]
[    0.97209]
[    0.97222]
[    0.97235]
[    0.97248]
[     0.9726]
[    0.97273]
[    0.96833]
[    0.96847]
[    0.96861]
[    0.96875]
[    0.96889]
[    0.96903]
[    0.96916]
[     0.9693]
[    0.96943]
[    0.96957]
[     0.9697]
[    0.96983]
[    0.96567]
[    0.96581]
[    0.96596]
[    0.96186]
[    0.95781]
[    0.95798]
[    0.95816]
[    0.95833]
[    0.95851]
[    0.95868]
[    0.95885]
[    0.95902]
[     0.9551]
[    0.95528]
[    0.95142]
[    0.95161]
[    0.95181]
[      0.952]
[    0.95219]
[    0.95238]
[    0.95257]
[    0.95276]
[    0.95294]
[    0.95312]
[    0.94942]
[    0.94961]
[    0.94595]
[    0.94615]
[    0.94636]
[    0.94656]
[    0.94677]
[    0.94697]
[    0.94717]
[    0.94737]
[    0.94757]
[    0.94776]
[    0.94424]
[    0.94444]
[    0.94096]
[    0.94118]
[    0.94139]
[    0.93796]
[    0.93455]
[    0.93116]
[     0.9278]
[    0.92446]
[    0.92115]
[    0.91786]
[    0.91459]
[    0.91135]
[    0.91166]
[    0.90845]
[    0.90526]
[     0.9021]
[    0.90244]
[    0.89931]
[    0.89619]
[     0.8931]
[    0.89003]
[    0.89041]
[    0.88737]
[    0.88776]
[    0.88475]
[    0.88176]
[    0.87879]
[    0.87584]
[    0.87291]
[       0.87]
[    0.86711]
[    0.86424]
[    0.86139]
[    0.85855]
[    0.85574]
[    0.85294]
[    0.85016]
[     0.8474]
[    0.84466]
[    0.84194]
[    0.83923]
[    0.83654]
[    0.83387]
[    0.83121]
[    0.82857]
[    0.82595]
[    0.82334]
[    0.82075]
[    0.81818]
[    0.81563]
[    0.81308]
[    0.81056]
[    0.80805]
[    0.80556]
[    0.80308]
[    0.80061]
[    0.79817]
[    0.79573]
[    0.79331]
[    0.79091]
[    0.78852]
[    0.78614]
[    0.78378]
[    0.78144]
[     0.7791]
[    0.77679]
[    0.77448]
[    0.77219]
[    0.76991]
[    0.76765]
[     0.7654]
[    0.76316]
[    0.76093]
[    0.75872]
[    0.75652]
[    0.75434]
[    0.75216]
[       0.75]
[    0.74785]
[    0.74571]
[    0.74359]
[    0.74148]
[    0.73938]
[    0.73729]
[    0.73521]
[    0.73315]
[    0.73109]
[    0.73184]
[    0.72981]
[    0.73056]
[    0.72853]
[    0.72652]
[    0.72452]
[    0.72253]
[    0.72055]
[    0.71858]
[    0.71662]
[    0.71467]
[    0.71274]
[    0.71081]
[    0.70889]
[    0.70699]
[    0.70509]
[    0.70321]
[    0.70133]
[    0.69947]
[    0.69761]
[    0.69577]
[    0.69393]
[    0.69211]
[    0.69029]
[    0.68848]
[    0.68668]
[     0.6849]
[    0.68312]
[    0.68135]
[    0.67959]
[    0.67784]
[    0.67609]
[    0.67436]
[    0.67263]
[    0.67092]
[    0.66921]
[    0.66751]
[    0.66582]
[    0.66414]
[    0.66247]
[     0.6608]
[    0.65915]
[     0.6575]
[    0.65586]
[    0.65423]
[    0.65261]
[    0.65099]
[    0.64938]
[    0.64778]
[    0.64619]
[    0.64461]
[    0.64303]
[    0.64146]
[     0.6399]
[    0.63835]
[     0.6368]
[    0.63527]
[    0.63373]
[    0.63221]
[     0.6307]
[    0.62919]
[    0.62768]
[    0.62619]
[     0.6247]
[    0.62322]
[    0.62175]
[    0.62028]
[    0.61882]
[    0.61737]
[    0.61593]
[    0.61449]
[    0.61305]
[    0.61163]
[    0.61021]
[     0.6088]
[    0.60739]
[    0.60599]
[     0.6046]
[    0.60321]
[    0.60183]
[    0.60046]
[    0.59909]
[    0.59773]
[    0.59637]
[    0.59502]
[    0.59368]
[    0.59234]
[    0.59101]
[    0.58969]
[    0.58837]
[    0.58705]
[    0.58575]
[    0.58444]
[    0.58315]
[    0.58186]
[    0.58057]
[     0.5793]
[    0.57802]
[    0.57675]
[    0.57549]
[    0.57424]
[    0.57298]
[    0.57174]
[     0.5705]
[    0.56926]
[    0.56803]
[    0.56681]
[    0.56559]
[    0.56438]
[    0.56317]
[    0.56197]
[    0.56077]
[    0.55957]
[    0.55839]
[     0.5572]
[    0.55603]
[    0.55485]
[    0.55368]
[    0.55252]
[    0.55136]
[    0.55021]
[    0.54906]
[    0.54792]
[    0.54678]
[    0.54564]
[    0.54451]
[    0.54339]
[    0.54227]
[    0.54115]
[    0.54004]
[    0.53893]
[    0.53783]
[    0.53673]
[    0.53564]
[    0.53455]
[    0.53347]
[    0.53239]
[    0.53131]
[    0.53024]
[    0.52918]
[    0.52811]
[    0.52705]
[      0.526]
[    0.52495]
[     0.5239]
[    0.52286]
[    0.52183]
[    0.52079]
[    0.51976]
[    0.51874]
[    0.51772]
[     0.5167]
[    0.51569]
[    0.51468]
[    0.51367]
[    0.51267]
[    0.51167]
[    0.51068]
[    0.50969]
[     0.5087]
[    0.50772]
[    0.50674]
[    0.50577]
[     0.5048]
[    0.50383]
[    0.50287]
[    0.50191]
[    0.50095]
[        0.5]
[    0.49905]
[    0.49811]
[    0.49716]
[    0.49623]
[    0.49529]
[    0.49436]
[    0.49343]
[    0.49251]
[    0.49159]
[    0.49067]
[    0.48976]
[    0.48885]
[    0.48794]
[    0.48704]
[    0.48614]
[    0.48524]
[    0.48435]
[    0.48346]
[    0.48257]
[    0.48168]
[     0.4808]
[    0.47993]
[    0.47905]
[    0.47818]
[    0.47731]
[    0.47645]
[    0.47559]
[    0.47473]
[    0.47387]
[    0.47302]
[    0.47217]
[    0.47133]
[    0.47048]
[    0.46964]
[    0.46881]
[    0.46797]
[    0.46714]
[    0.46631]
[    0.46549]
[    0.46466]
[    0.46384]
[    0.46303]
[    0.46221]
[     0.4614]
[     0.4606]
[    0.45979]
[    0.45899]
[    0.45819]
[    0.45739]
[     0.4566]
[    0.45581]
[    0.45502]
[    0.45423]
[    0.45345]
[    0.45267]
[    0.45189]
[    0.45111]
[    0.45034]
[    0.44957]
[    0.44881]
[    0.44804]
[    0.44728]
[    0.44652]
[    0.44576]
[    0.44501]
[    0.44426]
[    0.44351]
[    0.44276]
[    0.44202]
[    0.44128]
[    0.44054]
[     0.4398]
[    0.43907]
[    0.43833]
[     0.4376]
[    0.43688]
[    0.43615]
[    0.43543]
[    0.43471]
[    0.43399]
[    0.43328]
[    0.43257]
[    0.43186]
[    0.43115]
[    0.43044]
[    0.42974]
[    0.42904]
[    0.42834]
[    0.42764]
[    0.42695]
[    0.42626]
[    0.42557]
[    0.42488]
[    0.42419]
[    0.42351]
[    0.42283]
[    0.42215]
[    0.42147]
[     0.4208]
[    0.42013]
[    0.41946]
[    0.41879]
[    0.41812]
[    0.41746]
[     0.4168]
[    0.41614]
[    0.41548]
[    0.41483]
[    0.41417]
[    0.41352]
[    0.41287]
[    0.41223]
[    0.41158]
[    0.41094]
[     0.4103]
[    0.40966]
[    0.40902]
[    0.40839]
[    0.40775]
[    0.40712]
[    0.40649]
[    0.40586]
[    0.40524]
[    0.40462]
[    0.40399]
[    0.40337]
[    0.40276]
[    0.40214]
[    0.40153]
[    0.40091]
[     0.4003]
[     0.3997]
[    0.39909]
[    0.39848]
[    0.39788]
[    0.39728]
[    0.39668]
[    0.39608]
[    0.39549]
[    0.39489]
[     0.3943]
[    0.39371]
[    0.39312]
[    0.39254]
[    0.39195]
[    0.39137]
[    0.39079]
[    0.39021]
[    0.38963]
[    0.38905]
[    0.38848]
[    0.38791]
[    0.38733]
[    0.38676]
[     0.3862]
[    0.38563]
[    0.38507]
[     0.3845]
[    0.38394]
[    0.38338]
[    0.38282]
[    0.38227]
[    0.38171]
[    0.38116]
[    0.38061]
[    0.38006]
[    0.37951]
[    0.37896]
[    0.37842]
[    0.37787]
[    0.37733]
[    0.37679]
[    0.37625]
[    0.37571]
[    0.37518]
[    0.37464]
[    0.37411]
[    0.37358]
[    0.37305]
[    0.37252]
[    0.37199]
[    0.37147]
[    0.37094]
[    0.37042]
[     0.3699]
[    0.36938]
[    0.36886]
[    0.36835]
[    0.36783]
[    0.36732]
[    0.36681]
[     0.3663]
[    0.36579]
[    0.36528]
[    0.36477]
[    0.36427]
[    0.36376]
[    0.36326]
[    0.36276]
[    0.36226]
[    0.36176]
[    0.36126]
[    0.36077]
[    0.36027]
[    0.35978]
[    0.35929]
[     0.3588]
[    0.35831]
[    0.35782]
[    0.35734]
[    0.35685]
[    0.35637]
[    0.35589]
[    0.35541]
[    0.35493]
[    0.35445]
[    0.35397]
[    0.35349]
[    0.35302]
[    0.35255]
[    0.35207]
[     0.3516]
[    0.35113]
[    0.35067]
[     0.3502]
[    0.34973]
[    0.34927]
[    0.34881]
[    0.34834]
[    0.34788]
[    0.34742]
[    0.34697]
[    0.34651]
[    0.34605]
[     0.3456]
[    0.34514]
[    0.34469]
[    0.34424]
[    0.34379]
[    0.34334]
[    0.34289]
[    0.34245]
[      0.342]
[    0.34156]
[    0.34112]
[    0.34067]
[    0.34023]
[    0.33979]
[    0.33935]
[    0.33892]
[    0.33848]
[    0.33805]
[    0.33761]
[    0.33718]
[    0.33675]
[    0.33632]
[    0.33589]
[    0.33546]
[    0.33503]
[    0.33461]
[    0.33418]
[    0.33376]
[    0.33333]
[    0.33291]
[    0.33249]
[    0.33207]
[    0.33165]
[    0.33123]
[    0.33082]
[     0.3304]
[    0.32999]
[    0.32957]
[    0.32916]
[    0.32875]
[    0.32834]
[    0.32793]
[    0.32752]
[    0.32711]
[    0.32671]
[     0.3263]
[     0.3259]
[     0.3255]
[    0.32509]
[    0.32469]
[    0.32429]
[    0.32389]
[    0.32349]
[     0.3231]
[     0.3227]
[     0.3223]
[    0.32191]
[    0.32152]
[    0.32112]
[    0.32073]
[    0.32034]
[    0.31995]
[    0.31956]
[    0.31917]
[    0.31879]
[     0.3184]
[    0.31802]
[    0.31763]
[    0.31725]
[    0.31687]
[    0.31649]
[    0.31611]
[    0.31573]
[    0.31535]
[    0.31497]
[    0.31459]
[    0.31422]
[    0.31384]
[    0.31347]
[     0.3131]
[    0.31272]
[    0.31235]
[    0.31198]
[    0.31161]
[    0.31124]
[    0.31087]
[    0.31051]
[    0.31014]
[    0.30978]
[    0.30941]
[    0.30905]
[    0.30869]
[    0.30832]
[    0.30796]
[     0.3076]
[    0.30724]
[    0.30688]
[    0.30653]
[    0.30617]
[    0.30581]
[    0.30546]
[     0.3051]
[    0.30475]
[     0.3044]
[    0.30405]
[     0.3037]
[    0.30334]
[      0.303]
[    0.30265]
[     0.3023]
[    0.30195]
[    0.30161]
[    0.30126]
[    0.30092]
[    0.30057]
[    0.30023]
[    0.29989]
[    0.29954]
[     0.2992]
[    0.29886]
[    0.29852]
[    0.29819]
[    0.29785]
[    0.29751]
[    0.29718]
[    0.29684]
[    0.29651]
[    0.29617]
[    0.29584]
[    0.29551]
[    0.29517]
[    0.29484]
[    0.29451]
[    0.29418]
[    0.29385]
[    0.29353]
[     0.2932]
[    0.29287]
[    0.29255]
