[    0.40967     0.39681     0.36401     0.73168     0.46929     0.65266     0.64382           0           0           0           0           0           0     0.32397           0           0           0           0           0           0]
[    0.71972     0.55728     0.63065           0]
[    0.74547     0.79925      0.6732     0.62163           0     0.76769           0      0.5797           0     0.66391     0.64653       0.282           0     0.71622     0.26195    0.022931    0.034865     0.34061    0.092716      0.4301           0     0.75072     0.61064     0.81714     0.20161     0.72272
    0.037225     0.58563     0.28877           0           0     0.31956     0.47323    0.051688     0.67311     0.17389     0.34217           0           0           0           0           0]
[    0.76937           0           0           0     0.50383           0     0.62698           0           0           0           0           0           0]
[    0.70468     0.57559     0.34737           0           0           0           0           0           0           0           0           0           0           0           0           0           0           0     0.66801     0.46382           0           0           0]
[    0.41695     0.55231     0.67401     0.62916      0.6349           0           0           0           0     0.57894           0     0.63036           0           0           0           0           0]
[    0.71315           0           0           0           0           0           0           0           0           0           0           0           0           0           0]
[     0.5547      0.5812     0.44485     0.54496           0           0           0     0.47226           0           0           0]
[          0      0.7492     0.80708      0.7062           0]
[    0.85426           0           0           0           0     0.21824     0.04322           0           0           0           0           0           0     0.28872           0           0           0]
[     0.6185           0           0           0           0           0           0           0           0           0           0]
[    0.65607     0.53642     0.59297      0.4572     0.61403           0           0     0.52591      0.5966           0           0           0     0.50908        0.53     0.37284           0     0.62627           0           0     0.54273           0           0           0           0]
[    0.82268     0.61918      0.5544      0.8242     0.46872     0.48983     0.35115           0           0     0.67814           0    0.061631     0.69001           0      0.5737           0     0.77312]
[    0.39496     0.27727     0.33277           0     0.53033           0           0           0     0.37017           0           0           0           0     0.31217      0.3478     0.20511           0           0     0.25765     0.45574           0           0           0           0           0           0
           0           0           0           0]
[          0     0.55389     0.60828     0.63206     0.22181           0     0.51222     0.41073     0.24498     0.36259           0           0     0.19995           0     0.40414     0.22344     0.38465           0]
[     0.8405     0.66883     0.78045     0.63611           0           0           0           0           0]
[    0.59434     0.48419     0.15431     0.49144           0     0.22243     0.24618     0.39101           0      0.2247     0.29541           0     0.39957           0           0           0           0     0.39772           0           0]
[    0.74324     0.76446     0.64018     0.71762           0     0.69127           0           0    0.012845    0.046879           0           0     0.74152           0    0.063813           0           0           0     0.14543           0           0     0.75986]
[     0.6229     0.60371     0.72336     0.68924     0.60764     0.49411     0.66826     0.32721     0.63433     0.21553     0.60238           0     0.62195           0     0.30902     0.74546     0.66377     0.35192           0     0.62733           0     0.21535     0.16946     0.63155     0.52985           0
     0.62849     0.49896     0.53303           0     0.16273     0.51585     0.42664           0           0]
[    0.54661           0     0.56046           0           0           0     0.33899           0           0           0           0     0.14431      0.1923           0           0           0           0           0           0     0.48086]
[    0.73788           0           0           0           0           0      0.7644           0           0           0           0           0           0           0           0           0]
[    0.75052     0.75902           0           0           0           0           0           0           0           0           0           0           0           0           0           0]
[    0.63887     0.45574     0.25125     0.36598           0    0.023086           0           0     0.30572     0.73679           0           0     0.25324           0    0.018679           0     0.17841           0           0    0.021541     0.53834           0           0   0.0022437           0    0.023024
           0]
[    0.77881           0           0           0           0           0           0           0           0           0           0           0           0           0           0           0           0]
[    0.81176     0.85247     0.83537           0           0           0           0           0           0     0.36465           0           0]
[    0.93709           0           0           0           0           0           0           0           0           0           0]
[    0.56399     0.69386     0.72563           0      0.4838     0.30874           0     0.49156           0           0           0           0           0     0.83274           0           0]
[    0.44111           0           0           0           0           0     0.47233           0           0           0           0           0           0           0           0           0           0]
[    0.68162     0.50406     0.75597     0.28981     0.53314     0.50747           0           0     0.41185           0           0     0.75162           0           0           0           0           0           0           0           0     0.38763     0.56266]
[    0.75874     0.79277     0.76447           0     0.76625]
[    0.65992           0    0.050566      0.1038           0           0     0.64995           0           0           0     0.23368           0]
[    0.70999           0     0.46522     0.76263           0           0]
[    0.57599     0.48057     0.64899           0    0.090162           0     0.51628     0.44382   0.0010801           0           0]
[    0.70078     0.48859      0.8333     0.72158     0.28035     0.67518     0.61536           0     0.43481     0.36286           0     0.70849           0           0           0      0.5993     0.68418     0.21151           0     0.53997           0     0.60689]
[    0.72865       0.829           0           0           0           0           0           0           0    0.014388           0     0.72284           0    0.048327           0           0           0]
[          0     0.58401     0.33022           0           0           0           0           0           0           0           0           0           0           0           0           0           0]
[    0.87612     0.77544     0.80104     0.56396           0           0           0           0     0.33742     0.62704]
[    0.40466     0.39388     0.47724     0.64059     0.67675           0           0     0.16824     0.21451           0     0.12898           0           0           0     0.64744           0     0.30883           0           0     0.54965]
[    0.78413       0.784     0.47585           0           0           0     0.48221           0           0           0           0           0           0           0           0           0]
[     0.5549     0.58566     0.73662     0.67315      0.5146        0.56     0.37834           0     0.47626     0.42236]
[    0.77326     0.67776    0.018894           0           0]
[    0.63893     0.69563     0.75754     0.57921           0           0           0           0           0           0           0]
[    0.69625           0           0           0           0           0           0           0           0           0]
[    0.79252       0.806      0.4369     0.50358           0     0.49608           0           0           0           0           0           0           0           0     0.53651       0.417           0    0.052427           0           0           0           0           0    0.058452           0           0
           0           0]
[    0.74455     0.81444     0.88061     0.77384     0.83301     0.87817           0           0     0.77058           0   0.0030985           0    0.019676           0           0]
[    0.60232       0.454     0.58472     0.68491     0.59128     0.46517     0.31867     0.53166     0.48001     0.48452           0     0.53944     0.40199           0           0]
[    0.44558     0.53322     0.59026     0.10409     0.55621           0           0           0           0           0     0.63515           0           0           0           0]
[    0.52609     0.46024           0           0           0           0     0.49369           0           0           0           0           0           0           0           0           0]
[    0.77002     0.59008     0.39844      0.4821           0     0.27163     0.11242     0.50913           0           0           0    0.025029           0     0.41852     0.49567     0.23437           0      0.6581]
[    0.56225     0.68975     0.61459    0.069565     0.47446           0           0    0.070408    0.046305           0           0     0.68879     0.47083]
[    0.80726      0.5193      0.3897           0     0.69824           0           0     0.33366           0     0.38274           0           0           0           0           0     0.66236           0           0           0           0]
[    0.87319      0.7415     0.82445           0           0           0           0           0           0           0]
[    0.82925     0.79389           0           0           0           0           0           0]
[    0.65407     0.67901     0.88328     0.04223    0.057082    0.012649     0.65597           0           0           0           0           0           0]
[    0.71404     0.81864      0.6504      0.5618           0           0           0           0           0           0           0           0           0           0           0]
[    0.44332      0.3366      0.6734     0.83782     0.43778      0.3943     0.39142           0     0.25553     0.52601           0           0           0           0     0.30412           0           0           0     0.39403           0]
[    0.71876     0.64191           0           0           0           0           0           0           0     0.74465           0           0     0.72153           0           0           0           0           0]
[    0.70361     0.73929           0     0.03076           0     0.66646     0.73921           0     0.45109      0.2523           0     0.70195           0     0.50783           0           0           0           0     0.57113           0           0           0           0]
[    0.66935     0.65384     0.83952           0           0           0           0           0           0           0           0     0.65663]
[     0.8352     0.77563     0.59985     0.81035     0.33278     0.73414           0      0.8679           0     0.37756           0           0           0           0           0           0           0]
[    0.75165     0.76248     0.72867     0.54901     0.57513     0.57847     0.65688     0.69026     0.22007           0           0           0   0.0053836           0     0.58467           0]
[     0.7693     0.58592           0     0.64251           0     0.41311           0     0.66692           0     0.32053           0           0           0           0           0           0           0     0.27779]
[    0.69645     0.72385     0.84412     0.80024     0.70253     0.49334           0           0           0           0     0.15711]
[    0.50481     0.52251     0.63247           0           0           0           0     0.47162     0.48771           0           0           0           0           0           0           0           0           0           0           0           0]
[    0.68956           0     0.58579           0    0.097429           0]
[    0.70566           0           0           0           0           0           0           0     0.67186           0           0     0.69663           0           0           0           0    0.052372           0           0           0           0           0]
[          0     0.60721           0     0.76762           0     0.71118     0.51578           0           0           0     0.62372           0           0           0           0           0           0     0.63064     0.59337           0]
[          0     0.72844     0.82287     0.72752      0.7671           0     0.58036     0.71561           0     0.72846     0.51826     0.85938     0.63956           0           0]
[    0.45682     0.46035     0.33965     0.67763           0     0.30638           0      0.2295     0.48208    0.049511     0.38197     0.63305     0.40916           0           0           0           0     0.38807           0]
[    0.70514     0.76147           0           0           0           0           0           0     0.73135     0.78253     0.44704           0           0           0]
[     0.7918     0.79668   0.0092835           0           0           0           0           0           0]
[    0.70649     0.62536           0           0           0           0           0           0           0           0           0]
[    0.78071     0.75112     0.89786     0.45292     0.64303     0.53392     0.74513     0.52043      0.7109     0.74735     0.29523    0.071387     0.33374           0           0           0           0]
[     0.7674     0.67372     0.72893     0.61724     0.72378     0.60777     0.37165     0.86312     0.36131     0.71621           0     0.56625     0.37652     0.44167           0           0           0     0.45909           0     0.47021           0     0.49623           0           0           0     0.74242
           0           0           0           0     0.74785           0           0     0.39784           0     0.30363]
[    0.71186           0           0           0           0           0     0.76581           0           0           0           0           0           0           0           0           0     0.45054           0           0           0           0           0           0           0           0]
[    0.79378     0.56003     0.46856           0     0.44417     0.90114           0           0           0           0           0           0     0.63762           0]
[    0.44455     0.41809     0.83933           0     0.61799    0.032355           0           0       0.121           0           0           0           0     0.54049           0           0    0.061849     0.34311           0           0]
[    0.57163      0.8029     0.81641     0.89445           0           0           0           0           0           0           0           0           0           0           0           0           0           0           0           0           0           0           0           0           0           0
           0     0.70955    0.036289]
[    0.63642     0.81148           0           0           0           0           0           0     0.38238           0           0           0           0           0           0           0           0           0           0     0.63019           0]
[    0.73325     0.79916     0.71354     0.76594           0           0           0     0.80311           0     0.60457     0.85709]
[    0.72201     0.74913     0.71926           0           0           0           0           0           0           0]
[    0.87611     0.42545           0     0.42145    0.040689     0.75023           0           0           0           0     0.55048           0     0.45017     0.23412           0           0     0.26785           0           0       0.228           0     0.88257           0           0           0     0.54619
           0           0      0.3639           0           0           0]
[    0.77369     0.87626     0.84002     0.92505           0           0           0           0           0           0           0           0           0           0           0           0           0           0           0]
[    0.65238     0.80517      0.8695     0.56681     0.67871           0           0           0           0           0           0           0           0           0           0           0           0           0           0]
[    0.66498           0     0.57294           0           0           0           0      0.5023           0           0           0           0     0.56626           0]
[    0.73154     0.80116     0.75994     0.65641     0.79873     0.57351     0.57724           0           0     0.80284           0     0.65792           0     0.44544           0]
[    0.59299     0.68265     0.58525           0           0           0           0]
[    0.50983     0.54906           0     0.60155           0     0.64599     0.50107           0]
[    0.37277     0.38153     0.37568           0           0           0      0.6066           0           0     0.32495           0           0           0           0           0           0           0           0           0     0.35865           0           0]
[     0.7604     0.60106      0.8325     0.89702           0           0           0           0           0           0           0           0]
[    0.55881           0           0           0           0           0           0           0           0     0.52144]
[    0.76868     0.85356     0.62726           0           0      0.5097           0     0.12783      0.3406           0           0           0           0           0           0]
[    0.79277     0.78555     0.85844     0.77801           0           0           0           0           0           0           0           0     0.19233     0.74898           0           0     0.49064]
[    0.65341     0.57039     0.52217      0.6342      0.6017           0     0.41965           0           0           0     0.69467           0           0           0]
[     0.8597     0.80877     0.81796     0.92401     0.80791     0.68299     0.89645     0.84543     0.62175     0.76984     0.67172     0.75877     0.54998     0.57775     0.83908     0.75548     0.64569      0.4946     0.30407     0.20421     0.83438     0.64669     0.83453     0.28333           0     0.88615
      0.8358           0     0.76844]
[     0.7377     0.80255     0.79005           0           0     0.04435           0]
[    0.68762           0           0           0           0           0           0           0           0           0           0           0           0           0]
[    0.72155      0.6768     0.65171           0           0     0.71885     0.68817     0.71007           0           0           0     0.45874     0.43113]
[    0.79067     0.81118     0.64586           0           0           0           0           0           0           0           0]
[    0.82197     0.74996     0.55923       0.753     0.85636           0           0     0.35847           0           0     0.12558           0           0    0.084776]
