[          1]
[          1]
[          1]
[          1]
[          1]
[          1]
[          1]
[          1]
[          1]
[          1]
[          1]
[          1]
[          1]
[          1]
[          1]
[          1]
[          1]
[          1]
[          1]
[          1]
[          1]
[          1]
[          1]
[          1]
[          1]
[          1]
[          1]
[          1]
[          1]
[          1]
[          1]
[    0.96875]
[     0.9697]
[    0.97059]
[    0.97143]
[    0.97222]
[    0.97297]
[    0.97368]
[    0.97436]
[      0.975]
[    0.97561]
[    0.97619]
[    0.97674]
[    0.97727]
[    0.97778]
[    0.97826]
[    0.97872]
[    0.97917]
[    0.97959]
[       0.98]
[    0.98039]
[    0.98077]
[    0.98113]
[    0.96296]
[    0.96364]
[    0.96429]
[    0.96491]
[    0.96552]
[    0.94915]
[       0.95]
[    0.95082]
[    0.93548]
[    0.93651]
[     0.9375]
[    0.93846]
[    0.93939]
[     0.9403]
[    0.94118]
[    0.94203]
[    0.94286]
[    0.94366]
[    0.94444]
[    0.94521]
[    0.94595]
[    0.94667]
[    0.94737]
[    0.94805]
[    0.94872]
[    0.94937]
[     0.9375]
[    0.93827]
[    0.93902]
[    0.93976]
[    0.94048]
[    0.94118]
[    0.94186]
[    0.94253]
[    0.94318]
[    0.94382]
[    0.94444]
[    0.94505]
[    0.94565]
[    0.94624]
[    0.94681]
[    0.94737]
[    0.94792]
[    0.94845]
[    0.94898]
[    0.93939]
[       0.94]
[    0.94059]
[    0.94118]
[    0.94175]
[    0.94231]
[    0.94286]
[     0.9434]
[    0.93458]
[    0.93519]
[    0.92661]
[    0.92727]
[    0.92793]
[    0.92857]
[     0.9292]
[    0.92982]
[    0.93043]
[    0.93103]
[    0.93162]
[     0.9322]
[    0.93277]
[    0.93333]
[    0.93388]
[    0.92623]
[    0.92683]
[    0.92742]
[      0.928]
[    0.92857]
[    0.92913]
[    0.92969]
[    0.93023]
[    0.92308]
[    0.92366]
[    0.91667]
[    0.91729]
[    0.91791]
[    0.91852]
[    0.91912]
[    0.91971]
[    0.91304]
[    0.91367]
[    0.91429]
[    0.91489]
[    0.90845]
[    0.90909]
[    0.90972]
[    0.91034]
[    0.91096]
[    0.91156]
[    0.90541]
[    0.90604]
[        0.9]
[    0.89404]
[    0.89474]
[    0.88889]
[    0.88312]
[    0.87742]
[    0.87821]
[    0.87261]
[    0.87342]
[    0.86792]
[     0.8625]
[    0.86335]
[     0.8642]
[     0.8589]
[    0.85976]
[    0.86061]
[    0.85542]
[    0.85629]
[    0.85714]
[    0.85799]
[    0.85294]
[    0.84795]
[    0.84884]
[    0.84393]
[    0.83908]
[    0.83429]
[    0.82955]
[    0.83051]
[    0.83146]
[     0.8324]
[    0.83333]
[    0.82873]
[    0.82418]
[    0.82514]
[    0.82065]
[    0.81622]
[     0.8172]
[    0.81283]
[    0.80851]
[    0.80423]
[    0.80526]
[    0.80105]
[    0.79688]
[    0.79793]
[    0.79381]
[    0.78974]
[    0.78571]
[    0.78173]
[    0.77778]
[    0.77387]
[      0.775]
[    0.77114]
[    0.76733]
[    0.76847]
[    0.76471]
[    0.76585]
[    0.76214]
[    0.75845]
[    0.75481]
[     0.7512]
[    0.74762]
[    0.74408]
[    0.74528]
[    0.74178]
[    0.73832]
[    0.73488]
[    0.73148]
[    0.72811]
[    0.72477]
[    0.72146]
[    0.71818]
[    0.71493]
[    0.71171]
[    0.70852]
[    0.70536]
[    0.70222]
[    0.69912]
[    0.69604]
[    0.69298]
[    0.68996]
[    0.68696]
[    0.68398]
[    0.68103]
[     0.6824]
[    0.67949]
[     0.6766]
[    0.67373]
[    0.67089]
[    0.66807]
[    0.66527]
[     0.6625]
[    0.65975]
[    0.65702]
[    0.65432]
[    0.65164]
[    0.64898]
[    0.64634]
[    0.64372]
[    0.64113]
[    0.63855]
[      0.636]
[    0.63745]
[    0.63889]
[    0.63636]
[    0.63386]
[    0.63137]
[    0.62891]
[    0.62646]
[    0.62403]
[    0.62162]
[    0.61923]
[    0.61686]
[     0.6145]
[    0.61217]
[    0.60985]
[    0.60755]
[    0.60526]
[      0.603]
[    0.60075]
[    0.59851]
[     0.5963]
[     0.5941]
[    0.59191]
[    0.58974]
[    0.58759]
[    0.58545]
[    0.58333]
[    0.58123]
[    0.57914]
[    0.57706]
[      0.575]
[    0.57295]
[    0.57092]
[     0.5689]
[     0.5669]
[    0.56491]
[    0.56294]
[    0.56098]
[    0.55903]
[    0.55709]
[    0.55862]
[     0.5567]
[    0.55479]
[     0.5529]
[    0.55102]
[    0.54915]
[     0.5473]
[    0.54545]
[    0.54362]
[    0.54181]
[       0.54]
[    0.53821]
[    0.53642]
[    0.53465]
[    0.53289]
[    0.53115]
[    0.53268]
[    0.53094]
[    0.52922]
[    0.52751]
[    0.52581]
[    0.52412]
[    0.52244]
[    0.52077]
[    0.51911]
[    0.51746]
[    0.51582]
[     0.5142]
[    0.51258]
[    0.51097]
[    0.50938]
[    0.50779]
[    0.50621]
[    0.50464]
[    0.50309]
[    0.50154]
[        0.5]
[    0.49847]
[    0.49695]
[    0.49544]
[    0.49394]
[    0.49245]
[    0.49096]
[    0.48949]
[    0.48802]
[    0.48657]
[    0.48512]
[    0.48368]
[    0.48225]
[    0.48083]
[    0.47941]
[    0.47801]
[    0.47661]
[    0.47522]
[    0.47384]
[    0.47536]
[    0.47399]
[    0.47262]
[    0.47126]
[    0.46991]
[    0.46857]
[    0.46724]
[    0.46591]
[    0.46459]
[    0.46328]
[    0.46197]
[    0.46067]
[    0.45938]
[     0.4581]
[    0.45682]
[    0.45556]
[    0.45429]
[    0.45304]
[    0.45179]
[    0.45055]
[    0.44932]
[    0.44809]
[    0.44687]
[    0.44565]
[    0.44444]
[    0.44324]
[    0.44205]
[    0.44086]
[    0.43968]
[     0.4385]
[    0.43733]
[    0.43617]
[    0.43501]
[    0.43386]
[    0.43272]
[    0.43158]
[    0.43045]
[    0.42932]
[     0.4282]
[    0.42708]
[    0.42597]
[    0.42487]
[    0.42377]
[    0.42268]
[    0.42159]
[    0.42051]
[    0.41944]
[    0.41837]
[     0.4173]
[    0.41624]
[    0.41519]
[    0.41414]
[     0.4131]
[    0.41206]
[    0.41103]
[       0.41]
[    0.40898]
[    0.40796]
[    0.40695]
[    0.40594]
[    0.40494]
[    0.40394]
[    0.40295]
[    0.40196]
[    0.40098]
[        0.4]
[    0.39903]
[    0.39806]
[    0.39709]
[    0.39614]
[    0.39518]
[    0.39423]
[    0.39329]
[    0.39234]
[    0.39141]
[    0.39048]
[    0.38955]
[    0.38863]
[    0.38771]
[    0.38679]
[    0.38588]
[    0.38498]
[    0.38407]
