[     0.5494     0.46383     0.37909     0.38486           0     0.48652           0     0.66121     0.48843     0.49909           0      0.4025     0.28518           0     0.36764     0.22033     0.57335   0.0056201           0     0.49933     0.58287           0     0.50496     0.50769     0.24563           0
           0           0]
[    0.73122     0.60018     0.49305     0.30688     0.53335           0     0.63763           0]
[    0.71813     0.84034     0.71164     0.56521           0     0.68435     0.78117     0.84055     0.48451     0.63806     0.55254     0.88758     0.45204           0     0.55919     0.35129     0.54314     0.76395           0     0.15655           0           0      0.3762     0.63278           0     0.37378
     0.29331     0.30615     0.57665     0.47316           0           0           0           0]
[     0.7278     0.32745     0.75517     0.65472     0.57663     0.19351      0.5758           0     0.54138      0.3862     0.21691]
[    0.78092     0.68404           0           0           0     0.57671           0           0   0.0039087           0           0           0           0           0   0.0078733           0     0.59043]
[    0.45405     0.51442     0.50219     0.35296     0.29595           0     0.69759     0.48539     0.34781     0.33285     0.19722     0.38468           0           0           0     0.48209           0           0     0.27349           0     0.30714     0.39128           0]
[    0.86812           0           0           0           0           0     0.82032           0           0           0           0           0           0     0.76899           0           0           0           0           0           0]
[    0.59255     0.82435     0.55178     0.77631     0.81775           0           0]
[    0.78117     0.83473           0           0           0     0.40756     0.64819     0.70614     0.59162           0           0           0           0]
[    0.74034     0.52967     0.55898           0     0.47375     0.34352           0     0.45804           0     0.56042           0     0.87704     0.50037           0           0           0]
[    0.48624     0.62574           0           0           0           0           0           0           0           0           0]
[    0.56217     0.35881     0.57329     0.57579     0.33684     0.51455           0           0           0     0.36239     0.36282           0     0.28618           0           0     0.52415           0           0]
[    0.80589     0.88601     0.47383     0.65338     0.40896     0.54544  0.00018669     0.37227     0.65032      0.8113     0.25962    0.062397     0.26978     0.24497           0           0     0.60272     0.10396     0.10407     0.77292           0           0     0.26191           0     0.14754     0.16242
     0.43304           0     0.17767     0.49535]
[    0.36096     0.35085           0     0.70725     0.74162           0           0     0.46518     0.32199           0]
[     0.5444           0     0.43217     0.53971           0     0.24958     0.20188           0     0.49889      0.4107           0     0.44899     0.16743     0.53331           0           0     0.54159     0.40677     0.35278           0     0.19211           0     0.18635           0]
[    0.80616     0.92334     0.77965     0.57359     0.39353     0.50196     0.73716     0.73473     0.63226     0.40571      0.5764           0           0           0     0.82618     0.01096     0.45484     0.74926    0.050004           0      0.1825]
[    0.34428     0.51731     0.74051           0     0.26557           0     0.30752     0.45082     0.54414           0           0     0.61158     0.63925           0     0.48522    0.017532     0.35321           0           0      0.1278           0           0           0    0.013383           0]
[    0.64928     0.58762     0.77048     0.69963     0.14472     0.71985     0.63748     0.66691     0.16404           0           0           0   0.0010033           0           0]
[    0.56849     0.79703     0.60293     0.67074     0.37211     0.55385     0.65371     0.49761    0.053139           0     0.69522     0.47662     0.22619           0     0.59833     0.70903    0.041515           0       0.283     0.75209     0.50965     0.40701           0     0.60823     0.51183     0.10548
           0     0.61805           0     0.36306     0.28559]
[    0.84998           0     0.69858           0           0           0      0.3588           0     0.27758           0           0           0]
[    0.61799     0.55206     0.61228           0           0           0           0     0.60339           0           0           0           0]
[    0.66813      0.7339           0     0.62436           0           0           0           0     0.41923           0           0           0     0.25706           0           0]
[    0.64964     0.61144     0.24101     0.37518     0.62614     0.13988     0.46901     0.21072     0.10951     0.33847     0.64195     0.28982     0.42651     0.60901     0.26029     0.10541     0.53281           0           0           0     0.29014]
[    0.81922     0.79617           0           0           0           0     0.52699]
[    0.74486     0.85861           0     0.63362           0   0.0015705           0           0           0           0           0           0           0           0    0.053488           0           0           0]
[    0.92952           0           0           0     0.41258     0.79024     0.73286           0           0           0]
[    0.17665     0.64211     0.86523     0.75387     0.56262     0.29362     0.53704      0.5188     0.66549     0.27867           0     0.17379     0.50507      0.5051     0.22532     0.62751           0     0.42685     0.37414           0     0.17032           0]
[    0.57148           0           0           0           0           0           0           0           0           0           0     0.58177           0           0     0.67934           0           0           0           0           0           0           0           0           0           0           0
           0           0           0           0           0]
[     0.5611     0.80794     0.64086     0.30216     0.51165     0.32154           0     0.60545     0.38466     0.33457           0           0           0]
[    0.87367     0.85721     0.82671     0.84179     0.67038     0.83018     0.76075           0]
[    0.59686    0.093621    0.071835           0      0.4624           0     0.18318           0    0.028141     0.59591           0]
[    0.72481           0           0           0           0    0.052363    0.098477           0]
[     0.6198     0.54041     0.63053     0.47448           0           0     0.53448     0.39555           0     0.44901           0           0           0      0.6517     0.70049]
[    0.74783     0.57123     0.69426     0.85427     0.25073     0.60134     0.53052      0.4071      0.6598     0.54319     0.62922     0.16002     0.65091     0.51806           0     0.12675           0           0           0           0           0]
[     0.8232     0.80401           0           0           0           0      0.7876           0]
[    0.27557           0           0     0.66466           0           0           0           0           0           0     0.62476           0           0           0           0           0           0           0           0           0]
[    0.70718     0.79324      0.7873     0.81232     0.48152     0.81116     0.81004     0.53589           0           0           0           0           0     0.52712           0           0     0.50934           0]
[    0.37817     0.40481     0.45884     0.24402           0     0.43325     0.19735     0.68741     0.50885     0.23223      0.7247     0.42903     0.06849   0.0044831     0.13188           0     0.11006     0.44525           0     0.16053           0           0     0.34434     0.41149           0           0]
[    0.79196     0.83016     0.65287     0.62125           0           0     0.40522           0     0.48502           0           0           0           0     0.68168           0      0.5661           0     0.16168]
[    0.53932     0.69493     0.53804     0.55834     0.50181     0.63801      0.3152     0.40055           0           0     0.35949]
[    0.90294     0.65545     0.63978           0           0     0.64252           0           0           0           0           0           0]
[    0.65104     0.61859     0.77167           0     0.51263           0           0           0     0.56168     0.50136]
[    0.70634           0           0           0           0           0           0     0.53959           0]
[    0.77659     0.81336       0.772           0     0.73716           0     0.58658           0           0     0.77069     0.77705     0.25377           0           0     0.65446     0.82432     0.76481           0     0.22471]
[    0.79639     0.78023     0.35468      0.7112     0.86644     0.69302      0.6908           0     0.63102     0.57671     0.77875     0.62736     0.68774     0.21022     0.26917     0.61259     0.39645     0.52843           0           0     0.56256           0     0.67946     0.51824           0     0.46931
           0     0.88544]
[    0.45012     0.51385     0.45257     0.54212      0.7269     0.61274     0.49822     0.49785     0.40215     0.59805      0.4486     0.42475           0      0.3828           0           0           0           0]
[    0.64012     0.61403     0.53519     0.14065           0     0.49247           0      0.2684     0.58158      0.1417           0  9.5559e-05           0     0.18484           0]
[    0.47122     0.66095     0.15273           0           0           0           0           0           0           0           0           0     0.19405  0.00024575           0           0      0.6608           0           0           0           0]
[    0.72779           0     0.45251     0.16361     0.67612     0.29856     0.39194     0.45683     0.11171     0.10955     0.30902     0.58844           0     0.42981     0.11938           0   0.0060577     0.16858     0.20968     0.23057    0.092567     0.12407     0.12253           0  0.00034234     0.11681
     0.53773]
[    0.78511      0.7808           0           0     0.13084      0.5595     0.80008           0           0     0.65448           0           0           0           0]
[    0.76595     0.53986           0     0.36489           0           0           0           0           0     0.38981           0     0.40708           0           0           0           0           0           0           0]
[    0.84046     0.81283     0.84059     0.83093      0.7583     0.65451   0.0054066           0]
[    0.81076     0.74333           0     0.51179           0           0]
[    0.57575     0.46906     0.61493     0.70471     0.58616     0.16734     0.08789     0.63513     0.68795     0.29805     0.15163           0]
[     0.6043      0.9005     0.75818     0.62069           0           0           0     0.61972     0.66549           0     0.61345           0           0     0.47303           0           0           0           0]
[    0.50009     0.64371     0.70845     0.38354     0.57514     0.34671     0.38697     0.41296           0     0.50001           0           0           0]
[    0.72282     0.71576     0.48812           0           0           0           0           0           0     0.86567           0           0           0           0           0           0           0           0     0.16177]
[    0.73828     0.67115     0.55473     0.21264     0.48537     0.51138     0.29926     0.45367     0.55554           0     0.19046           0     0.12889    0.058463           0     0.32929]
[    0.86918     0.48036     0.61346     0.86644     0.43608           0     0.53587           0     0.41128     0.38279      0.8313     0.34775           0           0           0           0           0]
[    0.54941     0.63365     0.84936     0.78207           0           0     0.34597           0     0.59931           0           0           0           0     0.43352     0.82964           0           0           0           0           0           0           0           0     0.45699           0]
[    0.79989     0.71447     0.72058     0.41988     0.71757     0.57527     0.45398     0.64073     0.49203     0.40788     0.68088     0.34482     0.64014           0           0]
[    0.84684     0.80599     0.66388           0           0           0           0           0           0           0           0           0]
[    0.79904     0.86951     0.71866     0.69253     0.80033           0           0     0.80516           0     0.63886           0           0     0.14232           0     0.74641           0           0     0.80426           0     0.24202     0.74103           0     0.19229     0.11203]
[    0.39854     0.40729     0.31108     0.28922           0           0     0.28745           0           0     0.26985           0     0.40695           0           0           0           0           0]
[    0.67636     0.54566      0.2048           0     0.45041           0           0           0           0           0]
[    0.73654     0.67887           0           0           0     0.58192     0.60901     0.42153           0]
[    0.82068     0.71219     0.78566           0      0.7474     0.48387     0.58244     0.56987     0.61773           0           0           0           0     0.60342]
[    0.79138           0     0.77894     0.85727     0.66281     0.62542           0     0.79149     0.72057           0     0.82627           0      0.6383           0     0.52236           0]
[    0.54273      0.3529     0.39785     0.41147     0.31592     0.23743     0.27842      0.5267     0.40989           0      0.4555     0.14304           0     0.59031           0           0           0     0.43673     0.28731           0]
[     0.8525       0.616     0.84392     0.62627     0.42724     0.62842     0.54851           0     0.34504     0.48355           0     0.71848           0           0           0           0]
[    0.83363     0.77554           0     0.83825     0.81358           0           0           0     0.68194]
[    0.81907     0.68029           0           0           0           0           0           0]
[    0.80967     0.67725     0.66391     0.37743     0.70377     0.48203     0.70677           0     0.52912           0      0.3647     0.51482]
[    0.80272     0.91324     0.66304     0.83973     0.64995     0.61686     0.57534      0.5432     0.65821     0.71482     0.54304           0    0.004118     0.39614           0           0     0.60668           0   0.0057833           0           0     0.73771           0     0.87199     0.68614     0.44303
           0           0     0.39529     0.18848     0.34744           0           0           0           0    0.032758     0.48853           0           0           0           0           0]
[    0.71976           0           0           0           0           0           0           0           0           0           0           0           0           0           0           0           0           0           0           0           0]
[    0.60301     0.70492     0.65953           0           0     0.52911           0           0     0.40316           0           0           0     0.86499     0.56576]
[    0.43325     0.45439     0.57043     0.67001      0.2238     0.63208     0.33957           0     0.56697      0.7825     0.51999     0.33207           0           0]
[    0.93001     0.82359     0.43715     0.82083           0           0           0       0.592           0           0     0.61427           0           0     0.69461           0           0           0     0.82047           0           0           0           0           0     0.84304     0.24024           0
           0           0           0           0   0.0028165           0           0           0           0           0]
[    0.63545     0.88516     0.75444     0.37652      0.6639      0.3957     0.27329           0           0           0           0           0           0]
[    0.82191     0.77971     0.82063           0           0     0.75356     0.73582     0.68604           0    0.018974           0     0.91571           0           0]
[    0.76939     0.72976     0.85155           0    0.007725           0     0.38428           0]
[    0.81989     0.59962     0.57898     0.45152     0.50041     0.65749           0           0     0.26688     0.46861           0     0.58154           0           0     0.36378           0           0           0           0           0           0     0.58035           0           0     0.22131           0
           0           0]
[    0.78015      0.8252     0.84752     0.84315           0           0           0           0     0.74398     0.66839           0     0.93082     0.66224     0.79134           0]
[    0.75181     0.68795      0.8764     0.89639     0.81896           0     0.71569           0           0           0           0           0           0]
[    0.74793     0.72074    0.021053     0.66009           0      0.4615     0.62715           0           0     0.45139]
[    0.81317     0.79204     0.71625     0.78039     0.80262     0.76636     0.67994     0.43587     0.40764     0.67772     0.43327     0.85333     0.65847     0.27163     0.70607           0           0     0.55979      0.6892           0           0     0.68409]
[    0.69587     0.49988    0.013419]
[    0.60545     0.58028     0.66903           0     0.31578     0.62426           0     0.44901     0.62405           0     0.08932           0     0.64758           0           0           0     0.57777           0           0           0]
[    0.52474     0.64553           0           0     0.42943           0           0     0.49261           0]
[    0.77203     0.61884     0.93495     0.77898           0      0.9002           0           0           0           0           0     0.87789     0.80268     0.64008]
[    0.60006           0           0           0           0           0           0]
[    0.76164     0.58853     0.75462     0.50941     0.28779      0.4542     0.44463     0.54346           0     0.56493     0.41293           0           0     0.79899           0     0.56695           0     0.74243]
[    0.77579     0.80982      0.6874    0.016852     0.62119      0.5999     0.75217           0           0     0.37294           0           0     0.34546     0.18009           0     0.70425           0     0.63632           0    0.021089    0.027864           0]
[    0.60955     0.28775     0.39799     0.23106           0           0     0.51231     0.65311      0.2909     0.55819     0.23758           0]
[    0.73689     0.87764     0.84916     0.57674     0.33654     0.80101     0.66147     0.66777     0.85817     0.78354     0.84539     0.77215     0.45289     0.70295     0.40081     0.63121     0.64771     0.67474      0.6912     0.41629     0.65217     0.60123     0.73215      0.6938     0.80896     0.62501
     0.42244     0.82965     0.39216     0.68946     0.25002     0.52324     0.84047     0.77614     0.79267           0]
[    0.70077      0.8728     0.75958       0.776     0.75788           0     0.79339     0.62062     0.72092           0           0           0]
[    0.68914           0      0.7651           0     0.31124           0           0           0           0]
[    0.73619     0.70548     0.54749     0.65466     0.66666     0.54448     0.65344           0           0]
[    0.50319     0.63081     0.76138     0.74847     0.52416           0           0           0           0]
[    0.71037     0.83064      0.7813     0.56019           0     0.03357     0.26973           0     0.18144           0     0.67247     0.70487           0     0.29689           0           0           0           0           0]
