[          1]
[          1]
[          1]
[          1]
[          1]
[          1]
[          1]
[          1]
[          1]
[          1]
[          1]
[          1]
[          1]
[          1]
[          1]
[          1]
[          1]
[          1]
[          1]
[          1]
[          1]
[          1]
[          1]
[          1]
[          1]
[          1]
[          1]
[          1]
[          1]
[          1]
[          1]
[          1]
[          1]
[          1]
[          1]
[          1]
[          1]
[          1]
[          1]
[          1]
[          1]
[          1]
[          1]
[          1]
[          1]
[          1]
[          1]
[          1]
[          1]
[          1]
[          1]
[          1]
[          1]
[          1]
[          1]
[          1]
[          1]
[          1]
[          1]
[          1]
[          1]
[          1]
[          1]
[          1]
[          1]
[          1]
[          1]
[          1]
[          1]
[          1]
[    0.98592]
[    0.98611]
[     0.9863]
[    0.98649]
[    0.98667]
[    0.98684]
[    0.98701]
[    0.98718]
[    0.98734]
[     0.9875]
[    0.98765]
[     0.9878]
[    0.98795]
[     0.9881]
[    0.98824]
[    0.98837]
[    0.98851]
[    0.98864]
[    0.98876]
[    0.97778]
[    0.97802]
[    0.97826]
[    0.97849]
[    0.97872]
[    0.97895]
[    0.97917]
[    0.97938]
[    0.97959]
[     0.9697]
[       0.97]
[     0.9604]
[    0.96078]
[    0.95146]
[    0.94231]
[    0.94286]
[     0.9434]
[    0.94393]
[    0.94444]
[    0.94495]
[    0.94545]
[    0.94595]
[    0.94643]
[     0.9469]
[    0.94737]
[    0.94783]
[    0.94828]
[    0.94017]
[    0.94068]
[    0.94118]
[    0.94167]
[    0.94215]
[    0.94262]
[    0.94309]
[    0.94355]
[      0.944]
[    0.94444]
[    0.93701]
[     0.9375]
[    0.93798]
[    0.93846]
[    0.93893]
[    0.93182]
[    0.93233]
[    0.93284]
[    0.93333]
[    0.93382]
[    0.93431]
[    0.93478]
[    0.93525]
[    0.93571]
[    0.93617]
[    0.93662]
[    0.93706]
[     0.9375]
[    0.93793]
[    0.93836]
[    0.93878]
[    0.93919]
[    0.93289]
[    0.93333]
[    0.92715]
[    0.92763]
[     0.9281]
[    0.92857]
[    0.92258]
[    0.91667]
[     0.9172]
[    0.91772]
[    0.91824]
[    0.91875]
[    0.91925]
[    0.91975]
[    0.92025]
[    0.91463]
[    0.91515]
[    0.90964]
[    0.90419]
[    0.90476]
[    0.90533]
[    0.90588]
[    0.90643]
[    0.90698]
[    0.90751]
[    0.90805]
[    0.90857]
[    0.90909]
[     0.9096]
[    0.91011]
[    0.91061]
[    0.90556]
[    0.90055]
[     0.9011]
[    0.90164]
[    0.89674]
[     0.8973]
[    0.89785]
[    0.89305]
[    0.89362]
[    0.88889]
[    0.88947]
[    0.89005]
[    0.88542]
[    0.88083]
[    0.88144]
[    0.88205]
[    0.87755]
[    0.87817]
[    0.87879]
[     0.8794]
[       0.88]
[     0.8806]
[    0.87624]
[    0.87685]
[    0.87745]
[    0.87317]
[    0.87379]
[    0.86957]
[    0.87019]
[    0.87081]
[    0.87143]
[    0.87204]
[    0.87264]
[    0.87324]
[    0.87383]
[    0.87442]
[      0.875]
[    0.87558]
[    0.87615]
[    0.87671]
[    0.87727]
[     0.8733]
[    0.87387]
[    0.87444]
[      0.875]
[    0.87556]
[    0.87611]
[    0.87665]
[    0.87719]
[    0.87336]
[    0.87391]
[    0.87446]
[      0.875]
[    0.87554]
[    0.87179]
[    0.87234]
[    0.87288]
[    0.87342]
[    0.87395]
[    0.87448]
[      0.875]
[    0.87552]
[     0.8719]
[    0.87243]
[    0.86885]
[    0.86939]
[    0.86585]
[     0.8664]
[     0.8629]
[    0.85944]
[      0.856]
[    0.85259]
[    0.85317]
[     0.8498]
[    0.84646]
[    0.84706]
[    0.84766]
[    0.84436]
[    0.84496]
[     0.8417]
[    0.84231]
[    0.84291]
[    0.83969]
[     0.8365]
[    0.83333]
[    0.83019]
[    0.82707]
[    0.82772]
[    0.82463]
[    0.82156]
[    0.81852]
[     0.8155]
[    0.81618]
[    0.81685]
[    0.81752]
[    0.81818]
[    0.81522]
[    0.81227]
[    0.81295]
[    0.81362]
[    0.81071]
[    0.80783]
[    0.80496]
[    0.80212]
[     0.7993]
[    0.79649]
[    0.79371]
[    0.79094]
[    0.78819]
[    0.78547]
[    0.78621]
[    0.78694]
[    0.78425]
[    0.78157]
[    0.77891]
[    0.77966]
[    0.77703]
[    0.77778]
[    0.77852]
[    0.77592]
[    0.77333]
[    0.77409]
[    0.77152]
[    0.77228]
[    0.76974]
[    0.76721]
[    0.76471]
[    0.76221]
[    0.75974]
[    0.75728]
[    0.75484]
[    0.75563]
[    0.75321]
[     0.7508]
[    0.74841]
[    0.74603]
[    0.74367]
[    0.74132]
[    0.73899]
[    0.73668]
[    0.73438]
[    0.73209]
[    0.72981]
[    0.73065]
[     0.7284]
[    0.72615]
[    0.72393]
[    0.72171]
[    0.72256]
[    0.72036]
[    0.72121]
[    0.72205]
[    0.71988]
[    0.72072]
[    0.71856]
[    0.71642]
[    0.71429]
[    0.71217]
[    0.71006]
[    0.71091]
[    0.70882]
[    0.70674]
[    0.70468]
[    0.70262]
[    0.70058]
[    0.69855]
[    0.69653]
[    0.69452]
[    0.69253]
[    0.69341]
[    0.69143]
[    0.68946]
[     0.6875]
[    0.68555]
[    0.68362]
[    0.68451]
[    0.68258]
[    0.68067]
[    0.67877]
[    0.67688]
[      0.675]
[    0.67313]
[    0.67127]
[    0.66942]
[    0.66758]
[    0.66575]
[    0.66393]
[    0.66213]
[    0.66033]
[    0.65854]
[    0.65676]
[    0.65499]
[    0.65323]
[    0.65147]
[    0.64973]
[      0.648]
[    0.64628]
[    0.64456]
[    0.64286]
[    0.64116]
[    0.63947]
[     0.6378]
[    0.63613]
[    0.63446]
[    0.63281]
[    0.63117]
[    0.62953]
[    0.62791]
[    0.62629]
[    0.62468]
[    0.62308]
[    0.62148]
[     0.6199]
[    0.62087]
[    0.61929]
[    0.61772]
[    0.61616]
[    0.61461]
[    0.61307]
[    0.61153]
[       0.61]
[    0.60848]
[    0.60697]
[    0.60546]
[    0.60396]
[    0.60494]
[    0.60345]
[    0.60197]
[    0.60049]
[    0.59902]
[    0.59756]
[    0.59611]
[    0.59466]
[    0.59322]
[    0.59179]
[    0.59036]
[    0.58894]
[    0.58753]
[    0.58852]
[    0.58711]
[    0.58571]
[    0.58432]
[    0.58294]
[    0.58156]
[    0.58019]
[    0.57882]
[    0.57746]
[    0.57611]
[    0.57477]
[    0.57343]
[    0.57209]
[    0.57077]
[    0.56944]
[    0.56813]
[    0.56682]
[    0.56552]
[    0.56422]
[    0.56293]
[    0.56164]
[    0.56036]
[    0.55909]
[    0.55782]
[    0.55656]
[     0.5553]
[    0.55405]
[    0.55281]
[    0.55157]
[    0.55034]
[    0.54911]
[    0.54788]
[    0.54667]
[    0.54545]
[    0.54425]
[    0.54305]
[    0.54185]
[    0.54066]
[    0.53947]
[    0.53829]
[    0.53712]
[    0.53595]
[    0.53478]
[    0.53362]
[    0.53247]
[    0.53132]
[    0.53017]
[    0.52903]
[     0.5279]
[    0.52677]
[    0.52564]
[    0.52452]
[     0.5234]
[    0.52229]
[    0.52331]
[     0.5222]
[     0.5211]
[       0.52]
[    0.51891]
[    0.51782]
[    0.51674]
[    0.51566]
[    0.51458]
[    0.51351]
[    0.51245]
[    0.51139]
[    0.51033]
[    0.50928]
[    0.50823]
[    0.50719]
[    0.50615]
[    0.50511]
[    0.50408]
[    0.50305]
[    0.50203]
[    0.50101]
[        0.5]
[    0.49899]
[    0.49798]
[    0.49698]
[    0.49598]
[    0.49499]
[      0.494]
[    0.49501]
[    0.49402]
[    0.49304]
[    0.49206]
[    0.49109]
[    0.49012]
[    0.48915]
[    0.48819]
[    0.48723]
[    0.48627]
[    0.48532]
[    0.48438]
[    0.48343]
[    0.48249]
[    0.48155]
[    0.48062]
[    0.47969]
[    0.47876]
[    0.47784]
[    0.47885]
[    0.47793]
[    0.47701]
[     0.4761]
[    0.47519]
[    0.47429]
[    0.47338]
[    0.47249]
[    0.47159]
[     0.4707]
[    0.46981]
[    0.46893]
[    0.46805]
[    0.46717]
[    0.46629]
[    0.46542]
[    0.46455]
[    0.46369]
[    0.46468]
[    0.46382]
[    0.46296]
[    0.46211]
[    0.46125]
[    0.46041]
[    0.45956]
[    0.45872]
[    0.45788]
[    0.45704]
[     0.4562]
[    0.45537]
[    0.45455]
[    0.45372]
[     0.4529]
[    0.45208]
[    0.45126]
[    0.45045]
[    0.44964]
[    0.44883]
[    0.44803]
[    0.44723]
[    0.44643]
[    0.44563]
[    0.44484]
[    0.44405]
[    0.44326]
[    0.44248]
[     0.4417]
[    0.44092]
[    0.44014]
[    0.43937]
[     0.4386]
[    0.43783]
[    0.43706]
[     0.4363]
[    0.43554]
[    0.43478]
[    0.43403]
[    0.43328]
[    0.43253]
[    0.43178]
[    0.43103]
[    0.43029]
[    0.42955]
[    0.42882]
[    0.42808]
[    0.42735]
[    0.42662]
[    0.42589]
[    0.42517]
[    0.42445]
[    0.42542]
[     0.4247]
[    0.42399]
[    0.42496]
[    0.42424]
[    0.42353]
[    0.42282]
[    0.42211]
[     0.4214]
[     0.4207]
[       0.42]
[     0.4193]
[     0.4186]
[    0.41791]
[    0.41722]
[    0.41653]
[    0.41584]
[    0.41516]
[    0.41447]
[    0.41379]
[    0.41311]
[    0.41244]
[    0.41176]
[    0.41109]
[    0.41042]
[    0.40976]
[    0.40909]
[    0.40843]
[    0.40777]
[    0.40711]
[    0.40645]
[     0.4058]
[    0.40514]
[    0.40449]
[    0.40545]
[     0.4048]
[    0.40415]
[    0.40351]
[    0.40287]
[    0.40223]
[    0.40159]
[    0.40095]
[    0.40032]
[    0.39968]
[    0.39905]
[    0.39843]
[     0.3978]
[    0.39717]
[    0.39655]
[    0.39593]
[    0.39531]
[     0.3947]
[    0.39408]
[    0.39347]
[    0.39286]
[    0.39225]
[    0.39164]
[    0.39104]
[    0.39043]
[    0.38983]
[    0.38923]
[    0.39017]
[    0.38957]
[    0.38897]
[    0.38838]
[    0.38779]
[     0.3872]
[    0.38661]
[    0.38602]
[    0.38543]
[    0.38485]
[    0.38427]
[    0.38369]
[    0.38462]
[    0.38404]
[    0.38346]
[    0.38288]
[    0.38231]
[    0.38174]
[    0.38117]
[     0.3806]
[    0.38003]
[    0.37946]
[     0.3789]
[    0.37834]
[    0.37778]
[    0.37722]
[    0.37666]
[    0.37611]
[    0.37555]
[      0.375]
[    0.37445]
[     0.3739]
[    0.37482]
[    0.37427]
[    0.37372]
[    0.37318]
[    0.37263]
[    0.37209]
[    0.37155]
[    0.37101]
[    0.37048]
[    0.36994]
[    0.36941]
[    0.36888]
[    0.36835]
[    0.36782]
[    0.36729]
[    0.36676]
[    0.36624]
[    0.36571]
[    0.36519]
[    0.36467]
[    0.36415]
[    0.36364]
[    0.36312]
[    0.36261]
[    0.36209]
[    0.36158]
[    0.36107]
[    0.36056]
[    0.36006]
[    0.35955]
[    0.35905]
[    0.35854]
[    0.35804]
[    0.35754]
[    0.35704]
[    0.35655]
[    0.35605]
[    0.35556]
[    0.35506]
[    0.35457]
[    0.35408]
[    0.35359]
[     0.3531]
[    0.35262]
[    0.35213]
[    0.35165]
[    0.35117]
[    0.35068]
[    0.35021]
[    0.34973]
[    0.34925]
[    0.34877]
[     0.3483]
[    0.34783]
[    0.34735]
[    0.34688]
[    0.34641]
[    0.34595]
[    0.34548]
[    0.34501]
[    0.34455]
[    0.34409]
[    0.34362]
[    0.34316]
[     0.3427]
[    0.34225]
[    0.34179]
[    0.34133]
[    0.34088]
[    0.34043]
[    0.33997]
[    0.33952]
[    0.33907]
[    0.33862]
[    0.33818]
[    0.33773]
[    0.33729]
[    0.33684]
[     0.3364]
[    0.33596]
[    0.33552]
[    0.33508]
[    0.33464]
[     0.3342]
[    0.33377]
[    0.33333]
[     0.3329]
[    0.33247]
[    0.33204]
[    0.33161]
[    0.33118]
[    0.33075]
[    0.33032]
[     0.3299]
[    0.32947]
[    0.32905]
[    0.32863]
[    0.32821]
[    0.32778]
[    0.32737]
[    0.32695]
[    0.32653]
[    0.32611]
[     0.3257]
[    0.32529]
[    0.32487]
[    0.32446]
[    0.32405]
[    0.32364]
[    0.32323]
[    0.32282]
[    0.32242]
[    0.32201]
[    0.32161]
[     0.3212]
[     0.3208]
[     0.3204]
[       0.32]
[     0.3196]
[     0.3192]
[     0.3188]
[    0.31841]
[    0.31801]
[    0.31762]
[    0.31722]
[    0.31683]
[    0.31644]
[    0.31605]
[    0.31566]
[    0.31527]
[    0.31488]
[     0.3145]
[    0.31411]
[    0.31373]
[    0.31334]
[    0.31296]
[    0.31258]
[     0.3122]
[    0.31181]
[    0.31144]
[    0.31106]
[    0.31068]
[     0.3103]
[    0.30993]
[    0.30955]
[    0.30918]
[    0.30881]
[    0.30843]
[    0.30806]
[    0.30769]
[    0.30732]
[    0.30695]
[    0.30659]
[    0.30622]
[    0.30585]
[    0.30549]
[    0.30513]
[    0.30476]
[     0.3044]
[    0.30404]
[    0.30368]
[    0.30332]
[    0.30296]
[     0.3026]
[    0.30224]
[    0.30189]
[    0.30153]
[    0.30118]
[      0.302]
[    0.30164]
[    0.30129]
[    0.30094]
[    0.30058]
[    0.30023]
[    0.29988]
[    0.29953]
[    0.29919]
[    0.29884]
[    0.29849]
[    0.29814]
[     0.2978]
[    0.29745]
[    0.29711]
[    0.29677]
[    0.29642]
[    0.29608]
[    0.29574]
[     0.2954]
[    0.29506]
[    0.29472]
[    0.29439]
[    0.29405]
[    0.29371]
[    0.29338]
[    0.29304]
[    0.29271]
[    0.29238]
[    0.29205]
[    0.29171]
[    0.29138]
[    0.29105]
[    0.29072]
[     0.2904]
[    0.29007]
[    0.28974]
[    0.28941]
[    0.28909]
[    0.28876]
[    0.28844]
[    0.28812]
[    0.28779]
[    0.28747]
[    0.28715]
[    0.28683]
[    0.28651]
[    0.28619]
[    0.28587]
[    0.28556]
[    0.28524]
[    0.28492]
[    0.28461]
[    0.28429]
[    0.28398]
[    0.28366]
[    0.28335]
[    0.28304]
[    0.28273]
[    0.28242]
[    0.28211]
[     0.2818]
[    0.28149]
[    0.28118]
[    0.28087]
[    0.28057]
[    0.28026]
[    0.27996]
[    0.27965]
[    0.27935]
[    0.27904]
[    0.27874]
[    0.27844]
[    0.27814]
[    0.27784]
[    0.27754]
[    0.27724]
[    0.27694]
[    0.27664]
[    0.27634]
[    0.27605]
[    0.27575]
[    0.27546]
[    0.27516]
[    0.27487]
[    0.27457]
[    0.27428]
[    0.27399]
[     0.2737]
[     0.2734]
[    0.27311]
[    0.27282]
[    0.27253]
[    0.27225]
[    0.27196]
[    0.27167]
[    0.27138]
[     0.2711]
[    0.27081]
[    0.27053]
[    0.27024]
[    0.26996]
[    0.26967]
[    0.26939]
[    0.26911]
[    0.26883]
[    0.26855]
[    0.26827]
[    0.26799]
[    0.26771]
[    0.26743]
[    0.26715]
[    0.26687]
[     0.2666]
[    0.26632]
[    0.26605]
[    0.26577]
[     0.2655]
[    0.26522]
[    0.26495]
[    0.26468]
[     0.2644]
[    0.26413]
[    0.26386]
[    0.26359]
[    0.26332]
[    0.26305]
[    0.26278]
[    0.26251]
[    0.26224]
[    0.26198]
[    0.26171]
[    0.26144]
[    0.26118]
[    0.26091]
[    0.26065]
[    0.26039]
[    0.26012]
[    0.25986]
[     0.2596]
[    0.25933]
[    0.25907]
[    0.25881]
[    0.25855]
[    0.25829]
[    0.25803]
[    0.25777]
[    0.25752]
[    0.25726]
[      0.257]
[    0.25674]
[    0.25649]
[    0.25623]
[    0.25598]
[    0.25572]
[    0.25547]
[    0.25521]
[    0.25496]
[    0.25471]
[    0.25446]
[     0.2542]
[    0.25395]
[     0.2537]
[    0.25345]
[     0.2532]
[    0.25295]
[     0.2527]
[    0.25246]
[    0.25221]
[    0.25196]
[    0.25171]
[    0.25147]
[    0.25122]
[    0.25098]
[    0.25073]
[    0.25049]
[    0.25024]
[       0.25]
[    0.24976]
[    0.24951]
[    0.24927]
[    0.24903]
[    0.24879]
[    0.24855]
[    0.24831]
[    0.24807]
[    0.24783]
[    0.24759]
[    0.24735]
[    0.24712]
[    0.24688]
[    0.24664]
[     0.2464]
[    0.24617]
[    0.24593]
[     0.2457]
[    0.24546]
[    0.24523]
[      0.245]
[    0.24571]
[    0.24548]
[    0.24525]
[    0.24501]
[    0.24478]
[    0.24455]
[    0.24432]
[    0.24409]
[    0.24386]
[    0.24363]
[     0.2434]
[    0.24317]
[    0.24294]
[    0.24271]
[    0.24248]
[    0.24225]
[    0.24203]
[     0.2418]
[    0.24157]
[    0.24135]
[    0.24112]
[     0.2409]
[    0.24067]
[    0.24045]
[    0.24022]
[       0.24]
[    0.23978]
[    0.23955]
[    0.23933]
[    0.23911]
[    0.23889]
[    0.23867]
[    0.23845]
[    0.23823]
[    0.23801]
[    0.23779]
[    0.23757]
[    0.23735]
[    0.23713]
[    0.23691]
[     0.2367]
[    0.23648]
[    0.23626]
[    0.23605]
[    0.23583]
[    0.23562]
[     0.2354]
[    0.23519]
[    0.23497]
[    0.23476]
[    0.23455]
[    0.23433]
[    0.23412]
[    0.23391]
[     0.2337]
[    0.23348]
[    0.23327]
[    0.23306]
[    0.23285]
[    0.23264]
[    0.23243]
[    0.23222]
[    0.23201]
[    0.23181]
[     0.2316]
[    0.23139]
[    0.23118]
[    0.23098]
[    0.23077]
[    0.23056]
[    0.23036]
[    0.23015]
[    0.22995]
[    0.22974]
[    0.22954]
[    0.22933]
[    0.22913]
[    0.22981]
[    0.22961]
[    0.22941]
[     0.2292]
[      0.229]
[     0.2288]
[     0.2286]
[     0.2284]
[    0.22819]
[    0.22799]
[    0.22779]
[    0.22759]
[    0.22739]
[    0.22719]
[    0.22699]
[     0.2268]
[     0.2266]
[     0.2264]
[     0.2262]
[      0.226]
[    0.22581]
[    0.22561]
[    0.22541]
[    0.22522]
[    0.22502]
[    0.22483]
[    0.22463]
[    0.22444]
[    0.22424]
[    0.22405]
[    0.22385]
[    0.22366]
[    0.22347]
[    0.22328]
[    0.22308]
[    0.22289]
[     0.2227]
[    0.22251]
[    0.22232]
[    0.22213]
[    0.22194]
[    0.22175]
[    0.22156]
[    0.22137]
[    0.22118]
[    0.22099]
[     0.2208]
[    0.22061]
[    0.22043]
[    0.22024]
[    0.22005]
[    0.21986]
[    0.21968]
[    0.21949]
[    0.21931]
[    0.21912]
[    0.21893]
[    0.21875]
[    0.21857]
[    0.21838]
[     0.2182]
[    0.21801]
[    0.21783]
[    0.21765]
[    0.21746]
[    0.21728]
[     0.2171]
[    0.21692]
[    0.21674]
[    0.21656]
[    0.21637]
[    0.21619]
[    0.21601]
[    0.21583]
[    0.21565]
[    0.21547]
[     0.2153]
[    0.21512]
[    0.21494]
[    0.21476]
[    0.21458]
[     0.2144]
[    0.21423]
[    0.21405]
[    0.21387]
[     0.2137]
[    0.21352]
[    0.21334]
[    0.21317]
[    0.21299]
[    0.21282]
[    0.21264]
[    0.21247]
[     0.2123]
[    0.21212]
[    0.21195]
[    0.21177]
[     0.2116]
[    0.21143]
[    0.21126]
[    0.21108]
[    0.21091]
[    0.21074]
[    0.21057]
[     0.2104]
[    0.21023]
[    0.21006]
[    0.20989]
[    0.20972]
[    0.20955]
[    0.20938]
[    0.20921]
[    0.20904]
[    0.20887]
[     0.2087]
[    0.20853]
[    0.20837]
[     0.2082]
[    0.20803]
[    0.20787]
[     0.2077]
[    0.20753]
[    0.20737]
[     0.2072]
[    0.20703]
[    0.20687]
[     0.2067]
[    0.20654]
[    0.20637]
[    0.20621]
[    0.20605]
[    0.20588]
[    0.20572]
[    0.20556]
[    0.20539]
[    0.20523]
[    0.20507]
[    0.20491]
[    0.20474]
[    0.20458]
[    0.20442]
[    0.20426]
[     0.2041]
[    0.20394]
[    0.20378]
[    0.20362]
[    0.20346]
[     0.2033]
[    0.20314]
[    0.20298]
[    0.20282]
[    0.20266]
[     0.2025]
[    0.20234]
[    0.20219]
[    0.20203]
[    0.20187]
[    0.20171]
[    0.20156]
[     0.2014]
[    0.20124]
[    0.20109]
[    0.20093]
[    0.20078]
[    0.20062]
[    0.20046]
[    0.20031]
[    0.20015]
[        0.2]
[    0.19985]
[    0.19969]
[    0.19954]
[    0.19938]
[    0.19923]
[    0.19908]
[    0.19892]
[    0.19877]
[    0.19862]
[    0.19847]
[    0.19832]
[    0.19816]
[    0.19801]
[    0.19786]
[    0.19771]
[    0.19756]
[    0.19741]
[    0.19726]
[    0.19711]
[    0.19696]
[    0.19681]
[    0.19666]
[    0.19651]
[    0.19636]
[    0.19621]
[    0.19606]
[    0.19592]
[    0.19577]
[    0.19562]
[    0.19547]
[    0.19532]
[    0.19518]
[    0.19503]
[    0.19488]
[    0.19474]
[    0.19459]
[    0.19444]
[     0.1943]
[    0.19415]
[    0.19401]
[    0.19386]
[    0.19372]
[    0.19357]
[    0.19343]
[    0.19328]
[    0.19314]
[      0.193]
[    0.19285]
[    0.19271]
[    0.19257]
[    0.19242]
[    0.19228]
[    0.19214]
[    0.19199]
[    0.19185]
[    0.19245]
[    0.19231]
[    0.19217]
[    0.19202]
[    0.19188]
[    0.19174]
[     0.1916]
[    0.19146]
[    0.19132]
[    0.19118]
[    0.19104]
[     0.1909]
[    0.19076]
[    0.19062]
[    0.19048]
[    0.19034]
[     0.1902]
[    0.19006]
[    0.18992]
[    0.18978]
[    0.18964]
[     0.1895]
[    0.18937]
[    0.18923]
[    0.18909]
[    0.18895]
[    0.18882]
[    0.18868]
[    0.18854]
[    0.18841]
[    0.18827]
[    0.18813]
[      0.188]
[    0.18786]
[    0.18773]
[    0.18759]
[    0.18745]
[    0.18732]
[    0.18719]
[    0.18705]
[    0.18692]
[    0.18678]
[    0.18665]
[    0.18651]
[    0.18638]
[    0.18625]
[    0.18611]
[    0.18598]
[    0.18585]
[    0.18571]
[    0.18558]
[    0.18545]
[    0.18532]
[    0.18519]
[    0.18505]
[    0.18492]
[    0.18479]
[    0.18466]
[    0.18453]
[     0.1844]
[    0.18427]
[    0.18414]
[    0.18401]
[    0.18388]
[    0.18375]
[    0.18362]
[    0.18349]
[    0.18336]
[    0.18323]
[     0.1831]
[    0.18297]
[    0.18284]
[    0.18271]
[    0.18258]
[    0.18246]
[    0.18233]
[     0.1822]
[    0.18207]
[    0.18195]
[    0.18182]
[    0.18169]
[    0.18156]
[    0.18144]
[    0.18131]
[    0.18118]
[    0.18106]
[    0.18093]
[    0.18081]
[    0.18068]
[    0.18056]
[    0.18043]
[    0.18031]
[    0.18018]
[    0.18006]
[    0.17993]
[    0.17981]
[    0.17968]
[    0.17956]
[    0.17943]
[    0.17931]
[    0.17919]
[    0.17906]
[    0.17894]
[    0.17882]
[    0.17869]
[    0.17857]
[    0.17845]
[    0.17833]
[     0.1782]
[    0.17808]
[    0.17796]
[    0.17784]
[    0.17772]
[     0.1776]
[    0.17747]
[    0.17735]
[    0.17723]
[    0.17711]
[    0.17699]
[    0.17687]
[    0.17675]
[    0.17663]
[    0.17651]
[    0.17639]
[    0.17627]
[    0.17615]
[    0.17603]
[    0.17591]
[    0.17579]
[    0.17568]
[    0.17556]
[    0.17544]
[    0.17532]
[     0.1752]
[    0.17508]
[    0.17497]
[    0.17485]
[    0.17473]
[    0.17461]
[     0.1745]
[    0.17438]
[    0.17426]
[    0.17415]
[    0.17403]
[    0.17391]
[     0.1738]
[    0.17368]
[    0.17356]
[    0.17345]
[    0.17333]
[    0.17322]
[     0.1731]
[    0.17299]
[    0.17287]
[    0.17276]
[    0.17264]
[    0.17253]
[    0.17241]
[     0.1723]
[    0.17219]
[    0.17207]
[    0.17196]
[    0.17184]
[    0.17173]
[    0.17162]
[     0.1715]
[    0.17139]
[    0.17128]
[    0.17117]
[    0.17105]
[    0.17094]
[    0.17083]
[    0.17072]
[     0.1706]
[    0.17049]
[    0.17038]
[    0.17027]
[    0.17016]
[    0.17005]
[    0.16993]
[    0.16982]
[    0.16971]
[     0.1696]
[    0.16949]
[    0.16938]
[    0.16927]
[    0.16916]
[    0.16905]
[    0.16894]
[    0.16883]
[    0.16872]
[    0.16861]
[     0.1685]
[    0.16839]
[    0.16828]
[    0.16818]
[    0.16807]
[    0.16796]
[    0.16785]
[    0.16774]
[    0.16763]
[    0.16753]
[    0.16742]
[    0.16731]
[     0.1672]
[     0.1671]
[    0.16699]
[    0.16688]
[    0.16677]
[    0.16667]
[    0.16656]
[    0.16645]
[    0.16635]
[    0.16624]
[    0.16613]
[    0.16603]
[    0.16592]
[    0.16582]
[    0.16571]
[    0.16561]
[     0.1655]
[    0.16539]
[    0.16529]
[    0.16518]
[    0.16508]
[    0.16497]
[    0.16487]
[    0.16477]
[    0.16466]
[    0.16456]
[    0.16445]
[    0.16435]
[    0.16425]
[    0.16414]
[    0.16404]
[    0.16393]
[    0.16383]
[    0.16373]
[    0.16362]
[    0.16352]
[    0.16342]
[    0.16332]
[    0.16321]
[    0.16311]
[    0.16301]
[    0.16291]
[    0.16281]
[     0.1627]
[     0.1626]
[     0.1625]
[     0.1624]
[     0.1623]
[     0.1622]
[    0.16209]
[    0.16199]
[    0.16189]
[    0.16179]
[    0.16169]
[    0.16159]
[    0.16149]
[    0.16139]
[    0.16129]
[    0.16119]
[    0.16109]
[    0.16099]
[    0.16089]
[    0.16079]
[    0.16069]
[    0.16059]
[    0.16049]
[    0.16039]
[     0.1603]
[     0.1602]
[     0.1601]
[       0.16]
[     0.1599]
[     0.1598]
[    0.15971]
[    0.15961]
[    0.15951]
[    0.15941]
[    0.15931]
[    0.15922]
[    0.15912]
[    0.15902]
[    0.15892]
[    0.15883]
[    0.15873]
[    0.15863]
[    0.15854]
[    0.15844]
[    0.15834]
[    0.15825]
[    0.15815]
