     0/299     7.81G      7.87      32.7         0      40.5        18       608         0         0   0.00985         0      6.59      1.59         0
     1/299     7.81G      5.99      3.56         0      9.55        21       608         0         0    0.0213         0      5.46      1.43         0
     2/299     7.81G      4.74      2.93         0      7.67        28       608         1   0.00885      0.11    0.0175      5.56     0.902         0
     3/299     7.81G      4.96      1.61         0      6.58        17       608    0.0347     0.681     0.136     0.066      6.14      2.11         0
     4/299     7.81G       4.8       1.3         0       6.1        22       608   0.00194     0.168   0.00241   0.00384      6.49       151         0
     5/299     7.81G      4.45      1.26         0      5.71        17       608     0.297     0.319     0.182     0.308      5.18     0.764         0
     6/299     7.81G      4.16      1.09         0      5.26        21       608      0.28     0.336     0.218     0.306      5.26     0.608         0
     7/299     7.81G      4.48         1         0      5.49        16       608    0.0798     0.478    0.0733     0.137      4.45      3.47         0
     8/299     7.81G      4.48      1.05         0      5.53        24       608    0.0517     0.301    0.0385    0.0882      5.37      3.12         0
     9/299     7.81G      4.16     0.944         0      5.11        21       608       0.6     0.398     0.468     0.479      4.16      0.55         0
    10/299     7.81G      4.32     0.958         0      5.28        22       608     0.626     0.336     0.416     0.438      4.55     0.523         0
    11/299     7.81G      3.97      1.01         0      4.97        19       608   0.00704     0.248   0.00606    0.0137      4.64      17.8         0
    12/299     7.81G      3.73     0.918         0      4.65        26       608  0.000312     0.239  0.000173  0.000624      8.72       784         0
    13/299     7.81G      4.03     0.923         0      4.95        25       608   0.00138    0.0796   0.00368   0.00271      4.28      5.17         0
    14/299     7.81G      3.75     0.986         0      4.74        20       608     0.756     0.522     0.629     0.617      3.99     0.513         0
    15/299     7.81G      4.14     0.836         0      4.98        20       608    0.0572    0.0973    0.0517     0.072      5.42     0.679         0
    16/299     7.81G      4.01      1.24         0      5.25        22       608    0.0206     0.274    0.0182    0.0383      4.03      2.99         0
    17/299     7.81G      4.01     0.978         0      4.99        23       608    0.0102   0.00885    0.0666   0.00949      4.38     0.703         0
    18/299     7.81G      3.38      1.14         0      4.51        13       608     0.465     0.515     0.441     0.489      4.09     0.515         0
    19/299     7.81G      3.69      0.94         0      4.63        21       608     0.624      0.44     0.558     0.516      3.72      0.47         0
    20/299     7.81G      3.62     0.875         0      4.49        18       608     0.774     0.212     0.481     0.333      4.12     0.459         0
    21/299     7.81G      3.44     0.955         0       4.4        24       608     0.914     0.189     0.677     0.313       3.4     0.501         0
    22/299     7.81G      3.51     0.819         0      4.33        20       608     0.849     0.204      0.57     0.328      3.42     0.453         0
    23/299     7.81G      3.01     0.835         0      3.84        21       608     0.878     0.255     0.655     0.395      3.45     0.446         0
    24/299     7.81G       3.1     0.799         0       3.9        24       608     0.757     0.531     0.662     0.624      3.53     0.409         0
    25/299     7.81G      3.04     0.733         0      3.78        19       608     0.592     0.522     0.537     0.555      3.75     0.413         0
    26/299     7.81G      2.83      0.76         0      3.59        18       608     0.816     0.551     0.713     0.658       3.3     0.416         0
    27/299     7.81G      2.76       0.7         0      3.46        23       608     0.921     0.566     0.791     0.701      2.95     0.387         0
    28/299     7.81G      2.81     0.669         0      3.48        19       608     0.875     0.558     0.736     0.682      3.28     0.413         0
    29/299     7.81G      2.57     0.686         0      3.26        22       608     0.784     0.706      0.77     0.743      3.32     0.373         0
    30/299     7.81G       2.7     0.616         0      3.32        21       608     0.737      0.77     0.801     0.753      2.96     0.346         0
    31/299     7.81G      2.63     0.683         0      3.31        22       608     0.843     0.619     0.695     0.714      3.46     0.407         0
    32/299     7.81G      2.83     0.609         0      3.44        21       608     0.932     0.608     0.784     0.736      2.98     0.404         0
    33/299     7.81G      2.56     0.618         0      3.18        17       608     0.843     0.752      0.82     0.795       3.4     0.353         0
    34/299     7.81G      2.69      0.63         0      3.32        17       608     0.877     0.735     0.838       0.8      2.64     0.362         0
    35/299     7.81G      2.28     0.594         0      2.87        18       608     0.743     0.761     0.795     0.752      3.05     0.335         0
    36/299     7.81G      2.53     0.611         0      3.14        19       608     0.903     0.673     0.817     0.771      2.91     0.381         0
    37/299     7.81G      2.23      0.61         0      2.84        22       608     0.865     0.794     0.839     0.828      2.67     0.315         0
    38/299     7.81G      2.42     0.594         0      3.02        21       608     0.968     0.794     0.887     0.872      2.69     0.324         0
    39/299     7.81G      2.55     0.601         0      3.15        24       608     0.864      0.77     0.843     0.814      2.93     0.332         0
    40/299     7.81G      2.28     0.622         0      2.91        17       608     0.875     0.803     0.863     0.837      2.83     0.341         0
    41/299     7.81G       2.3     0.562         0      2.87        25       608     0.878     0.766     0.859     0.818      2.48     0.336         0
    42/299     7.81G      1.96     0.582         0      2.55        25       608      0.84     0.841     0.889      0.84       2.7     0.302         0
    43/299     7.81G      2.25     0.552         0       2.8        20       608      0.92     0.813     0.884     0.863      2.59     0.317         0
    44/299     7.81G      2.15     0.558         0      2.71        18       608     0.856     0.843     0.897     0.849      2.88     0.296         0
    45/299     7.81G      2.32     0.562         0      2.88        20       608      0.84     0.832     0.907     0.836      2.44     0.305         0
    46/299     7.81G      2.18     0.532         0      2.71        18       608     0.816     0.885      0.89     0.849      2.59      0.31         0
    47/299     7.81G      2.09     0.533         0      2.62        23       608     0.895     0.823     0.889     0.858      2.51       0.3         0
    48/299     7.81G      2.24     0.567         0      2.81        21       608     0.902     0.867     0.923     0.884      2.39     0.304         0
    49/299     7.81G      1.91     0.527         0      2.44        20       608     0.826     0.858     0.894     0.842      2.69     0.303         0
    50/299     7.81G      2.04     0.532         0      2.58        30       608     0.866     0.832     0.919     0.849      2.45     0.287         0
    51/299     7.81G      1.97     0.523         0      2.49        18       608     0.909     0.841     0.921     0.874      2.47     0.297         0
    52/299     7.81G      2.05      0.49         0      2.54        20       608     0.871     0.832     0.902     0.851      2.58     0.307         0
    53/299     7.81G         2     0.542         0      2.55        20       608     0.875      0.85     0.895     0.862      2.52     0.307         0
    54/299     7.81G      1.99     0.486         0      2.47        25       608     0.846     0.796     0.873      0.82      2.41     0.325         0
    55/299     7.81G      1.97     0.502         0      2.48        22       608      0.88     0.867     0.908     0.873      2.65      0.31         0
    56/299     7.81G      1.98     0.506         0      2.48        19       608     0.896     0.814     0.882     0.853      2.73     0.307         0
    57/299     7.81G      1.99      0.48         0      2.47        18       608     0.931     0.841      0.93     0.884      2.46     0.314         0
    58/299     7.81G      1.95     0.492         0      2.44        20       608     0.836     0.867     0.887     0.852      2.74     0.309         0
    59/299     7.81G      2.07     0.503         0      2.57        19       608     0.874     0.862     0.904     0.868       2.2     0.316         0
    60/299     7.81G      1.94     0.467         0      2.41        22       608     0.849     0.858     0.876     0.854       2.5     0.297         0
    61/299     7.81G      1.77     0.497         0      2.26        21       608     0.864     0.832     0.889     0.848      2.29     0.301         0
    62/299     7.81G      1.78      0.47         0      2.25        26       608     0.882      0.86     0.912     0.871      2.36     0.293         0
    63/299     7.81G       1.9     0.459         0      2.36        22       608     0.873     0.858     0.912     0.866       2.3     0.297         0
    64/299     7.81G      1.88     0.479         0      2.36        20       608     0.904     0.838     0.929      0.87      2.13     0.299         0
    65/299     7.81G      1.87     0.499         0      2.37        22       608     0.905     0.832     0.913     0.867      2.21      0.29         0
    66/299     7.81G       1.8     0.477         0      2.28        24       608     0.907     0.832     0.899     0.868      2.15     0.297         0
    67/299     7.81G      1.75     0.486         0      2.24        14       608     0.879     0.841     0.897     0.859       2.3     0.296         0
    68/299     7.81G      1.83     0.449         0      2.28        21       608     0.896     0.858     0.904     0.877       2.2     0.297         0
    69/299     7.81G      1.65     0.472         0      2.12        22       608     0.886      0.85     0.898     0.868      2.28     0.286         0
    70/299     7.81G      1.75     0.424         0      2.18        18       608     0.919     0.876     0.926     0.897      2.22     0.281         0
    71/299     7.81G      1.83     0.451         0      2.28        21       608     0.892     0.885     0.915     0.888      2.29      0.29         0
    72/299     7.81G      1.65     0.456         0      2.11        22       608     0.854     0.876     0.908     0.865      2.09     0.295         0
    73/299     7.81G      1.64     0.434         0      2.07        21       608     0.879     0.841     0.893     0.859      2.21      0.29         0
    74/299     7.81G      1.72     0.431         0      2.15        16       608     0.924     0.863     0.902     0.893      2.19     0.285         0
    75/299     7.81G      1.55     0.439         0      1.99        22       608     0.905     0.876     0.906      0.89      2.28     0.273         0
    76/299     7.81G      1.76     0.414         0      2.17        23       608     0.916     0.871     0.897     0.893       2.1     0.283         0
    77/299     7.81G      1.71     0.417         0      2.13        20       608     0.886     0.828     0.886     0.856       2.1     0.297         0
    78/299     7.81G      1.56     0.412         0      1.97        20       608     0.916     0.867     0.921     0.891      2.11     0.288         0
    79/299     7.81G      1.54     0.418         0      1.96        20       608     0.898     0.885      0.93     0.892      2.05     0.284         0
    80/299     7.81G       1.6     0.395         0      1.99        21       608     0.869     0.876     0.912     0.872      2.21     0.281         0
    81/299     7.81G      1.57     0.439         0         2        20       608     0.866     0.858     0.893     0.862      2.19     0.278         0
    82/299     7.81G      1.55     0.425         0      1.97        19       608     0.906     0.852     0.916     0.878      2.21     0.284         0
    83/299     7.81G      1.49     0.437         0      1.93        23       608     0.889     0.849     0.901     0.869      2.18     0.291         0
    84/299     7.81G      1.66     0.384         0      2.04        21       608     0.896     0.842     0.924     0.868      2.28     0.283         0
    85/299     7.81G      1.65     0.415         0      2.07        21       608      0.86     0.868     0.919     0.864      2.06     0.282         0
    86/299     7.81G      1.52     0.402         0      1.93        17       608     0.862     0.867     0.922     0.864      2.28     0.271         0
    87/299     7.81G      1.49     0.401         0      1.89        24       608     0.869     0.883     0.928     0.876      2.09     0.273         0
    88/299     7.81G      1.67     0.387         0      2.05        17       608     0.896     0.834     0.925     0.864      2.15     0.281         0
    89/299     7.81G       1.5     0.435         0      1.94        22       608     0.909     0.885      0.93     0.897      2.08     0.287         0
    90/299     7.81G      1.42     0.396         0      1.82        20       608     0.827     0.912     0.914     0.867      2.07     0.271         0
    91/299     7.81G      1.48     0.395         0      1.88        20       608     0.892     0.873     0.925     0.882      2.11      0.27         0
    92/299     7.81G      1.44     0.391         0      1.83        26       608     0.895     0.876     0.922     0.885       2.1     0.273         0
    93/299     7.81G      1.41     0.397         0       1.8        16       608     0.925     0.871     0.924     0.897      2.19     0.272         0
    94/299     7.81G      1.47     0.365         0      1.83        24       608     0.899     0.864     0.911     0.881      2.08      0.28         0
    95/299     7.81G      1.51     0.403         0      1.91        24       608      0.87     0.831     0.895      0.85      2.27     0.296         0
    96/299     7.81G       1.5     0.349         0      1.85        22       608     0.874     0.858     0.914     0.866      2.15     0.284         0
    97/299     7.81G      1.35     0.398         0      1.75        18       608     0.858      0.85     0.883     0.854      2.23     0.285         0
    98/299     7.81G      1.51     0.362         0      1.87        23       608     0.896     0.841     0.899     0.868      2.15     0.288         0
    99/299     7.81G      1.34     0.352         0      1.69        17       608     0.905     0.867     0.906     0.886      2.05     0.283         0
   100/299     7.81G      1.37      0.34         0      1.71        20       608     0.903     0.903     0.911     0.903      2.16     0.276         0
   101/299     7.81G      1.34     0.372         0      1.72        15       608     0.895     0.903     0.911     0.899       2.1     0.273         0
   102/299     7.81G      1.34     0.354         0      1.69        19       608      0.91     0.876     0.908     0.893      2.14     0.265         0
   103/299     7.81G      1.56     0.381         0      1.94        22       608     0.934     0.879     0.924     0.906      2.05     0.273         0
   104/299     7.81G      1.38     0.382         0      1.77        18       608     0.917     0.912      0.92     0.914      2.07     0.273         0
   105/299     7.81G      1.35     0.367         0      1.72        19       608     0.882     0.876     0.904     0.879      2.08     0.281         0
   106/299     7.81G      1.37     0.353         0      1.72        20       608     0.876     0.877     0.913     0.877      2.07     0.277         0
   107/299     7.81G      1.36     0.388         0      1.75        24       608     0.916     0.864     0.902     0.889      2.07     0.277         0
   108/299     7.81G      1.29     0.352         0      1.65        20       608     0.899     0.871     0.901     0.885       2.1     0.277         0
   109/299     7.81G      1.32     0.364         0      1.68        23       608       0.9     0.876     0.912     0.888      2.05     0.281         0
   110/299     7.81G      1.33     0.344         0      1.68        22       608     0.889     0.885     0.908     0.887      2.15     0.288         0
   111/299     7.81G      1.35     0.355         0       1.7        16       608     0.892     0.876     0.912     0.884      2.05     0.287         0
   112/299     7.81G      1.27     0.351         0      1.62        18       608     0.908     0.875     0.916     0.891      2.07     0.279         0
   113/299     7.81G      1.36     0.362         0      1.73        22       608     0.918     0.888     0.929     0.903      1.95     0.275         0
   114/299     7.81G      1.38     0.345         0      1.72        17       608     0.936     0.876     0.928     0.905      1.99     0.275         0
   115/299     7.81G      1.34     0.341         0      1.68        17       608      0.93     0.894     0.934     0.912      2.02     0.273         0
   116/299     7.81G      1.29     0.359         0      1.65        18       608     0.931     0.903     0.935     0.917      2.09     0.271         0
   117/299     7.81G      1.26     0.325         0      1.58        22       608     0.945     0.904     0.929     0.924      2.02     0.278         0
   118/299     7.81G      1.29     0.334         0      1.63        22       608     0.925     0.869     0.912     0.896      2.12     0.295         0
   119/299     7.81G      1.26     0.393         0      1.65        18       608     0.925     0.876      0.91       0.9      2.06     0.306         0
   120/299     7.81G      1.24     0.348         0      1.59        20       608     0.893     0.894     0.912     0.893      1.96     0.293         0
   121/299     7.81G      1.29     0.327         0      1.62        17       608       0.9     0.867     0.911     0.883         2     0.304         0
   122/299     7.81G      1.28     0.332         0      1.61        24       608     0.892     0.841     0.894     0.865      2.12     0.315         0
   123/299     7.81G      1.25      0.32         0      1.57        19       608     0.899      0.85     0.902     0.873      2.04     0.318         0
   124/299     7.81G      1.17     0.318         0      1.48        21       608     0.897     0.852      0.92     0.874      2.08     0.324         0
   125/299     7.81G       1.3     0.341         0      1.64        19       608     0.916     0.873     0.919     0.894      2.16     0.306         0
   126/299     7.81G       1.2     0.332         0      1.54        19       608     0.867     0.866      0.92     0.867      2.11     0.299         0
   127/299     7.81G      1.26     0.325         0      1.58        19       608     0.851     0.859     0.883     0.855      2.24     0.294         0
   128/299     7.81G      1.19     0.328         0      1.52        17       608     0.869     0.832     0.886      0.85      2.17     0.298         0
   129/299     7.81G      1.18     0.326         0      1.51        16       608     0.899     0.841     0.899     0.869      2.14     0.305         0
   130/299     7.81G       1.3     0.319         0      1.62        15       608     0.888     0.832     0.897     0.859      2.08     0.315         0
   131/299     7.81G      1.14     0.337         0      1.47        18       608     0.888     0.858     0.912     0.873      2.04     0.304         0
   132/299     7.81G      1.18     0.313         0       1.5        19       608     0.901     0.841     0.914      0.87         2     0.295         0
   133/299     7.81G       1.1     0.337         0      1.44        21       608      0.89     0.856     0.934     0.872      1.94     0.284         0
   134/299     7.81G      1.17     0.304         0      1.48        17       608     0.898     0.857     0.936     0.877      1.99     0.275         0
   135/299     7.81G     0.989     0.303         0      1.29        19       608     0.899     0.865     0.935     0.882      1.92     0.276         0
   136/299     7.81G      1.24     0.281         0      1.52        21       608     0.913     0.841     0.928     0.876      1.98     0.273         0
   137/299     7.81G      1.06     0.316         0      1.38        21       608     0.898     0.858     0.916     0.878      2.01     0.277         0
   138/299     7.81G      1.08     0.326         0      1.41        22       608     0.925     0.871     0.918     0.897      1.98     0.278         0
   139/299     7.81G      1.14      0.32         0      1.46        23       608       0.9     0.867     0.902     0.884      2.08     0.282         0
   140/299     7.81G      1.14     0.341         0      1.48        23       608     0.911     0.876     0.913     0.893      1.92     0.274         0
   141/299     7.81G      1.05     0.316         0      1.37        24       608     0.876     0.885      0.91     0.881      1.93      0.27         0
   142/299     7.81G      1.12     0.288         0      1.41        25       608     0.846     0.885     0.905     0.865      1.96     0.273         0
   143/299     7.81G      1.11     0.307         0      1.41        21       608     0.878     0.876     0.905     0.877      2.01     0.276         0
   144/299     7.81G       1.1     0.317         0      1.41        21       608     0.876     0.878     0.901     0.877      1.97     0.279         0
   145/299     7.81G      1.05     0.292         0      1.35        27       608     0.877     0.883      0.91      0.88      1.88     0.264         0
   146/299     7.81G      1.05     0.294         0      1.35        22       608     0.884      0.88     0.912     0.882      1.95     0.267         0
   147/299     7.81G     0.977     0.299         0      1.28        26       608     0.895     0.885     0.922      0.89      1.88     0.263         0
   148/299     7.81G      1.07       0.3         0      1.37        24       608     0.889     0.885     0.911     0.887      1.97     0.285         0
   149/299     7.81G       1.1     0.294         0       1.4        23       608       0.9     0.873     0.917     0.886      1.99     0.296         0
   150/299     7.81G      1.09     0.285         0      1.38        21       608     0.902     0.858     0.909      0.88      2.04     0.298         0
   151/299     7.81G      1.09     0.296         0      1.38        20       608     0.908      0.85     0.915     0.878      2.05     0.297         0
   152/299     7.81G     0.931     0.294         0      1.23        21       608     0.933     0.885     0.936     0.908         2     0.283         0
   153/299     7.81G      1.03     0.299         0      1.33        19       608      0.93     0.903     0.934     0.916      2.04     0.292         0
   154/299     7.81G      1.03     0.338         0      1.37        26       608     0.928     0.894     0.914     0.911      2.03     0.301         0
   155/299     7.81G      1.05     0.277         0      1.33        16       608     0.923     0.903     0.927     0.913      2.06     0.305         0
   156/299     7.81G     0.954     0.298         0      1.25        20       608     0.907     0.903     0.925     0.905         2     0.298         0
   157/299     7.81G      1.02      0.29         0      1.31        19       608     0.921     0.912     0.934     0.916      2.01     0.282         0
   158/299     7.81G      0.96     0.269         0      1.23        21       608     0.922     0.912     0.938     0.917      1.93     0.279         0
   159/299     7.81G     0.965     0.278         0      1.24        23       608     0.924      0.92     0.934     0.922      1.95     0.278         0
   160/299     7.81G     0.969     0.278         0      1.25        16       608      0.91      0.92      0.94     0.915      1.93     0.282         0
   161/299     7.81G       0.9     0.288         0      1.19        21       608     0.916      0.92     0.939     0.918      1.85     0.281         0
   162/299     7.81G     0.913     0.257         0      1.17        17       608      0.92     0.914     0.935     0.917      1.88     0.287         0
   163/299     7.81G     0.939     0.256         0       1.2        19       608     0.901     0.885     0.923     0.893      1.85     0.305         0
   164/299     7.81G      0.94     0.252         0      1.19        19       608     0.909     0.876     0.924     0.892      1.96     0.328         0
   165/299     7.81G     0.864     0.271         0      1.13        18       608     0.909     0.881     0.923     0.895      1.85     0.313         0
   166/299     7.81G     0.886     0.257         0      1.14        23       608     0.911      0.91     0.933     0.911      1.91     0.293         0
   167/299     7.81G     0.973     0.278         0      1.25        19       608     0.901     0.912     0.932     0.906      1.88      0.29         0
   168/299     7.81G     0.942      0.26         0       1.2        21       608     0.895     0.912      0.94     0.903      1.86     0.298         0
   169/299     7.81G     0.891     0.283         0      1.17        19       608     0.897     0.929     0.956     0.913      1.82     0.291         0
   170/299     7.81G     0.849     0.251         0       1.1        18       608     0.895     0.938     0.956     0.916      1.77     0.286         0
   171/299     7.81G      0.94     0.252         0      1.19        19       608     0.901     0.938     0.955     0.919      1.79     0.282         0
   172/299     7.81G      0.82     0.235         0      1.05        23       608     0.897      0.92     0.941     0.909      1.77     0.279         0
   173/299     7.81G     0.836     0.262         0       1.1        19       608     0.903      0.92     0.936     0.912      1.85      0.28         0
   174/299     7.81G     0.882     0.271         0      1.15        22       608     0.919     0.906     0.932     0.912      1.85     0.287         0
   175/299     7.81G      0.79     0.244         0      1.03        18       608     0.915     0.912     0.932     0.913      1.91     0.293         0
   176/299     7.81G     0.864     0.245         0      1.11        25       608     0.911     0.903     0.934     0.907      1.91     0.296         0
   177/299     7.81G     0.911     0.254         0      1.17        30       608     0.911     0.906     0.943     0.909      1.88     0.297         0
   178/299     7.81G     0.853      0.24         0      1.09        21       608     0.907     0.912     0.948     0.909      1.82     0.294         0
   179/299     7.81G      0.78     0.257         0      1.04        22       608     0.902     0.901     0.944     0.902      1.84     0.294         0
   180/299     7.81G      0.78     0.231         0      1.01        25       608     0.901     0.912     0.946     0.906      1.83     0.293         0
   181/299     7.81G     0.823     0.242         0      1.06        20       608     0.909     0.912     0.951      0.91      1.77     0.291         0
   182/299     7.81G     0.835     0.233         0      1.07        20       608     0.912     0.914     0.951     0.913      1.75     0.291         0
   183/299     7.81G     0.831     0.243         0      1.07        22       608      0.91     0.912     0.951     0.911      1.78     0.288         0
   184/299     7.81G     0.771     0.222         0     0.993        18       608     0.919     0.898     0.942     0.908       1.8     0.287         0
   185/299     7.81G     0.778     0.248         0      1.03        26       608     0.897     0.894     0.931     0.896      1.79     0.281         0
   186/299     7.81G     0.764     0.228         0     0.992        23       608     0.898     0.903     0.936     0.901      1.84     0.276         0
   187/299     7.81G     0.785     0.246         0      1.03        21       608     0.898     0.903     0.938       0.9       1.8     0.279         0
   188/299     7.81G      0.84     0.238         0      1.08        24       608     0.911     0.907     0.941     0.909       1.8      0.29         0
   189/299     7.81G     0.818     0.233         0      1.05        24       608     0.903     0.912     0.939     0.907       1.8     0.294         0
   190/299     7.81G     0.777     0.246         0      1.02        23       608     0.891     0.912     0.938     0.901       1.8     0.298         0
   191/299     7.81G     0.694     0.215         0     0.909        19       608     0.887     0.912      0.94     0.899      1.78     0.293         0
   192/299     7.81G     0.749     0.242         0     0.991        18       608      0.89     0.912      0.94     0.901      1.81     0.294         0
   193/299     7.81G     0.765     0.235         0         1        20       608     0.884      0.92      0.94     0.902      1.82     0.294         0
   194/299     7.81G     0.759     0.228         0     0.987        24       608     0.897      0.92     0.933     0.909      1.82     0.293         0
   195/299     7.81G     0.684     0.207         0     0.891        21       608     0.882      0.92     0.941     0.901      1.81     0.294         0
   196/299     7.81G     0.756     0.229         0     0.985        21       608     0.878     0.912     0.936     0.895      1.79     0.294         0
   197/299     7.81G     0.775     0.228         0         1        19       608     0.886     0.912     0.934     0.899      1.83     0.296         0
   198/299     7.81G     0.744     0.214         0     0.958        22       608     0.897     0.903     0.933       0.9      1.82     0.305         0
   199/299     7.81G     0.714     0.231         0     0.945        21       608     0.897     0.912     0.931     0.904      1.84     0.314         0
   200/299     7.81G     0.655     0.215         0      0.87        18       608     0.883     0.912     0.921     0.897      1.79     0.308         0
   201/299     7.81G     0.688     0.215         0     0.903        22       608     0.884     0.912     0.932     0.898      1.78     0.305         0
   202/299     7.81G     0.703     0.197         0     0.899        20       608     0.884     0.912      0.93     0.898      1.79     0.303         0
   203/299     7.81G     0.676     0.225         0     0.901        19       608     0.887     0.906     0.932     0.896      1.77       0.3         0
   204/299     7.81G     0.701     0.211         0     0.912        21       608     0.885     0.912     0.938     0.898      1.79     0.298         0
   205/299     7.81G     0.701     0.198         0     0.899        21       608     0.893     0.912     0.942     0.902       1.8     0.304         0
   206/299     7.81G     0.695     0.233         0     0.928        22       608       0.9     0.912     0.936     0.906      1.81     0.311         0
   207/299     7.81G     0.703     0.201         0     0.904        16       608     0.904      0.92     0.933     0.912       1.8     0.305         0
   208/299     7.81G     0.699     0.209         0     0.908        23       608     0.896      0.92     0.932     0.908      1.81     0.303         0
   209/299     7.81G     0.652     0.202         0     0.854        17       608     0.883     0.912     0.932     0.897      1.79     0.302         0
   210/299     7.81G     0.635       0.2         0     0.835        29       608     0.887      0.92     0.931     0.904      1.78     0.303         0
   211/299     7.81G     0.622     0.201         0     0.823        19       608     0.884      0.92     0.934     0.902      1.77     0.305         0
   212/299     7.81G     0.652     0.208         0      0.86        23       608     0.889      0.92     0.943     0.904      1.74     0.311         0
   213/299     7.81G     0.641     0.225         0     0.866        19       608     0.884      0.92     0.945     0.902      1.77     0.315         0
   214/299     7.81G     0.633     0.185         0     0.818        18       608      0.89      0.92     0.947     0.905      1.76     0.311         0
   215/299     7.81G     0.676     0.187         0     0.864        16       608     0.887      0.92     0.947     0.903      1.78     0.309         0
   216/299     7.81G     0.627     0.186         0     0.813        22       608     0.888     0.912     0.936       0.9      1.76     0.309         0
   217/299     7.81G     0.611     0.188         0     0.799        21       608     0.905     0.912     0.935     0.908      1.77     0.314         0
   218/299     7.81G     0.627      0.19         0     0.816        18       608     0.897     0.903     0.934       0.9      1.76     0.315         0
   219/299     7.81G     0.632     0.177         0     0.809        20       608     0.896     0.912     0.935     0.904      1.77     0.316         0
   220/299     7.81G     0.602     0.196         0     0.798        23       608     0.888     0.909     0.936     0.898      1.76     0.317         0
   221/299     7.81G     0.608      0.18         0     0.788        19       608     0.888      0.91     0.935     0.899      1.75      0.32         0
   222/299     7.81G       0.6     0.196         0     0.796        17       608     0.888     0.911     0.934     0.899      1.78     0.325         0
   223/299     7.81G     0.621     0.195         0     0.816        21       608     0.896     0.912     0.934     0.904      1.79     0.328         0
   224/299     7.81G     0.632     0.199         0     0.831        23       608     0.879     0.901     0.912      0.89      1.79     0.323         0
   225/299     7.81G     0.625     0.185         0     0.811        24       608     0.904     0.922     0.942     0.913      1.78     0.322         0
   226/299     7.81G     0.559     0.182         0     0.741        20       608     0.896     0.919     0.932     0.907      1.77      0.32         0
   227/299     7.81G     0.555     0.178         0     0.733        24       608     0.894      0.92     0.934     0.907      1.78      0.32         0
   228/299     7.81G      0.58     0.186         0     0.766        27       608     0.897     0.929     0.944     0.913      1.79      0.32         0
   229/299     7.81G     0.588     0.178         0     0.765        22       608     0.888     0.929     0.945     0.908      1.78     0.317         0
   230/299     7.81G     0.573     0.178         0     0.751        22       608     0.898     0.929     0.944     0.913      1.77     0.316         0
   231/299     7.81G     0.573     0.183         0     0.756        26       608     0.895     0.929     0.945     0.912      1.77     0.318         0
   232/299     7.81G     0.593     0.198         0     0.791        24       608     0.895     0.929     0.945     0.912      1.78     0.319         0
   233/299     7.81G     0.591     0.197         0     0.787        18       608     0.896     0.929      0.94     0.912      1.76      0.32         0
   234/299     7.81G     0.557     0.184         0     0.741        23       608     0.905     0.929     0.939     0.917      1.78      0.32         0
   235/299     7.81G     0.582     0.197         0     0.779        20       608     0.913     0.929     0.939     0.921      1.75     0.318         0
   236/299     7.81G     0.582     0.197         0     0.779        20       608     0.923     0.929     0.939     0.926      1.77      0.32         0
   237/299     7.81G     0.594     0.176         0      0.77        15       608     0.927     0.929     0.938     0.928      1.77      0.32         0
   238/299     7.81G     0.532     0.165         0     0.697        19       608     0.915      0.92      0.93     0.917      1.77     0.322         0
   239/299     7.81G     0.556     0.175         0     0.732        26       608     0.922      0.92     0.929     0.921      1.76     0.323         0
   240/299     7.81G     0.557     0.194         0     0.751        21       608     0.926      0.92      0.93     0.923      1.75     0.325         0
   241/299     7.81G     0.565     0.156         0     0.721        18       608     0.925      0.92     0.929     0.923      1.75     0.328         0
   242/299     7.81G     0.549     0.162         0     0.711        21       608     0.916      0.92     0.929     0.918      1.74     0.329         0
   243/299     7.81G     0.533     0.184         0     0.717        27       608     0.913      0.92     0.929     0.917      1.75     0.329         0
   244/299     7.81G     0.521     0.166         0     0.687        23       608     0.912      0.92     0.929     0.916      1.75     0.328         0
   245/299     7.81G     0.507     0.167         0     0.673        22       608     0.911      0.92     0.929     0.915      1.75     0.327         0
   246/299     7.81G     0.551     0.179         0     0.729        23       608      0.91      0.92     0.933     0.915      1.75     0.324         0
   247/299     7.81G     0.555     0.159         0     0.714        22       608      0.91      0.92     0.933     0.915      1.74     0.325         0
   248/299     7.81G     0.528     0.166         0     0.694        24       608     0.913     0.929     0.941     0.921      1.75     0.324         0
   249/299     7.81G     0.529     0.174         0     0.703        22       608     0.911     0.929      0.94      0.92      1.76     0.328         0
   250/299     7.81G     0.533     0.172         0     0.705        20       608     0.908     0.929      0.94     0.919      1.76     0.331         0
   251/299     7.81G     0.515     0.175         0     0.691        21       608     0.897      0.92     0.929     0.908      1.78     0.334         0
   252/299     7.81G     0.507     0.173         0      0.68        22       608     0.913      0.92     0.937     0.917      1.78     0.335         0
   253/299     7.81G      0.52     0.166         0     0.686        24       608     0.905     0.927     0.937     0.916      1.78     0.333         0
   254/299     7.81G     0.507      0.17         0     0.677        24       608     0.885      0.92     0.934     0.903      1.78     0.332         0
   255/299     7.81G     0.533     0.165         0     0.698        23       608     0.887      0.92     0.933     0.903      1.78     0.331         0
   256/299     7.81G     0.529     0.166         0     0.695        26       608     0.899      0.92     0.932      0.91      1.79     0.334         0
   257/299     7.81G     0.514     0.178         0     0.693        16       608     0.894      0.92     0.931     0.907      1.77     0.335         0
   258/299     7.81G     0.514     0.157         0     0.671        21       608     0.897      0.92     0.928     0.908      1.76     0.335         0
   259/299     7.81G     0.521     0.178         0     0.699        20       608     0.899      0.92     0.928     0.909      1.77     0.338         0
   260/299     7.81G     0.525     0.162         0     0.687        18       608     0.903      0.92     0.928     0.912      1.76     0.338         0
   261/299     7.81G     0.514     0.173         0     0.687        20       608     0.907      0.92     0.925     0.913      1.76     0.337         0
   262/299     7.81G     0.518     0.181         0     0.699        24       608     0.899      0.92     0.925      0.91      1.77     0.336         0
   263/299     7.81G      0.48     0.158         0     0.638        20       608     0.891      0.92     0.928     0.906      1.76     0.336         0
   264/299     7.81G     0.504     0.151         0     0.655        22       608     0.891      0.92     0.928     0.905      1.77     0.337         0
   265/299     7.81G     0.499     0.176         0     0.675        19       608      0.89      0.92     0.927     0.905      1.76     0.336         0
   266/299     7.81G     0.518     0.143         0     0.661        19       608     0.887      0.92     0.924     0.903      1.77     0.337         0
   267/299     7.81G     0.511     0.162         0     0.674        20       608     0.899      0.92     0.925     0.909      1.77     0.337         0
   268/299     7.81G     0.501     0.157         0     0.658        18       608     0.898      0.92     0.928     0.909      1.77     0.336         0
   269/299     7.81G     0.496     0.166         0     0.662        25       608     0.893      0.92     0.929     0.907      1.76     0.336         0
   270/299     7.81G      0.49     0.143         0     0.633        20       608     0.897      0.92      0.93     0.908      1.77     0.334         0
   271/299     7.81G     0.476     0.152         0     0.628        17       608     0.888      0.92      0.93     0.904      1.78     0.334         0
   272/299     7.81G     0.487     0.164         0      0.65        22       608      0.89     0.929     0.938     0.909      1.77     0.334         0
   273/299     7.81G     0.501      0.17         0     0.671        17       608     0.879      0.92     0.929     0.899      1.76     0.335         0
   274/299     7.81G     0.515      0.16         0     0.675        21       608     0.878      0.92     0.929     0.899      1.77     0.337         0
   275/299     7.81G     0.495     0.157         0     0.652        22       608     0.879      0.92     0.933     0.899      1.77     0.336         0
   276/299     7.81G     0.525     0.163         0     0.688        22       608     0.889      0.92     0.933     0.905      1.77     0.335         0
   277/299     7.81G     0.522     0.157         0     0.679        21       608     0.887      0.92     0.933     0.904      1.77     0.335         0
   278/299     7.81G     0.504     0.153         0     0.657        16       608     0.898     0.929     0.941     0.913      1.77     0.336         0
   279/299     7.81G     0.476     0.158         0     0.634        22       608     0.901     0.929     0.941     0.915      1.76     0.336         0
   280/299     7.81G       0.5     0.174         0     0.674        18       608     0.898     0.929     0.941     0.913      1.76     0.338         0
   281/299     7.81G     0.472     0.144         0     0.616        18       608     0.887     0.929     0.941     0.908      1.76     0.338         0
   282/299     7.81G     0.475     0.155         0     0.631        23       608      0.89     0.929     0.941     0.909      1.76     0.338         0
   283/299     7.81G     0.513     0.155         0     0.668        22       608     0.893     0.929     0.941     0.911      1.75     0.339         0
   284/299     7.81G     0.485     0.159         0     0.644        18       608     0.905     0.929     0.942     0.917      1.76     0.338         0
   285/299     7.81G     0.518     0.161         0      0.68        24       608     0.906     0.929     0.942     0.917      1.75     0.337         0
   286/299     7.81G     0.496     0.176         0     0.673        26       608     0.906     0.929     0.943     0.918      1.75     0.336         0
   287/299     7.81G     0.501     0.149         0      0.65        20       608     0.908     0.929     0.942     0.918      1.76     0.336         0
   288/299     7.81G     0.492      0.16         0     0.653        21       608     0.907     0.929     0.942     0.918      1.75     0.333         0
   289/299     7.81G     0.487     0.156         0     0.644        25       608     0.903     0.929     0.942     0.916      1.75     0.333         0
   290/299     7.81G     0.467     0.147         0     0.615        19       608       0.9     0.929     0.943     0.914      1.74     0.333         0
   291/299     7.81G     0.512     0.146         0     0.659        26       608      0.89     0.929     0.942     0.909      1.74     0.335         0
   292/299     7.81G     0.485     0.157         0     0.642        16       608     0.889     0.929     0.941     0.909      1.74     0.336         0
   293/299     7.81G     0.463     0.158         0     0.621        15       608     0.892     0.929     0.942      0.91      1.74     0.336         0
   294/299     7.81G     0.497     0.163         0     0.659        20       608     0.889     0.929     0.942     0.908      1.74     0.336         0
   295/299     7.81G     0.501     0.167         0     0.668        19       608     0.889     0.929     0.941     0.909      1.75     0.336         0
   296/299     7.81G     0.455      0.14         0     0.595        21       608     0.901     0.929     0.937     0.915      1.75     0.335         0
   297/299     7.81G     0.482     0.155         0     0.637        21       608     0.898      0.92      0.94     0.909      1.75     0.337         0
   298/299     7.81G     0.466     0.146         0     0.612        17       608     0.909      0.92     0.938     0.915      1.75     0.337         0
   299/299     7.81G     0.521     0.173         0     0.694        22       608     0.908      0.92     0.937     0.914      1.74     0.339         0
