     0/299     7.81G      7.89      32.2         0      40.1        19       608         0         0     0.018         0      6.82       1.6         0
     1/299     7.81G      6.11      2.73         0      8.84        17       608         0         0    0.0344         0      5.54      1.49         0
     2/299     7.81G      4.97      2.66         0      7.63        21       608         0         0   0.00432         0      5.48      1.38         0
     3/299     7.81G      4.65      1.85         0       6.5        17       608     0.259     0.283     0.181      0.27      5.57     0.788         0
     4/299     7.81G      4.83      1.21         0      6.04        18       608     0.203     0.257     0.134     0.226      5.85     0.648         0
     5/299     7.81G      4.53      1.21         0      5.74        20       608     0.547     0.212     0.323     0.306      4.33     0.708         0
     6/299     7.81G      4.28         1         0      5.29        17       608     0.391     0.182     0.234     0.248       4.8     0.607         0
     7/299     7.81G      4.43     0.934         0      5.36        19       608     0.349     0.168     0.234     0.227      4.43     0.592         0
     8/299     7.81G      4.24     0.915         0      5.15        21       608     0.652     0.149     0.387     0.243      5.07     0.567         0
     9/299     7.81G      4.16     0.937         0       5.1        15       608     0.815     0.434     0.701     0.566      3.56     0.477         0
    10/299     7.81G      4.46     0.831         0      5.29        16       608    0.0445    0.0816     0.106    0.0576      3.98     0.952         0
    11/299     7.81G      3.99     0.843         0      4.84        14       608     0.636     0.341     0.486     0.444      4.25     0.503         0
    12/299     7.81G      3.98     0.828         0      4.81        21       608     0.876     0.239     0.597     0.375      3.84     0.559         0
    13/299     7.81G      3.78     0.767         0      4.54        16       608    0.0908     0.204    0.0797     0.126      4.51     0.641         0
    14/299     7.81G      3.94      0.85         0      4.79        18       608    0.0554     0.354    0.0435    0.0957      5.61     0.501         0
    15/299     7.81G       3.9     0.838         0      4.74        16       608      0.48      0.27     0.343     0.345       5.7     0.422         0
    16/299     7.81G      4.35     0.901         0      5.25        21       608     0.779    0.0317     0.544    0.0608      3.84      0.65         0
    17/299     7.81G       3.9      0.81         0      4.71        19       608     0.668      0.16      0.42     0.258      4.47     0.455         0
    18/299     7.81G      3.77     0.843         0      4.61        16       608     0.438     0.522      0.34     0.476      3.83     0.527         0
    19/299     7.81G      3.84     0.751         0      4.59        17       608     0.212    0.0708      0.15     0.106      3.87     0.502         0
    20/299     7.81G       3.3     0.904         0       4.2        19       608     0.856     0.581     0.715     0.692      3.38     0.431         0
    21/299     7.81G      3.52     0.689         0       4.2        18       608     0.903     0.593     0.733     0.716      3.48     0.385         0
    22/299     7.81G      3.41     0.692         0       4.1        16       608     0.871     0.513      0.76     0.646      3.29     0.399         0
    23/299     7.81G      3.13     0.679         0      3.81        15       608     0.479     0.743     0.495     0.583      3.26     0.397         0
    24/299     7.81G      3.69     0.693         0      4.39        20       608     0.908     0.348     0.707     0.503      3.09     0.416         0
    25/299     7.81G      3.09     0.755         0      3.84        15       608     0.939     0.137     0.454     0.239      4.22     0.578         0
    26/299     7.81G      3.27     0.676         0      3.95        12       608     0.691     0.159     0.444     0.258      3.81     0.508         0
    27/299     7.81G      3.25     0.658         0      3.91        14       608     0.891     0.168     0.537     0.283      3.76     0.567         0
    28/299     7.81G      3.29     0.643         0      3.94        16       608     0.738     0.224     0.536     0.344      3.95     0.523         0
    29/299     7.81G      3.04      0.67         0      3.71        16       608     0.594     0.566     0.549      0.58      3.42     0.383         0
    30/299     7.81G      2.87     0.618         0      3.49        18       608     0.837      0.54      0.77     0.656      3.17     0.392         0
    31/299     7.81G       3.3     0.597         0       3.9        23       608     0.904      0.58      0.83     0.707      2.91     0.377         0
    32/299     7.81G      2.98     0.592         0      3.57        14       608     0.831     0.602     0.773     0.698      2.87      0.39         0
    33/299     7.81G      2.72     0.586         0      3.31         9       608     0.759     0.664     0.772     0.708      3.01     0.363         0
    34/299     7.81G       2.7     0.575         0      3.28        17       608     0.839     0.717     0.831     0.773      2.96     0.348         0
    35/299     7.81G       2.6     0.573         0      3.18        21       608     0.815     0.805     0.843      0.81      3.03     0.342         0
    36/299     7.81G      2.64     0.587         0      3.23        18       608     0.836     0.678     0.798     0.749      3.12     0.357         0
    37/299     7.81G      2.82     0.583         0       3.4        19       608     0.882     0.584     0.772     0.703         3     0.373         0
    38/299     7.81G      2.49     0.563         0      3.05        19       608     0.913     0.708      0.85     0.798      2.78     0.347         0
    39/299     7.81G       2.6     0.552         0      3.15        14       608     0.865     0.682     0.822     0.763      2.96     0.355         0
    40/299     7.81G      2.68     0.547         0      3.22        14       608     0.864     0.681     0.836     0.762      2.97     0.351         0
    41/299     7.81G      2.75     0.538         0      3.29        16       608     0.905     0.589     0.742     0.713       2.8     0.372         0
    42/299     7.81G      2.46     0.516         0      2.97        19       608     0.844      0.72       0.8     0.778       3.2      0.33         0
    43/299     7.81G      2.63     0.492         0      3.12        15       608     0.865     0.788     0.857     0.825      2.82     0.332         0
    44/299     7.81G      2.46     0.527         0      2.99        19       608     0.897     0.769     0.869     0.828      2.75     0.334         0
    45/299     7.81G      2.41     0.526         0      2.94        17       608     0.863     0.727     0.854     0.789      2.74     0.341         0
    46/299     7.81G      2.47      0.52         0      2.99        16       608     0.845     0.771     0.857     0.806       2.7     0.349         0
    47/299     7.81G      2.31      0.52         0      2.83        15       608     0.967     0.779     0.898     0.863      2.52     0.358         0
    48/299     7.81G      2.34     0.451         0      2.79        14       608       0.9     0.735     0.871     0.809      3.05     0.345         0
    49/299     7.81G      2.33      0.49         0      2.82        16       608     0.873     0.792     0.869      0.83      2.86     0.315         0
    50/299     7.81G      2.34     0.469         0       2.8        15       608     0.948     0.809     0.939     0.873      2.51     0.306         0
    51/299     7.81G      2.16     0.506         0      2.66        15       608     0.923     0.847     0.943     0.883      2.75     0.296         0
    52/299     7.81G      2.23      0.46         0      2.69        13       608     0.897     0.845     0.925      0.87      2.41     0.298         0
    53/299     7.81G      2.28     0.472         0      2.75        17       608     0.907     0.859     0.939     0.882      2.48     0.304         0
    54/299     7.81G      2.33     0.458         0      2.79        18       608     0.926     0.779     0.905     0.846      2.48     0.338         0
    55/299     7.81G      2.07     0.448         0      2.52        14       608     0.869      0.85     0.921     0.859      2.49     0.308         0
    56/299     7.81G      2.27     0.463         0      2.74        19       608     0.881     0.779     0.871     0.827      2.51     0.314         0
    57/299     7.81G      2.15     0.477         0      2.62        16       608     0.862     0.788     0.893     0.823      2.43     0.321         0
    58/299     7.81G      1.97     0.494         0      2.47        14       608     0.795     0.823     0.876     0.809      2.54      0.31         0
    59/299     7.81G      2.08     0.479         0      2.56        15       608     0.816     0.825     0.899      0.82       2.4     0.316         0
    60/299     7.81G      2.01     0.467         0      2.47        18       608     0.882     0.841     0.901     0.861      2.49     0.306         0
    61/299     7.81G      2.03     0.461         0      2.49        18       608     0.877     0.823     0.883     0.849      2.32     0.313         0
    62/299     7.81G      1.95     0.492         0      2.44        19       608     0.872     0.843     0.922     0.857      2.35     0.312         0
    63/299     7.81G      1.94     0.439         0      2.37        18       608     0.861     0.876     0.931     0.868      2.42     0.304         0
    64/299     7.81G      1.93     0.431         0      2.36        17       608     0.899     0.868     0.939     0.883      2.47     0.316         0
    65/299     7.81G      1.96     0.418         0      2.38        16       608     0.884     0.874     0.925     0.879      2.28     0.299         0
    66/299     7.81G      1.75     0.426         0      2.18        16       608     0.871       0.9     0.935     0.885      2.32     0.296         0
    67/299     7.81G      2.02     0.407         0      2.42         8       608     0.885     0.886     0.944     0.885      2.17     0.295         0
    68/299     7.81G      1.82     0.428         0      2.25        15       608     0.897     0.852     0.928     0.874       2.5     0.309         0
    69/299     7.81G       1.9     0.441         0      2.34        13       608     0.885      0.85     0.938     0.867      2.32     0.306         0
    70/299     7.81G      1.98     0.411         0      2.39        13       608     0.886      0.89     0.941     0.888      2.16     0.294         0
    71/299     7.81G      1.73     0.446         0      2.18        19       608     0.871      0.85     0.925      0.86       2.2     0.302         0
    72/299     7.81G      1.74      0.39         0      2.13        18       608     0.885     0.815     0.937     0.849      2.27     0.316         0
    73/299     7.81G      1.95     0.389         0      2.34        15       608     0.898     0.876     0.936     0.887      2.13     0.295         0
    74/299     7.81G      1.88     0.419         0       2.3        12       608     0.836     0.854     0.931     0.845      2.34     0.295         0
    75/299     7.81G      1.78     0.398         0      2.18        19       608      0.85     0.885     0.937     0.867      2.18     0.296         0
    76/299     7.81G      1.74     0.393         0      2.14        16       608     0.869     0.867     0.922     0.868      2.17     0.284         0
    77/299     7.81G      1.76     0.392         0      2.15        12       608     0.883     0.867     0.936     0.875      2.13     0.273         0
    78/299     7.81G      1.71     0.371         0      2.08        14       608     0.893     0.903     0.947     0.898      2.24     0.266         0
    79/299     7.81G       1.8     0.402         0       2.2        18       608     0.941     0.894     0.954     0.917      2.29     0.271         0
    80/299     7.81G       1.8     0.397         0      2.19        17       608     0.913     0.938     0.968     0.925      2.18      0.27         0
    81/299     7.81G       1.8     0.386         0      2.19        18       608     0.892     0.903     0.956     0.897      2.15     0.268         0
    82/299     7.81G      1.84     0.383         0      2.23        21       608     0.943     0.903     0.953     0.922      2.14     0.278         0
    83/299     7.81G      1.69     0.416         0       2.1        17       608     0.919     0.885     0.944     0.902      2.13     0.284         0
    84/299     7.81G      1.64     0.393         0      2.03        23       608     0.911     0.876     0.938     0.893      2.13     0.275         0
    85/299     7.81G      1.67     0.373         0      2.05        14       608     0.915     0.867     0.926     0.891      2.26     0.283         0
    86/299     7.81G      1.66     0.406         0      2.06        15       608     0.916     0.872     0.909     0.894      2.15       0.3         0
    87/299     7.81G      1.71     0.376         0      2.08        15       608     0.866     0.857     0.919     0.861       2.2     0.292         0
    88/299     7.81G      1.59     0.368         0      1.96        19       608     0.911      0.85     0.935     0.879      2.14     0.285         0
    89/299     7.81G      1.58     0.346         0      1.92        16       608     0.916     0.866     0.936      0.89      2.07     0.289         0
    90/299     7.81G      1.49     0.378         0      1.86        16       608      0.92     0.867     0.938     0.893      2.18     0.288         0
    91/299     7.81G      1.72     0.377         0      2.09        21       608     0.924     0.856      0.91     0.889      2.17     0.277         0
    92/299     7.81G      1.56     0.369         0      1.93        17       608     0.934     0.871     0.944     0.901      2.21      0.28         0
    93/299     7.81G      1.61     0.352         0      1.96        18       608      0.91     0.894     0.935     0.902      2.11     0.278         0
    94/299     7.81G      1.56     0.358         0      1.92        17       608     0.902     0.903     0.956     0.902      2.29     0.285         0
    95/299     7.81G      1.56     0.373         0      1.94        18       608     0.886     0.894     0.935      0.89      2.16      0.28         0
    96/299     7.81G      1.46      0.35         0      1.81        15       608     0.881     0.885     0.935     0.883      2.11     0.281         0
    97/299     7.81G      1.69      0.35         0      2.04        19       608     0.917     0.882     0.938     0.899      2.17     0.288         0
    98/299     7.81G      1.45     0.353         0       1.8        16       608     0.921     0.885     0.928     0.903      2.08     0.283         0
    99/299     7.81G      1.39     0.345         0      1.73        19       608     0.925     0.874     0.934     0.899      2.14     0.274         0
   100/299     7.81G      1.65     0.329         0      1.98        18       608     0.914     0.843     0.919     0.877      2.13     0.276         0
   101/299     7.81G      1.55     0.361         0      1.91        12       608     0.914     0.848     0.918      0.88       2.1     0.288         0
   102/299     7.81G       1.5     0.384         0      1.89        15       608     0.893     0.888     0.926     0.891      2.03     0.281         0
   103/299     7.81G      1.41      0.32         0      1.73        25       608     0.893     0.867     0.936      0.88      2.06     0.283         0
   104/299     7.81G       1.5     0.345         0      1.85        16       608     0.908     0.867     0.948     0.887      2.02     0.272         0
   105/299     7.81G      1.47     0.349         0      1.81        14       608     0.858     0.867     0.944     0.863      1.99     0.274         0
   106/299     7.81G      1.44     0.318         0      1.76        14       608     0.848     0.867     0.921     0.858       2.1     0.288         0
   107/299     7.81G      1.39     0.332         0      1.72        17       608     0.834     0.858     0.904     0.846      2.09     0.291         0
   108/299     7.81G      1.36      0.32         0      1.68        16       608     0.844     0.861     0.903     0.852      2.13     0.299         0
   109/299     7.81G      1.41     0.336         0      1.75        16       608     0.861     0.867     0.909     0.864      2.14     0.289         0
   110/299     7.81G      1.53     0.323         0      1.85        20       608     0.889     0.841      0.91     0.864       2.2     0.298         0
   111/299     7.81G       1.5     0.306         0       1.8        16       608     0.896      0.85     0.907     0.872      2.16     0.302         0
   112/299     7.81G      1.44     0.322         0      1.76        20       608     0.866     0.856     0.912     0.861      2.09     0.301         0
   113/299     7.81G      1.55     0.348         0       1.9        20       608     0.884     0.885     0.924     0.884      2.06     0.304         0
   114/299     7.81G      1.41     0.328         0      1.74        15       608       0.9     0.894     0.932     0.897      2.15     0.295         0
   115/299     7.81G      1.48     0.361         0      1.84        16       608      0.91     0.897     0.947     0.904      2.03     0.286         0
   116/299     7.81G      1.47     0.318         0      1.79        16       608     0.885     0.885     0.915     0.885      2.09     0.283         0
   117/299     7.81G      1.28     0.302         0      1.58        20       608     0.909     0.889     0.928     0.899      2.09      0.28         0
   118/299     7.81G      1.43     0.328         0      1.76        14       608     0.908     0.867     0.924     0.887      2.06     0.282         0
   119/299     7.81G      1.32     0.312         0      1.63        18       608     0.926     0.887      0.94     0.906      1.92     0.279         0
   120/299     7.81G      1.27      0.32         0      1.59        13       608     0.901      0.89     0.942     0.896      1.96     0.278         0
   121/299     7.81G      1.44     0.327         0      1.76        13       608     0.897     0.885     0.946     0.891      2.12     0.276         0
   122/299     7.81G      1.36     0.309         0      1.66        23       608       0.9     0.876      0.94     0.888      2.01     0.281         0
   123/299     7.81G      1.34     0.313         0      1.66        15       608     0.893     0.891     0.937     0.892      2.03      0.28         0
   124/299     7.81G      1.28      0.32         0       1.6        15       608      0.89     0.903     0.939     0.896      2.05     0.279         0
   125/299     7.81G      1.21     0.285         0      1.49        17       608     0.892     0.874     0.942     0.883      2.01     0.275         0
   126/299     7.81G      1.26     0.302         0      1.56        16       608     0.903     0.867     0.948     0.885         2     0.273         0
   127/299     7.81G       1.3     0.305         0      1.61        14       608     0.908     0.877     0.942     0.892      2.03     0.283         0
   128/299     7.81G      1.28     0.295         0      1.57        18       608      0.92     0.921     0.956     0.921      2.07     0.279         0
   129/299     7.81G      1.25     0.305         0      1.55        21       608     0.907      0.92     0.967     0.914      1.96     0.279         0
   130/299     7.81G      1.35      0.29         0      1.64        11       608     0.916     0.903     0.967     0.909         2     0.285         0
   131/299     7.81G       1.2     0.296         0       1.5        15       608     0.932     0.912     0.963     0.922      1.91     0.273         0
   132/299     7.81G      1.16     0.318         0      1.48        16       608     0.942      0.92     0.959     0.931      1.92     0.269         0
   133/299     7.81G      1.17     0.275         0      1.44        15       608     0.917     0.912     0.943     0.914      1.92     0.268         0
   134/299     7.81G      1.23     0.278         0      1.51        14       608      0.93     0.876     0.949     0.902      2.05     0.277         0
   135/299     7.81G      1.18     0.312         0      1.49        12       608     0.944     0.892     0.966     0.917      1.89     0.275         0
   136/299     7.81G      1.09     0.259         0      1.35        15       608     0.877     0.867     0.925     0.872      1.94     0.275         0
   137/299     7.81G      1.39     0.295         0      1.68        13       608     0.902     0.891     0.936     0.896         2     0.288         0
   138/299     7.81G      1.14     0.282         0      1.42        16       608     0.909     0.884     0.938     0.896      2.05     0.292         0
   139/299     7.81G      1.14     0.292         0      1.43        18       608     0.918     0.897      0.95     0.908      1.95     0.289         0
   140/299     7.81G      1.24     0.293         0      1.54        17       608     0.916     0.903     0.942     0.909      1.98      0.29         0
   141/299     7.81G      1.22     0.277         0      1.49        18       608     0.917     0.882     0.937     0.899      2.08     0.295         0
   142/299     7.81G      1.22     0.279         0       1.5        21       608     0.917     0.885     0.941     0.901      2.05     0.287         0
   143/299     7.81G      1.14     0.294         0      1.43        16       608     0.916     0.867     0.934     0.891      1.97     0.283         0
   144/299     7.81G      1.08     0.285         0      1.37        20       608     0.896     0.915     0.947     0.905      1.95     0.276         0
   145/299     7.81G      1.07     0.296         0      1.36        17       608     0.903      0.91     0.961     0.906      1.94     0.273         0
   146/299     7.81G      1.14     0.297         0      1.44        13       608     0.927      0.92     0.964     0.923      2.03     0.272         0
   147/299     7.81G      1.17     0.281         0      1.45        15       608     0.924     0.912      0.96     0.918      1.95     0.279         0
   148/299     7.81G      1.12     0.284         0      1.41        18       608     0.909     0.929     0.962     0.919      1.98      0.27         0
   149/299     7.81G      1.15     0.262         0      1.41        13       608       0.9      0.92     0.958      0.91      1.88     0.268         0
   150/299     7.81G      1.21     0.273         0      1.49        19       608     0.897      0.92     0.952     0.909       1.9     0.273         0
   151/299     7.81G      1.11     0.269         0      1.38        16       608       0.9     0.903     0.949     0.901       1.9     0.274         0
   152/299     7.81G     0.958     0.277         0      1.23        15       608     0.891      0.92     0.961     0.905      1.91      0.27         0
   153/299     7.81G      1.05     0.232         0      1.28        18       608     0.888      0.92     0.955     0.904      1.86     0.271         0
   154/299     7.81G      1.05      0.26         0      1.31        16       608     0.887     0.902     0.948     0.894      1.84     0.275         0
   155/299     7.81G      0.96     0.251         0      1.21        19       608     0.885     0.887     0.949     0.886      1.93     0.273         0
   156/299     7.81G      1.15     0.277         0      1.43        22       608     0.864     0.894     0.937     0.879      1.92     0.273         0
   157/299     7.81G      1.05     0.276         0      1.32        18       608     0.874     0.903     0.951     0.888      1.92     0.271         0
   158/299     7.81G      1.03      0.25         0      1.28        17       608     0.871     0.898     0.941     0.884      1.93     0.269         0
   159/299     7.81G      1.06     0.263         0      1.33        18       608     0.912     0.917     0.945     0.915      1.91     0.272         0
   160/299     7.81G      1.04     0.237         0      1.28        19       608     0.902      0.92     0.948     0.911      1.88      0.27         0
   161/299     7.81G     0.959     0.245         0       1.2        15       608     0.905     0.903     0.954     0.904      1.91     0.273         0
   162/299     7.81G       1.1     0.246         0      1.35        14       608     0.895     0.894     0.945     0.894      1.85     0.275         0
   163/299     7.81G      1.16     0.253         0      1.42        15       608     0.919     0.905     0.942     0.912      1.94     0.278         0
   164/299     7.81G      1.02     0.259         0      1.28        14       608     0.926     0.892     0.943     0.909      1.87     0.281         0
   165/299     7.81G         1     0.268         0      1.27        20       608     0.908      0.92     0.945     0.914      1.91     0.284         0
   166/299     7.81G      1.06     0.261         0      1.33        17       608     0.889     0.903     0.934     0.896       1.9     0.283         0
   167/299     7.81G      1.07     0.264         0      1.33        17       608     0.907     0.903     0.939     0.905      1.85     0.276         0
   168/299     7.81G         1     0.253         0      1.26        20       608     0.904     0.919     0.951     0.911      1.84     0.278         0
   169/299     7.81G      1.11     0.253         0      1.36         9       608     0.898      0.92     0.951     0.909       1.8     0.276         0
   170/299     7.81G      1.03      0.27         0       1.3        17       608     0.907      0.92     0.945     0.913      1.84     0.283         0
   171/299     7.81G      1.01     0.247         0      1.25        14       608     0.904     0.917      0.94      0.91      1.83     0.289         0
   172/299     7.81G      1.01     0.255         0      1.27        14       608     0.917     0.912     0.943     0.914      1.88     0.291         0
   173/299     7.81G     0.986     0.261         0      1.25        16       608     0.911     0.909     0.942      0.91      1.82     0.284         0
   174/299     7.81G     0.937     0.235         0      1.17        15       608     0.903     0.912     0.947     0.907      1.81     0.278         0
   175/299     7.81G     0.953      0.25         0       1.2        17       608     0.907      0.92      0.94     0.914      1.86     0.281         0
   176/299     7.81G      0.91      0.24         0      1.15        20       608     0.889     0.912     0.941       0.9      1.81     0.286         0
   177/299     7.81G     0.866     0.236         0       1.1        18       608     0.913     0.933     0.951     0.923       1.8     0.289         0
   178/299     7.81G     0.887     0.217         0       1.1        14       608     0.907      0.92     0.948     0.914      1.88     0.297         0
   179/299     7.81G     0.955     0.231         0      1.19        16       608     0.926     0.888     0.942     0.907      1.82     0.301         0
   180/299     7.81G     0.897     0.228         0      1.12        17       608     0.908     0.885     0.932     0.896      1.87     0.299         0
   181/299     7.81G     0.978     0.227         0      1.21        18       608     0.917     0.882     0.937     0.899      1.89     0.296         0
   182/299     7.81G     0.952     0.228         0      1.18        19       608     0.907     0.903     0.938     0.905      1.82     0.291         0
   183/299     7.81G     0.883     0.241         0      1.12        15       608     0.925     0.929     0.952     0.927      1.86     0.286         0
   184/299     7.81G     0.905     0.223         0      1.13        15       608      0.92     0.917     0.953     0.919      1.88     0.278         0
   185/299     7.81G      0.91     0.227         0      1.14        17       608     0.912     0.917      0.94     0.915      1.88     0.281         0
   186/299     7.81G     0.902     0.245         0      1.15        18       608     0.926     0.929     0.954     0.928      1.85     0.293         0
   187/299     7.81G     0.875     0.252         0      1.13        17       608     0.913     0.912     0.946     0.912      1.84     0.293         0
   188/299     7.81G     0.886     0.212         0       1.1        14       608     0.929     0.912     0.957      0.92      1.83     0.292         0
   189/299     7.81G      0.83     0.231         0      1.06        13       608     0.927     0.901     0.943     0.914      1.83     0.296         0
   190/299     7.81G     0.831     0.216         0      1.05        15       608     0.927       0.9     0.942     0.913      1.82     0.292         0
   191/299     7.81G      0.79     0.211         0         1        16       608     0.928     0.909     0.941     0.918      1.81     0.294         0
   192/299     7.81G     0.757     0.203         0     0.959        17       608     0.911     0.894     0.941     0.902      1.84     0.292         0
   193/299     7.81G     0.842     0.203         0      1.04        10       608     0.945     0.909     0.949     0.927       1.9     0.297         0
   194/299     7.81G     0.822     0.208         0      1.03        22       608     0.943     0.912     0.945     0.927      1.86       0.3         0
   195/299     7.81G     0.803     0.208         0      1.01        16       608     0.937      0.92     0.949     0.929      1.85     0.299         0
   196/299     7.81G     0.855     0.213         0      1.07        18       608     0.931      0.92     0.952     0.926      1.84       0.3         0
   197/299     7.81G     0.845     0.232         0      1.08        14       608     0.932     0.912     0.956     0.922      1.87     0.296         0
   198/299     7.81G     0.814      0.22         0      1.03        17       608     0.921     0.912     0.956     0.916      1.87     0.295         0
   199/299     7.81G     0.866     0.208         0      1.07        17       608     0.921     0.931     0.955     0.926      1.83     0.293         0
   200/299     7.81G     0.784     0.203         0     0.987        15       608     0.921     0.931     0.956     0.926      1.84     0.296         0
   201/299     7.81G     0.775     0.206         0      0.98        17       608     0.921     0.925     0.957     0.923      1.86     0.298         0
   202/299     7.81G     0.911      0.23         0      1.14        18       608     0.936     0.903     0.957     0.919      1.82     0.304         0
   203/299     7.81G     0.838     0.209         0      1.05        12       608     0.941     0.903     0.954     0.921      1.83     0.309         0
   204/299     7.81G     0.794     0.186         0      0.98        19       608     0.952     0.903     0.948     0.927      1.86     0.317         0
   205/299     7.81G     0.777     0.218         0     0.996        16       608     0.936     0.903     0.945     0.919      1.87     0.317         0
   206/299     7.81G     0.785     0.216         0         1        19       608     0.927     0.904     0.945     0.915      1.86     0.319         0
   207/299     7.81G     0.729       0.2         0     0.929        17       608     0.936      0.91     0.946     0.923      1.85     0.315         0
   208/299     7.81G     0.723     0.195         0     0.918        12       608     0.928     0.912     0.946      0.92      1.85     0.316         0
   209/299     7.81G     0.754     0.196         0      0.95        13       608     0.923     0.903     0.941     0.913      1.84     0.316         0
   210/299     7.81G     0.807     0.203         0      1.01        16       608     0.928      0.91     0.938     0.919      1.83     0.316         0
   211/299     7.81G     0.756     0.213         0     0.969        20       608     0.927     0.903     0.935     0.915      1.83     0.318         0
   212/299     7.81G     0.765     0.187         0     0.953        16       608     0.945     0.912     0.954     0.928      1.87     0.319         0
   213/299     7.81G     0.802     0.192         0     0.994        18       608     0.948      0.92     0.955     0.934      1.84      0.32         0
   214/299     7.81G     0.704     0.206         0     0.909        13       608     0.947      0.92     0.958     0.933      1.82     0.314         0
   215/299     7.81G     0.682     0.207         0     0.889        17       608     0.939     0.912     0.955     0.925      1.81     0.311         0
   216/299     7.81G     0.694     0.187         0      0.88        19       608     0.939      0.92     0.958     0.929      1.81     0.301         0
   217/299     7.81G     0.681     0.188         0     0.869        19       608     0.933      0.92     0.953     0.926      1.78     0.298         0
   218/299     7.81G     0.727     0.198         0     0.925        14       608     0.937     0.914     0.954     0.925      1.79     0.294         0
   219/299     7.81G     0.702     0.186         0     0.888        18       608     0.951     0.912     0.956     0.931      1.81     0.294         0
   220/299     7.81G     0.738     0.193         0     0.932        17       608     0.953     0.893     0.956     0.922      1.81       0.3         0
   221/299     7.81G     0.682     0.195         0     0.877        19       608     0.953     0.894     0.956     0.922      1.82     0.307         0
   222/299     7.81G     0.644     0.175         0      0.82        19       608     0.954     0.909     0.955     0.931      1.83     0.314         0
   223/299     7.81G     0.712     0.202         0     0.914        15       608     0.954     0.912     0.957     0.933       1.8     0.317         0
   224/299     7.81G     0.704     0.199         0     0.903        15       608     0.962      0.92     0.961     0.941       1.8     0.311         0
   225/299     7.81G     0.717     0.188         0     0.905        19       608     0.951     0.929     0.961      0.94      1.78     0.301         0
   226/299     7.81G     0.673     0.196         0     0.868        14       608     0.945     0.917     0.963     0.931      1.77     0.302         0
   227/299     7.81G     0.617     0.159         0     0.775        17       608     0.936     0.913     0.963     0.925      1.77     0.303         0
   228/299     7.81G     0.652     0.182         0     0.834        16       608     0.945     0.919     0.959     0.932      1.74     0.306         0
   229/299     7.81G     0.687     0.168         0     0.855        12       608     0.946     0.925      0.96     0.935      1.73     0.308         0
   230/299     7.81G     0.631     0.176         0     0.807        16       608     0.946     0.929     0.962     0.937      1.72     0.309         0
   231/299     7.81G     0.627     0.187         0     0.814        15       608     0.946     0.928     0.963     0.937      1.72     0.307         0
   232/299     7.81G     0.654     0.188         0     0.842        16       608     0.921     0.932     0.964     0.926      1.73     0.309         0
   233/299     7.81G     0.647     0.178         0     0.825        16       608      0.93     0.936     0.965     0.933      1.74     0.312         0
   234/299     7.81G     0.653     0.181         0     0.835        14       608     0.923     0.929     0.964     0.926      1.74     0.318         0
   235/299     7.81G     0.605     0.179         0     0.785        18       608     0.921     0.934     0.963     0.928      1.74     0.319         0
   236/299     7.81G     0.655     0.169         0     0.825        16       608     0.921     0.932     0.966     0.927      1.74      0.32         0
   237/299     7.81G     0.645     0.162         0     0.807         9       608      0.93     0.933     0.966     0.931      1.73     0.321         0
   238/299     7.81G     0.575     0.181         0     0.756        17       608     0.929     0.932     0.966     0.931      1.73     0.322         0
   239/299     7.81G     0.633      0.17         0     0.804        20       608     0.929     0.932     0.966     0.931      1.74     0.321         0
   240/299     7.81G     0.627     0.197         0     0.824        19       608     0.929     0.932     0.966     0.931      1.74      0.32         0
   241/299     7.81G     0.635     0.162         0     0.796        18       608      0.93     0.929     0.965      0.93      1.74      0.32         0
   242/299     7.81G     0.655     0.171         0     0.826        15       608     0.931     0.929     0.963      0.93      1.74      0.32         0
   243/299     7.81G      0.66     0.177         0     0.837        18       608     0.922     0.929     0.963     0.926      1.73     0.321         0
   244/299     7.81G     0.636     0.176         0     0.812        19       608     0.922     0.929     0.962     0.926      1.74     0.322         0
   245/299     7.81G     0.626     0.177         0     0.802        15       608     0.923     0.929     0.962     0.926      1.76     0.322         0
   246/299     7.81G     0.593     0.155         0     0.747        19       608     0.924     0.929     0.961     0.927      1.76     0.322         0
   247/299     7.81G     0.618     0.168         0     0.786        16       608     0.925     0.929     0.962     0.927      1.77     0.324         0
   248/299     7.81G     0.601     0.169         0      0.77        19       608     0.932     0.929     0.961      0.93      1.76     0.324         0
   249/299     7.81G     0.631     0.167         0     0.798        17       608     0.942     0.929     0.961     0.935      1.76     0.323         0
   250/299     7.81G     0.578      0.17         0     0.748        18       608     0.946     0.929     0.957     0.937      1.77     0.319         0
   251/299     7.81G     0.617     0.154         0     0.771        16       608     0.926      0.92     0.957     0.923      1.77     0.318         0
   252/299     7.81G     0.564     0.158         0     0.723        17       608     0.937     0.928     0.957     0.933      1.77      0.32         0
   253/299     7.81G      0.63     0.177         0     0.807        16       608     0.935     0.929     0.959     0.932      1.78     0.322         0
   254/299     7.81G     0.554     0.163         0     0.717        17       608     0.936     0.929     0.958     0.932      1.79     0.323         0
   255/299     7.81G     0.592     0.163         0     0.755        16       608     0.937     0.929     0.955     0.933      1.79     0.323         0
   256/299     7.81G     0.633     0.164         0     0.797        17       608     0.939     0.929     0.956     0.934      1.79     0.321         0
   257/299     7.81G     0.583      0.19         0     0.772        16       608     0.937      0.92     0.949     0.929      1.78     0.321         0
   258/299     7.81G     0.621     0.153         0     0.774        15       608     0.938      0.92     0.949     0.929      1.78     0.322         0
   259/299     7.81G     0.605     0.169         0     0.773        14       608     0.938     0.912     0.955     0.925      1.78     0.324         0
   260/299     7.81G     0.577     0.158         0     0.735        18       608     0.939     0.912     0.957     0.925      1.78     0.324         0
   261/299     7.81G     0.584     0.153         0     0.736        16       608     0.938     0.912     0.955     0.925      1.78     0.321         0
   262/299     7.81G      0.58     0.177         0     0.757        17       608     0.938      0.92     0.957     0.929       1.8     0.318         0
   263/299     7.81G     0.608     0.157         0     0.764        17       608     0.939      0.92     0.957      0.93       1.8     0.315         0
   264/299     7.81G     0.578     0.169         0     0.747        17       608     0.937      0.92     0.956     0.929      1.79     0.312         0
   265/299     7.81G     0.586     0.164         0      0.75        17       608     0.937      0.92     0.957     0.928      1.78      0.31         0
   266/299     7.81G     0.574      0.17         0     0.744        16       608      0.95      0.92     0.956     0.935      1.78     0.312         0
   267/299     7.81G     0.573     0.165         0     0.738        16       608     0.946      0.92     0.956     0.933      1.78     0.314         0
   268/299     7.81G     0.567     0.158         0     0.725        20       608     0.938     0.929     0.955     0.933      1.78     0.317         0
   269/299     7.81G     0.546     0.143         0     0.689        20       608     0.938      0.93     0.954     0.934      1.76      0.32         0
   270/299     7.81G     0.608     0.165         0     0.773        18       608     0.941     0.929     0.956     0.935      1.75     0.319         0
   271/299     7.81G      0.54      0.15         0     0.691        10       608     0.945     0.921     0.957     0.933      1.76     0.319         0
   272/299     7.81G     0.525     0.154         0     0.679        16       608      0.95      0.92     0.957     0.935      1.77     0.318         0
   273/299     7.81G     0.569      0.15         0      0.72        10       608     0.943      0.92     0.958     0.931      1.79     0.321         0
   274/299     7.81G     0.581     0.163         0     0.744        15       608     0.946      0.92     0.958     0.933      1.79     0.323         0
   275/299     7.81G     0.602     0.169         0     0.771        12       608     0.945      0.92     0.957     0.932      1.79     0.325         0
   276/299     7.81G     0.549     0.155         0     0.704        16       608     0.945      0.92     0.958     0.932      1.79     0.326         0
   277/299     7.81G     0.601     0.163         0     0.765        10       608      0.95      0.92     0.957     0.935      1.79     0.325         0
   278/299     7.81G     0.564     0.146         0      0.71        20       608     0.948      0.92     0.956     0.934      1.79     0.326         0
   279/299     7.81G     0.565     0.167         0     0.732        17       608     0.946      0.92     0.956     0.933      1.78     0.323         0
   280/299     7.81G     0.556     0.177         0     0.733        19       608     0.947      0.92     0.957     0.933      1.78     0.322         0
   281/299     7.81G     0.556     0.167         0     0.722        18       608     0.945      0.92     0.957     0.933      1.78     0.321         0
   282/299     7.81G     0.558     0.156         0     0.714        21       608     0.946      0.92     0.958     0.933      1.78     0.321         0
   283/299     7.81G     0.561     0.151         0     0.711        14       608     0.938     0.929     0.958     0.934      1.77     0.324         0
   284/299     7.81G     0.557     0.158         0     0.715        14       608     0.932     0.929     0.958     0.931      1.76     0.323         0
   285/299     7.81G     0.549     0.149         0     0.698        16       608     0.929      0.93      0.96     0.929      1.76     0.321         0
   286/299     7.81G     0.557     0.161         0     0.718        14       608     0.922     0.937     0.961     0.929      1.76      0.32         0
   287/299     7.81G     0.566      0.16         0     0.726        15       608     0.921     0.938     0.961      0.93      1.77      0.32         0
   288/299     7.81G     0.529     0.139         0     0.668        16       608     0.926     0.929      0.96     0.928      1.77      0.32         0
   289/299     7.81G     0.589     0.163         0     0.752        18       608     0.934     0.929     0.961     0.932      1.77     0.319         0
   290/299     7.81G      0.55      0.16         0      0.71        16       608     0.943     0.929      0.96     0.936      1.77     0.318         0
   291/299     7.81G     0.529     0.153         0     0.683        18       608     0.942     0.929     0.961     0.935      1.76     0.318         0
   292/299     7.81G      0.57     0.161         0     0.731        19       608     0.943     0.929     0.961     0.936      1.77     0.318         0
   293/299     7.81G     0.575     0.153         0     0.728        18       608     0.944     0.929     0.959     0.937      1.77      0.32         0
   294/299     7.81G     0.553     0.154         0     0.707        23       608     0.945     0.929     0.959     0.937      1.77     0.322         0
   295/299     7.81G     0.524     0.163         0     0.687        15       608     0.945     0.929     0.959     0.937      1.76     0.322         0
   296/299     7.81G     0.528     0.151         0     0.679        15       608     0.945     0.929      0.96     0.937      1.76     0.321         0
   297/299     7.81G     0.554     0.138         0     0.692        14       608     0.946     0.929     0.959     0.937      1.77     0.322         0
   298/299     7.81G     0.519     0.146         0     0.665        18       608     0.946     0.927     0.959     0.936      1.76     0.322         0
   299/299     7.81G     0.569     0.141         0     0.709        14       608     0.946     0.927     0.958     0.936      1.76     0.323         0
