[    0.66177           0           0           0     0.54119           0]
[    0.53215     0.56218     0.66901      0.4367           0     0.34381     0.74377     0.34622]
[    0.55706     0.32448     0.40293           0]
[    0.77686]
[    0.88082     0.68007           0           0           0           0]
[    0.42657     0.46428      0.4535     0.49388]
[    0.64681     0.70371     0.84815     0.53067     0.35455     0.25151      0.6518     0.45294     0.69787     0.67541     0.64672      0.6013     0.87907]
[    0.63192      0.6896           0    0.051467     0.79025]
[    0.73739     0.49792]
[    0.32378      0.2678     0.35186           0]
[    0.65972     0.69424     0.23863           0           0]
[    0.74449     0.40065           0]
[    0.64225           0           0           0     0.60121           0]
[    0.54202           0     0.36872           0     0.56972     0.50066]
[    0.64364           0           0     0.60973]
[    0.65858     0.47455    0.067149     0.35665]
[    0.73567     0.56571     0.38546     0.56298           0     0.59587     0.58657]
[    0.32756           0]
[    0.74543           0           0           0      0.7738]
[    0.45707     0.31465     0.50474     0.34071     0.39308     0.59561     0.29978]
[    0.69127     0.57755     0.62378     0.77264      0.5657     0.54148     0.70053     0.51755]
[    0.83725           0]
[    0.52623     0.30074           0           0           0]
[     0.2513     0.32305           0     0.31282     0.29863      0.2101     0.21629     0.14721]
[    0.65384     0.44161           0     0.71592     0.69391     0.55009           0           0]
[    0.65757           0     0.75945           0     0.58227           0           0           0           0           0           0           0           0           0]
[    0.31182     0.35765     0.38392]
[          0           0           0     0.75064           0           0           0           0]
[    0.84417           0     0.81777     0.41783     0.82131           0           0           0]
[    0.59807           0]
[    0.72832     0.70361           0     0.54332           0]
[    0.79963     0.80793      0.8349]
[    0.68176     0.63621     0.39561           0     0.45947           0]
[    0.73432     0.74685     0.53847     0.85237           0     0.61825]
[    0.84072      0.9108           0           0     0.34449           0           0     0.40296           0           0     0.71656           0]
[      0.796           0     0.69398           0]
[    0.58894     0.40998     0.66938     0.48493     0.38028     0.41671           0           0]
[    0.80176     0.46559           0     0.57655     0.57657     0.41462]
[    0.88731     0.85429     0.80665     0.52402     0.82315     0.88261           0]
[   0.046205    0.069652           0           0           0           0           0]
[    0.84295     0.49768]
[     0.6289           0           0           0]
[    0.65412           0]
[    0.86471           0     0.56212           0           0]
[    0.74299     0.62544           0]
[     0.8355     0.83039     0.72024      0.7023     0.82741           0]
[    0.46909           0           0           0           0     0.44416           0     0.42896           0     0.58804    0.032685     0.28794           0           0]
[    0.45057     0.56458     0.50525     0.51084]
[     0.7029    0.080679    0.065445]
[    0.83342     0.75007     0.73929]
[    0.69958     0.73848      0.5227     0.68954     0.56338     0.52981           0     0.50756]
[    0.49438           0           0     0.14146     0.61613           0           0]
[    0.82365           0           0           0           0           0           0]
[    0.52128     0.58876     0.56362     0.67108]
[     0.8536      0.8666     0.72002           0           0     0.37716]
[     0.7266     0.70691           0     0.68074           0     0.73536     0.38994     0.63382           0      0.6384]
[    0.48402     0.33442     0.33212           0           0           0           0     0.30028]
[    0.84095     0.46172     0.61944]
[    0.66603     0.75975     0.55738     0.80836     0.75437     0.66222     0.57613     0.52762     0.29561     0.34016     0.59128]
[    0.83884     0.79685           0]
[    0.72333           0     0.69618           0           0]
[    0.60606     0.72386     0.73479     0.57335     0.68891     0.73312           0           0]
[     0.6068           0           0           0           0     0.59626           0]
[    0.56839     0.63074           0           0]
[    0.56791]
[     0.5353     0.39405     0.41928           0           0     0.48889     0.73183     0.53856     0.22253]
[    0.82738           0           0     0.69045     0.61971     0.34173      0.7261]
[    0.39565     0.63337           0]
[    0.54427]
[    0.59065           0]
[    0.85272           0           0]
[    0.28297     0.13236    0.073448     0.11757    0.060342     0.25439]
[    0.68625           0     0.72847           0]
[    0.57018     0.19895           0     0.58382     0.47919    0.043212]
[    0.69366           0]
[    0.62519     0.29422     0.73215     0.62269]
[    0.85727     0.45591     0.77606           0     0.28328]
[    0.67594     0.87905      0.5425     0.63223           0     0.53198           0           0]
[    0.83833      0.6305      0.6361      0.2729     0.86104     0.66288    0.050696     0.90511]
[    0.69084     0.82525     0.63412     0.47814     0.78652     0.63493       0.711           0           0           0]
[          0     0.37978           0           0           0           0]
[    0.56142           0     0.47948           0           0           0           0           0           0]
[    0.79272     0.71968     0.57354           0           0           0           0     0.51165     0.68475]
[    0.84037     0.73101           0           0]
[    0.66998     0.74213      0.6823      0.6351           0           0]
[     0.8589     0.84301     0.44539           0]
[    0.68896     0.70828     0.71505     0.63734]
[     0.5276     0.72547           0           0]
[    0.72856     0.63577     0.52651       0.802           0     0.63816     0.80891]
[     0.4914           0]
[     0.9276     0.87394     0.78273     0.68032     0.76678     0.38629     0.42619]
[    0.85256     0.85815     0.64594     0.74068     0.75628     0.43845     0.46978      0.5104    0.018899     0.85787]
[    0.34374     0.45534     0.33374     0.38893     0.64841     0.32626      0.6416     0.52134     0.45677     0.57471     0.44033           0     0.35708     0.56295     0.43154     0.50817     0.46472]
[    0.77553     0.58868     0.59405           0           0     0.64457]
[    0.79658     0.62843]
[    0.57932     0.73901      0.5326     0.53806     0.81232]
[    0.81817     0.69914     0.76129     0.65915           0]
[    0.71169     0.58651     0.72252      0.7507           0     0.72264     0.73303     0.77294     0.83386     0.63811]
[     0.8596     0.75505     0.75349     0.73727     0.43842      0.8462      0.7585     0.77365]
[    0.67561     0.67767     0.13743     0.71255     0.45284     0.64964     0.61061     0.81308]
