     0/299     7.81G      7.78      31.6         0      39.4        12       608         1   0.00885    0.0364    0.0175      7.11      1.61         0
     1/299     7.81G      6.11       2.1         0      8.21        14       608         0         0   0.00197         0      5.57      1.61         0
     2/299     7.81G      5.17      1.79         0      6.96         5       608         0         0   0.00373         0      4.84       1.4         0
     3/299     7.81G      4.52       1.6         0      6.12        13       608         1   0.00885     0.225    0.0175      4.56      1.13         0
     4/299     7.81G      4.61      1.33         0      5.94        14       608         0         0     0.102         0      5.22     0.966         0
     5/299     7.81G      4.15      1.33         0      5.48         6       608         0         0     0.288         0      4.29     0.928         0
     6/299     7.81G      4.33         1         0      5.33        11       608     0.133   0.00885     0.242    0.0166      4.54     0.713         0
     7/299     7.81G      4.42     0.943         0      5.37        10       608         0         0     0.187         0      4.09     0.872         0
     8/299     7.81G      4.08     0.981         0      5.06         5       608     0.579    0.0247     0.269    0.0473      4.14     0.715         0
     9/299     7.81G      3.91     0.842         0      4.75        10       608     0.369     0.217     0.256     0.273      4.21     0.651         0
    10/299     7.81G      4.86     0.844         0      5.71        11       608   0.00566   0.00885    0.0274   0.00691      3.92      1.88         0
    11/299     7.81G       3.7     0.969         0      4.67         4       608         1   0.00885     0.424    0.0175       3.4     0.774         0
    12/299     7.81G      3.92     0.814         0      4.73        11       608      0.43      0.15      0.25     0.223      4.05     0.752         0
    13/299     7.81G      4.22     0.713         0      4.93        10       608         1   0.00885     0.205    0.0175      4.28      0.72         0
    14/299     7.81G       3.8       0.8         0       4.6         4       608         1   0.00885     0.398    0.0175      4.01     0.671         0
    15/299     7.81G      3.74     0.717         0      4.46        12       608    0.0578   0.00885    0.0562    0.0153      5.71     0.532         0
    16/299     7.81G      4.41     0.782         0      5.19        12       608         0         0     0.252         0      4.32     0.652         0
    17/299     7.81G      3.62       0.8         0      4.42         5       608     0.617   0.00885     0.468    0.0174      3.82     0.655         0
    18/299     7.81G      3.78     0.719         0      4.49        14       608         1   0.00885     0.221    0.0175      4.92     0.561         0
    19/299     7.81G      4.26     0.658         0      4.92        10       608         1   0.00885     0.295    0.0175      3.83     0.667         0
    20/299     7.81G      3.54      0.82         0      4.36         4       608         1   0.00885     0.322    0.0175      4.05     0.676         0
    21/299     7.81G      3.85     0.728         0      4.58        12       608         1    0.0171     0.416    0.0336      4.59     0.534         0
    22/299     7.81G      4.06     0.647         0      4.71         9       608         1   0.00885     0.253    0.0175      4.61     0.623         0
    23/299     7.81G       3.4     0.787         0      4.19         5       608         1    0.0176      0.41    0.0346      3.96     0.618         0
    24/299     7.81G      3.41     0.642         0      4.05        11       608      0.62     0.173     0.322     0.271      4.41     0.545         0
    25/299     7.81G       3.5     0.618         0      4.11        14       608     0.855     0.186     0.417     0.305      4.16     0.558         0
    26/299     7.81G      3.45     0.605         0      4.06         6       608         1    0.0326     0.527    0.0631      4.56     0.497         0
    27/299     7.81G      3.48     0.675         0      4.15        10       608     0.957     0.394     0.678     0.559       3.6     0.491         0
    28/299     7.81G      3.43     0.601         0      4.03        10       608         1     0.118     0.511     0.211      4.12     0.485         0
    29/299     7.81G      3.32      0.62         0      3.94         2       608         1    0.0735     0.653     0.137      3.49     0.525         0
    30/299     7.81G      3.17     0.572         0      3.74        12       608      0.96     0.425     0.735     0.589      3.42      0.45         0
    31/299     7.81G      3.64     0.518         0      4.16        15       608     0.971    0.0531     0.557     0.101      3.87     0.572         0
    32/299     7.81G      2.91     0.619         0      3.53         5       608     0.828     0.298      0.61     0.438      3.44     0.472         0
    33/299     7.81G      3.26     0.548         0      3.81        11       608     0.809     0.522      0.73     0.635      3.05     0.453         0
    34/299     7.81G      3.08     0.531         0      3.61        13       608     0.774     0.545     0.649      0.64      3.44     0.428         0
    35/299     7.81G      3.19     0.509         0       3.7         6       608     0.787     0.458     0.639     0.579      3.27     0.436         0
    36/299     7.81G      2.87     0.503         0      3.37        12       608     0.821     0.469      0.66     0.597      3.17     0.437         0
    37/299     7.81G      2.85     0.477         0      3.33        12       608     0.854     0.467     0.694     0.604      3.07     0.444         0
    38/299     7.81G      2.69     0.491         0      3.18         3       608     0.824     0.579     0.736      0.68      3.02     0.443         0
    39/299     7.81G      3.04     0.476         0      3.51        10       608     0.744      0.54     0.617     0.626      3.47     0.436         0
    40/299     7.81G      2.74     0.495         0      3.24        14       608      0.79     0.466     0.588     0.586      3.65     0.455         0
    41/299     7.81G      2.78     0.437         0      3.21         4       608     0.694     0.646      0.69     0.669      3.38      0.43         0
    42/299     7.81G      2.95     0.448         0       3.4        13       608     0.898     0.611     0.751     0.727      3.03     0.394         0
    43/299     7.81G      2.77     0.476         0      3.25        14       608     0.926     0.558     0.778     0.696      3.02     0.399         0
    44/299     7.81G      2.72     0.457         0      3.18         4       608     0.873     0.365      0.57     0.515      3.53     0.459         0
    45/299     7.81G      2.82     0.484         0       3.3        14       608      0.86     0.549     0.745      0.67      3.18      0.41         0
    46/299     7.81G      2.64      0.45         0      3.09        10       608     0.906     0.597     0.751      0.72      3.07     0.385         0
    47/299     7.81G      2.55     0.382         0      2.94         3       608     0.721     0.549     0.627     0.623      3.25     0.444         0
    48/299     7.81G      2.59     0.458         0      3.05        11       608     0.873     0.547     0.731     0.673      3.03     0.404         0
    49/299     7.81G       2.5     0.407         0      2.91        10       608     0.945      0.61     0.791     0.742      3.13       0.4         0
    50/299     7.81G      2.75     0.445         0       3.2         4       608     0.937     0.529     0.792     0.676      3.06     0.398         0
    51/299     7.81G      2.55     0.421         0      2.97        13       608     0.784     0.673     0.779     0.724       3.4     0.373         0
    52/299     7.81G      2.55     0.394         0      2.95        10       608     0.924     0.628     0.802     0.748      2.97     0.402         0
    53/299     7.81G      2.54     0.411         0      2.95         3       608      0.86     0.628     0.771     0.726      3.33     0.378         0
    54/299     7.81G      2.68     0.454         0      3.13        10       608      0.91     0.534     0.745     0.673      3.05      0.42         0
    55/299     7.81G      2.61     0.441         0      3.05        11       608     0.785     0.551     0.713     0.648      3.17     0.396         0
    56/299     7.81G      2.44     0.377         0      2.81         3       608     0.793      0.68     0.752     0.732      3.12     0.376         0
    57/299     7.81G      2.39     0.407         0       2.8        10       608     0.875     0.683     0.798     0.767      2.95     0.374         0
    58/299     7.81G      2.38      0.44         0      2.82        13       608     0.887     0.763     0.819     0.821      2.91     0.374         0
    59/299     7.81G      2.36     0.417         0      2.78         4       608     0.816     0.814     0.837     0.815      2.91     0.359         0
    60/299     7.81G      2.48     0.407         0      2.89        11       608     0.903     0.823      0.87     0.861      2.74     0.358         0
    61/299     7.81G      2.25     0.392         0      2.64        12       608     0.934     0.752     0.861     0.833      2.75     0.356         0
    62/299     7.81G      2.53     0.389         0      2.92         3       608     0.915     0.717      0.84     0.804      2.98     0.361         0
    63/299     7.81G      2.31     0.395         0      2.71        11       608     0.876     0.717     0.795     0.788      2.76      0.37         0
    64/299     7.81G       2.2     0.406         0      2.61        10       608     0.896      0.69     0.795      0.78      2.68     0.375         0
    65/299     7.81G      2.23     0.436         0      2.67         6       608     0.901     0.645     0.829     0.752       2.9     0.375         0
    66/299     7.81G      2.43     0.406         0      2.84        10       608     0.927     0.672     0.853     0.779       2.8      0.38         0
    67/299     7.81G      2.36     0.375         0      2.73        10       608     0.925     0.655     0.852     0.767      2.79     0.361         0
    68/299     7.81G      2.25     0.352         0      2.61         3       608     0.879     0.773     0.833     0.823      2.87     0.325         0
    69/299     7.81G       2.5     0.333         0      2.84        10       608     0.941     0.531     0.786     0.679      3.17      0.39         0
    70/299     7.81G      2.24     0.437         0      2.68         8       608     0.921     0.517     0.768     0.662      2.93     0.387         0
    71/299     7.81G      2.16     0.409         0      2.57         5       608     0.776     0.717     0.772     0.745      2.86     0.348         0
    72/299     7.81G      2.13     0.383         0      2.51        11       608     0.748     0.655     0.757     0.698       2.8     0.364         0
    73/299     7.81G      2.12     0.417         0      2.54        12       608     0.842     0.646     0.789     0.731      2.87     0.368         0
    74/299     7.81G      2.16     0.385         0      2.55         5       608      0.82     0.619     0.737     0.706      2.92     0.401         0
    75/299     7.81G      2.16     0.354         0      2.51        11       608     0.914     0.375     0.554     0.531       3.8     0.537         0
    76/299     7.81G       2.1      0.37         0      2.47        12       608     0.944     0.299     0.469     0.454      4.05     0.613         0
    77/299     7.81G      2.15     0.385         0      2.54         7       608     0.912     0.469     0.631     0.619      3.51      0.51         0
    78/299     7.81G      2.07     0.352         0      2.42        10       608     0.785     0.655     0.741     0.714      3.12     0.425         0
    79/299     7.81G      2.22      0.36         0      2.58        11       608     0.908     0.575     0.715     0.704      3.32     0.458         0
    80/299     7.81G         2      0.38         0      2.38         4       608     0.831     0.726     0.778     0.775      2.99     0.398         0
    81/299     7.81G      2.18     0.363         0      2.54        11       608     0.796     0.708     0.763     0.749      3.12     0.403         0
    82/299     7.81G      1.94     0.354         0       2.3        11       608     0.802     0.699     0.762     0.747      3.13     0.377         0
    83/299     7.81G      2.26     0.346         0      2.61         4       608     0.921     0.575      0.77     0.708      2.94     0.398         0
    84/299     7.81G      2.11     0.358         0      2.47         9       608     0.897     0.691     0.792     0.781      2.87     0.348         0
    85/299     7.81G      2.21     0.381         0      2.59        12       608     0.847     0.726     0.798     0.782      2.89     0.356         0
    86/299     7.81G      2.14     0.424         0      2.57         3       608     0.825     0.709     0.787     0.762      2.71     0.367         0
    87/299     7.81G      2.18     0.401         0      2.58        12       608     0.785     0.673     0.751     0.724      2.84     0.383         0
    88/299     7.81G       2.2     0.357         0      2.55        10       608     0.836     0.611      0.72     0.706      3.02     0.434         0
    89/299     7.81G      2.05     0.363         0      2.41         1       608     0.849     0.602     0.735     0.704      2.89     0.423         0
    90/299     7.81G      2.03     0.373         0       2.4         8       608     0.701     0.646     0.674     0.672      3.12     0.382         0
    91/299     7.81G      2.14     0.342         0      2.48        10       608     0.741     0.658     0.731     0.697      2.78     0.379         0
    92/299     7.81G      1.92      0.34         0      2.26         4       608      0.77     0.717     0.814     0.742       2.7      0.38         0
    93/299     7.81G      1.91      0.33         0      2.24         6       608     0.842     0.705     0.804     0.767      2.68     0.385         0
    94/299     7.81G      1.84     0.341         0      2.18        11       608     0.771     0.802     0.823     0.786      2.74      0.34         0
    95/299     7.81G       1.9     0.332         0      2.23         3       608     0.801     0.726     0.805     0.761      2.76     0.353         0
    96/299     7.81G      1.94     0.331         0      2.27         7       608     0.806      0.69     0.791     0.744      2.74     0.367         0
    97/299     7.81G      1.82     0.323         0      2.15        13       608     0.846     0.699     0.802     0.766      2.74     0.367         0
    98/299     7.81G      1.82     0.299         0      2.12         4       608     0.822     0.695     0.805     0.753      2.68     0.367         0
    99/299     7.81G      1.95     0.321         0      2.27         9       608     0.819     0.673     0.784     0.739      2.64     0.373         0
   100/299     7.81G      1.91     0.324         0      2.24         9       608     0.825     0.666     0.794     0.737      2.77     0.362         0
   101/299     7.81G       1.8     0.325         0      2.13         3       608     0.814     0.673     0.789     0.736      2.62     0.359         0
   102/299     7.81G       1.9     0.319         0      2.22         9       608     0.814     0.664     0.779     0.731      2.65     0.363         0
   103/299     7.81G      1.91     0.315         0      2.23        14       608     0.821     0.648     0.787     0.724      2.61      0.36         0
   104/299     7.81G      1.68     0.321         0         2         4       608     0.821     0.743     0.794      0.78       2.7     0.357         0
   105/299     7.81G      1.74     0.324         0      2.06        13       608     0.844     0.718     0.818     0.776      2.72     0.343         0
   106/299     7.81G      1.82     0.287         0      2.11        13       608     0.852     0.708     0.834     0.773      2.67     0.334         0
   107/299     7.81G       1.9     0.307         0       2.2         3       608     0.908       0.7     0.854      0.79      2.62      0.35         0
   108/299     7.81G      1.67     0.296         0      1.96         9       608     0.888       0.7     0.838     0.783      2.62     0.363         0
   109/299     7.81G      1.65     0.302         0      1.96         8       608     0.853     0.735     0.841     0.789      2.71      0.35         0
   110/299     7.81G      1.85     0.297         0      2.15         4       608      0.88     0.681     0.807     0.768      2.72     0.372         0
   111/299     7.81G      1.71     0.293         0         2        12       608     0.875     0.679     0.773     0.764      2.69     0.372         0
   112/299     7.81G      1.78      0.31         0      2.09        11       608     0.845     0.681     0.788     0.754      2.69     0.369         0
   113/299     7.81G      1.72     0.306         0      2.03         5       608     0.855     0.655     0.773     0.742      2.74     0.369         0
   114/299     7.81G       1.7     0.292         0      1.99        12       608     0.846      0.68     0.812     0.754      2.67     0.377         0
   115/299     7.81G      1.72     0.285         0         2         7       608     0.852     0.646     0.798     0.735      2.91     0.367         0
   116/299     7.81G      1.66     0.304         0      1.97         3       608     0.835     0.602      0.76     0.699       2.9     0.378         0
   117/299     7.81G      1.67     0.294         0      1.96        14       608     0.845     0.677     0.767     0.752      2.89     0.368         0
   118/299     7.81G      1.66     0.282         0      1.95         9       608     0.803     0.681     0.755     0.737      2.79     0.356         0
   119/299     7.81G      1.56     0.304         0      1.87         4       608      0.84     0.673     0.769     0.747      2.72     0.357         0
   120/299     7.81G       1.5     0.291         0      1.79        10       608      0.86     0.717     0.817     0.782      2.68     0.345         0
   121/299     7.81G       1.7     0.323         0      2.03        13       608     0.883     0.736     0.845     0.803       2.6     0.348         0
   122/299     7.81G      1.64     0.276         0      1.92         6       608     0.876     0.685     0.811     0.769      2.55     0.382         0
   123/299     7.81G      1.42     0.301         0      1.72         9       608     0.827     0.717     0.812     0.768      2.62     0.368         0
   124/299     7.81G      1.78     0.267         0      2.05        12       608     0.878     0.762     0.831     0.816      2.74     0.359         0
   125/299     7.81G      1.57     0.277         0      1.85         3       608     0.902     0.717     0.843     0.799      2.49     0.358         0
   126/299     7.81G      1.52     0.295         0      1.81        13       608     0.886     0.758     0.853     0.817      2.45     0.332         0
   127/299     7.81G      1.58     0.252         0      1.84        11       608     0.851     0.759     0.834     0.802      2.48     0.339         0
   128/299     7.81G      1.48     0.272         0      1.75         5       608      0.85     0.751     0.839     0.798      2.48     0.344         0
   129/299     7.81G      1.46     0.275         0      1.74        12       608     0.876     0.788     0.842      0.83      2.47      0.33         0
   130/299     7.81G       1.4     0.298         0      1.69        13       608     0.882     0.791     0.871     0.834      2.44     0.319         0
   131/299     7.81G      1.52     0.281         0      1.81         3       608     0.864     0.789     0.853     0.825      2.48     0.321         0
   132/299     7.81G      1.44     0.251         0      1.69        13       608     0.872     0.784     0.858     0.825      2.43     0.326         0
   133/299     7.81G      1.48     0.265         0      1.74        10       608     0.892     0.796     0.869     0.841      2.41     0.341         0
   134/299     7.81G      1.49     0.266         0      1.76         4       608     0.866     0.744     0.859       0.8      2.51     0.339         0
   135/299     7.81G      1.47     0.274         0      1.74         9       608     0.895     0.743     0.874     0.812      2.54     0.342         0
   136/299     7.81G      1.45     0.264         0      1.71        13       608     0.868      0.77      0.87     0.816       2.5     0.339         0
   137/299     7.81G      1.38     0.268         0      1.65         5       608     0.893     0.796     0.879     0.842      2.48     0.345         0
   138/299     7.81G      1.42     0.274         0       1.7        12       608     0.907     0.752     0.871     0.822      2.54     0.345         0
   139/299     7.81G      1.48     0.264         0      1.75        13       608     0.899     0.743     0.864     0.814       2.5      0.36         0
   140/299     7.81G      1.41     0.267         0      1.68         4       608     0.893      0.74     0.862     0.809      2.49     0.357         0
   141/299     7.81G      1.52     0.265         0      1.78        12       608     0.894     0.779     0.881     0.832      2.51     0.342         0
   142/299     7.81G       1.4     0.265         0      1.67        11       608     0.908     0.785     0.864     0.842      2.49      0.34         0
   143/299     7.81G      1.36     0.251         0      1.61         5       608     0.853     0.772     0.844     0.811      2.54     0.332         0
   144/299     7.81G      1.39     0.263         0      1.65        12       608     0.893     0.779     0.849     0.832      2.55     0.337         0
   145/299     7.81G      1.35     0.265         0      1.61        13       608     0.909     0.797     0.863      0.85      2.54     0.338         0
   146/299     7.81G      1.31     0.249         0      1.56         5       608     0.859     0.796     0.861     0.826      2.53     0.331         0
   147/299     7.81G      1.42     0.232         0      1.65         7       608     0.854     0.779     0.867     0.815      2.51     0.334         0
   148/299     7.81G       1.4     0.255         0      1.66        12       608     0.883      0.77     0.858     0.823      2.46     0.335         0
   149/299     7.81G      1.27     0.273         0      1.54         2       608     0.901     0.804     0.892      0.85      2.41     0.327         0
   150/299     7.81G      1.33     0.232         0      1.56        12       608     0.876     0.788     0.895      0.83      2.46     0.323         0
   151/299     7.81G      1.28     0.257         0      1.53        11       608     0.883     0.803     0.905     0.841      2.45     0.317         0
   152/299     7.81G      1.31     0.266         0      1.57         6       608     0.889     0.776     0.887     0.829      2.45     0.317         0
   153/299     7.81G      1.25     0.238         0      1.49         9       608     0.892     0.796     0.876     0.841      2.46     0.318         0
   154/299     7.81G      1.21     0.229         0      1.44         7       608     0.874     0.795     0.878     0.833      2.45     0.325         0
   155/299     7.81G      1.26      0.23         0      1.49         4       608      0.89     0.743     0.854      0.81      2.46     0.339         0
   156/299     7.81G       1.2     0.235         0      1.44        14       608     0.913     0.779     0.866     0.841      2.46     0.345         0
   157/299     7.81G      1.14     0.247         0      1.39        10       608     0.897     0.788     0.852     0.839      2.49     0.341         0
   158/299     7.81G      1.35      0.25         0       1.6         4       608     0.872     0.779     0.848     0.823      2.52     0.338         0
   159/299     7.81G      1.28     0.204         0      1.48        11       608     0.876     0.761      0.85     0.815      2.51     0.352         0
   160/299     7.81G       1.3     0.226         0      1.52        12       608     0.897     0.775     0.866     0.832      2.53     0.352         0
   161/299     7.81G      1.14      0.24         0      1.38         4       608     0.898     0.777     0.856     0.833      2.51      0.34         0
   162/299     7.81G      1.14     0.227         0      1.37         7       608     0.902     0.796     0.874     0.846       2.5     0.336         0
   163/299     7.81G      1.21      0.23         0      1.44        11       608     0.896     0.814     0.874     0.853      2.47     0.332         0
   164/299     7.81G       1.2     0.224         0      1.42         3       608     0.898     0.783      0.88     0.837      2.47      0.33         0
   165/299     7.81G      1.21     0.211         0      1.42        12       608     0.924     0.743     0.882     0.824      2.46     0.333         0
   166/299     7.81G      1.16     0.216         0      1.37        12       608     0.929      0.77     0.882     0.842      2.48     0.341         0
   167/299     7.81G      1.18     0.237         0      1.42         4       608      0.91     0.806     0.877     0.855      2.46     0.343         0
   168/299     7.81G      1.27     0.215         0      1.48         8       608     0.908     0.788     0.876     0.844      2.45     0.349         0
   169/299     7.81G      1.19     0.205         0      1.39         7       608     0.875     0.779     0.845     0.824      2.48     0.353         0
   170/299     7.81G      1.24     0.249         0      1.49         5       608      0.89      0.77     0.837     0.826      2.45     0.348         0
   171/299     7.81G      1.15     0.221         0      1.37        10       608     0.885     0.779     0.838     0.828      2.45     0.343         0
   172/299     7.81G      1.16     0.225         0      1.39         8       608     0.891     0.795     0.852      0.84      2.46     0.334         0
   173/299     7.81G      1.16     0.221         0      1.38         4       608     0.888     0.796     0.861      0.84      2.41     0.335         0
   174/299     7.81G      1.11     0.211         0      1.32        13       608     0.901     0.804     0.869      0.85      2.38     0.341         0
   175/299     7.81G      1.03     0.204         0      1.24        13       608     0.908     0.841      0.89     0.873      2.38     0.343         0
   176/299     7.81G      1.06     0.228         0      1.28         4       608     0.884     0.841     0.883     0.862      2.37     0.336         0
   177/299     7.81G      1.07     0.209         0      1.28         9       608     0.879     0.832     0.896     0.855      2.38     0.341         0
   178/299     7.81G      1.03     0.217         0      1.25        13       608     0.896      0.84     0.883     0.867      2.37      0.34         0
   179/299     7.81G      1.07      0.23         0       1.3         4       608     0.892     0.832     0.882     0.861      2.38     0.341         0
   180/299     7.81G      1.02     0.201         0      1.22        13       608     0.892     0.832     0.882     0.861      2.39     0.342         0
   181/299     7.81G      1.08     0.213         0      1.29        10       608     0.873     0.841     0.884     0.856      2.41     0.342         0
   182/299     7.81G      1.09     0.202         0       1.3         3       608     0.862     0.841      0.88     0.851      2.39     0.348         0
   183/299     7.81G      1.06     0.205         0      1.27        11       608     0.867      0.81     0.876     0.838      2.42     0.356         0
   184/299     7.81G     0.957     0.209         0      1.17        10       608     0.911     0.823     0.879     0.865      2.41     0.355         0
   185/299     7.81G      1.01     0.193         0       1.2         5       608     0.919     0.799     0.883     0.854      2.42     0.358         0
   186/299     7.81G      1.02     0.195         0      1.22         9       608     0.909       0.8     0.867     0.851      2.38     0.354         0
   187/299     7.81G      1.02      0.21         0      1.23        10       608       0.9     0.797     0.867     0.845      2.36      0.35         0
   188/299     7.81G      1.08     0.216         0       1.3         6       608       0.9     0.795     0.871     0.844      2.35     0.352         0
   189/299     7.81G      1.05     0.209         0      1.26        11       608     0.901     0.814     0.874     0.856      2.38     0.358         0
   190/299     7.81G      1.03     0.195         0      1.22        11       608     0.901     0.809     0.875     0.852      2.35     0.361         0
   191/299     7.81G      1.02     0.205         0      1.22         4       608     0.915     0.805     0.889     0.857      2.37     0.361         0
   192/299     7.81G     0.915     0.212         0      1.13        12       608     0.911     0.812     0.886     0.859      2.35     0.359         0
   193/299     7.81G         1     0.198         0       1.2        12       608     0.923     0.814     0.885     0.865      2.34     0.358         0
   194/299     7.81G     0.994      0.19         0      1.18         3       608      0.92     0.814     0.873     0.864      2.32     0.361         0
   195/299     7.81G     0.953     0.185         0      1.14         9       608     0.915     0.788     0.871     0.846      2.32     0.363         0
   196/299     7.81G     0.913     0.189         0       1.1        17       608     0.899     0.785     0.866     0.838       2.3     0.359         0
   197/299     7.81G     0.977     0.175         0      1.15         4       608     0.909     0.792     0.875     0.846      2.31     0.351         0
   198/299     7.81G     0.885     0.197         0      1.08        10       608     0.908     0.788     0.868     0.843      2.28     0.358         0
   199/299     7.81G     0.931     0.191         0      1.12         7       608     0.917     0.784      0.87     0.845      2.29     0.359         0
   200/299     7.81G     0.939     0.201         0      1.14         3       608     0.896     0.788     0.881     0.839      2.29     0.355         0
   201/299     7.81G     0.916     0.177         0      1.09        15       608     0.883       0.8     0.877      0.84      2.32     0.348         0
   202/299     7.81G     0.893     0.188         0      1.08        13       608     0.874     0.798     0.867     0.834       2.3     0.349         0
   203/299     7.81G     0.833     0.168         0         1         4       608     0.869     0.779     0.857     0.821      2.35     0.351         0
   204/299     7.81G     0.926     0.179         0       1.1        10       608     0.891      0.77     0.854     0.826      2.35     0.356         0
   205/299     7.81G     0.836     0.178         0      1.01        10       608     0.888     0.769     0.853     0.824      2.32     0.356         0
   206/299     7.81G     0.917     0.175         0      1.09         2       608     0.877      0.76     0.849     0.815      2.32     0.356         0
   207/299     7.81G     0.908     0.175         0      1.08        12       608     0.899     0.786     0.868     0.839      2.31     0.355         0
   208/299     7.81G     0.875     0.168         0      1.04         9       608     0.898     0.781     0.874     0.836      2.31     0.353         0
   209/299     7.81G     0.992     0.202         0      1.19         4       608      0.88     0.761     0.863     0.816      2.31     0.355         0
   210/299     7.81G     0.922     0.201         0      1.12        11       608     0.888      0.77     0.878     0.825       2.3     0.356         0
   211/299     7.81G     0.871     0.205         0      1.08        13       608     0.888     0.772     0.884     0.826      2.32     0.359         0
   212/299     7.81G     0.916     0.196         0      1.11         4       608      0.89     0.785     0.887     0.834      2.33     0.361         0
   213/299     7.81G     0.862     0.178         0      1.04         9       608     0.899     0.784     0.894     0.837      2.33     0.364         0
   214/299     7.81G     0.822     0.171         0     0.993         9       608     0.908     0.761     0.881     0.828      2.34     0.368         0
   215/299     7.81G     0.804      0.17         0     0.974         4       608     0.912     0.761     0.878      0.83      2.35     0.376         0
   216/299     7.81G     0.812     0.177         0     0.989        12       608     0.902      0.77     0.882     0.831      2.33     0.376         0
   217/299     7.81G     0.857     0.178         0      1.03         9       608     0.907     0.773     0.882     0.835      2.33     0.377         0
   218/299     7.81G      0.79     0.186         0     0.976         4       608     0.899     0.787     0.884     0.839      2.32     0.375         0
   219/299     7.81G     0.708     0.163         0     0.871         8       608     0.905     0.805     0.885     0.852      2.33     0.372         0
   220/299     7.81G       0.8     0.186         0     0.986         8       608      0.91      0.81     0.884     0.857      2.32     0.368         0
   221/299     7.81G     0.773     0.153         0     0.926         6       608     0.911     0.812     0.887     0.858      2.33     0.368         0
   222/299     7.81G     0.836     0.168         0         1         9       608     0.921     0.824     0.896      0.87      2.31     0.368         0
   223/299     7.81G     0.811     0.162         0     0.973         8       608     0.929     0.817     0.901     0.869      2.31      0.37         0
   224/299     7.81G     0.822     0.183         0      1.01         5       608      0.92     0.818     0.897     0.866      2.32     0.368         0
   225/299     7.81G     0.848     0.155         0         1        11       608     0.911     0.812     0.887     0.859      2.32     0.367         0
   226/299     7.81G     0.714      0.19         0     0.904        12       608     0.903     0.814     0.889     0.856      2.31     0.364         0
   227/299     7.81G     0.744     0.163         0     0.907         4       608     0.904     0.832     0.903     0.866       2.3     0.359         0
   228/299     7.81G     0.803     0.168         0     0.971        10       608     0.896     0.842     0.892     0.868       2.3     0.356         0
   229/299     7.81G     0.774     0.167         0     0.942        10       608     0.892     0.841     0.892     0.866      2.29     0.356         0
   230/299     7.81G     0.786     0.177         0     0.963         6       608       0.9      0.85     0.902     0.874      2.27     0.355         0
   231/299     7.81G     0.794     0.183         0     0.977        10       608     0.905     0.845     0.901     0.874      2.28     0.357         0
   232/299     7.81G     0.803     0.177         0      0.98        13       608     0.894     0.823      0.89     0.857      2.28     0.357         0
   233/299     7.81G     0.685     0.139         0     0.824         2       608     0.897     0.823     0.888     0.858      2.29     0.359         0
   234/299     7.81G     0.717     0.186         0     0.903        11       608     0.893     0.805     0.887     0.847      2.28     0.363         0
   235/299     7.81G     0.701     0.159         0     0.861        11       608     0.896     0.805     0.884     0.848      2.29     0.367         0
   236/299     7.81G     0.819     0.166         0     0.985         4       608     0.901     0.805     0.883     0.851      2.31     0.368         0
   237/299     7.81G     0.711     0.158         0     0.869        13       608     0.904     0.805     0.882     0.852      2.32     0.372         0
   238/299     7.81G     0.696     0.169         0     0.865        12       608      0.91     0.802     0.884     0.852      2.33     0.374         0
   239/299     7.81G      0.69     0.164         0     0.854         4       608     0.911     0.813     0.884     0.859      2.32     0.374         0
   240/299     7.81G     0.707     0.159         0     0.867        11       608     0.909       0.8     0.887     0.851      2.32      0.37         0
   241/299     7.81G     0.672     0.151         0     0.823        13       608     0.905     0.814     0.892     0.857      2.32     0.367         0
   242/299     7.81G     0.685     0.146         0     0.831         3       608     0.922     0.832     0.902     0.874      2.31     0.367         0
   243/299     7.81G     0.784     0.156         0      0.94        12       608     0.917     0.841     0.901     0.877       2.3     0.367         0
   244/299     7.81G     0.735     0.169         0     0.904         9       608     0.921     0.831     0.897     0.874       2.3      0.37         0
   245/299     7.81G     0.674     0.155         0     0.829         3       608     0.921     0.831     0.899     0.874       2.3     0.373         0
   246/299     7.81G     0.755     0.158         0     0.913        10       608     0.912     0.823     0.887     0.865      2.31     0.375         0
   247/299     7.81G     0.683     0.164         0     0.848        11       608     0.903     0.823     0.873     0.861       2.3     0.374         0
   248/299     7.81G     0.698     0.143         0     0.841         3       608     0.903     0.821      0.87      0.86       2.3     0.376         0
   249/299     7.81G     0.683     0.184         0     0.867        11       608     0.913     0.836     0.882     0.873       2.3     0.375         0
   250/299     7.81G     0.653     0.136         0     0.789         8       608     0.909     0.841     0.883     0.874       2.3     0.373         0
   251/299     7.81G     0.647     0.142         0     0.789         2       608     0.905      0.85     0.884     0.876      2.29     0.371         0
   252/299     7.81G     0.708     0.159         0     0.867         9       608     0.914     0.849     0.883      0.88      2.29     0.372         0
   253/299     7.81G     0.662      0.15         0     0.812         7       608     0.914     0.844     0.883     0.877      2.28     0.374         0
   254/299     7.81G     0.669     0.155         0     0.824         5       608     0.914     0.849     0.886      0.88      2.26     0.373         0
   255/299     7.81G     0.629     0.147         0     0.776        10       608     0.912     0.827     0.885     0.867      2.28     0.374         0
   256/299     7.81G      0.64     0.149         0     0.789        11       608     0.912     0.826     0.885     0.867      2.27     0.375         0
   257/299     7.81G     0.676     0.151         0     0.827         4       608     0.909     0.832     0.888     0.869      2.27     0.372         0
   258/299     7.81G     0.662     0.163         0     0.825        11       608     0.911      0.85      0.89     0.879      2.26     0.369         0
   259/299     7.81G     0.684     0.165         0      0.85        13       608     0.905     0.844     0.898     0.873      2.26     0.368         0
   260/299     7.81G     0.689     0.152         0     0.841         3       608     0.904     0.837     0.898      0.87      2.25     0.365         0
   261/299     7.81G     0.655      0.14         0     0.795         9       608     0.896     0.838     0.895     0.866      2.26     0.366         0
   262/299     7.81G     0.717     0.152         0      0.87        11       608     0.896     0.842     0.901     0.868      2.26     0.367         0
   263/299     7.81G     0.643     0.179         0     0.822         3       608     0.898     0.841     0.893     0.869      2.27     0.369         0
   264/299     7.81G     0.652      0.15         0     0.802        11       608     0.905     0.846     0.897     0.875      2.27     0.369         0
   265/299     7.81G     0.618     0.145         0     0.763         8       608     0.915     0.853     0.906     0.883      2.26      0.37         0
   266/299     7.81G     0.651     0.143         0     0.794         3       608     0.905     0.842     0.898     0.872      2.26     0.368         0
   267/299     7.81G     0.613     0.156         0     0.769        15       608     0.904     0.836     0.898     0.869      2.26      0.37         0
   268/299     7.81G     0.622     0.142         0     0.764        11       608     0.904     0.832     0.902     0.867      2.27     0.371         0
   269/299     7.81G      0.67     0.151         0     0.821         6       608     0.917     0.823     0.898     0.868      2.27     0.373         0
   270/299     7.81G     0.612     0.135         0     0.747        13       608     0.921     0.821     0.898     0.868      2.26     0.373         0
   271/299     7.81G     0.598     0.154         0     0.752        11       608     0.921      0.82       0.9     0.867      2.26     0.375         0
   272/299     7.81G     0.654      0.16         0     0.814         5       608     0.922     0.835     0.898     0.877      2.26     0.378         0
   273/299     7.81G     0.595     0.138         0     0.734        11       608     0.921     0.822     0.898     0.869      2.25     0.376         0
   274/299     7.81G     0.619     0.144         0     0.763        10       608     0.921      0.83     0.898     0.873      2.25     0.376         0
   275/299     7.81G     0.659     0.125         0     0.784         5       608     0.922     0.842     0.896      0.88      2.26     0.374         0
   276/299     7.81G      0.65     0.147         0     0.797        15       608     0.922      0.84     0.898     0.879      2.25     0.375         0
   277/299     7.81G     0.695     0.146         0     0.841         8       608     0.922     0.838     0.903     0.878      2.25     0.375         0
   278/299     7.81G     0.612     0.146         0     0.758         3       608     0.922     0.838     0.897     0.878      2.26     0.376         0
   279/299     7.81G     0.594     0.127         0     0.721         8       608     0.922     0.836       0.9     0.877      2.27     0.377         0
   280/299     7.81G     0.574     0.131         0     0.706        12       608     0.922     0.839     0.897     0.879      2.27     0.376         0
   281/299     7.81G     0.564     0.132         0     0.696         3       608     0.922     0.835     0.894     0.876      2.26     0.375         0
   282/299     7.81G     0.586      0.14         0     0.727         9       608     0.928     0.832     0.892     0.877      2.27     0.376         0
   283/299     7.81G     0.631     0.146         0     0.777        10       608     0.923     0.845     0.891     0.882      2.27     0.376         0
   284/299     7.81G     0.626     0.145         0      0.77         5       608     0.923     0.847      0.89     0.883      2.27     0.374         0
   285/299     7.81G     0.698     0.143         0      0.84         7       608     0.922     0.834      0.89     0.876      2.27     0.373         0
   286/299     7.81G     0.683     0.137         0      0.82         7       608     0.922     0.837     0.889     0.878      2.27     0.374         0
   287/299     7.81G     0.626     0.143         0     0.769         4       608     0.922     0.837     0.891     0.878      2.28     0.373         0
   288/299     7.81G     0.581     0.137         0     0.718        11       608     0.922     0.838     0.892     0.878      2.27     0.372         0
   289/299     7.81G     0.648      0.15         0     0.798        13       608     0.919     0.841     0.892     0.878      2.26     0.372         0
   290/299     7.81G     0.666     0.184         0     0.849         6       608     0.922     0.832     0.892     0.874      2.27     0.375         0
   291/299     7.81G     0.595     0.137         0     0.732         7       608     0.922     0.836      0.89     0.877      2.27     0.376         0
   292/299     7.81G     0.585     0.143         0     0.728        11       608     0.922     0.839      0.89     0.879      2.26     0.376         0
   293/299     7.81G     0.622     0.139         0     0.761         5       608     0.922     0.839     0.888     0.879      2.25     0.377         0
   294/299     7.81G     0.577     0.146         0     0.724        15       608     0.918      0.85     0.886     0.882      2.26     0.377         0
   295/299     7.81G     0.597     0.144         0     0.741         7       608     0.917      0.85     0.891     0.882      2.26     0.377         0
   296/299     7.81G     0.552     0.126         0     0.678         2       608     0.914      0.85     0.894     0.881      2.26     0.375         0
   297/299     7.81G     0.581      0.13         0      0.71        14       608     0.917      0.85     0.895     0.882      2.26     0.374         0
   298/299     7.81G     0.583     0.139         0     0.722        13       608     0.919      0.85     0.894     0.883      2.27     0.373         0
   299/299     7.81G     0.592     0.139         0     0.732         4       608     0.915      0.85     0.896     0.881      2.27     0.371         0
