[          1]
[          1]
[          1]
[          1]
[          1]
[          1]
[          1]
[          1]
[          1]
[          1]
[          1]
[          1]
[          1]
[          1]
[          1]
[          1]
[          1]
[          1]
[          1]
[          1]
[          1]
[          1]
[          1]
[          1]
[          1]
[          1]
[          1]
[          1]
[          1]
[          1]
[          1]
[          1]
[          1]
[          1]
[          1]
[          1]
[          1]
[          1]
[          1]
[          1]
[          1]
[          1]
[          1]
[          1]
[          1]
[          1]
[          1]
[          1]
[          1]
[          1]
[          1]
[          1]
[          1]
[          1]
[          1]
[          1]
[          1]
[          1]
[          1]
[          1]
[          1]
[          1]
[          1]
[          1]
[          1]
[          1]
[          1]
[          1]
[          1]
[          1]
[          1]
[          1]
[          1]
[          1]
[          1]
[          1]
[          1]
[          1]
[          1]
[          1]
[          1]
[          1]
[          1]
[          1]
[          1]
[          1]
[          1]
[          1]
[          1]
[          1]
[          1]
[          1]
[          1]
[          1]
[          1]
[          1]
[          1]
[          1]
[          1]
[          1]
[          1]
[          1]
[          1]
[          1]
[          1]
[          1]
[          1]
[          1]
[          1]
[          1]
[          1]
[          1]
[          1]
[          1]
[          1]
[          1]
[          1]
[          1]
[          1]
[          1]
[          1]
[          1]
[          1]
[          1]
[          1]
[          1]
[          1]
[          1]
[          1]
[          1]
[          1]
[          1]
[          1]
[          1]
[          1]
[          1]
[          1]
[          1]
[          1]
[          1]
[          1]
[          1]
[          1]
[          1]
[          1]
[          1]
[          1]
[          1]
[          1]
[          1]
[          1]
[          1]
[          1]
[          1]
[          1]
[          1]
[          1]
[    0.99367]
[    0.99371]
[    0.99375]
[    0.99379]
[    0.99383]
[    0.99387]
[     0.9939]
[    0.99394]
[    0.99398]
[    0.99401]
[    0.99405]
[    0.99408]
[    0.99412]
[    0.99415]
[    0.99419]
[    0.99422]
[    0.99425]
[    0.99429]
[    0.99432]
[    0.99435]
[    0.99438]
[    0.99441]
[    0.99444]
[    0.99448]
[    0.98901]
[    0.98907]
[    0.98913]
[    0.98919]
[    0.98925]
[     0.9893]
[    0.98936]
[    0.98942]
[    0.98947]
[    0.98953]
[    0.98958]
[    0.98964]
[    0.98969]
[    0.98974]
[     0.9898]
[    0.98985]
[    0.98485]
[    0.98492]
[      0.985]
[    0.98507]
[    0.98515]
[    0.98522]
[    0.98529]
[    0.98049]
[    0.98058]
[    0.98068]
[    0.97596]
[    0.97608]
[    0.97619]
[     0.9763]
[    0.97642]
[    0.97653]
[    0.97664]
[    0.97674]
[    0.97222]
[    0.97235]
[    0.97248]
[     0.9726]
[    0.97273]
[    0.97285]
[    0.97297]
[    0.97309]
[    0.97321]
[    0.97333]
[    0.97345]
[    0.97357]
[     0.9693]
[    0.96943]
[    0.96957]
[     0.9697]
[    0.96983]
[    0.96996]
[    0.97009]
[    0.97021]
[    0.97034]
[    0.97046]
[    0.96639]
[    0.96653]
[    0.96667]
[    0.96266]
[    0.96281]
[    0.95885]
[    0.95902]
[     0.9551]
[    0.95122]
[    0.95142]
[    0.95161]
[    0.95181]
[      0.952]
[    0.95219]
[    0.95238]
[    0.95257]
[    0.95276]
[    0.94902]
[    0.94922]
[    0.94942]
[    0.94961]
[    0.94981]
[       0.95]
[    0.95019]
[    0.95038]
[    0.94677]
[    0.94697]
[    0.94717]
[    0.94737]
[    0.94757]
[    0.94776]
[    0.94796]
[    0.94444]
[    0.94465]
[    0.94118]
[    0.94139]
[    0.93796]
[    0.93818]
[    0.93841]
[    0.93863]
[    0.93885]
[    0.93907]
[    0.93929]
[    0.93594]
[    0.93617]
[     0.9364]
[     0.9331]
[    0.92982]
[    0.92657]
[    0.92683]
[    0.92361]
[    0.92042]
[    0.91724]
[    0.91409]
[    0.91096]
[    0.90785]
[    0.90476]
[    0.90169]
[    0.89865]
[    0.89899]
[    0.89597]
[    0.89298]
[       0.89]
[    0.88704]
[    0.88411]
[    0.88119]
[    0.87829]
[    0.87541]
[    0.87255]
[    0.86971]
[    0.86688]
[    0.86408]
[    0.86129]
[    0.85852]
[    0.85577]
[    0.85304]
[    0.85032]
[    0.84762]
[    0.84494]
[    0.84227]
[    0.83962]
[    0.83699]
[    0.83437]
[    0.83178]
[    0.82919]
[    0.82663]
[    0.82407]
[    0.82154]
[    0.81902]
[    0.81651]
[    0.81402]
[    0.81155]
[    0.80909]
[    0.80665]
[    0.80723]
[     0.8048]
[     0.8024]
[        0.8]
[    0.79762]
[    0.79525]
[     0.7929]
[    0.79056]
[    0.78824]
[    0.78592]
[    0.78363]
[    0.78134]
[    0.77907]
[    0.77681]
[    0.77457]
[    0.77233]
[    0.77011]
[    0.76791]
[    0.76571]
[    0.76353]
[    0.76136]
[    0.75921]
[    0.75706]
[    0.75493]
[    0.75281]
[     0.7507]
[     0.7486]
[    0.74652]
[    0.74444]
[    0.74238]
[    0.74033]
[    0.73829]
[    0.73626]
[    0.73425]
[    0.73224]
[    0.73025]
[    0.72826]
[    0.72629]
[    0.72432]
[    0.72237]
[    0.72312]
[    0.72118]
[    0.71925]
[    0.71733]
[    0.71543]
[    0.71353]
[    0.71164]
[    0.70976]
[    0.70789]
[    0.70604]
[    0.70419]
[    0.70235]
[    0.70052]
[     0.6987]
[    0.69689]
[    0.69509]
[     0.6933]
[    0.69152]
[    0.68974]
[    0.68798]
[    0.68622]
[    0.68448]
[    0.68274]
[    0.68101]
[    0.67929]
[    0.67758]
[    0.67588]
[    0.67419]
[     0.6725]
[    0.67082]
[    0.66915]
[    0.66749]
[    0.66584]
[     0.6642]
[    0.66256]
[    0.66093]
[    0.65931]
[     0.6577]
[     0.6561]
[     0.6545]
[    0.65291]
[    0.65133]
[    0.64976]
[    0.64819]
[    0.64663]
[    0.64508]
[    0.64354]
[      0.642]
[    0.64048]
[    0.63895]
[    0.63744]
[    0.63593]
[    0.63443]
[    0.63294]
[    0.63146]
[    0.62998]
[     0.6285]
[    0.62704]
[    0.62558]
[    0.62413]
[    0.62269]
[    0.62125]
[    0.61982]
[    0.61839]
[    0.61697]
[    0.61556]
[    0.61416]
[    0.61276]
[    0.61136]
[    0.60998]
[     0.6086]
[    0.60722]
[    0.60586]
[    0.60449]
[    0.60314]
[    0.60179]
[    0.60045]
[    0.59911]
[    0.59778]
[    0.59645]
[    0.59513]
[    0.59382]
[    0.59251]
[    0.59121]
[    0.58991]
[    0.58862]
[    0.58734]
[    0.58606]
[    0.58478]
[    0.58351]
[    0.58225]
[    0.58099]
[    0.57974]
[    0.57849]
[    0.57725]
[    0.57602]
[    0.57479]
[    0.57356]
[    0.57234]
[    0.57113]
[    0.56992]
[    0.56871]
[    0.56751]
[    0.56632]
[    0.56513]
[    0.56394]
[    0.56276]
[    0.56159]
[    0.56042]
[    0.55925]
[    0.55809]
[    0.55694]
[    0.55579]
[    0.55464]
[     0.5535]
[    0.55236]
[    0.55123]
[     0.5501]
[    0.54898]
[    0.54786]
[    0.54675]
[    0.54564]
[    0.54453]
[    0.54343]
[    0.54234]
[    0.54125]
[    0.54016]
[    0.53908]
[      0.538]
[    0.53693]
[    0.53586]
[    0.53479]
[    0.53373]
[    0.53267]
[    0.53162]
[    0.53057]
[    0.52953]
[    0.52849]
[    0.52745]
[    0.52642]
[    0.52539]
[    0.52437]
[    0.52335]
[    0.52233]
[    0.52132]
[    0.52031]
[    0.51931]
[     0.5183]
[    0.51731]
[    0.51631]
[    0.51533]
[    0.51434]
[    0.51336]
[    0.51238]
[    0.51141]
[    0.51044]
[    0.50947]
[    0.50851]
[    0.50755]
[    0.50659]
[    0.50752]
[    0.50657]
[    0.50562]
[    0.50467]
[    0.50373]
[    0.50279]
[    0.50186]
[    0.50093]
[        0.5]
[    0.49908]
[    0.49815]
[    0.49724]
[    0.49632]
[    0.49541]
[    0.49451]
[     0.4936]
[     0.4927]
[     0.4918]
[    0.49091]
[    0.49002]
[    0.48913]
[    0.48825]
[    0.48736]
[    0.48649]
[    0.48561]
[    0.48474]
[    0.48387]
[    0.48301]
[    0.48214]
[    0.48128]
[    0.48043]
[    0.47957]
[    0.47872]
[    0.47788]
[    0.47703]
[    0.47619]
[    0.47535]
[    0.47452]
[    0.47368]
[    0.47285]
[    0.47203]
[     0.4712]
[    0.47038]
[    0.46957]
[    0.46875]
[    0.46794]
[    0.46713]
[    0.46632]
[    0.46552]
[    0.46472]
[    0.46392]
[    0.46312]
[    0.46233]
[    0.46154]
[    0.46075]
[    0.45997]
[    0.45918]
[     0.4584]
[    0.45763]
[    0.45685]
[    0.45608]
[    0.45531]
[    0.45455]
[    0.45378]
[    0.45302]
[    0.45226]
[    0.45151]
[    0.45075]
[       0.45]
[    0.44925]
[     0.4485]
[    0.44776]
[    0.44702]
[    0.44628]
[    0.44554]
[    0.44481]
[    0.44408]
[    0.44335]
[    0.44262]
[     0.4419]
[    0.44118]
[    0.44046]
[    0.43974]
[    0.43902]
[    0.43831]
[     0.4376]
[    0.43689]
[    0.43619]
[    0.43548]
[    0.43478]
[    0.43408]
[    0.43339]
[    0.43269]
[      0.432]
[    0.43131]
[    0.43062]
[    0.42994]
[    0.42925]
[    0.42857]
[    0.42789]
[    0.42722]
[    0.42654]
[    0.42587]
[     0.4252]
[    0.42453]
[    0.42386]
[     0.4232]
[    0.42254]
[    0.42188]
[    0.42122]
[    0.42056]
[    0.41991]
[    0.41925]
[     0.4186]
[    0.41796]
[    0.41731]
[    0.41667]
[    0.41602]
[    0.41538]
[    0.41475]
[    0.41411]
[    0.41348]
[    0.41284]
[    0.41221]
[    0.41159]
[    0.41096]
[    0.41033]
[    0.40971]
[    0.40909]
[    0.40847]
[    0.40785]
[    0.40724]
[    0.40663]
[    0.40602]
[    0.40541]
[     0.4048]
[    0.40419]
[    0.40359]
[    0.40299]
[    0.40238]
[    0.40179]
[    0.40119]
[    0.40059]
[        0.4]
[    0.39941]
[    0.39882]
[    0.39823]
[    0.39764]
[    0.39706]
[    0.39648]
[    0.39589]
[    0.39531]
[    0.39474]
[    0.39416]
[    0.39359]
[    0.39301]
[    0.39244]
[    0.39187]
[    0.39275]
[    0.39219]
[    0.39162]
[     0.3925]
[    0.39193]
[    0.39137]
[     0.3908]
[    0.39024]
[    0.38968]
[    0.38913]
[    0.38857]
[    0.38802]
[    0.38746]
[    0.38691]
[    0.38636]
[    0.38582]
[    0.38527]
[    0.38472]
[    0.38418]
[    0.38364]
[     0.3831]
[    0.38256]
[    0.38202]
[    0.38149]
[    0.38095]
[    0.38042]
[    0.37989]
[    0.37936]
[    0.37883]
[     0.3783]
[    0.37778]
[    0.37725]
[    0.37673]
[    0.37621]
[    0.37569]
[    0.37517]
[    0.37466]
[    0.37414]
[    0.37363]
[    0.37311]
[     0.3726]
[    0.37209]
[    0.37158]
[    0.37108]
[    0.37057]
[    0.37007]
[    0.36957]
[    0.36906]
[    0.36856]
[    0.36806]
[    0.36757]
[    0.36707]
[    0.36658]
[    0.36608]
[    0.36559]
[     0.3651]
[    0.36461]
[    0.36412]
[    0.36364]
[    0.36315]
[    0.36267]
[    0.36218]
[     0.3617]
[    0.36122]
[    0.36074]
[    0.36026]
[    0.35979]
[    0.35931]
[    0.35884]
[    0.35837]
[    0.35789]
[    0.35742]
[    0.35696]
[    0.35649]
[    0.35602]
[    0.35556]
[    0.35509]
[    0.35463]
[    0.35417]
[    0.35371]
[    0.35325]
[    0.35279]
[    0.35233]
[    0.35188]
[    0.35142]
[    0.35097]
[    0.35052]
[    0.35006]
[    0.34961]
[    0.34917]
[    0.34872]
[    0.34827]
[    0.34783]
[    0.34738]
[    0.34694]
[     0.3465]
[    0.34606]
[    0.34562]
[    0.34518]
[    0.34474]
[     0.3443]
[    0.34387]
[    0.34343]
[      0.343]
[    0.34257]
[    0.34214]
[    0.34171]
[    0.34128]
[    0.34085]
[    0.34043]
[       0.34]
[    0.33958]
[    0.33915]
[    0.33873]
[    0.33831]
[    0.33789]
[    0.33747]
[    0.33705]
[    0.33663]
[    0.33622]
[     0.3358]
[    0.33539]
[    0.33498]
[    0.33456]
[    0.33415]
[    0.33374]
[    0.33333]
[    0.33293]
[    0.33252]
[    0.33211]
[    0.33171]
[     0.3313]
[     0.3309]
[     0.3305]
[     0.3301]
[     0.3297]
[     0.3293]
[     0.3289]
[     0.3285]
[    0.32811]
[    0.32771]
[    0.32732]
[    0.32692]
[    0.32653]
[    0.32614]
[    0.32575]
[    0.32536]
[    0.32497]
[    0.32458]
[     0.3242]
[    0.32381]
[    0.32342]
[    0.32304]
[    0.32266]
[    0.32227]
[    0.32189]
[    0.32151]
[    0.32113]
[    0.32075]
[    0.32038]
[       0.32]
[    0.31962]
[    0.31925]
[    0.31887]
[     0.3185]
[    0.31813]
[    0.31776]
[    0.31739]
[    0.31702]
[    0.31665]
[    0.31628]
[    0.31591]
[    0.31555]
[    0.31518]
[    0.31481]
[    0.31445]
[    0.31409]
[    0.31373]
[    0.31336]
[      0.313]
[    0.31264]
[    0.31228]
[    0.31193]
[    0.31157]
[    0.31121]
[    0.31086]
[     0.3105]
[    0.31015]
[    0.30979]
[    0.30944]
[    0.30909]
[    0.30874]
[    0.30839]
[    0.30804]
[    0.30769]
[    0.30734]
[      0.307]
[    0.30665]
[    0.30631]
[    0.30596]
[    0.30562]
[    0.30527]
[    0.30493]
[    0.30459]
[    0.30425]
[    0.30391]
[    0.30357]
[    0.30323]
[     0.3029]
[    0.30256]
[    0.30222]
[    0.30189]
[    0.30155]
[    0.30122]
[    0.30088]
[    0.30055]
[    0.30022]
[    0.29989]
[    0.29956]
[    0.29923]
[     0.2989]
[    0.29857]
[    0.29825]
[    0.29792]
[    0.29759]
[    0.29727]
[    0.29694]
[    0.29662]
[     0.2963]
[    0.29597]
[    0.29565]
[    0.29533]
[    0.29501]
[    0.29469]
[    0.29437]
[    0.29405]
[    0.29374]
[    0.29342]
[     0.2931]
[    0.29279]
[    0.29247]
[    0.29216]
[    0.29185]
[    0.29153]
[    0.29122]
[    0.29091]
[     0.2906]
[    0.29029]
[    0.28998]
[    0.28967]
[    0.28936]
[    0.28905]
[    0.28875]
[    0.28844]
[    0.28814]
[    0.28783]
[    0.28753]
[    0.28722]
[    0.28692]
[    0.28662]
[    0.28632]
[    0.28601]
[    0.28571]
[    0.28541]
[    0.28512]
[    0.28482]
[    0.28452]
[    0.28422]
[    0.28392]
[    0.28363]
[    0.28333]
[    0.28304]
[    0.28274]
[    0.28245]
[    0.28216]
[    0.28187]
[    0.28157]
[    0.28128]
[    0.28099]
[     0.2807]
[    0.28041]
[    0.28012]
[    0.27984]
[    0.27955]
[    0.27926]
[    0.27897]
[    0.27869]
[     0.2784]
[    0.27812]
[    0.27783]
[    0.27755]
[    0.27727]
[    0.27699]
[     0.2767]
[    0.27642]
[    0.27614]
[    0.27586]
[    0.27558]
[     0.2753]
[    0.27503]
[    0.27475]
[    0.27447]
[    0.27419]
[    0.27392]
[    0.27364]
[    0.27337]
[    0.27309]
[    0.27282]
[    0.27255]
[    0.27227]
[      0.272]
[    0.27173]
[    0.27146]
[    0.27119]
[    0.27092]
[    0.27065]
[    0.27038]
[    0.27011]
[    0.26984]
[    0.26957]
