[          1]
[          1]
[          1]
[          1]
[          1]
[          1]
[          1]
[          1]
[          1]
[          1]
[          1]
[          1]
[          1]
[          1]
[          1]
[          1]
[          1]
[          1]
[          1]
[          1]
[          1]
[          1]
[          1]
[          1]
[          1]
[          1]
[          1]
[          1]
[          1]
[          1]
[          1]
[          1]
[          1]
[          1]
[          1]
[          1]
[          1]
[          1]
[          1]
[          1]
[          1]
[          1]
[          1]
[          1]
[          1]
[          1]
[          1]
[          1]
[          1]
[          1]
[          1]
[          1]
[          1]
[          1]
[    0.98182]
[    0.98214]
[    0.98246]
[    0.98276]
[    0.98305]
[    0.98333]
[    0.98361]
[    0.98387]
[    0.98413]
[    0.98438]
[    0.98462]
[     0.9697]
[    0.97015]
[    0.97059]
[    0.97101]
[    0.97143]
[    0.97183]
[    0.97222]
[     0.9726]
[    0.97297]
[    0.97333]
[    0.97368]
[    0.97403]
[    0.97436]
[    0.97468]
[      0.975]
[    0.97531]
[    0.97561]
[     0.9759]
[    0.96429]
[    0.95294]
[    0.95349]
[    0.95402]
[    0.95455]
[    0.95506]
[    0.94444]
[    0.94505]
[    0.94565]
[    0.94624]
[    0.94681]
[    0.94737]
[    0.94792]
[    0.94845]
[    0.93878]
[    0.92929]
[       0.93]
[    0.93069]
[    0.93137]
[    0.92233]
[    0.92308]
[    0.92381]
[    0.92453]
[    0.92523]
[    0.91667]
[    0.91743]
[    0.91818]
[    0.90991]
[    0.90179]
[    0.89381]
[    0.88596]
[    0.88696]
[    0.87931]
[    0.87179]
[    0.87288]
[    0.87395]
[    0.86667]
[     0.8595]
[    0.85246]
[    0.84553]
[    0.83871]
[      0.832]
[     0.8254]
[     0.8189]
[    0.82031]
[    0.81395]
[    0.80769]
[    0.80153]
[    0.79545]
[    0.78947]
[    0.78358]
[    0.78519]
[    0.77941]
[    0.77372]
[    0.76812]
[    0.76259]
[    0.75714]
[    0.75177]
[    0.74648]
[    0.74126]
[    0.73611]
[    0.73103]
[    0.72603]
[    0.72109]
[    0.71622]
[    0.71141]
[    0.70667]
[    0.70199]
[    0.69737]
[    0.69281]
[    0.68831]
[    0.68387]
[    0.67949]
[    0.67516]
[    0.67089]
[    0.66667]
[     0.6625]
[    0.65839]
[    0.65432]
[    0.65031]
[    0.64634]
[    0.64242]
[    0.63855]
[    0.63473]
[    0.63095]
[    0.62722]
[    0.62353]
[    0.61988]
[    0.61628]
[    0.61272]
[     0.6092]
[    0.60571]
[    0.60227]
[    0.59887]
[    0.59551]
[    0.59218]
[    0.58889]
[    0.58564]
[    0.58242]
[    0.57923]
[    0.57609]
[    0.57297]
[    0.56989]
[    0.56684]
[    0.56383]
[    0.56085]
[    0.55789]
[    0.55497]
[    0.55208]
[    0.54922]
[    0.54639]
[    0.54359]
[    0.54082]
[    0.53807]
[    0.53535]
[    0.53266]
[       0.53]
[    0.52736]
[    0.52475]
[    0.52217]
[    0.51961]
[    0.51707]
[    0.51456]
[    0.51208]
[    0.50962]
[    0.50718]
[    0.50476]
[    0.50237]
[        0.5]
[    0.49765]
[    0.49533]
[    0.49302]
[    0.49074]
[    0.48848]
[    0.48624]
[    0.48402]
[    0.48182]
[    0.47964]
[    0.47748]
[    0.47534]
[    0.47321]
[    0.47111]
[    0.46903]
[    0.46696]
[    0.46491]
[    0.46288]
[    0.46087]
[    0.45887]
[     0.4569]
[    0.45494]
[    0.45299]
[    0.45106]
[    0.44915]
[    0.44726]
[    0.44538]
[    0.44351]
[    0.44167]
[    0.43983]
[    0.43802]
[    0.43621]
[    0.43443]
[    0.43265]
[    0.43089]
[    0.42915]
[    0.42742]
[     0.4257]
[      0.424]
[    0.42231]
[    0.42063]
[    0.41897]
[    0.41732]
[    0.41569]
[    0.41406]
[    0.41245]
[    0.41085]
[    0.40927]
[    0.40769]
[    0.40613]
[    0.40458]
[    0.40304]
[    0.40152]
[        0.4]
[     0.3985]
[      0.397]
[    0.39552]
[    0.39405]
[    0.39259]
[    0.39114]
[    0.38971]
[    0.38828]
[    0.38686]
[    0.38545]
[    0.38406]
[    0.38267]
[    0.38129]
[    0.37993]
[    0.37857]
[    0.37722]
[    0.37589]
[    0.37456]
[    0.37324]
[    0.37193]
[    0.37063]
[    0.36934]
[    0.36806]
[    0.36678]
[    0.36552]
[    0.36426]
[    0.36301]
[    0.36177]
[    0.36054]
[    0.35932]
[    0.35811]
[     0.3569]
[     0.3557]
[    0.35452]
[    0.35333]
[    0.35216]
[    0.35099]
[    0.34983]
[    0.34868]
[    0.34754]
[    0.34641]
[    0.34528]
[    0.34416]
[    0.34304]
[    0.34194]
[    0.34084]
[    0.33974]
[    0.33866]
[    0.33758]
[    0.33651]
[    0.33544]
[    0.33438]
[    0.33333]
[    0.33229]
[    0.33125]
[    0.33022]
[    0.32919]
[    0.32817]
[    0.32716]
[    0.32615]
[    0.32515]
