[          1]
[          1]
[          1]
[          1]
[          1]
[          1]
[          1]
[          1]
[          1]
[          1]
[          1]
[          1]
[          1]
[          1]
[          1]
[          1]
[          1]
[          1]
[          1]
[          1]
[          1]
[          1]
[          1]
[          1]
[          1]
[          1]
[          1]
[          1]
[          1]
[          1]
[          1]
[          1]
[          1]
[          1]
[          1]
[          1]
[          1]
[          1]
[          1]
[          1]
[          1]
[          1]
[          1]
[          1]
[          1]
[          1]
[          1]
[          1]
[          1]
[          1]
[          1]
[          1]
[          1]
[          1]
[          1]
[          1]
[          1]
[          1]
[          1]
[          1]
[          1]
[          1]
[          1]
[          1]
[          1]
[          1]
[          1]
[          1]
[          1]
[          1]
[          1]
[          1]
[          1]
[          1]
[          1]
[          1]
[          1]
[          1]
[          1]
[          1]
[          1]
[          1]
[          1]
[          1]
[          1]
[          1]
[          1]
[          1]
[          1]
[          1]
[    0.98901]
[    0.98913]
[    0.98925]
[    0.98936]
[    0.97895]
[    0.96875]
[    0.96907]
[    0.96939]
[     0.9697]
[       0.97]
[     0.9703]
[    0.96078]
[    0.96117]
[    0.95192]
[    0.94286]
[     0.9434]
[    0.93458]
[    0.93519]
[    0.93578]
[    0.93636]
[    0.92793]
[    0.91964]
[    0.92035]
[    0.92105]
[    0.91304]
[    0.91379]
[    0.90598]
[    0.89831]
[    0.89916]
[    0.89167]
[     0.8843]
[    0.87705]
[    0.86992]
[     0.8629]
[      0.856]
[    0.84921]
[    0.84252]
[    0.83594]
[    0.82946]
[    0.82308]
[    0.82443]
[    0.81818]
[    0.81203]
[    0.80597]
[        0.8]
[    0.79412]
[    0.78832]
[    0.78261]
[    0.77698]
[    0.77143]
[    0.76596]
[    0.76056]
[    0.75524]
[       0.75]
[    0.74483]
[    0.73973]
[    0.73469]
[    0.72973]
[    0.72483]
[       0.72]
[    0.71523]
[    0.71053]
[    0.70588]
[     0.7013]
[    0.69677]
[    0.69231]
[     0.6879]
[    0.68354]
[    0.67925]
[      0.675]
[    0.67081]
[    0.66667]
[    0.66258]
[    0.65854]
[    0.65455]
[    0.65663]
[    0.65269]
[    0.64881]
[    0.64497]
[    0.64118]
[    0.63743]
[    0.63372]
[    0.63006]
[    0.62644]
[    0.62286]
[    0.61932]
[    0.61582]
[    0.61236]
[    0.60894]
[    0.60556]
[    0.60221]
[     0.5989]
[    0.59563]
[    0.59239]
[    0.58919]
[    0.58602]
[    0.58824]
[    0.58511]
[    0.58201]
[    0.57895]
[    0.57592]
[    0.57292]
[    0.56995]
[    0.56701]
[     0.5641]
[    0.56122]
[    0.55838]
[    0.55556]
[    0.55276]
[       0.55]
[    0.54726]
[    0.54455]
[    0.54187]
[    0.53922]
[    0.53659]
[    0.53398]
[     0.5314]
[    0.52885]
[    0.52632]
[    0.52381]
[    0.52133]
[    0.51887]
[    0.51643]
[    0.51402]
[    0.51163]
[    0.50926]
[    0.50691]
[    0.50459]
[    0.50228]
[        0.5]
[    0.49774]
[     0.4955]
[    0.49327]
[    0.49107]
[    0.48889]
[    0.48673]
[    0.48458]
[    0.48246]
[    0.48035]
[    0.47826]
[    0.47619]
[    0.47414]
[     0.4721]
[    0.47009]
[    0.46809]
[     0.4661]
[    0.46414]
[    0.46218]
[    0.46025]
[    0.45833]
[    0.45643]
[    0.45455]
[    0.45267]
[    0.45082]
[    0.44898]
[    0.44715]
[    0.44534]
[    0.44355]
[    0.44177]
[       0.44]
[    0.43825]
[    0.43651]
[    0.43478]
[    0.43307]
[    0.43137]
[    0.42969]
[    0.42802]
[    0.42636]
[    0.42471]
[    0.42308]
[    0.42146]
[    0.41985]
[    0.41825]
[    0.41667]
[    0.41509]
[    0.41353]
[    0.41199]
[    0.41045]
[    0.40892]
[    0.40741]
[     0.4059]
[    0.40441]
[    0.40293]
[    0.40146]
[        0.4]
[    0.39855]
[    0.39711]
[    0.39568]
[    0.39427]
[    0.39286]
[    0.39146]
[    0.39007]
[    0.38869]
[    0.38732]
[    0.38596]
[    0.38462]
[    0.38328]
[    0.38194]
[    0.38062]
[    0.37931]
[    0.37801]
[    0.37671]
[    0.37543]
[    0.37415]
[    0.37288]
[    0.37162]
[    0.37037]
[    0.36913]
[    0.36789]
[    0.36667]
[    0.36545]
[    0.36424]
[    0.36304]
[    0.36184]
[    0.36066]
[    0.35948]
[    0.35831]
[    0.35714]
[    0.35599]
[    0.35484]
[     0.3537]
[    0.35256]
[    0.35144]
[    0.35032]
[    0.34921]
[     0.3481]
[      0.347]
[    0.34591]
[    0.34483]
[    0.34375]
[    0.34268]
[    0.34161]
[    0.34056]
[    0.33951]
[    0.33846]
[    0.33742]
[    0.33639]
[    0.33537]
[    0.33435]
[    0.33333]
[    0.33233]
[    0.33133]
[    0.33033]
[    0.32934]
[    0.32836]
[    0.32738]
[    0.32641]
[    0.32544]
[    0.32448]
[    0.32353]
[    0.32258]
[    0.32164]
[     0.3207]
[    0.31977]
[    0.31884]
[    0.31792]
[      0.317]
[    0.31609]
[    0.31519]
[    0.31429]
[    0.31339]
[     0.3125]
[    0.31161]
[    0.31073]
[    0.30986]
[    0.30899]
[    0.30812]
[    0.30726]
[    0.30641]
[    0.30556]
[    0.30471]
[    0.30387]
[    0.30303]
[     0.3022]
[    0.30137]
[    0.30055]
[    0.29973]
[    0.29891]
[     0.2981]
[     0.2973]
[     0.2965]
[     0.2957]
[    0.29491]
[    0.29412]
[    0.29333]
[    0.29255]
[    0.29178]
[    0.29101]
[    0.29024]
[    0.28947]
[    0.28871]
[    0.28796]
[    0.28721]
[    0.28646]
[    0.28571]
[    0.28497]
[    0.28424]
[    0.28351]
[    0.28278]
[    0.28205]
[    0.28133]
[    0.28061]
[     0.2799]
[    0.27919]
[    0.27848]
[    0.27778]
[    0.27708]
[    0.27638]
[    0.27569]
[      0.275]
[    0.27431]
[    0.27363]
[    0.27295]
[    0.27228]
[     0.2716]
[    0.27094]
[    0.27027]
[    0.26961]
[    0.26895]
[    0.26829]
[    0.26764]
[    0.26699]
[    0.26634]
[     0.2657]
[    0.26506]
[    0.26442]
[    0.26379]
[    0.26316]
[    0.26253]
[     0.2619]
[    0.26128]
