[          1]
[          1]
[          1]
[          1]
[          1]
[          1]
[          1]
[          1]
[          1]
[          1]
[          1]
[          1]
[          1]
[          1]
[          1]
[          1]
[          1]
[          1]
[          1]
[          1]
[          1]
[          1]
[          1]
[          1]
[          1]
[          1]
[          1]
[          1]
[          1]
[          1]
[          1]
[          1]
[          1]
[          1]
[          1]
[          1]
[          1]
[          1]
[          1]
[          1]
[          1]
[          1]
[          1]
[          1]
[          1]
[          1]
[          1]
[          1]
[          1]
[          1]
[          1]
[          1]
[          1]
[          1]
[          1]
[          1]
[          1]
[          1]
[          1]
[          1]
[          1]
[          1]
[          1]
[          1]
[          1]
[          1]
[          1]
[    0.98529]
[    0.98551]
[    0.98571]
[    0.98592]
[    0.98611]
[     0.9863]
[    0.98649]
[    0.98667]
[    0.98684]
[    0.98701]
[    0.98718]
[    0.98734]
[     0.9875]
[    0.98765]
[    0.97561]
[     0.9759]
[    0.97619]
[    0.97647]
[    0.97674]
[    0.96552]
[    0.96591]
[    0.96629]
[    0.96667]
[    0.96703]
[    0.96739]
[    0.96774]
[    0.95745]
[    0.94737]
[     0.9375]
[    0.92784]
[    0.92857]
[    0.92929]
[       0.92]
[    0.92079]
[    0.91176]
[    0.91262]
[    0.90385]
[    0.90476]
[    0.89623]
[     0.8972]
[    0.88889]
[    0.88073]
[    0.87273]
[    0.86486]
[    0.86607]
[    0.85841]
[    0.85088]
[    0.84348]
[    0.84483]
[    0.83761]
[    0.83051]
[    0.82353]
[    0.81667]
[    0.80992]
[    0.80328]
[    0.79675]
[    0.79032]
[      0.784]
[    0.77778]
[    0.77165]
[    0.76562]
[    0.75969]
[    0.75385]
[    0.74809]
[    0.74242]
[    0.73684]
[    0.73134]
[    0.72593]
[    0.72059]
[    0.71533]
[    0.71014]
[    0.70504]
[        0.7]
[    0.70213]
[    0.69718]
[    0.69231]
[     0.6875]
[    0.68276]
[    0.67808]
[    0.67347]
[    0.66892]
[    0.66443]
[       0.66]
[    0.65563]
[    0.65789]
[    0.65359]
[    0.64935]
[    0.64516]
[    0.64103]
[    0.64331]
[    0.63924]
[    0.63522]
[    0.63125]
[    0.62733]
[    0.62346]
[    0.61963]
[    0.61585]
[    0.61212]
[    0.60843]
[    0.60479]
[    0.60119]
[    0.60355]
[        0.6]
[    0.60234]
[    0.59884]
[    0.59538]
[    0.59195]
[    0.58857]
[    0.58523]
[    0.58192]
[    0.57865]
[    0.57542]
[    0.57222]
[    0.56906]
[    0.56593]
[    0.56284]
[    0.55978]
[    0.56216]
[    0.55914]
[    0.55615]
[    0.55319]
[    0.55026]
[    0.54737]
[     0.5445]
[    0.54167]
[    0.53886]
[    0.53608]
[    0.53333]
[    0.53061]
[    0.52792]
[    0.52525]
[    0.52261]
[       0.52]
[    0.51741]
[    0.51485]
[    0.51232]
[     0.5098]
[    0.50732]
[    0.50485]
[    0.50242]
[        0.5]
[    0.49761]
[    0.49524]
[    0.49289]
[    0.49057]
[    0.48826]
[    0.48598]
[    0.48372]
[    0.48148]
[    0.47926]
[    0.47706]
[    0.47489]
[    0.47273]
[    0.47059]
[    0.46847]
[    0.46637]
[    0.46429]
[    0.46222]
[    0.46018]
[    0.45815]
[    0.45614]
[    0.45415]
[    0.45217]
[    0.45022]
[    0.44828]
[    0.44635]
[    0.44444]
[    0.44255]
[    0.44068]
[    0.43882]
[    0.43697]
[    0.43515]
[    0.43333]
[    0.43154]
[    0.42975]
[    0.42798]
[    0.42623]
[    0.42449]
[    0.42276]
[    0.42105]
[    0.41935]
[    0.41767]
[      0.416]
[    0.41434]
[     0.4127]
[    0.41107]
[    0.40945]
[    0.40784]
[    0.40625]
[    0.40467]
[     0.4031]
[    0.40154]
[        0.4]
[    0.39847]
[    0.39695]
[    0.39544]
[    0.39394]
[    0.39245]
[    0.39098]
[    0.38951]
[    0.39179]
[    0.39033]
[    0.38889]
[    0.38745]
[    0.38603]
[    0.38462]
[    0.38321]
[    0.38182]
[    0.38043]
[    0.37906]
[     0.3777]
[    0.37634]
[      0.375]
[    0.37367]
[    0.37234]
[    0.37102]
[    0.36972]
[    0.36842]
[    0.36713]
[    0.36585]
[    0.36458]
[    0.36332]
[    0.36207]
[    0.36082]
[    0.35959]
[    0.35836]
