     0/299     7.81G      7.94      31.4         0      39.4        13       608         0         0  0.000583         0      7.08      2.17         0
     1/299     7.81G      6.56      1.77         0      8.33        12       608         0         0         0         0      6.19      2.26         0
     2/299     7.81G      5.54      1.56         0      7.09         5       608         0         0         0         0      5.45      2.01         0
     3/299     7.81G      5.19      1.53         0      6.71        14       608         0         0         0         0      5.26      1.77         0
     4/299     7.81G      4.82      1.36         0      6.18        15       608         0         0    0.0156         0      5.23      1.57         0
     5/299     7.81G      4.41      1.25         0      5.66         5       608         0         0    0.0414         0      4.82      1.49         0
     6/299     7.81G      4.39      0.98         0      5.37        14       608         0         0    0.0272         0      5.34      2.43         0
     7/299     7.81G      4.79     0.968         0      5.76        13       608         0         0    0.0297         0      4.87      1.47         0
     8/299     7.81G       4.3      1.02         0      5.32         3       608         0         0    0.0956         0      4.77      1.22         0
     9/299     7.81G      4.23      1.04         0      5.27        16       608         0         0   0.00309         0      5.29  1.05e+03         0
    10/299     7.81G       4.4     0.811         0      5.21        17       608         0         0  0.000116         0      6.07       232         0
    11/299     7.81G      4.19     0.848         0      5.04         4       608  0.000134    0.0684  0.000213  0.000267      11.4       753         0
    12/299     7.81G      4.29     0.764         0      5.05        16       608   0.00766    0.0158    0.0586    0.0103      4.79      1.79         0
    13/299     7.81G      4.66     0.774         0      5.43        13       608         0         0   0.00894         0      5.09      10.1         0
    14/299     7.81G      4.49     0.773         0      5.26         3       608   0.00141    0.0105     0.029   0.00248      4.64      12.4         0
    15/299     7.81G       4.3      0.81         0      5.11        12       608    0.0796   0.00526   0.00643   0.00987      5.95      1.26         0
    16/299     7.81G      4.33     0.735         0      5.07        13       608         0         0     0.112         0      5.02     0.971         0
    17/299     7.81G      4.35     0.698         0      5.05         3       608     0.604    0.0801     0.208     0.142      4.51     0.894         0
    18/299     7.81G      3.91     0.591         0       4.5        13       608         1   0.00526      0.19    0.0105      5.48     0.694         0
    19/299     7.81G      5.07     0.623         0       5.7        14       608         0         0    0.0203         0      4.73     0.938         0
    20/299     7.81G      4.23     0.754         0      4.98         3       608         1   0.00526     0.263    0.0105      4.35     0.904         0
    21/299     7.81G      4.13     0.702         0      4.83        12       608         0         0  0.000127         0      5.83     0.932         0
    22/299     7.81G      4.22     0.626         0      4.85        15       608  0.000427     0.111  0.000553   0.00085      8.03      70.2         0
    23/299     7.81G      4.07      0.61         0      4.68         2       608      0.45    0.0158    0.0377    0.0305      5.19     0.886         0
    24/299     7.81G       4.1      0.66         0      4.76        14       608      0.36    0.0632    0.0661     0.107      5.11       1.1         0
    25/299     7.81G      4.02     0.671         0       4.7        15       608     0.864    0.0337     0.335    0.0649      4.71      0.78         0
    26/299     7.81G       4.3     0.618         0      4.92         3       608      0.51     0.121     0.194     0.196      5.88     0.691         0
    27/299     7.81G      3.93     0.622         0      4.55        16       608     0.398   0.00526    0.0117    0.0104      5.61     0.939         0
    28/299     7.81G      3.72     0.657         0      4.38        14       608     0.569     0.184     0.301     0.278      4.41      0.78         0
    29/299     7.81G       3.7     0.587         0      4.29         5       608     0.772     0.237      0.42     0.362      4.41      0.76         0
    30/299     7.81G      3.73     0.607         0      4.34         8       608     0.622     0.232     0.298     0.337      4.77     0.901         0
    31/299     7.81G      3.73     0.597         0      4.33        16       608     0.664     0.291     0.425     0.405      4.54     0.732         0
    32/299     7.81G      3.57     0.629         0       4.2         4       608     0.715     0.158     0.377     0.259      5.18     0.764         0
    33/299     7.81G      3.64      0.62         0      4.26        16       608     0.714     0.171     0.434     0.276      4.01     0.777         0
    34/299     7.81G      3.64     0.658         0      4.29        20       608     0.735     0.277     0.518     0.402       3.7     0.781         0
    35/299     7.81G      3.36     0.655         0      4.01         4       608     0.708     0.396     0.561     0.508      3.81     0.727         0
    36/299     7.81G       3.4     0.568         0      3.96        14       608     0.714     0.328     0.542     0.449      4.04     0.712         0
    37/299     7.81G      3.59     0.532         0      4.12        18       608     0.719    0.0539     0.284       0.1      4.84     0.758         0
    38/299     7.81G      3.45     0.614         0      4.06         5       608     0.847     0.379      0.63     0.524      4.54     0.701         0
    39/299     7.81G      3.39     0.582         0      3.98         9       608     0.787    0.0971     0.389     0.173      4.33     0.776         0
    40/299     7.81G       3.1     0.511         0      3.61        11       608     0.861     0.142     0.406     0.244      5.68      0.71         0
    41/299     7.81G         3     0.532         0      3.53         3       608     0.235      0.18      0.19     0.204      4.98     0.897         0
    42/299     7.81G      3.19     0.568         0      3.76        17       608     0.665     0.219     0.414      0.33      4.33     0.799         0
    43/299     7.81G      3.25     0.604         0      3.86        10       608     0.804     0.303     0.509      0.44      4.08     0.765         0
    44/299     7.81G      3.19     0.573         0      3.77         3       608     0.667     0.295     0.434     0.409      4.29     0.737         0
    45/299     7.81G      2.92     0.625         0      3.55        16       608     0.759     0.468     0.578     0.579      3.99     0.731         0
    46/299     7.81G      2.89     0.544         0      3.44        12       608     0.784     0.496     0.619     0.607      4.16     0.711         0
    47/299     7.81G         3     0.513         0      3.51         3       608     0.726     0.502     0.598     0.594      3.81     0.698         0
    48/299     7.81G      3.22      0.54         0      3.76         9       608     0.865     0.421     0.639     0.566      3.71     0.716         0
    49/299     7.81G      2.79     0.528         0      3.32        13       608     0.774     0.416     0.592     0.541      4.61     0.646         0
    50/299     7.81G      3.05     0.523         0      3.57         5       608     0.802     0.489     0.669     0.608      3.91      0.68         0
    51/299     7.81G      2.81     0.543         0      3.36        16       608     0.781     0.605     0.665     0.682      3.82     0.684         0
    52/299     7.81G      2.95     0.473         0      3.43        14       608     0.809     0.245     0.614     0.376      3.83     0.709         0
    53/299     7.81G      2.86     0.529         0      3.39         5       608     0.775      0.49     0.641     0.601      3.74     0.689         0
    54/299     7.81G      2.69     0.539         0      3.23         8       608     0.841     0.444     0.681     0.582      3.65     0.689         0
    55/299     7.81G      2.68     0.533         0      3.22        16       608     0.909      0.37     0.704     0.526      3.57     0.711         0
    56/299     7.81G      2.66      0.52         0      3.18         5       608      0.83      0.41     0.685     0.549      4.04     0.648         0
    57/299     7.81G      2.92     0.513         0      3.43        17       608     0.805     0.435     0.659     0.565      3.67     0.677         0
    58/299     7.81G      2.65     0.483         0      3.14        16       608      0.81     0.517     0.704     0.631      3.62     0.663         0
    59/299     7.81G      2.61     0.448         0      3.06         6       608     0.891     0.463     0.755      0.61      3.37     0.653         0
    60/299     7.81G      2.53     0.506         0      3.04        13       608     0.853     0.505     0.741     0.635      3.81     0.637         0
    61/299     7.81G      2.66     0.493         0      3.15        14       608     0.794     0.395     0.654     0.527      3.75      0.63         0
    62/299     7.81G      2.72     0.476         0       3.2         5       608     0.907     0.358     0.732     0.513       3.4     0.678         0
    63/299     7.81G      2.62      0.45         0      3.07        18       608     0.842     0.579     0.744     0.686      3.48     0.613         0
    64/299     7.81G      2.46     0.438         0       2.9        17       608     0.832     0.537      0.71     0.653      3.63       0.6         0
    65/299     7.81G      2.48      0.49         0      2.97         4       608     0.856     0.562     0.762     0.678       3.4     0.613         0
    66/299     7.81G      2.48     0.473         0      2.95        13       608     0.852     0.526     0.735     0.651      3.39     0.633         0
    67/299     7.81G      2.45     0.466         0      2.91        13       608     0.851     0.391     0.701     0.536      3.56      0.64         0
    68/299     7.81G      2.68     0.422         0       3.1         5       608     0.862     0.463     0.694     0.603      3.71     0.633         0
    69/299     7.81G      2.44     0.487         0      2.93        20       608     0.817     0.448     0.672     0.579      3.65     0.652         0
    70/299     7.81G      2.49     0.418         0      2.91        18       608     0.828     0.532     0.712     0.648      3.58     0.647         0
    71/299     7.81G      2.51      0.45         0      2.96         3       608     0.866     0.553      0.72     0.675      3.99     0.639         0
    72/299     7.81G      2.28     0.483         0      2.76        22       608     0.824     0.565     0.681      0.67      3.44     0.634         0
    73/299     7.81G      2.25       0.4         0      2.65        20       608      0.84     0.521     0.696     0.643       3.5     0.648         0
    74/299     7.81G      2.61     0.419         0      3.03         3       608     0.884     0.402     0.668     0.553      3.65     0.672         0
    75/299     7.81G      2.26     0.437         0      2.69        20       608     0.879     0.535     0.749     0.665      3.45     0.605         0
    76/299     7.81G      2.24     0.404         0      2.64        15       608     0.821     0.726     0.778     0.771      3.55      0.54         0
    77/299     7.81G      2.33     0.396         0      2.73         8       608     0.897     0.642      0.79     0.749      3.42     0.549         0
    78/299     7.81G      2.28     0.391         0      2.67        12       608     0.901      0.62     0.806     0.734      3.36     0.544         0
    79/299     7.81G      2.54     0.378         0      2.91         9       608     0.908     0.568     0.792     0.699      3.63     0.539         0
    80/299     7.81G      2.31     0.353         0      2.67         3       608     0.916     0.595      0.77     0.721       3.5     0.584         0
    81/299     7.81G      2.36     0.384         0      2.75        12       608     0.915     0.511     0.702     0.656      3.71     0.647         0
    82/299     7.81G      2.11     0.427         0      2.54        10       608     0.904     0.595     0.734     0.718      3.55     0.612         0
    83/299     7.81G      2.11     0.366         0      2.48         3       608     0.885     0.605     0.735     0.719      3.55     0.586         0
    84/299     7.81G      2.33     0.381         0      2.71        14       608     0.934     0.517     0.753     0.666      3.51     0.608         0
    85/299     7.81G      2.31     0.376         0      2.68        10       608     0.897     0.641     0.795     0.747       3.4     0.574         0
    86/299     7.81G      2.12     0.357         0      2.48         4       608     0.859     0.695     0.771     0.768      3.27     0.568         0
    87/299     7.81G      2.23     0.396         0      2.62        21       608     0.865     0.572     0.753     0.689       3.4     0.587         0
    88/299     7.81G      2.06      0.39         0      2.46        16       608      0.86     0.616     0.749     0.718      3.34     0.591         0
    89/299     7.81G      2.09     0.377         0      2.47         5       608     0.857     0.726     0.774     0.786      3.47     0.537         0
    90/299     7.81G      2.09     0.399         0      2.49        15       608     0.868     0.659     0.779     0.749      3.27     0.548         0
    91/299     7.81G      2.13     0.364         0       2.5        12       608     0.912     0.546      0.76     0.683      3.39     0.598         0
    92/299     7.81G      2.03     0.312         0      2.34         4       608     0.898     0.697     0.808     0.785       3.4     0.553         0
    93/299     7.81G      2.29     0.354         0      2.65        19       608     0.885     0.653     0.785     0.751      3.39     0.569         0
    94/299     7.81G         2     0.378         0      2.38        22       608     0.905     0.616     0.785     0.733      3.34     0.592         0
    95/299     7.81G      2.13     0.359         0      2.49         3       608     0.843     0.689      0.77     0.759      3.33     0.578         0
    96/299     7.81G      2.02     0.363         0      2.38        17       608     0.813     0.621     0.731     0.704      3.44     0.578         0
    97/299     7.81G      2.09     0.376         0      2.46        15       608     0.823     0.613     0.745     0.703      3.55     0.582         0
    98/299     7.81G      1.98     0.343         0      2.33         7       608     0.853     0.579     0.752      0.69       3.5     0.568         0
    99/299     7.81G      1.98     0.343         0      2.33        13       608     0.874     0.616     0.767     0.723      3.49     0.561         0
   100/299     7.81G      1.78     0.323         0       2.1        16       608     0.837     0.623     0.746     0.714      3.41     0.552         0
   101/299     7.81G      1.94     0.328         0      2.27         4       608     0.909     0.631     0.777     0.745      3.31     0.553         0
   102/299     7.81G      2.01     0.293         0       2.3        10       608     0.875     0.668      0.79     0.758      3.25     0.545         0
   103/299     7.81G      2.08     0.328         0      2.41        16       608     0.901     0.626      0.81     0.739      3.59     0.546         0
   104/299     7.81G      1.97      0.35         0      2.32         3       608     0.839     0.657     0.754     0.737      3.59     0.548         0
   105/299     7.81G      2.06      0.33         0      2.39        19       608      0.83      0.59      0.72     0.689      3.55     0.571         0
   106/299     7.81G      2.12     0.316         0      2.44        15       608     0.839     0.605     0.703     0.703      3.46     0.589         0
   107/299     7.81G      1.78     0.333         0      2.11         4       608     0.859     0.607      0.71     0.711      3.53     0.587         0
   108/299     7.81G      2.02     0.323         0      2.35        14       608     0.851     0.553      0.69      0.67      3.62     0.596         0
   109/299     7.81G      2.08     0.304         0      2.39        18       608     0.882     0.592     0.758     0.708      3.57     0.565         0
   110/299     7.81G      1.94     0.309         0      2.25         5       608     0.911     0.649     0.799     0.758      3.66      0.55         0
   111/299     7.81G      1.79     0.304         0      2.09        13       608     0.863     0.631     0.728     0.729      3.56     0.562         0
   112/299     7.81G      1.89     0.299         0      2.19        12       608     0.832     0.611     0.706     0.704      3.66     0.561         0
   113/299     7.81G      1.78     0.269         0      2.05         6       608     0.816     0.678     0.752     0.741      3.49     0.538         0
   114/299     7.81G      1.95     0.295         0      2.25        14       608     0.823     0.761     0.784     0.791      3.51     0.524         0
   115/299     7.81G      1.84     0.285         0      2.12        16       608      0.84      0.72     0.788     0.776      3.62     0.535         0
   116/299     7.81G      1.85     0.287         0      2.13         6       608     0.849     0.653     0.773     0.739      3.56     0.544         0
   117/299     7.81G      1.87     0.278         0      2.15        18       608     0.863     0.664     0.755      0.75       3.5     0.572         0
   118/299     7.81G      1.77     0.277         0      2.05        15       608     0.826     0.551      0.72     0.661      3.41      0.61         0
   119/299     7.81G      1.91     0.294         0      2.21         7       608     0.857     0.538     0.728     0.661      3.63      0.61         0
   120/299     7.81G      1.72     0.297         0      2.02        11       608     0.861     0.654     0.774     0.743      3.43     0.562         0
   121/299     7.81G      1.72     0.293         0      2.01         9       608     0.865     0.639     0.799     0.735      3.43     0.561         0
   122/299     7.81G      1.73     0.279         0         2         4       608     0.882     0.579     0.761     0.699      3.38     0.593         0
   123/299     7.81G      1.61     0.262         0      1.87        16       608     0.871     0.639      0.77     0.737      3.36     0.582         0
   124/299     7.81G      1.64     0.281         0      1.92        10       608     0.865     0.709     0.804     0.779      3.41      0.55         0
   125/299     7.81G      1.66      0.27         0      1.93         4       608      0.86      0.68     0.778      0.76       3.5     0.558         0
   126/299     7.81G      1.71     0.272         0      1.98         8       608     0.867     0.668     0.779     0.755      3.37     0.567         0
   127/299     7.81G      1.75     0.275         0      2.03        16       608      0.86       0.7     0.775     0.772      3.52     0.548         0
   128/299     7.81G      1.65     0.277         0      1.93         4       608     0.849     0.652     0.743     0.738      3.54     0.573         0
   129/299     7.81G      1.71     0.245         0      1.96        17       608      0.85     0.657      0.74     0.741      3.44     0.592         0
   130/299     7.81G      1.86     0.279         0      2.13        15       608     0.832     0.523     0.703     0.642      3.42     0.638         0
   131/299     7.81G      1.52     0.277         0       1.8         4       608     0.817     0.611     0.704     0.699       3.5     0.605         0
   132/299     7.81G      1.67      0.26         0      1.93        16       608     0.796     0.677     0.733     0.731      3.44     0.568         0
   133/299     7.81G      1.68      0.29         0      1.97        18       608     0.832     0.642     0.746     0.725      3.51     0.595         0
   134/299     7.81G      1.64     0.247         0      1.89         2       608     0.879     0.651     0.788     0.748       3.5     0.582         0
   135/299     7.81G      1.63     0.246         0      1.87        18       608     0.879     0.658     0.766     0.752      3.37     0.564         0
   136/299     7.81G      1.49      0.24         0      1.73        17       608     0.855     0.668     0.755      0.75      3.49     0.541         0
   137/299     7.81G      1.66     0.262         0      1.92         3       608     0.884     0.644     0.751     0.745      3.59     0.555         0
   138/299     7.81G      1.51     0.247         0      1.76        21       608     0.868     0.679     0.781     0.762      3.48     0.538         0
   139/299     7.81G      1.59     0.236         0      1.82        11       608     0.844     0.741     0.807     0.789       3.4     0.525         0
   140/299     7.81G      1.78     0.246         0      2.02         5       608     0.818     0.732     0.812     0.772      3.39     0.539         0
   141/299     7.81G      1.48     0.232         0      1.71        12       608     0.855     0.711     0.804     0.776      3.38     0.549         0
   142/299     7.81G      1.57     0.238         0      1.81        12       608     0.904     0.695     0.804     0.786      3.41     0.554         0
   143/299     7.81G      1.52     0.244         0      1.76         6       608     0.899     0.699     0.803     0.787      3.36     0.546         0
   144/299     7.81G      1.53     0.284         0      1.81        17       608     0.852     0.679     0.799     0.756      3.32     0.538         0
   145/299     7.81G       1.5      0.24         0      1.74        17       608     0.867     0.685     0.794     0.765       3.3     0.553         0
   146/299     7.81G      1.63     0.242         0      1.88         6       608     0.864     0.699     0.807     0.773      3.32     0.551         0
   147/299     7.81G      1.49      0.27         0      1.76        16       608     0.873     0.711     0.806     0.784      3.34     0.544         0
   148/299     7.81G      1.45     0.245         0      1.69        14       608     0.839     0.738     0.788     0.785      3.36     0.517         0
   149/299     7.81G      1.48     0.235         0      1.72         5       608     0.848     0.737     0.816     0.789      3.34     0.518         0
   150/299     7.81G      1.52     0.227         0      1.75        14       608     0.864     0.695     0.786      0.77      3.37     0.529         0
   151/299     7.81G      1.47     0.245         0      1.71        17       608     0.883     0.642     0.782     0.744      3.37     0.563         0
   152/299     7.81G      1.29     0.251         0      1.54         3       608     0.876     0.674     0.773     0.762      3.38     0.569         0
   153/299     7.81G      1.53     0.243         0      1.78        19       608     0.865     0.709     0.797     0.779      3.29     0.566         0
   154/299     7.81G      1.39      0.24         0      1.63        13       608     0.841     0.698     0.784     0.763      3.25     0.552         0
   155/299     7.81G      1.47     0.189         0      1.66         4       608     0.883     0.712       0.8     0.788       3.2     0.555         0
   156/299     7.81G      1.46     0.242         0       1.7        12       608      0.89     0.695     0.801      0.78      3.29     0.547         0
   157/299     7.81G      1.54     0.207         0      1.74         9       608      0.87     0.711     0.806     0.782      3.37     0.532         0
   158/299     7.81G       1.4     0.246         0      1.64         2       608     0.863     0.698     0.792     0.772      3.48     0.533         0
   159/299     7.81G      1.43     0.216         0      1.65        12       608     0.818     0.711     0.783     0.761      3.29     0.534         0
   160/299     7.81G      1.33     0.215         0      1.54        14       608     0.838     0.682     0.764     0.752      3.25     0.559         0
   161/299     7.81G      1.39     0.224         0      1.61         5       608     0.824     0.684     0.753     0.748      3.24     0.571         0
   162/299     7.81G      1.36     0.232         0      1.59        15       608     0.849     0.737     0.781     0.789      3.19     0.569         0
   163/299     7.81G      1.36     0.212         0      1.57        15       608     0.817     0.705      0.76     0.757      3.21     0.557         0
   164/299     7.81G      1.31     0.205         0      1.51         9       608      0.83     0.716     0.764     0.769      3.26     0.546         0
   165/299     7.81G      1.34     0.224         0      1.57        12       608     0.838       0.7     0.757     0.763      3.36      0.55         0
   166/299     7.81G      1.25     0.228         0      1.48        15       608     0.861       0.7     0.762     0.772      3.37     0.561         0
   167/299     7.81G      1.32     0.227         0      1.55         3       608     0.867     0.688     0.751     0.767      3.33     0.576         0
   168/299     7.81G      1.29     0.205         0       1.5        14       608     0.853     0.704     0.752     0.772      3.33     0.572         0
   169/299     7.81G      1.17     0.192         0      1.37        12       608      0.86     0.682     0.745     0.761      3.24     0.571         0
   170/299     7.81G      1.36     0.215         0      1.57         2       608     0.867     0.687     0.752     0.766      3.31     0.579         0
   171/299     7.81G      1.29     0.213         0      1.51        24       608     0.861     0.717     0.746     0.782      3.19     0.576         0
   172/299     7.81G      1.24     0.211         0      1.45        11       608     0.887     0.726     0.787     0.798      3.18     0.579         0
   173/299     7.81G      1.27     0.213         0      1.48         6       608     0.846     0.693     0.765     0.762      3.32     0.572         0
   174/299     7.81G      1.17     0.217         0      1.39        16       608     0.844     0.683     0.764     0.755      3.44     0.569         0
   175/299     7.81G      1.18     0.216         0      1.39        16       608     0.827     0.726      0.76     0.774      3.42     0.556         0
   176/299     7.81G      1.26     0.173         0      1.44         5       608     0.847     0.728     0.765     0.783      3.33     0.567         0
   177/299     7.81G      1.36     0.199         0      1.56         8       608      0.82     0.696     0.754     0.753      3.34     0.574         0
   178/299     7.81G       1.3     0.219         0      1.52        15       608     0.839     0.687     0.756     0.756       3.3     0.593         0
   179/299     7.81G      1.17     0.208         0      1.38         5       608     0.841     0.705     0.785     0.767      3.27     0.587         0
   180/299     7.81G      1.15     0.215         0      1.37        11       608     0.816     0.695     0.755      0.75      3.25      0.58         0
   181/299     7.81G      1.16     0.197         0      1.36        18       608      0.82     0.696     0.758     0.753      3.22     0.568         0
   182/299     7.81G      1.19     0.174         0      1.37         3       608     0.835     0.692     0.775     0.757      3.21     0.573         0
   183/299     7.81G      1.12     0.196         0      1.31        14       608     0.856     0.686     0.776     0.761      3.21     0.581         0
   184/299     7.81G      1.17       0.2         0      1.37        14       608     0.876     0.667     0.776     0.757      3.24      0.61         0
   185/299     7.81G      1.27     0.209         0      1.48         3       608     0.855     0.695     0.774     0.767      3.18     0.597         0
   186/299     7.81G      1.21     0.205         0      1.42         9       608     0.858     0.716     0.772      0.78      3.27     0.581         0
   187/299     7.81G      1.15      0.18         0      1.33        11       608     0.867     0.732     0.782     0.794      3.25     0.586         0
   188/299     7.81G       1.1     0.196         0      1.29         3       608     0.852     0.721     0.778     0.781      3.26     0.581         0
   189/299     7.81G      1.16     0.209         0      1.37        13       608     0.843     0.711     0.771     0.771      3.25     0.587         0
   190/299     7.81G      1.04     0.174         0      1.22        18       608     0.849     0.689     0.768     0.761      3.29     0.593         0
   191/299     7.81G      1.14     0.175         0      1.31         4       608     0.843     0.706     0.769     0.768      3.23     0.602         0
   192/299     7.81G      1.14     0.185         0      1.33        12       608     0.858     0.705     0.777     0.774      3.24     0.599         0
   193/299     7.81G      1.01      0.21         0      1.22        14       608     0.853     0.711     0.776     0.775      3.23     0.588         0
   194/299     7.81G     0.982     0.163         0      1.14         2       608     0.848     0.734     0.791     0.787      3.24     0.571         0
   195/299     7.81G      1.04     0.182         0      1.22        11       608      0.84     0.746     0.775      0.79      3.22     0.556         0
   196/299     7.81G      1.06      0.17         0      1.23        14       608     0.849     0.738      0.78     0.789      3.25     0.562         0
   197/299     7.81G      1.01     0.186         0      1.19         5       608     0.836     0.721     0.766     0.774      3.22     0.567         0
   198/299     7.81G      1.02     0.192         0      1.21        18       608     0.846     0.726     0.773     0.781      3.27      0.57         0
   199/299     7.81G      1.04     0.171         0      1.21        14       608     0.849     0.708     0.769     0.772      3.34     0.575         0
   200/299     7.81G     0.974     0.165         0      1.14         3       608     0.842       0.7     0.764     0.765      3.35     0.569         0
   201/299     7.81G      1.01     0.188         0      1.19         9       608     0.844     0.716      0.78     0.774       3.4     0.577         0
   202/299     7.81G      1.05     0.196         0      1.25        15       608     0.834      0.74     0.781     0.784      3.32     0.578         0
   203/299     7.81G      1.09     0.193         0      1.28         5       608     0.813     0.721     0.772     0.764      3.24     0.582         0
   204/299     7.81G      1.02     0.192         0      1.21        13       608     0.823     0.716     0.774     0.766      3.31     0.586         0
   205/299     7.81G      1.05     0.171         0      1.22        12       608     0.837     0.731     0.778      0.78      3.32     0.582         0
   206/299     7.81G     0.961     0.173         0      1.13         1       608     0.839     0.713     0.763     0.771      3.38     0.586         0
   207/299     7.81G     0.973      0.17         0      1.14        13       608     0.859     0.716     0.768     0.781      3.35     0.582         0
   208/299     7.81G      1.02     0.181         0       1.2        15       608     0.848     0.703     0.768     0.768       3.3     0.582         0
   209/299     7.81G     0.932     0.173         0       1.1         6       608     0.853     0.703     0.761     0.771      3.28     0.587         0
   210/299     7.81G         1      0.18         0      1.18        16       608     0.843      0.68     0.755     0.753      3.32       0.6         0
   211/299     7.81G     0.965     0.177         0      1.14        13       608      0.85     0.663     0.756     0.745      3.37     0.601         0
   212/299     7.81G     0.933     0.162         0       1.1         3       608     0.865     0.673     0.757     0.757      3.35     0.598         0
   213/299     7.81G      0.98     0.157         0      1.14        17       608     0.858      0.67     0.775     0.753      3.37     0.602         0
   214/299     7.81G     0.955     0.177         0      1.13        16       608     0.852     0.679     0.774     0.756      3.35     0.602         0
   215/299     7.81G     0.864     0.149         0      1.01         2       608     0.847       0.7     0.772     0.767      3.32     0.598         0
   216/299     7.81G     0.967      0.16         0      1.13        15       608     0.839       0.7     0.769     0.763      3.34     0.599         0
   217/299     7.81G     0.966      0.17         0      1.14        11       608     0.817     0.682     0.754     0.744      3.37     0.608         0
   218/299     7.81G     0.891     0.169         0      1.06         3       608     0.818     0.707     0.768     0.759      3.33     0.603         0
   219/299     7.81G     0.938     0.161         0       1.1        14       608     0.813     0.711     0.765     0.758      3.31     0.607         0
   220/299     7.81G     0.951     0.173         0      1.12        16       608     0.849     0.713     0.771     0.775      3.28     0.605         0
   221/299     7.81G     0.932     0.165         0       1.1         2       608      0.85     0.715     0.769     0.777      3.28     0.605         0
   222/299     7.81G     0.924     0.163         0      1.09        14       608     0.854     0.739     0.778     0.793      3.27     0.609         0
   223/299     7.81G     0.918     0.152         0      1.07        17       608     0.848     0.735     0.772     0.788       3.3     0.606         0
   224/299     7.81G     0.905     0.167         0      1.07         5       608     0.837     0.727     0.761     0.778       3.3     0.608         0
   225/299     7.81G     0.891     0.183         0      1.07        18       608     0.859     0.737     0.774     0.793      3.28     0.611         0
   226/299     7.81G     0.845     0.134         0     0.979        15       608     0.853     0.716      0.77     0.779       3.3     0.614         0
   227/299     7.81G     0.867     0.169         0      1.04         2       608     0.866     0.713     0.775     0.782      3.25     0.612         0
   228/299     7.81G      0.94      0.18         0      1.12        17       608     0.866     0.716     0.778     0.784      3.24     0.615         0
   229/299     7.81G     0.881     0.165         0      1.05        15       608     0.865     0.707     0.771     0.778      3.27     0.619         0
   230/299     7.81G     0.846      0.16         0      1.01         2       608     0.852     0.697     0.772     0.767      3.28     0.623         0
   231/299     7.81G     0.881      0.16         0      1.04        12       608     0.843     0.705     0.772     0.768       3.3     0.618         0
   232/299     7.81G     0.825     0.156         0      0.98        21       608     0.834     0.705     0.764     0.764      3.27     0.615         0
   233/299     7.81G     0.871     0.172         0      1.04         6       608     0.839     0.721     0.774     0.775      3.28     0.615         0
   234/299     7.81G     0.867     0.161         0      1.03        13       608     0.827     0.731     0.774     0.776       3.3     0.622         0
   235/299     7.81G     0.814      0.17         0     0.985        18       608     0.827     0.732     0.773     0.776      3.32     0.623         0
   236/299     7.81G     0.817     0.153         0     0.971         4       608     0.835     0.711     0.778     0.768      3.34     0.626         0
   237/299     7.81G     0.816     0.167         0     0.983        17       608     0.831     0.711     0.775     0.766      3.28     0.622         0
   238/299     7.81G     0.873     0.165         0      1.04        14       608     0.838     0.732     0.786     0.781      3.24      0.62         0
   239/299     7.81G     0.857      0.16         0      1.02         6       608     0.836     0.732     0.783      0.78      3.24     0.619         0
   240/299     7.81G     0.843     0.169         0      1.01        17       608     0.839     0.732     0.784     0.782       3.2     0.616         0
   241/299     7.81G     0.797     0.138         0     0.934        13       608     0.833     0.733     0.782      0.78      3.24     0.619         0
   242/299     7.81G     0.786     0.145         0     0.932         6       608     0.827     0.732     0.783     0.776      3.25     0.621         0
   243/299     7.81G     0.809     0.147         0     0.956        17       608     0.826     0.742     0.782     0.782      3.23     0.617         0
   244/299     7.81G     0.757     0.138         0     0.895         9       608     0.832     0.742     0.784     0.785      3.21     0.613         0
   245/299     7.81G     0.856     0.176         0      1.03         4       608      0.84     0.745      0.79     0.789      3.22     0.606         0
   246/299     7.81G     0.794     0.161         0     0.954        12       608     0.832     0.737     0.783     0.782       3.2     0.613         0
   247/299     7.81G     0.807      0.16         0     0.967        17       608     0.837     0.737     0.783     0.784      3.19     0.614         0
   248/299     7.81G     0.787     0.164         0      0.95         6       608     0.835     0.716     0.779     0.771      3.23     0.621         0
   249/299     7.81G     0.752     0.142         0     0.894        11       608     0.838     0.716      0.78     0.772      3.21     0.621         0
   250/299     7.81G      0.77     0.147         0     0.917        15       608     0.835     0.705      0.78     0.765       3.2     0.623         0
   251/299     7.81G     0.711      0.13         0     0.841         5       608     0.846     0.725     0.781     0.781      3.23     0.626         0
   252/299     7.81G      0.69     0.135         0     0.824        18       608     0.848     0.733     0.784     0.786      3.25     0.631         0
   253/299     7.81G      0.79      0.15         0      0.94        17       608     0.844     0.721     0.783     0.778      3.29     0.637         0
   254/299     7.81G     0.731     0.132         0     0.864         3       608     0.853     0.735     0.788      0.79      3.25     0.635         0
   255/299     7.81G     0.707     0.139         0     0.846        20       608     0.837     0.728     0.786     0.778      3.26     0.635         0
   256/299     7.81G     0.759     0.137         0     0.896        19       608     0.836     0.726     0.785     0.777      3.23     0.639         0
   257/299     7.81G     0.712     0.134         0     0.846         3       608     0.841     0.725     0.783     0.779      3.26     0.638         0
   258/299     7.81G      0.76     0.139         0       0.9        14       608     0.839     0.716     0.778     0.772      3.25     0.635         0
   259/299     7.81G     0.681     0.151         0     0.833        12       608     0.839     0.711     0.778     0.769      3.28     0.632         0
   260/299     7.81G      0.68     0.137         0     0.817         5       608     0.828     0.708     0.771     0.763      3.28     0.627         0
   261/299     7.81G     0.738     0.147         0     0.886        18       608     0.835     0.721     0.777     0.774      3.28     0.626         0
   262/299     7.81G     0.811     0.169         0      0.98        17       608     0.836     0.727     0.779     0.778      3.28     0.629         0
   263/299     7.81G     0.744     0.149         0     0.893        10       608     0.828     0.716     0.778     0.768      3.28     0.626         0
   264/299     7.81G     0.711     0.144         0     0.855        16       608     0.825     0.721     0.777      0.77      3.25     0.622         0
   265/299     7.81G     0.738     0.131         0     0.869        24       608      0.82     0.716     0.778     0.764      3.22     0.623         0
   266/299     7.81G     0.756     0.139         0     0.895         6       608      0.82     0.718     0.778     0.765      3.22     0.623         0
   267/299     7.81G     0.689     0.134         0     0.824        15       608     0.821     0.724     0.778     0.769      3.24     0.626         0
   268/299     7.81G     0.719     0.135         0     0.855        11       608      0.82     0.719     0.776     0.766      3.22     0.629         0
   269/299     7.81G     0.732     0.133         0     0.865         3       608      0.81     0.716     0.773      0.76      3.27     0.636         0
   270/299     7.81G     0.698     0.143         0     0.841        13       608     0.814     0.705     0.773     0.756      3.27     0.645         0
   271/299     7.81G     0.707      0.14         0     0.847        13       608     0.824     0.716     0.778     0.766      3.28     0.651         0
   272/299     7.81G     0.686     0.145         0      0.83         4       608     0.823     0.711     0.772     0.763      3.26     0.652         0
   273/299     7.81G     0.727     0.149         0     0.875        15       608     0.821     0.705     0.773     0.759      3.25      0.65         0
   274/299     7.81G     0.719     0.146         0     0.865        14       608     0.821     0.702     0.778     0.757      3.24     0.648         0
   275/299     7.81G     0.696      0.13         0     0.826         7       608     0.816       0.7     0.775     0.754      3.22     0.647         0
   276/299     7.81G     0.647     0.143         0     0.791        17       608     0.813     0.707     0.771     0.756       3.2     0.644         0
   277/299     7.81G     0.695     0.146         0     0.841        16       608     0.819     0.716     0.771     0.764       3.2     0.641         0
   278/299     7.81G     0.693     0.133         0     0.826         4       608     0.818     0.705     0.767     0.757       3.2     0.641         0
   279/299     7.81G     0.687     0.134         0     0.821        19       608     0.823     0.709     0.767     0.762       3.2     0.641         0
   280/299     7.81G     0.717     0.134         0      0.85        11       608     0.818       0.7      0.77     0.754      3.22     0.645         0
   281/299     7.81G     0.699     0.138         0     0.837         2       608     0.819       0.7      0.77     0.755      3.23     0.646         0
   282/299     7.81G     0.689     0.148         0     0.837        11       608     0.814       0.7     0.768     0.753      3.21     0.645         0
   283/299     7.81G     0.675     0.134         0     0.808        19       608     0.817     0.705     0.777     0.757      3.23     0.645         0
   284/299     7.81G     0.702     0.144         0     0.846         5       608     0.822     0.728     0.781     0.772      3.21     0.644         0
   285/299     7.81G     0.731     0.141         0     0.873        11       608     0.811     0.723     0.773     0.764      3.21     0.644         0
   286/299     7.81G     0.648     0.137         0     0.785        21       608     0.823     0.709     0.777     0.761      3.22     0.647         0
   287/299     7.81G     0.681     0.149         0     0.829         9       608     0.816     0.699     0.774     0.753      3.23     0.649         0
   288/299     7.81G     0.698     0.131         0     0.829        12       608     0.819     0.721     0.774     0.767      3.22     0.647         0
   289/299     7.81G     0.717     0.162         0     0.878        19       608     0.817     0.707     0.774     0.758      3.23      0.65         0
   290/299     7.81G     0.676     0.121         0     0.797         4       608     0.817     0.705     0.776     0.757      3.23     0.651         0
   291/299     7.81G     0.713     0.168         0     0.881        19       608     0.824     0.713     0.776     0.765      3.25     0.651         0
   292/299     7.81G     0.689      0.14         0     0.829        19       608     0.825     0.716      0.78     0.767      3.25     0.653         0
   293/299     7.81G     0.705     0.164         0     0.869         4       608      0.82     0.716     0.776     0.764      3.24     0.652         0
   294/299     7.81G     0.677     0.131         0     0.808        14       608     0.821     0.705     0.776     0.759      3.24     0.649         0
   295/299     7.81G     0.713     0.149         0     0.862        19       608     0.818      0.71     0.776      0.76      3.25     0.649         0
   296/299     7.81G      0.66      0.14         0     0.801         5       608      0.82     0.718     0.776     0.766      3.23     0.646         0
   297/299     7.81G     0.648     0.129         0     0.777        14       608     0.814     0.721     0.776     0.765      3.22     0.645         0
   298/299     7.81G     0.664      0.14         0     0.804        13       608     0.811     0.726     0.771     0.766      3.22     0.644         0
   299/299     7.81G     0.614     0.123         0     0.737         2       608     0.817     0.721      0.77     0.766      3.23     0.645         0
