[          1]
[          1]
[          1]
[          1]
[          1]
[          1]
[          1]
[          1]
[          1]
[          1]
[          1]
[          1]
[          1]
[          1]
[          1]
[          1]
[          1]
[          1]
[          1]
[          1]
[          1]
[          1]
[          1]
[          1]
[          1]
[          1]
[          1]
[          1]
[          1]
[          1]
[          1]
[          1]
[          1]
[          1]
[          1]
[          1]
[          1]
[          1]
[          1]
[          1]
[          1]
[          1]
[          1]
[          1]
[          1]
[          1]
[          1]
[          1]
[          1]
[          1]
[          1]
[          1]
[          1]
[          1]
[          1]
[          1]
[          1]
[          1]
[          1]
[          1]
[          1]
[          1]
[          1]
[          1]
[          1]
[          1]
[          1]
[          1]
[          1]
[          1]
[          1]
[          1]
[          1]
[          1]
[          1]
[          1]
[          1]
[          1]
[          1]
[          1]
[          1]
[          1]
[          1]
[          1]
[          1]
[          1]
[          1]
[          1]
[          1]
[          1]
[          1]
[          1]
[          1]
[    0.98936]
[    0.98947]
[    0.98958]
[    0.98969]
[     0.9898]
[     0.9899]
[       0.99]
[     0.9901]
[     0.9902]
[    0.99029]
[    0.99038]
[    0.99048]
[    0.99057]
[    0.98131]
[    0.98148]
[    0.98165]
[    0.98182]
[    0.98198]
[    0.98214]
[     0.9823]
[    0.98246]
[    0.98261]
[    0.98276]
[    0.98291]
[    0.98305]
[    0.98319]
[    0.98333]
[    0.98347]
[    0.98361]
[    0.98374]
[    0.98387]
[      0.984]
[    0.98413]
[    0.98425]
[    0.98438]
[     0.9845]
[    0.98462]
[    0.98473]
[    0.98485]
[    0.98496]
[    0.98507]
[    0.98519]
[    0.98529]
[     0.9854]
[    0.98551]
[    0.98561]
[    0.98571]
[    0.98582]
[    0.98592]
[    0.98601]
[    0.98611]
[    0.98621]
[     0.9863]
[    0.98639]
[    0.98649]
[    0.98658]
[    0.98667]
[    0.98013]
[    0.98026]
[    0.98039]
[    0.98052]
[    0.98065]
[    0.98077]
[    0.98089]
[    0.98101]
[    0.98113]
[    0.98125]
[    0.98137]
[    0.98148]
[     0.9816]
[    0.98171]
[    0.98182]
[    0.98193]
[    0.98204]
[    0.98214]
[    0.98225]
[    0.98235]
[    0.97661]
[    0.97674]
[    0.97688]
[    0.97701]
[    0.97714]
[    0.97727]
[    0.97175]
[    0.97191]
[    0.97207]
[    0.97222]
[    0.97238]
[    0.96703]
[    0.96721]
[    0.96739]
[    0.96757]
[    0.96774]
[    0.96791]
[    0.96809]
[    0.96825]
[    0.96842]
[    0.96335]
[    0.96354]
[    0.96373]
[    0.96392]
[    0.95897]
[    0.95918]
[    0.95939]
[    0.95455]
[    0.95477]
[       0.95]
[    0.95025]
[    0.94554]
[    0.94581]
[    0.94608]
[    0.94634]
[     0.9466]
[    0.94686]
[    0.94712]
[    0.94737]
[    0.94762]
[    0.94787]
[    0.94811]
[    0.94366]
[    0.93925]
[    0.93953]
[    0.93519]
[    0.93548]
[    0.93119]
[    0.93151]
[    0.93182]
[    0.93213]
[    0.92793]
[    0.92825]
[    0.92857]
[    0.92889]
[     0.9292]
[    0.92952]
[    0.92982]
[    0.93013]
[    0.92609]
[    0.92641]
[    0.92241]
[    0.92275]
[    0.92308]
[    0.91915]
[    0.91525]
[    0.91561]
[    0.91597]
[    0.91213]
[     0.9125]
[    0.91286]
[    0.91322]
[    0.91358]
[    0.90984]
[     0.9102]
[     0.9065]
[    0.90688]
[    0.90726]
[    0.90361]
[      0.904]
[     0.9004]
[    0.89683]
[    0.89723]
[     0.8937]
[     0.8902]
[    0.89062]
[    0.88716]
[    0.88372]
[    0.88031]
[    0.87692]
[    0.87739]
[    0.87786]
[    0.87452]
[      0.875]
[     0.8717]
[    0.86842]
[    0.86891]
[    0.86567]
[    0.86617]
[    0.86296]
[    0.86347]
[    0.86029]
[    0.85714]
[    0.85766]
[    0.85455]
[    0.85507]
[    0.85199]
[    0.84892]
[    0.84946]
[    0.84643]
[    0.84342]
[    0.84397]
[    0.84452]
[    0.84155]
[     0.8386]
[    0.83566]
[    0.83275]
[    0.82986]
[    0.83045]
[    0.83103]
[    0.82818]
[    0.82877]
[    0.82594]
[    0.82313]
[    0.82034]
[    0.81757]
[    0.81481]
[    0.81208]
[    0.80936]
[    0.80667]
[    0.80731]
[    0.80464]
[    0.80528]
[    0.80263]
[        0.8]
[    0.79739]
[    0.79479]
[    0.79221]
[    0.78964]
[     0.7871]
[    0.78457]
[    0.78205]
[    0.77955]
[    0.77707]
[     0.7746]
[    0.77215]
[    0.76972]
[     0.7673]
[    0.76803]
[    0.76562]
[    0.76324]
[    0.76087]
[    0.75851]
[    0.75617]
[    0.75385]
[     0.7546]
[    0.75229]
[       0.75]
[    0.74772]
[    0.74545]
[    0.74622]
[    0.74398]
[    0.74174]
[    0.73952]
[    0.73731]
[     0.7381]
[    0.73591]
[    0.73373]
[    0.73156]
[    0.73235]
[    0.73021]
[    0.72807]
[    0.72595]
[    0.72384]
[    0.72174]
[    0.71965]
[    0.71758]
[    0.71552]
[    0.71347]
[    0.71143]
[     0.7094]
[    0.70739]
[    0.70538]
[    0.70621]
[    0.70423]
[    0.70225]
[    0.70028]
[    0.69832]
[    0.69638]
[    0.69444]
[    0.69252]
[    0.69061]
[    0.68871]
[    0.68956]
[    0.68767]
[    0.68579]
[    0.68665]
[    0.68478]
[    0.68293]
[    0.68108]
[    0.67925]
[    0.67742]
[     0.6756]
[    0.67647]
[    0.67467]
[    0.67287]
[    0.67109]
[    0.66931]
[    0.66755]
[    0.66579]
[    0.66404]
[     0.6623]
[    0.66057]
[    0.65885]
[    0.65714]
[    0.65544]
[    0.65375]
[    0.65206]
[    0.65039]
[    0.64872]
[    0.64706]
[    0.64541]
[    0.64377]
[    0.64213]
[    0.64051]
[    0.63889]
[    0.63728]
[    0.63568]
[    0.63409]
[     0.6325]
[    0.63092]
[    0.62935]
[    0.62779]
[    0.62624]
[    0.62469]
[    0.62315]
[    0.62162]
[     0.6201]
[    0.61858]
[    0.61707]
[    0.61557]
[    0.61408]
[    0.61259]
[    0.61111]
[    0.60964]
[    0.60817]
[    0.60671]
[    0.60526]
[    0.60382]
[    0.60476]
[    0.60333]
[     0.6019]
[    0.60047]
[    0.59906]
[    0.59765]
[    0.59624]
[    0.59485]
[    0.59346]
[    0.59207]
[     0.5907]
[    0.58933]
[    0.58796]
[    0.58661]
[    0.58525]
[    0.58391]
[    0.58257]
[    0.58124]
[    0.57991]
[    0.57859]
[    0.57727]
[    0.57596]
[    0.57466]
[    0.57336]
[    0.57207]
[    0.57079]
[    0.56951]
[    0.56823]
[    0.56696]
[     0.5657]
[    0.56444]
[    0.56319]
[    0.56195]
[    0.56071]
[    0.55947]
[    0.55824]
[    0.55702]
[     0.5558]
[    0.55459]
[    0.55338]
[    0.55217]
[    0.55098]
[    0.54978]
[     0.5486]
[    0.54741]
[    0.54624]
[    0.54506]
[     0.5439]
[    0.54274]
[    0.54158]
[    0.54043]
[    0.53928]
[    0.53814]
[      0.537]
[    0.53586]
[    0.53474]
[    0.53361]
[    0.53249]
[    0.53138]
[    0.53027]
[    0.52917]
[    0.52807]
[    0.52697]
[    0.52588]
[    0.52479]
[    0.52371]
[    0.52263]
[    0.52156]
[    0.52049]
[    0.51943]
[    0.51837]
[    0.51731]
[    0.51626]
[    0.51521]
[    0.51417]
[    0.51313]
[     0.5121]
[    0.51107]
[    0.51004]
[    0.50902]
[      0.508]
[    0.50699]
[    0.50598]
[    0.50497]
[    0.50397]
[    0.50297]
[    0.50198]
[    0.50099]
[        0.5]
[    0.49902]
[    0.49804]
[    0.49706]
[    0.49609]
[    0.49513]
[    0.49416]
[     0.4932]
[    0.49225]
[     0.4913]
[    0.49035]
[     0.4894]
[    0.48846]
[    0.48752]
[    0.48659]
[    0.48566]
[    0.48473]
[    0.48381]
[    0.48289]
[    0.48197]
[    0.48106]
[    0.48015]
[    0.47925]
[    0.47834]
[    0.47744]
[    0.47655]
[    0.47566]
[    0.47477]
[    0.47388]
[      0.473]
[    0.47212]
[    0.47124]
[    0.47037]
[     0.4695]
[    0.46863]
[    0.46777]
[    0.46691]
[    0.46606]
[     0.4652]
[    0.46435]
[     0.4635]
[    0.46266]
[    0.46182]
[    0.46098]
[    0.46014]
[    0.45931]
[    0.45848]
[    0.45766]
[    0.45683]
[    0.45601]
[     0.4552]
[    0.45438]
[    0.45357]
[    0.45276]
[    0.45196]
[    0.45115]
[    0.45035]
[    0.44956]
[    0.44876]
[    0.44797]
[    0.44718]
[     0.4464]
[    0.44561]
[    0.44483]
[    0.44406]
[    0.44328]
[    0.44251]
[    0.44174]
[    0.44097]
[    0.44021]
[    0.43945]
[    0.43869]
[    0.43793]
[    0.43718]
[    0.43643]
[    0.43568]
[    0.43493]
[    0.43419]
[    0.43345]
[    0.43271]
[    0.43197]
[    0.43124]
[     0.4322]
[    0.43147]
[    0.43074]
[    0.43002]
[    0.42929]
[    0.42857]
[    0.42785]
[    0.42714]
[    0.42642]
[    0.42571]
[      0.425]
[    0.42429]
[    0.42359]
[    0.42289]
[    0.42219]
[    0.42149]
[    0.42079]
[     0.4201]
[    0.41941]
[    0.41872]
[    0.41803]
[    0.41735]
[    0.41667]
[    0.41599]
[    0.41531]
[    0.41463]
[    0.41396]
[    0.41329]
[    0.41262]
[    0.41195]
[    0.41129]
[    0.41063]
[    0.40997]
[    0.40931]
[    0.40865]
[      0.408]
[    0.40735]
[     0.4067]
[    0.40605]
[    0.40541]
[    0.40476]
[    0.40412]
[    0.40348]
[    0.40284]
[    0.40221]
[    0.40157]
[    0.40094]
[    0.40031]
[    0.39969]
[    0.39906]
[    0.39844]
[    0.39782]
[     0.3972]
[    0.39658]
[    0.39596]
[    0.39535]
[    0.39474]
[    0.39413]
[    0.39352]
[    0.39291]
[    0.39231]
[    0.39171]
[     0.3911]
[    0.39051]
[    0.38991]
[    0.38931]
[    0.38872]
[    0.38813]
[    0.38754]
[    0.38847]
[    0.38788]
[    0.38729]
[    0.38671]
[    0.38612]
[    0.38554]
[    0.38496]
[    0.38438]
[    0.38381]
[    0.38323]
[    0.38266]
[    0.38209]
[    0.38152]
[    0.38095]
[    0.38039]
[    0.37982]
[    0.37926]
[     0.3787]
[    0.37814]
[    0.37758]
[    0.37703]
[    0.37647]
[    0.37592]
[    0.37537]
[    0.37482]
[    0.37427]
[    0.37372]
[    0.37318]
[    0.37263]
[    0.37209]
[    0.37155]
[    0.37101]
[    0.37048]
[    0.36994]
[    0.36941]
[    0.36888]
[    0.36835]
[    0.36782]
[    0.36729]
[    0.36676]
[    0.36624]
[    0.36571]
[    0.36519]
[    0.36467]
[    0.36415]
[    0.36364]
[    0.36312]
[    0.36261]
[    0.36209]
[    0.36158]
[    0.36107]
[    0.36056]
[    0.36006]
[    0.35955]
[    0.35905]
[    0.35854]
[    0.35804]
[    0.35754]
[    0.35704]
[    0.35655]
[    0.35605]
[    0.35556]
[    0.35506]
[    0.35457]
[    0.35408]
[    0.35359]
[     0.3531]
[    0.35262]
[    0.35213]
[    0.35165]
[    0.35117]
[    0.35068]
[    0.35021]
[    0.34973]
[    0.34925]
[    0.34877]
[     0.3483]
[    0.34783]
[    0.34735]
[    0.34688]
[    0.34641]
[    0.34595]
[    0.34548]
[    0.34501]
[    0.34455]
[    0.34409]
[    0.34362]
[    0.34316]
[     0.3427]
[    0.34225]
[    0.34179]
[    0.34133]
[    0.34088]
[    0.34043]
[    0.33997]
[    0.33952]
[    0.33907]
[    0.33862]
[    0.33818]
[    0.33773]
[    0.33729]
[    0.33684]
[     0.3364]
[    0.33596]
[    0.33552]
[    0.33508]
[    0.33464]
[     0.3342]
[    0.33377]
[    0.33333]
[     0.3329]
[    0.33247]
[    0.33204]
[    0.33161]
[    0.33118]
[    0.33075]
[    0.33032]
[     0.3299]
[    0.32947]
[    0.32905]
[    0.32863]
[    0.32821]
[    0.32778]
[    0.32737]
[    0.32695]
[    0.32653]
[    0.32611]
[     0.3257]
[    0.32529]
[    0.32487]
[    0.32446]
[    0.32405]
[    0.32364]
[    0.32323]
[    0.32282]
[    0.32242]
[    0.32201]
[    0.32161]
[     0.3212]
[     0.3208]
[     0.3204]
[       0.32]
[     0.3196]
[     0.3192]
[     0.3188]
[    0.31841]
[    0.31801]
[    0.31762]
[    0.31722]
[    0.31683]
[    0.31644]
[    0.31605]
[    0.31566]
[    0.31527]
[    0.31488]
[     0.3145]
[    0.31411]
[    0.31373]
[    0.31334]
[    0.31296]
[    0.31258]
[     0.3122]
[    0.31181]
[    0.31144]
[    0.31106]
[    0.31068]
[     0.3103]
[    0.30993]
[    0.30955]
[    0.30918]
[    0.30881]
[    0.30843]
[    0.30806]
[    0.30769]
[    0.30732]
[    0.30695]
[    0.30659]
[    0.30622]
[    0.30585]
[    0.30549]
[    0.30513]
[    0.30476]
[     0.3044]
[    0.30404]
[    0.30368]
[    0.30332]
[    0.30296]
[     0.3026]
[    0.30224]
[    0.30189]
[    0.30153]
[    0.30118]
[    0.30082]
[    0.30047]
[    0.30012]
[    0.29977]
[    0.29942]
[    0.29907]
[    0.29872]
[    0.29837]
[    0.29802]
[    0.29767]
[    0.29733]
[    0.29698]
[    0.29664]
[     0.2963]
[    0.29595]
[    0.29561]
[    0.29527]
[    0.29493]
[    0.29459]
[    0.29425]
[    0.29392]
[    0.29358]
[    0.29324]
[    0.29291]
[    0.29257]
[    0.29224]
[     0.2919]
[    0.29157]
[    0.29124]
[    0.29091]
[    0.29058]
[    0.29025]
[    0.28992]
[    0.28959]
[    0.28927]
[    0.28894]
[    0.28861]
[    0.28829]
[    0.28796]
[    0.28764]
[    0.28732]
[      0.287]
[    0.28667]
[    0.28635]
[    0.28603]
[    0.28571]
[     0.2854]
[    0.28508]
[    0.28476]
[    0.28444]
[    0.28413]
[    0.28381]
[     0.2835]
[    0.28319]
[    0.28287]
[    0.28256]
[    0.28225]
[    0.28194]
[    0.28163]
[    0.28132]
[    0.28101]
[     0.2807]
[    0.28039]
[    0.28009]
[    0.27978]
[    0.27948]
[    0.27917]
[    0.27887]
[    0.27856]
[    0.27826]
[    0.27796]
[    0.27766]
[    0.27736]
[    0.27706]
[    0.27676]
[    0.27646]
[    0.27616]
[    0.27586]
[    0.27557]
[    0.27527]
[    0.27497]
[    0.27468]
[    0.27438]
[    0.27409]
[     0.2738]
[     0.2735]
[    0.27321]
[    0.27292]
[    0.27263]
[    0.27234]
[    0.27205]
[    0.27176]
[    0.27147]
[    0.27119]
[     0.2709]
[    0.27061]
[    0.27033]
[    0.27004]
[    0.26976]
[    0.26947]
[    0.26919]
[    0.26891]
[    0.26863]
[    0.26834]
[    0.26806]
[    0.26778]
[     0.2675]
[    0.26722]
[    0.26694]
[    0.26667]
[    0.26639]
[    0.26611]
[    0.26584]
[    0.26556]
[    0.26528]
[    0.26501]
[    0.26474]
[    0.26446]
[    0.26419]
[    0.26392]
[    0.26365]
[    0.26337]
[     0.2631]
[    0.26283]
[    0.26256]
[     0.2623]
[    0.26203]
[    0.26176]
[    0.26149]
[    0.26122]
[    0.26096]
[    0.26069]
[    0.26043]
[    0.26016]
[     0.2599]
[    0.25963]
[    0.25937]
[    0.25911]
[    0.25885]
[    0.25859]
[    0.25832]
[    0.25806]
[     0.2578]
[    0.25755]
[    0.25729]
[    0.25703]
[    0.25677]
[    0.25651]
[    0.25626]
[      0.256]
[    0.25574]
[    0.25549]
[    0.25523]
[    0.25498]
[    0.25473]
[    0.25447]
[    0.25422]
[    0.25397]
[    0.25372]
[    0.25347]
[    0.25321]
[    0.25296]
[    0.25271]
[    0.25247]
[    0.25222]
[    0.25197]
[    0.25172]
[    0.25147]
[    0.25123]
[    0.25098]
[    0.25073]
[    0.25049]
[    0.25024]
[       0.25]
[    0.24976]
[    0.24951]
[    0.24927]
[    0.24903]
[    0.24879]
[    0.24854]
[     0.2483]
[    0.24806]
[    0.24782]
[    0.24758]
[    0.24734]
[     0.2471]
[    0.24687]
[    0.24663]
[    0.24639]
[    0.24615]
[    0.24592]
[    0.24568]
[    0.24545]
[    0.24521]
[    0.24498]
[    0.24474]
[    0.24451]
[    0.24427]
[      0.245]
[    0.24476]
[    0.24453]
[     0.2443]
[    0.24406]
[    0.24383]
[     0.2436]
[    0.24337]
[    0.24314]
[    0.24291]
[    0.24268]
[    0.24245]
[    0.24222]
[      0.242]
[    0.24177]
[    0.24154]
[    0.24131]
[    0.24109]
[    0.24086]
[    0.24064]
