     0/299     7.81G      7.82      31.6         0      39.4        12       608         0         0    0.0104         0         7      3.78         0
     1/299     7.81G      5.86      2.12         0      7.98        14       608         0         0    0.0064         0      6.03      3.82         0
     2/299     7.81G      5.08       1.8         0      6.88         5       608         0         0   0.00238         0      5.78      3.37         0
     3/299     7.81G      4.49       1.6         0      6.09        13       608         0         0    0.0592         0      5.07      2.65         0
     4/299     7.81G      4.63       1.3         0      5.94        14       608         0         0    0.0197         0      4.89      3.32         0
     5/299     7.81G       4.1      1.31         0      5.42         6       608         0         0    0.0177         0      4.59      3.67         0
     6/299     7.81G      4.14      1.06         0       5.2        11       608         0         0    0.0292         0      4.43      3.19         0
     7/299     7.81G      4.37     0.901         0      5.27        10       608         0         0    0.0516         0      5.01       2.3         0
     8/299     7.81G      3.84      0.93         0      4.77         5       608         0         0    0.0329         0      4.49      4.42         0
     9/299     7.81G      3.79     0.871         0      4.66        10       608      0.12    0.0144     0.288    0.0258      3.98      1.58         0
    10/299     7.81G      4.98     0.852         0      5.84        11       608         0         0      0.17         0      4.67      2.05         0
    11/299     7.81G      3.71     0.963         0      4.68         4       608         1   0.00361     0.467   0.00719      3.76      1.77         0
    12/299     7.81G       4.1     0.851         0      4.95        11       608         1   0.00361     0.343   0.00719      4.27      1.51         0
    13/299     7.81G      3.86     0.718         0      4.58        10       608     0.144   0.00361     0.221   0.00704      4.46      1.41         0
    14/299     7.81G      3.88     0.751         0      4.63         4       608         1   0.00361     0.324   0.00719      4.06      1.44         0
    15/299     7.81G       4.1     0.671         0      4.77        12       608    0.0615  0.000666     0.214   0.00132      5.53      1.32         0
    16/299     7.81G         4     0.821         0      4.82        12       608         0         0     0.188         0      4.39      1.72         0
    17/299     7.81G      3.73     0.705         0      4.44         5       608         1   0.00762     0.384    0.0151      4.34      1.33         0
    18/299     7.81G      3.88     0.691         0      4.57        14       608         1   0.00361      0.21   0.00719      5.69      1.17         0
    19/299     7.81G      3.96     0.681         0      4.64        10       608         1   0.00361     0.157   0.00719      5.03      1.89         0
    20/299     7.81G      3.43     0.802         0      4.23         4       608     0.825    0.0172     0.272    0.0336      4.56      1.48         0
    21/299     7.81G      3.53     0.738         0      4.27        12       608     0.661    0.0142     0.339    0.0277      4.45       1.5         0
    22/299     7.81G      3.48     0.672         0      4.15         9       608         1     0.005     0.341   0.00996      4.07      1.38         0
    23/299     7.81G      3.08      0.72         0       3.8         5       608         1    0.0702     0.558     0.131      3.83      1.19         0
    24/299     7.81G      3.67     0.541         0      4.21        11       608         1   0.00658     0.408    0.0131      5.08      1.45         0
    25/299     7.81G      3.01     0.663         0      3.67        14       608         1    0.0448     0.387    0.0857      5.19       1.3         0
    26/299     7.81G      3.53     0.515         0      4.04         6       608         1    0.0322     0.427    0.0625      5.84      1.37         0
    27/299     7.81G       3.1     0.716         0      3.82        10       608     0.963    0.0325     0.374    0.0629      5.51      2.32         0
    28/299     7.81G      2.98     0.607         0      3.59        10       608     0.904     0.102     0.561     0.183      4.21      1.23         0
    29/299     7.81G      2.88     0.574         0      3.46         2       608     0.832    0.0537     0.526     0.101      4.01      1.29         0
    30/299     7.81G      2.75     0.545         0      3.29        12       608     0.897     0.221     0.567     0.354      3.58      1.11         0
    31/299     7.81G      3.21     0.452         0      3.66        15       608     0.794     0.139     0.433     0.236      4.28      1.21         0
    32/299     7.81G      2.47     0.539         0      3.01         5       608     0.826     0.154     0.613     0.259      3.65       1.1         0
    33/299     7.81G      3.01      0.48         0      3.49        11       608     0.951     0.282     0.689     0.435      3.35      1.08         0
    34/299     7.81G      2.96     0.518         0      3.48        13       608     0.941     0.172      0.61     0.291      3.92      1.05         0
    35/299     7.81G      3.15       0.5         0      3.65         6       608     0.976     0.148     0.614     0.257      3.69      1.21         0
    36/299     7.81G       2.6     0.491         0      3.09        12       608      0.91     0.254     0.595     0.397      3.42      1.09         0
    37/299     7.81G      2.93     0.459         0      3.39        12       608     0.957     0.243     0.612     0.387      3.63      1.17         0
    38/299     7.81G      2.77     0.461         0      3.23         3       608      0.93    0.0954     0.221     0.173      5.07      1.37         0
    39/299     7.81G      2.78     0.463         0      3.24        10       608     0.766     0.118     0.324     0.205      4.33      1.23         0
    40/299     7.81G      2.42     0.457         0      2.87        14       608     0.892     0.372     0.531     0.525      3.86      0.99         0
    41/299     7.81G      2.65     0.394         0      3.05         4       608     0.934     0.444     0.708     0.602      3.41     0.911         0
    42/299     7.81G       2.5     0.438         0      2.94        13       608     0.934     0.357     0.753     0.517      3.25       0.9         0
    43/299     7.81G      2.62     0.421         0      3.04        14       608     0.957      0.39       0.8     0.554      3.17     0.917         0
    44/299     7.81G      2.69     0.416         0      3.11         4       608     0.967     0.425     0.831     0.591      3.09     0.892         0
    45/299     7.81G      2.53     0.446         0      2.98        14       608     0.949     0.473     0.843     0.631      3.24     0.839         0
    46/299     7.81G      2.62     0.413         0      3.03        10       608     0.947     0.451     0.829     0.611      3.19       0.9         0
    47/299     7.81G      2.46     0.385         0      2.84         3       608     0.973      0.35     0.823     0.515      2.98     0.956         0
    48/299     7.81G      2.27     0.396         0      2.67        11       608     0.939     0.503     0.772     0.655      3.07     0.885         0
    49/299     7.81G      2.41     0.383         0       2.8        10       608     0.961     0.439      0.76     0.603      3.29     0.949         0
    50/299     7.81G      2.42     0.426         0      2.85         4       608     0.982     0.392     0.744     0.561       3.1      1.04         0
    51/299     7.81G       2.3     0.377         0      2.68        13       608     0.953     0.441     0.734     0.603      3.21      1.01         0
    52/299     7.81G      2.34     0.378         0      2.71        10       608     0.895     0.246     0.614     0.386      3.64      1.15         0
    53/299     7.81G      2.09     0.367         0      2.46         3       608     0.931     0.392     0.666     0.551      3.19      1.09         0
    54/299     7.81G      2.43     0.392         0      2.82        10       608     0.883     0.437     0.673     0.585      3.33      1.03         0
    55/299     7.81G      2.44     0.381         0      2.82        11       608     0.952     0.394     0.708     0.557      3.24      1.02         0
    56/299     7.81G      2.34     0.368         0       2.7         3       608     0.969      0.34     0.739     0.503       3.2      1.06         0
    57/299     7.81G      2.16      0.39         0      2.55        10       608     0.921     0.339     0.762     0.495      3.07     0.979         0
    58/299     7.81G      2.24     0.411         0      2.65        13       608     0.945     0.434     0.743     0.595      3.14     0.896         0
    59/299     7.81G      2.14     0.365         0      2.51         4       608     0.923     0.478     0.696      0.63      3.18       0.9         0
    60/299     7.81G       2.2     0.368         0      2.56        11       608     0.935     0.414     0.698     0.574      3.25     0.978         0
    61/299     7.81G      1.98      0.35         0      2.33        12       608     0.965     0.496     0.748     0.655      3.04     0.926         0
    62/299     7.81G      2.11     0.344         0      2.45         3       608     0.949     0.539     0.765     0.688         3     0.897         0
    63/299     7.81G      1.99     0.347         0      2.34        11       608     0.955     0.534     0.782     0.685         3     0.895         0
    64/299     7.81G      2.07     0.338         0      2.41        10       608     0.946     0.573      0.83     0.713      3.04     0.882         0
    65/299     7.81G      2.02     0.389         0      2.41         6       608     0.982      0.52     0.832      0.68      2.99     0.909         0
    66/299     7.81G      2.12      0.35         0      2.47        10       608     0.992     0.472     0.816     0.639      3.01     0.938         0
    67/299     7.81G      1.97     0.331         0       2.3        10       608      0.96     0.522     0.808     0.677      3.11     0.897         0
    68/299     7.81G      2.02     0.326         0      2.35         3       608     0.953     0.509     0.827     0.664      3.12     0.898         0
    69/299     7.81G      1.91     0.305         0      2.21        10       608     0.952     0.568     0.843     0.711      3.03     0.857         0
    70/299     7.81G      1.95     0.312         0      2.27         8       608      0.98     0.544     0.828     0.699      3.07     0.848         0
    71/299     7.81G      2.01     0.351         0      2.36         5       608     0.974     0.538     0.802     0.693      2.91     0.875         0
    72/299     7.81G      1.94     0.327         0      2.27        11       608     0.957     0.565     0.821      0.71      2.92     0.879         0
    73/299     7.81G      1.82     0.348         0      2.17        12       608     0.955      0.54      0.79      0.69      2.97     0.889         0
    74/299     7.81G      1.99     0.332         0      2.32         5       608     0.964     0.572     0.812     0.718         3     0.868         0
    75/299     7.81G      1.84     0.312         0      2.16        11       608     0.909     0.576     0.792     0.705         3     0.833         0
    76/299     7.81G      1.83     0.317         0      2.14        12       608     0.969     0.523     0.778      0.68      3.01     0.935         0
    77/299     7.81G      1.76     0.323         0      2.09         7       608     0.941      0.58     0.798     0.718      2.98     0.905         0
    78/299     7.81G      1.72     0.302         0      2.03        10       608     0.937     0.592     0.783     0.726      2.89     0.885         0
    79/299     7.81G       1.7     0.319         0      2.02        11       608     0.935     0.568     0.793     0.706      2.93     0.899         0
    80/299     7.81G      1.91     0.294         0      2.21         4       608     0.955     0.545     0.791     0.694      3.04     0.909         0
    81/299     7.81G      1.84     0.318         0      2.16        11       608     0.947     0.582     0.792     0.721      3.04     0.899         0
    82/299     7.81G      1.85     0.292         0      2.14        11       608     0.921     0.591     0.791      0.72      3.24       0.9         0
    83/299     7.81G      2.01     0.285         0       2.3         4       608     0.959     0.504     0.793     0.661         3     0.947         0
    84/299     7.81G      1.65     0.327         0      1.97         9       608     0.946     0.566      0.82     0.708      2.96      0.86         0
    85/299     7.81G      1.96     0.304         0      2.26        12       608     0.888     0.617     0.796     0.728         3      0.84         0
    86/299     7.81G       1.7     0.346         0      2.05         3       608     0.902     0.565     0.781     0.695      2.96      0.87         0
    87/299     7.81G      1.73     0.287         0      2.01        12       608     0.915      0.58     0.759      0.71      3.05     0.855         0
    88/299     7.81G      1.63     0.297         0      1.92        10       608     0.919     0.575     0.754     0.708      3.05     0.881         0
    89/299     7.81G      1.85     0.277         0      2.13         1       608     0.933     0.555     0.794     0.696      3.05     0.909         0
    90/299     7.81G      1.61     0.314         0      1.92         8       608      0.95     0.585     0.859     0.724      2.85     0.879         0
    91/299     7.81G       1.8     0.279         0      2.08        10       608     0.952     0.638     0.869     0.764      2.84     0.844         0
    92/299     7.81G      1.76      0.28         0      2.04         4       608     0.932     0.544     0.859     0.687      2.93     0.928         0
    93/299     7.81G      1.54     0.289         0      1.83         6       608     0.948      0.52     0.825     0.672      2.93     0.958         0
    94/299     7.81G      1.68     0.295         0      1.97        11       608     0.953     0.508     0.803     0.662       3.2     0.962         0
    95/299     7.81G      1.63     0.289         0      1.92         3       608     0.966      0.52     0.811     0.676      3.03     0.937         0
    96/299     7.81G      1.59     0.285         0      1.88         7       608     0.918     0.645     0.834     0.758      2.81     0.824         0
    97/299     7.81G       1.7      0.27         0      1.97        13       608     0.938     0.659     0.862     0.774      3.02     0.849         0
    98/299     7.81G      1.53      0.26         0      1.79         4       608     0.938     0.708     0.862     0.807      2.81     0.832         0
    99/299     7.81G      1.53      0.28         0      1.81         9       608      0.92     0.758     0.844     0.831      2.76      0.77         0
   100/299     7.81G      1.66     0.275         0      1.93         9       608     0.901     0.757     0.851     0.823      2.82     0.776         0
   101/299     7.81G      1.59     0.271         0      1.86         3       608     0.917     0.668      0.83     0.773      2.84     0.826         0
   102/299     7.81G      1.42     0.274         0       1.7         9       608     0.912     0.598     0.822     0.722      2.87     0.893         0
   103/299     7.81G      1.51     0.257         0      1.77        14       608     0.881     0.588     0.779     0.705      2.88     0.914         0
   104/299     7.81G      1.51     0.276         0      1.79         4       608     0.849     0.609     0.756     0.709      2.94     0.903         0
   105/299     7.81G      1.47      0.33         0       1.8        13       608     0.822     0.614     0.719     0.703       3.1     0.903         0
   106/299     7.81G      1.42     0.259         0      1.68        13       608     0.779     0.632     0.709     0.698      3.17     0.904         0
   107/299     7.81G      1.53     0.266         0       1.8         3       608     0.891     0.706     0.805     0.788      2.75     0.825         0
   108/299     7.81G      1.47     0.262         0      1.73         9       608     0.931     0.679     0.829     0.785       2.8     0.809         0
   109/299     7.81G      1.49     0.266         0      1.75         8       608     0.917     0.674     0.816     0.777      2.76     0.804         0
   110/299     7.81G      1.48     0.276         0      1.76         4       608     0.906     0.661     0.809     0.764       2.9     0.808         0
   111/299     7.81G      1.53     0.261         0      1.79        12       608     0.962     0.668     0.854     0.788      2.64     0.831         0
   112/299     7.81G      1.49     0.287         0      1.78        11       608     0.948     0.664     0.868     0.781      2.63     0.844         0
   113/299     7.81G      1.51     0.267         0      1.78         5       608     0.919     0.658     0.842     0.767      2.71     0.852         0
   114/299     7.81G       1.5     0.255         0      1.75        12       608     0.924     0.659     0.855     0.769      2.65     0.856         0
   115/299     7.81G      1.51     0.259         0      1.77         7       608     0.942     0.648     0.854     0.768      2.78     0.911         0
   116/299     7.81G      1.42     0.264         0      1.68         3       608     0.956     0.626      0.84     0.756      2.76     0.919         0
   117/299     7.81G      1.37     0.256         0      1.63        14       608     0.951     0.646     0.847     0.769      2.73     0.866         0
   118/299     7.81G      1.48     0.245         0      1.72         9       608      0.94     0.677     0.865     0.787      2.71     0.844         0
   119/299     7.81G      1.44     0.261         0       1.7         4       608     0.948     0.661     0.875     0.779      2.67     0.855         0
   120/299     7.81G      1.36     0.251         0      1.61        10       608      0.94     0.653     0.864     0.771       2.6      0.85         0
   121/299     7.81G      1.41     0.293         0      1.71        13       608     0.945     0.678     0.867      0.79      2.68     0.821         0
   122/299     7.81G      1.39     0.239         0      1.63         6       608     0.927     0.686     0.849     0.789      2.65      0.81         0
   123/299     7.81G      1.34     0.255         0      1.59         9       608     0.959     0.681     0.873     0.796      2.66     0.829         0
   124/299     7.81G       1.4     0.233         0      1.63        12       608     0.966     0.707     0.894     0.816      2.63     0.818         0
   125/299     7.81G      1.39     0.237         0      1.63         3       608     0.974     0.686     0.889     0.805      2.74     0.862         0
   126/299     7.81G      1.27     0.255         0      1.53        13       608     0.956      0.69      0.86     0.801      2.79     0.834         0
   127/299     7.81G      1.35     0.215         0      1.56        11       608     0.941     0.695     0.877       0.8      2.73     0.832         0
   128/299     7.81G      1.38     0.227         0      1.61         5       608     0.945     0.679      0.86      0.79      2.77     0.846         0
   129/299     7.81G      1.35     0.241         0      1.59        12       608     0.923     0.653     0.847     0.765       2.7     0.863         0
   130/299     7.81G      1.24     0.268         0      1.51        13       608     0.921     0.675     0.855     0.779      2.78     0.855         0
   131/299     7.81G      1.22     0.242         0      1.47         3       608     0.912     0.708     0.828     0.797      2.78     0.849         0
   132/299     7.81G      1.27     0.217         0      1.48        13       608     0.927     0.683     0.825     0.787       2.8     0.873         0
   133/299     7.81G      1.21     0.229         0      1.44        10       608     0.934     0.661     0.826     0.774      2.77     0.891         0
   134/299     7.81G      1.13     0.232         0      1.37         4       608     0.944     0.667     0.828     0.781      2.74     0.895         0
   135/299     7.81G      1.23     0.227         0      1.46         9       608     0.945     0.683     0.829     0.793      2.77     0.872         0
   136/299     7.81G       1.3     0.217         0      1.52        13       608     0.948     0.653     0.846     0.773      2.72     0.897         0
   137/299     7.81G      1.23     0.242         0      1.47         5       608     0.952     0.644     0.839     0.768      2.74     0.904         0
   138/299     7.81G      1.32     0.249         0      1.57        12       608     0.961     0.625      0.83     0.757      2.69      0.93         0
   139/299     7.81G      1.27     0.214         0      1.49        13       608     0.953     0.652     0.838     0.774      2.68     0.884         0
   140/299     7.81G       1.3     0.235         0      1.54         4       608     0.943     0.652     0.832     0.771      2.71     0.875         0
   141/299     7.81G      1.29     0.221         0      1.51        12       608      0.95     0.664      0.84     0.782      2.65     0.857         0
   142/299     7.81G      1.21     0.229         0      1.44        11       608     0.973     0.641     0.849     0.773      2.62     0.865         0
   143/299     7.81G      1.23     0.221         0      1.45         5       608     0.962     0.645     0.839     0.772      2.71     0.855         0
   144/299     7.81G      1.22     0.243         0      1.46        12       608     0.949     0.668      0.84     0.784      2.67     0.859         0
   145/299     7.81G      1.16      0.23         0      1.39        13       608     0.941     0.685     0.863     0.793      2.72     0.849         0
   146/299     7.81G      1.15     0.206         0      1.36         5       608      0.94     0.676     0.868     0.786      2.66     0.852         0
   147/299     7.81G       1.2     0.205         0      1.41         7       608     0.944     0.665     0.828      0.78       2.8     0.901         0
   148/299     7.81G      1.21      0.22         0      1.43        12       608     0.946     0.661     0.821     0.778      2.77     0.914         0
   149/299     7.81G       1.1     0.221         0      1.32         2       608     0.944     0.666     0.836     0.781      2.82     0.898         0
   150/299     7.81G      1.14     0.202         0      1.34        12       608     0.941     0.664     0.853     0.779      2.69     0.892         0
   151/299     7.81G       1.1     0.224         0      1.33        11       608     0.934     0.666     0.844     0.778      2.74     0.883         0
   152/299     7.81G      1.12     0.222         0      1.34         6       608     0.944     0.734     0.883     0.826      2.59     0.808         0
   153/299     7.81G      1.08     0.197         0      1.27         9       608     0.945     0.742     0.887     0.831      2.57     0.774         0
   154/299     7.81G      1.23     0.201         0      1.43         7       608     0.922     0.724      0.85     0.811      2.72     0.809         0
   155/299     7.81G      1.13     0.202         0      1.34         4       608     0.918     0.675      0.83     0.778      2.71     0.867         0
   156/299     7.81G      1.01     0.213         0      1.22        14       608     0.915     0.675     0.827     0.777       2.7     0.889         0
   157/299     7.81G      1.04     0.218         0      1.26        10       608     0.894     0.701     0.828     0.786      2.68     0.855         0
   158/299     7.81G      1.13     0.201         0      1.33         4       608     0.904     0.718     0.835       0.8      2.69     0.837         0
   159/299     7.81G      1.05     0.189         0      1.24        11       608      0.92     0.709     0.846     0.801      2.68     0.834         0
   160/299     7.81G      1.12     0.195         0      1.32        12       608     0.965     0.688     0.858     0.803      2.68     0.862         0
   161/299     7.81G      1.03       0.2         0      1.23         4       608     0.955     0.683     0.859     0.796      2.66     0.856         0
   162/299     7.81G      1.05     0.193         0      1.24         7       608     0.954     0.674     0.853      0.79      2.68      0.86         0
   163/299     7.81G       1.1     0.196         0       1.3        11       608     0.954     0.669     0.845     0.787      2.61     0.874         0
   164/299     7.81G      1.12     0.204         0      1.32         3       608     0.958     0.657     0.838     0.779      2.69     0.881         0
   165/299     7.81G      1.11     0.195         0      1.31        12       608     0.946     0.628     0.834     0.755      2.67     0.909         0
   166/299     7.81G      1.06     0.184         0      1.25        12       608     0.945     0.622     0.855      0.75      2.71     0.928         0
   167/299     7.81G     0.954     0.205         0      1.16         4       608     0.953     0.646     0.838      0.77      2.69     0.913         0
   168/299     7.81G      1.04     0.176         0      1.21         8       608     0.945     0.688     0.859     0.796      2.67     0.888         0
   169/299     7.81G      1.02     0.178         0      1.19         7       608      0.94     0.677     0.864     0.787      2.71     0.901         0
   170/299     7.81G      1.03     0.199         0      1.23         5       608      0.94     0.657     0.845     0.773      2.72     0.934         0
   171/299     7.81G     0.927     0.195         0      1.12        10       608     0.948     0.668     0.847     0.784      2.77     0.911         0
   172/299     7.81G     0.992     0.202         0      1.19         8       608      0.94     0.697     0.848       0.8       2.7     0.866         0
   173/299     7.81G         1     0.194         0      1.19         4       608     0.934     0.718     0.852     0.812      2.71     0.857         0
   174/299     7.81G     0.916     0.174         0      1.09        13       608     0.917     0.715     0.847     0.803       2.7     0.864         0
   175/299     7.81G     0.977     0.187         0      1.16        13       608     0.931     0.727     0.851     0.816      2.71     0.855         0
   176/299     7.81G     0.916     0.202         0      1.12         4       608     0.925     0.722     0.852     0.811      2.68     0.848         0
   177/299     7.81G     0.958     0.188         0      1.15         9       608     0.915     0.729     0.848     0.811      2.67     0.832         0
   178/299     7.81G     0.922     0.189         0      1.11        13       608     0.923     0.741     0.841     0.822      2.66     0.815         0
   179/299     7.81G     0.993     0.207         0       1.2         4       608     0.922     0.729     0.855     0.814      2.61     0.817         0
   180/299     7.81G     0.899     0.177         0      1.08        13       608     0.937     0.729     0.865      0.82      2.62     0.822         0
   181/299     7.81G     0.899     0.192         0      1.09        10       608     0.911     0.729     0.843      0.81      2.63     0.815         0
   182/299     7.81G     0.879     0.177         0      1.06         3       608     0.914     0.728     0.851      0.81      2.66     0.807         0
   183/299     7.81G     0.978      0.18         0      1.16        11       608     0.934     0.719     0.845     0.813      2.69     0.829         0
   184/299     7.81G     0.883     0.179         0      1.06        10       608     0.914     0.682     0.824     0.781      2.76     0.854         0
   185/299     7.81G      0.94     0.176         0      1.12         5       608     0.915     0.657     0.806     0.765      2.77     0.865         0
   186/299     7.81G      0.93     0.185         0      1.11         9       608     0.902     0.633     0.806     0.744      2.75     0.909         0
   187/299     7.81G      0.86      0.18         0      1.04        10       608     0.903      0.67     0.825     0.769      2.71     0.907         0
   188/299     7.81G     0.887     0.193         0      1.08         6       608     0.923     0.691     0.851      0.79      2.66     0.915         0
   189/299     7.81G     0.904     0.193         0       1.1        11       608     0.933     0.693     0.847     0.796      2.62       0.9         0
   190/299     7.81G     0.904     0.181         0      1.08        11       608     0.933     0.699     0.846     0.799      2.63     0.906         0
   191/299     7.81G     0.858     0.177         0      1.04         4       608     0.933     0.706     0.859     0.804      2.61     0.902         0
   192/299     7.81G     0.794      0.19         0     0.984        12       608     0.949     0.676     0.857      0.79      2.66     0.903         0
   193/299     7.81G     0.873     0.173         0      1.05        12       608     0.954     0.673     0.855     0.789      2.65     0.906         0
   194/299     7.81G     0.803     0.156         0     0.959         3       608     0.953     0.665      0.86     0.783      2.67     0.907         0
   195/299     7.81G     0.803     0.163         0     0.966         9       608     0.954     0.664     0.843     0.783       2.7     0.897         0
   196/299     7.81G     0.799     0.166         0     0.965        17       608     0.946       0.7     0.844     0.805      2.68     0.875         0
   197/299     7.81G     0.823     0.148         0     0.971         4       608     0.934     0.708     0.856     0.805      2.65     0.862         0
   198/299     7.81G     0.798     0.159         0     0.958        10       608     0.924     0.706     0.845     0.801      2.65     0.853         0
   199/299     7.81G     0.802     0.162         0     0.964         7       608     0.925     0.714     0.857     0.806      2.62     0.853         0
   200/299     7.81G     0.812     0.167         0     0.979         3       608     0.932     0.743     0.858     0.827       2.6     0.847         0
   201/299     7.81G     0.743     0.159         0     0.901        15       608     0.933     0.753     0.872     0.833      2.55     0.849         0
   202/299     7.81G     0.716     0.164         0      0.88        13       608     0.934     0.758     0.873     0.837      2.55     0.849         0
   203/299     7.81G     0.727     0.147         0     0.874         4       608     0.928     0.747     0.866     0.828      2.53     0.839         0
   204/299     7.81G     0.756     0.152         0     0.908        10       608     0.939     0.747      0.87     0.832      2.57     0.851         0
   205/299     7.81G      0.71      0.16         0      0.87        10       608      0.94     0.739     0.863     0.828      2.56     0.858         0
   206/299     7.81G     0.781     0.153         0     0.935         2       608     0.949      0.74     0.865     0.832      2.58     0.863         0
   207/299     7.81G     0.815     0.152         0     0.967        12       608      0.94     0.729     0.857     0.821      2.62     0.867         0
   208/299     7.81G     0.767     0.151         0     0.917         9       608     0.934      0.71     0.855     0.807      2.64     0.888         0
   209/299     7.81G     0.795     0.172         0     0.967         4       608     0.927     0.688     0.845      0.79      2.68       0.9         0
   210/299     7.81G     0.784     0.168         0     0.952        11       608     0.935     0.677     0.838     0.785      2.69     0.899         0
   211/299     7.81G     0.683     0.174         0     0.857        13       608     0.921     0.676     0.837      0.78      2.68     0.884         0
   212/299     7.81G     0.726     0.159         0     0.885         4       608     0.922     0.681     0.834     0.784      2.69     0.882         0
   213/299     7.81G     0.684     0.151         0     0.835         9       608     0.915     0.663      0.83     0.769      2.72     0.884         0
   214/299     7.81G     0.722     0.154         0     0.875         9       608     0.916     0.668     0.828     0.772      2.71     0.881         0
   215/299     7.81G     0.668     0.146         0     0.814         4       608      0.93     0.671     0.829      0.78      2.69     0.893         0
   216/299     7.81G     0.693     0.149         0     0.842        12       608     0.936     0.684     0.838      0.79      2.71     0.911         0
   217/299     7.81G     0.733     0.158         0      0.89         9       608      0.93     0.682     0.842     0.787      2.69     0.913         0
   218/299     7.81G     0.701     0.162         0     0.863         4       608     0.914     0.679     0.838     0.779      2.68     0.918         0
   219/299     7.81G     0.641     0.141         0     0.782         8       608     0.921     0.682     0.846     0.784      2.67     0.915         0
   220/299     7.81G      0.71     0.157         0     0.866         8       608     0.917     0.675     0.835     0.778      2.67     0.904         0
   221/299     7.81G     0.668     0.132         0     0.801         6       608     0.917      0.68      0.83     0.781      2.67     0.897         0
   222/299     7.81G      0.69     0.142         0     0.832         9       608       0.9      0.68     0.832     0.775      2.68      0.89         0
   223/299     7.81G     0.675      0.15         0     0.825         8       608     0.916     0.667     0.842     0.772      2.67     0.889         0
   224/299     7.81G     0.698     0.151         0     0.849         5       608     0.922     0.681     0.849     0.783      2.64     0.896         0
   225/299     7.81G     0.706     0.135         0     0.841        11       608     0.927     0.689     0.856      0.79      2.61     0.896         0
   226/299     7.81G     0.648     0.153         0     0.801        12       608     0.928       0.7     0.853     0.798       2.6     0.894         0
   227/299     7.81G     0.593     0.132         0     0.725         4       608     0.932     0.694     0.855     0.796      2.61     0.888         0
   228/299     7.81G      0.67     0.144         0     0.814        10       608     0.932     0.698     0.856     0.798      2.61     0.879         0
   229/299     7.81G     0.662     0.134         0     0.796        10       608     0.929     0.709     0.859     0.804       2.6      0.87         0
   230/299     7.81G     0.687     0.133         0      0.82         6       608      0.93     0.715     0.858     0.808      2.62      0.87         0
   231/299     7.81G     0.617     0.162         0     0.779        10       608     0.929     0.715     0.858     0.808      2.62     0.879         0
   232/299     7.81G     0.612     0.145         0     0.757        13       608     0.925     0.712     0.839     0.805      2.65     0.893         0
   233/299     7.81G     0.569     0.117         0     0.686         2       608     0.932     0.697     0.836     0.797      2.66     0.903         0
   234/299     7.81G     0.616     0.154         0      0.77        11       608     0.928     0.694     0.834     0.794      2.66     0.908         0
   235/299     7.81G     0.616     0.131         0     0.747        11       608     0.928     0.697      0.83     0.796      2.65     0.917         0
   236/299     7.81G     0.681     0.133         0     0.815         4       608      0.93       0.7     0.834     0.799      2.66     0.918         0
   237/299     7.81G       0.6      0.13         0      0.73        13       608     0.928     0.697      0.84     0.796      2.65     0.916         0
   238/299     7.81G     0.583     0.136         0      0.72        12       608     0.929      0.71      0.84     0.805      2.66     0.906         0
   239/299     7.81G     0.539     0.132         0     0.671         4       608     0.925     0.712      0.84     0.804      2.66     0.901         0
   240/299     7.81G     0.607     0.126         0     0.733        11       608     0.922     0.726     0.843     0.812      2.64     0.899         0
   241/299     7.81G      0.53     0.129         0     0.659        13       608     0.913     0.722     0.839     0.806      2.64     0.906         0
   242/299     7.81G     0.593     0.126         0     0.719         3       608     0.919     0.729     0.837     0.813      2.64     0.909         0
   243/299     7.81G     0.639     0.132         0     0.771        12       608     0.917     0.722     0.834     0.808      2.65     0.908         0
   244/299     7.81G     0.611     0.137         0     0.748         9       608     0.922     0.722     0.837      0.81      2.64       0.9         0
   245/299     7.81G     0.562     0.128         0      0.69         3       608     0.935     0.727     0.839     0.818      2.63     0.898         0
   246/299     7.81G      0.63     0.131         0     0.761        10       608     0.935     0.732     0.839     0.822      2.63     0.899         0
   247/299     7.81G     0.554     0.135         0     0.689        11       608     0.931     0.726     0.834     0.816      2.64     0.907         0
   248/299     7.81G     0.556     0.115         0     0.671         3       608     0.922       0.7     0.831     0.796      2.67     0.916         0
   249/299     7.81G     0.576      0.15         0     0.727        11       608     0.921     0.693     0.829     0.791      2.67     0.919         0
   250/299     7.81G     0.564     0.114         0     0.677         8       608     0.922     0.683     0.828     0.785      2.68     0.917         0
   251/299     7.81G     0.564     0.119         0     0.683         2       608     0.923     0.695      0.83     0.793      2.68     0.917         0
   252/299     7.81G     0.577     0.128         0     0.706         9       608     0.923     0.697      0.83     0.794      2.67     0.922         0
   253/299     7.81G     0.529     0.124         0     0.652         7       608     0.924     0.699     0.828     0.796      2.66     0.922         0
   254/299     7.81G      0.56      0.13         0      0.69         5       608     0.919     0.701     0.836     0.795      2.66     0.919         0
   255/299     7.81G     0.531     0.129         0     0.659        10       608     0.932     0.708     0.837     0.804      2.67     0.918         0
   256/299     7.81G     0.543     0.121         0     0.663        11       608      0.93     0.716     0.839     0.809      2.66     0.914         0
   257/299     7.81G     0.567     0.116         0     0.682         4       608     0.925     0.718      0.84     0.809      2.66      0.91         0
   258/299     7.81G      0.53     0.129         0     0.659        11       608     0.923     0.711      0.84     0.803      2.66     0.906         0
   259/299     7.81G     0.578     0.124         0     0.702        13       608     0.925     0.722     0.842     0.811      2.66     0.902         0
   260/299     7.81G     0.579     0.139         0     0.717         3       608      0.93     0.725     0.843     0.815      2.65     0.901         0
   261/299     7.81G     0.537     0.121         0     0.659         9       608     0.935     0.728      0.85     0.819      2.65     0.901         0
   262/299     7.81G     0.568     0.129         0     0.697        11       608      0.94     0.738     0.858     0.827      2.64       0.9         0
   263/299     7.81G     0.527     0.139         0     0.666         3       608     0.939     0.725     0.856     0.818      2.63     0.899         0
   264/299     7.81G     0.545     0.117         0     0.662        11       608      0.93     0.725     0.856     0.815      2.63     0.896         0
   265/299     7.81G     0.515     0.123         0     0.638         8       608     0.931     0.729     0.853     0.817      2.63     0.897         0
   266/299     7.81G     0.527     0.121         0     0.648         3       608     0.935     0.727     0.855     0.818      2.64     0.895         0
   267/299     7.81G     0.527     0.127         0     0.654        15       608     0.926     0.725      0.84     0.813      2.65     0.896         0
   268/299     7.81G     0.502     0.111         0     0.614        11       608     0.918     0.726      0.84     0.811      2.66     0.893         0
   269/299     7.81G     0.566     0.126         0     0.692         6       608     0.918     0.723     0.839     0.809      2.65     0.891         0
   270/299     7.81G     0.507      0.12         0     0.627        13       608      0.92     0.718      0.84     0.807      2.65     0.895         0
   271/299     7.81G     0.506     0.123         0     0.629        11       608     0.926     0.718     0.843     0.809      2.65     0.897         0
   272/299     7.81G     0.552     0.143         0     0.694         5       608     0.929     0.711     0.842     0.806      2.64     0.903         0
   273/299     7.81G     0.499     0.106         0     0.606        11       608     0.921     0.718     0.843     0.807      2.64     0.901         0
   274/299     7.81G     0.491     0.114         0     0.605        10       608     0.923     0.711     0.843     0.803      2.64     0.907         0
   275/299     7.81G     0.537     0.104         0     0.641         5       608     0.921     0.717     0.843     0.806      2.64     0.906         0
   276/299     7.81G      0.52     0.119         0     0.639        15       608     0.934     0.712     0.845     0.808      2.64     0.908         0
   277/299     7.81G     0.574     0.127         0     0.701         8       608     0.934     0.715     0.847      0.81      2.63     0.904         0
   278/299     7.81G      0.51     0.119         0     0.629         3       608     0.933     0.708      0.85     0.805      2.63     0.903         0
   279/299     7.81G     0.477     0.102         0     0.579         8       608     0.932     0.696     0.853     0.797      2.63     0.907         0
   280/299     7.81G     0.504     0.105         0     0.609        12       608     0.942     0.704     0.854     0.806      2.63     0.906         0
   281/299     7.81G     0.474     0.112         0     0.586         3       608     0.939     0.704     0.854     0.805      2.63     0.908         0
   282/299     7.81G     0.503     0.118         0     0.621         9       608     0.938     0.708      0.85     0.807      2.64     0.906         0
   283/299     7.81G     0.543     0.121         0     0.664        10       608     0.938     0.706     0.852     0.806      2.64     0.905         0
   284/299     7.81G     0.504     0.117         0     0.622         5       608     0.928     0.702     0.841       0.8      2.65     0.905         0
   285/299     7.81G     0.561     0.121         0     0.682         7       608     0.933     0.706     0.844     0.804      2.65     0.904         0
   286/299     7.81G     0.537     0.107         0     0.645         7       608     0.933     0.709     0.846     0.806      2.65     0.902         0
   287/299     7.81G     0.533     0.118         0     0.651         4       608     0.931     0.711     0.846     0.806      2.65     0.898         0
   288/299     7.81G     0.479     0.111         0      0.59        11       608     0.935     0.729     0.853     0.819      2.65     0.894         0
   289/299     7.81G     0.498     0.117         0     0.614        13       608     0.935     0.726     0.851     0.817      2.64     0.895         0
   290/299     7.81G     0.547     0.146         0     0.694         6       608      0.93     0.721      0.85     0.812      2.65     0.896         0
   291/299     7.81G     0.493     0.106         0     0.598         7       608      0.93     0.723     0.852     0.813      2.64     0.893         0
   292/299     7.81G     0.497     0.112         0      0.61        11       608     0.927      0.73     0.857     0.816      2.63     0.893         0
   293/299     7.81G     0.499     0.109         0     0.608         5       608      0.93     0.724      0.86     0.815      2.62     0.891         0
   294/299     7.81G     0.486     0.116         0     0.602        15       608     0.934     0.716     0.864     0.811      2.62     0.897         0
   295/299     7.81G     0.469     0.113         0     0.582         7       608     0.934     0.717     0.864     0.811      2.62     0.899         0
   296/299     7.81G     0.484     0.102         0     0.586         2       608     0.925     0.715     0.871     0.806      2.62       0.9         0
   297/299     7.81G     0.492     0.109         0     0.601        14       608     0.921     0.722     0.872      0.81      2.61       0.9         0
   298/299     7.81G     0.476     0.112         0     0.588        13       608     0.926     0.722     0.872     0.811      2.61       0.9         0
   299/299     7.81G     0.504     0.108         0     0.612         4       608     0.926     0.718     0.871     0.809      2.61     0.902         0
