[          1]
[          1]
[          1]
[          1]
[          1]
[          1]
[          1]
[          1]
[          1]
[          1]
[          1]
[          1]
[          1]
[          1]
[          1]
[          1]
[          1]
[          1]
[          1]
[          1]
[          1]
[          1]
[          1]
[          1]
[          1]
[          1]
[          1]
[          1]
[          1]
[          1]
[          1]
[          1]
[          1]
[          1]
[          1]
[          1]
[          1]
[          1]
[          1]
[          1]
[          1]
[          1]
[          1]
[          1]
[          1]
[          1]
[          1]
[          1]
[          1]
[          1]
[          1]
[          1]
[          1]
[          1]
[          1]
[          1]
[          1]
[          1]
[          1]
[    0.98333]
[    0.98361]
[    0.98387]
[    0.98413]
[    0.98438]
[    0.98462]
[    0.98485]
[    0.97015]
[    0.95588]
[    0.95652]
[    0.95714]
[    0.95775]
[    0.95833]
[     0.9589]
[    0.95946]
[       0.96]
[    0.96053]
[    0.96104]
[    0.96154]
[    0.96203]
[     0.9625]
[    0.96296]
[    0.96341]
[    0.96386]
[    0.96429]
[    0.96471]
[    0.96512]
[    0.96552]
[    0.96591]
[    0.96629]
[    0.96667]
[    0.96703]
[    0.96739]
[    0.95699]
[    0.95745]
[    0.95789]
[    0.94792]
[    0.94845]
[    0.93878]
[    0.92929]
[       0.92]
[    0.92079]
[    0.91176]
[    0.91262]
[    0.90385]
[    0.90476]
[    0.89623]
[     0.8972]
[    0.89815]
[    0.88991]
[    0.89091]
[    0.88288]
[      0.875]
[    0.87611]
[    0.86842]
[    0.86087]
[    0.85345]
[     0.8547]
[    0.84746]
[    0.84034]
[    0.83333]
[    0.82645]
[    0.81967]
[    0.81301]
[    0.80645]
[        0.8]
[    0.79365]
[     0.7874]
[    0.78125]
[    0.77519]
[    0.76923]
[    0.76336]
[    0.75758]
[    0.75188]
[    0.74627]
[    0.74074]
[    0.73529]
[    0.72993]
[    0.72464]
[    0.71942]
[    0.71429]
[    0.70922]
[    0.70423]
[     0.6993]
[    0.69444]
[    0.68966]
[    0.68493]
[    0.68027]
[    0.67568]
[    0.67114]
[    0.66667]
[    0.66225]
[    0.65789]
[    0.65359]
[    0.64935]
[    0.64516]
[    0.64103]
[    0.63694]
[    0.63291]
[    0.62893]
[      0.625]
[    0.62112]
[    0.61728]
[     0.6135]
[    0.60976]
[    0.60606]
[    0.60241]
[     0.5988]
[    0.59524]
[    0.59172]
[    0.58824]
[     0.5848]
[     0.5814]
[    0.57803]
[    0.57471]
[    0.57143]
[    0.56818]
[    0.56497]
[     0.5618]
[    0.55866]
[    0.55556]
[    0.55801]
[    0.55495]
[    0.55191]
[    0.54891]
[    0.54595]
[    0.54301]
[    0.54011]
[    0.53723]
[    0.53439]
[    0.53158]
[     0.5288]
[    0.53125]
[     0.5285]
[    0.52577]
[    0.52308]
[    0.52041]
[    0.51777]
[    0.51515]
[    0.51256]
[       0.51]
[    0.50746]
[    0.50495]
[    0.50246]
[        0.5]
[    0.49756]
[    0.49515]
[    0.49275]
[    0.49038]
[    0.48804]
[    0.48571]
[    0.48341]
[    0.48113]
[    0.47887]
[    0.47664]
[    0.47442]
[    0.47222]
[    0.47005]
[    0.46789]
[    0.46575]
[    0.46364]
[    0.46154]
[    0.45946]
[     0.4574]
[    0.45536]
[    0.45333]
[    0.45133]
[    0.44934]
[    0.44737]
[    0.44541]
[    0.44348]
[    0.44156]
[    0.43966]
[    0.43777]
[     0.4359]
[    0.43404]
[     0.4322]
[    0.43038]
[    0.42857]
[    0.42678]
[      0.425]
[    0.42324]
[    0.42149]
[    0.41975]
[    0.41803]
[    0.41633]
[    0.41463]
[    0.41296]
[    0.41129]
[    0.40964]
[      0.408]
[    0.40637]
[    0.40476]
[    0.40316]
[    0.40157]
[        0.4]
[    0.39844]
[    0.39689]
[    0.39535]
[    0.39382]
[    0.39231]
[     0.3908]
[    0.38931]
[    0.38783]
[    0.38636]
[    0.38491]
[    0.38346]
[    0.38202]
[     0.3806]
[    0.37918]
[    0.37778]
[    0.37638]
[      0.375]
[    0.37363]
[    0.37226]
[    0.37091]
[    0.36957]
[    0.36823]
[    0.36691]
[    0.36559]
[    0.36429]
[    0.36299]
[     0.3617]
[    0.36042]
[    0.35915]
[    0.35789]
[    0.35664]
[     0.3554]
[    0.35417]
[    0.35294]
[    0.35172]
[    0.35052]
[    0.34932]
[    0.34812]
[    0.34694]
[    0.34576]
[    0.34459]
[    0.34343]
[    0.34228]
[    0.34114]
[       0.34]
[    0.33887]
[    0.33775]
[    0.33663]
[    0.33553]
[    0.33443]
[    0.33333]
[    0.33225]
[    0.33117]
[     0.3301]
[    0.32903]
[    0.32797]
[    0.32692]
[    0.32588]
[    0.32484]
[    0.32381]
[    0.32278]
[    0.32177]
[    0.32075]
[    0.31975]
[    0.31875]
[    0.31776]
[    0.31677]
[    0.31579]
[    0.31481]
[    0.31385]
[    0.31288]
[    0.31193]
[    0.31098]
[    0.31003]
[    0.30909]
[    0.30816]
[    0.30723]
[    0.30631]
[    0.30539]
[    0.30448]
[    0.30357]
[    0.30267]
[    0.30178]
[    0.30088]
[        0.3]
[    0.29912]
[    0.29825]
[    0.29738]
[    0.29651]
[    0.29565]
[     0.2948]
[    0.29395]
[     0.2931]
[    0.29226]
[    0.29143]
[     0.2906]
[    0.28977]
[    0.28895]
[    0.28814]
[    0.28732]
[    0.28652]
[    0.28571]
[    0.28492]
[    0.28412]
[    0.28333]
[    0.28255]
[    0.28177]
[    0.28099]
[    0.28022]
[    0.27945]
[    0.27869]
[    0.27793]
[    0.27717]
[    0.27642]
[    0.27568]
[    0.27493]
[    0.27419]
[    0.27346]
[    0.27273]
[      0.272]
[    0.27128]
[    0.27056]
[    0.26984]
[    0.26913]
[    0.26842]
[    0.26772]
[    0.26702]
[    0.26632]
[    0.26562]
[    0.26494]
[    0.26425]
[    0.26357]
[    0.26289]
[    0.26221]
[    0.26154]
[    0.26087]
[     0.2602]
[    0.25954]
[    0.25888]
[    0.25823]
[    0.25758]
[    0.25693]
[    0.25628]
[    0.25564]
[      0.255]
[    0.25436]
[    0.25373]
[     0.2531]
[    0.25248]
[    0.25185]
[    0.25369]
[    0.25307]
[    0.25245]
[    0.25183]
[    0.25122]
[    0.25061]
[       0.25]
[    0.24939]
[    0.24879]
[    0.24819]
[     0.2476]
