     0/299      7.8G      7.81      33.1         0      40.9        28       608         1   0.00885     0.011    0.0175      6.98       1.6         0
     1/299     7.81G      5.98      4.41         0      10.4        26       608         0         0    0.0176         0      5.57      1.41         0
     2/299     7.81G      4.74      3.43         0      8.17        26       608         0         0    0.0323         0      6.32     0.761         0
     3/299     7.81G      5.12      1.86         0      6.97        27       608    0.0359     0.717     0.309    0.0684      5.63      1.73         0
     4/299     7.81G      4.83      1.57         0       6.4        29       608     0.373     0.522     0.368     0.435      4.64     0.675         0
     5/299     7.81G      4.55      1.36         0      5.91        23       608     0.311     0.389     0.311     0.346       5.5     0.543         0
     6/299     7.81G      4.51       1.2         0      5.71        21       608     0.675     0.423     0.509      0.52      4.19     0.529         0
     7/299     7.81G      4.39      1.19         0      5.58        26       608     0.528     0.575     0.532     0.551       4.2     0.483         0
     8/299     7.81G      4.15      1.13         0      5.29        25       608     0.338     0.664     0.327     0.448      4.57     0.498         0
     9/299     7.81G      4.05     0.994         0      5.04        26       608     0.214     0.553     0.222     0.308      4.82     0.863         0
    10/299     7.81G      4.97      1.39         0      6.35        28       608     0.811     0.152     0.477     0.257      3.56     0.653         0
    11/299     7.81G      3.71      1.48         0      5.19        30       608     0.622     0.186     0.265     0.286         5     0.747         0
    12/299     7.81G      3.72      1.14         0      4.86        10       608     0.287     0.496     0.242     0.364      5.13     0.695         0
    13/299     7.81G      3.89      1.16         0      5.06        25       608      0.48     0.336      0.32     0.395      5.14     0.571         0
    14/299     7.81G      3.93      1.05         0      4.98        26       608     0.356     0.425     0.275     0.387      5.15     0.549         0
    15/299     7.81G       3.8      1.01         0      4.81        26       608     0.179     0.487     0.159     0.262      5.66     0.564         0
    16/299     7.81G      4.12      1.06         0      5.18        26       608     0.883     0.201     0.583     0.327      3.86     0.536         0
    17/299     7.81G      3.75     0.993         0      4.74        26       608      0.78     0.377     0.541     0.508      3.85     0.509         0
    18/299     7.81G      3.29      1.01         0       4.3        24       608     0.313     0.655     0.463     0.424      5.15       0.4         0
    19/299     7.81G       3.9     0.932         0      4.84        24       608     0.803     0.325     0.551     0.463      4.19     0.429         0
    20/299     7.81G      3.46     0.813         0      4.27        30       608     0.703      0.46     0.598     0.556      3.74     0.426         0
    21/299     7.81G      3.29     0.892         0      4.18        27       608     0.762     0.496     0.598     0.601      4.56     0.383         0
    22/299     7.81G      3.18     0.859         0      4.04        27       608     0.677     0.557     0.628     0.612      3.76     0.393         0
    23/299     7.81G      3.39      0.82         0      4.21        26       608      0.57      0.54     0.425     0.554      4.48     0.401         0
    24/299     7.81G      2.78     0.961         0      3.74        25       608     0.784     0.676       0.7     0.726      3.74     0.405         0
    25/299     7.81G      3.15     0.819         0      3.97        13       608     0.789     0.602      0.73     0.683      3.17     0.409         0
    26/299     7.81G      2.63     0.785         0      3.42        26       608     0.753     0.611     0.678     0.674      3.71     0.396         0
    27/299     7.81G      3.02     0.787         0      3.81        24       608     0.794      0.54     0.722     0.643      3.11     0.418         0
    28/299     7.81G      2.72     0.747         0      3.47        30       608     0.802     0.644     0.742     0.714      3.19     0.384         0
    29/299     7.81G      2.56     0.727         0      3.29        28       608     0.754     0.708     0.737      0.73      3.07     0.374         0
    30/299     7.81G      2.46     0.745         0      3.21        30       608     0.787     0.673     0.735     0.725      3.26     0.388         0
    31/299     7.81G      2.49     0.701         0       3.2        32       608     0.777     0.673      0.74     0.721      3.14      0.39         0
    32/299     7.81G      2.56     0.719         0      3.28        30       608      0.65     0.726     0.726     0.686      3.31     0.345         0
    33/299     7.81G      2.34     0.669         0      3.01        27       608     0.646     0.752     0.739     0.695      3.24     0.353         0
    34/299     7.81G      2.51     0.711         0      3.22        28       608     0.816     0.707     0.784     0.757      2.86     0.376         0
    35/299     7.81G      2.24     0.661         0       2.9        28       608     0.807      0.69     0.792     0.744       3.1     0.374         0
    36/299     7.81G      2.31     0.679         0      2.99        33       608     0.842     0.707     0.784     0.769      2.84     0.374         0
    37/299     7.81G      2.31     0.636         0      2.95        25       608     0.673     0.711     0.702     0.691      3.28     0.352         0
    38/299     7.81G       2.2     0.649         0      2.85        13       608     0.728     0.788     0.785     0.757      2.83     0.341         0
    39/299     7.81G      2.14     0.608         0      2.74        24       608     0.768     0.796     0.784     0.782       2.8     0.352         0
    40/299     7.81G      2.16     0.645         0       2.8        32       608     0.714     0.779     0.781     0.745      2.86     0.336         0
    41/299     7.81G      2.22      0.61         0      2.83        26       608     0.672     0.743     0.731     0.706       2.9      0.34         0
    42/299     7.81G      2.18     0.635         0      2.82        26       608     0.692     0.752     0.744     0.721      3.06      0.35         0
    43/299     7.81G      2.06     0.639         0       2.7        27       608     0.707     0.726      0.73     0.716      3.02     0.348         0
    44/299     7.81G      2.04     0.624         0      2.67        25       608     0.813     0.743     0.818     0.777      2.88     0.357         0
    45/299     7.81G      2.05     0.613         0      2.67        30       608     0.772     0.788     0.808      0.78      2.74     0.353         0
    46/299     7.81G      1.99     0.573         0      2.56        26       608     0.792     0.779     0.835     0.785      2.84      0.35         0
    47/299     7.81G      1.91     0.542         0      2.45        23       608     0.787     0.788      0.82     0.787       2.8     0.357         0
    48/299     7.81G      2.04     0.555         0      2.59        25       608     0.777     0.796     0.812     0.787      2.75      0.36         0
    49/299     7.81G      2.04     0.557         0       2.6        30       608     0.742     0.726     0.806     0.734      2.84     0.364         0
    50/299     7.81G      1.91     0.566         0      2.47        27       608       0.8     0.664     0.712     0.726       3.1     0.475         0
    51/299     7.81G      1.98     0.587         0      2.57        13       608     0.785     0.726     0.775     0.754      3.01     0.401         0
    52/299     7.81G      1.99     0.548         0      2.54        25       608     0.772     0.779     0.813     0.776      2.74      0.35         0
    53/299     7.81G      1.92     0.576         0      2.49        26       608     0.803     0.805     0.828     0.804      2.73      0.36         0
    54/299     7.81G      1.81     0.562         0      2.37        35       608      0.75     0.743     0.776     0.747      2.65     0.375         0
    55/299     7.81G      1.72     0.532         0      2.26        24       608     0.836     0.735      0.81     0.782      2.85     0.394         0
    56/299     7.81G      1.75     0.515         0      2.27        24       608     0.856      0.77     0.808     0.811      2.78      0.37         0
    57/299     7.81G      1.79     0.536         0      2.33        25       608     0.804     0.735     0.775     0.768      2.75     0.375         0
    58/299     7.81G      1.68     0.526         0      2.21        20       608     0.841     0.794     0.843     0.817      2.64      0.36         0
    59/299     7.81G       1.9     0.529         0      2.43        23       608     0.847     0.779     0.796     0.811      2.69     0.353         0
    60/299     7.81G      1.79     0.542         0      2.34        22       608     0.839     0.796     0.816     0.817      2.58     0.338         0
    61/299     7.81G      1.78     0.506         0      2.29        24       608     0.821     0.769     0.802     0.794       2.6     0.338         0
    62/299     7.81G      1.65      0.55         0       2.2        26       608     0.843     0.796      0.85     0.819      2.61     0.339         0
    63/299     7.81G      1.81     0.542         0      2.35        22       608     0.843     0.788     0.832     0.814      2.67     0.347         0
    64/299     7.81G      1.61     0.524         0      2.13        14       608     0.793     0.788     0.821      0.79      2.62     0.337         0
    65/299     7.81G      1.74     0.541         0      2.28        24       608     0.824     0.788      0.86     0.805       2.7     0.349         0
    66/299     7.81G      1.53     0.502         0      2.03        24       608     0.814     0.788     0.822     0.801      2.56     0.343         0
    67/299     7.81G      1.69     0.478         0      2.17        22       608     0.851     0.807     0.866     0.828      2.73     0.353         0
    68/299     7.81G      1.62     0.508         0      2.13        27       608     0.827     0.814      0.84     0.821      2.46     0.339         0
    69/299     7.81G      1.67      0.48         0      2.15        28       608     0.858     0.802     0.845     0.829       2.7     0.346         0
    70/299     7.81G      1.65      0.48         0      2.13        26       608     0.828     0.768     0.778     0.797       2.6     0.364         0
    71/299     7.81G      1.67     0.491         0      2.16        30       608     0.898     0.779     0.853     0.834      2.63     0.351         0
    72/299     7.81G      1.63     0.494         0      2.12        33       608     0.918     0.798      0.85     0.854      2.52     0.338         0
    73/299     7.81G      1.43     0.461         0      1.89        27       608     0.788     0.796     0.805     0.792      2.78     0.327         0
    74/299     7.81G      1.62     0.482         0       2.1        30       608     0.849     0.814     0.859     0.831      2.63     0.328         0
    75/299     7.81G       1.6     0.444         0      2.04        29       608     0.836     0.788     0.795     0.811      2.71     0.331         0
    76/299     7.81G      1.53     0.501         0      2.04        31       608     0.865     0.814     0.833     0.839      2.69     0.341         0
    77/299     7.81G      1.62     0.488         0       2.1        12       608     0.813     0.796     0.794     0.804      2.72      0.34         0
    78/299     7.81G      1.57     0.458         0      2.03        31       608     0.881     0.849     0.864     0.864      2.45     0.344         0
    79/299     7.81G      1.51     0.464         0      1.97        32       608     0.884     0.807     0.831     0.844      2.46     0.336         0
    80/299     7.81G      1.51     0.476         0      1.98        20       608     0.826      0.77     0.753     0.797      2.75     0.326         0
    81/299     7.81G      1.46     0.451         0      1.91        28       608     0.874     0.797     0.845     0.834      2.48     0.317         0
    82/299     7.81G      1.41     0.419         0      1.83        27       608     0.847     0.779     0.797     0.811      2.66     0.331         0
    83/299     7.81G       1.5     0.498         0         2        30       608     0.846     0.728     0.775     0.783      2.74     0.361         0
    84/299     7.81G      1.55     0.455         0         2        32       608     0.833     0.752     0.744     0.791      2.89     0.362         0
    85/299     7.81G      1.44      0.42         0      1.86        30       608     0.887     0.768     0.814     0.823      2.63     0.365         0
    86/299     7.81G      1.52     0.452         0      1.97        23       608     0.897     0.796     0.829     0.844      2.51     0.357         0
    87/299     7.81G       1.6     0.462         0      2.07        21       608     0.883      0.77     0.835     0.823      2.49     0.347         0
    88/299     7.81G      1.53     0.446         0      1.97        25       608     0.862     0.788      0.81     0.823       2.6     0.342         0
    89/299     7.81G      1.55     0.471         0      2.02        30       608     0.872     0.796     0.834     0.832      2.63     0.332         0
    90/299     7.81G      1.54     0.469         0      2.01        14       608     0.883     0.779     0.827     0.828      2.61     0.325         0
    91/299     7.81G      1.29     0.456         0      1.75        28       608      0.87     0.805     0.837     0.836      2.58     0.315         0
    92/299     7.81G      1.35     0.419         0      1.77        24       608      0.87     0.771     0.839     0.818      2.46      0.32         0
    93/299     7.81G      1.46     0.435         0       1.9        29       608     0.876     0.751     0.857     0.809      2.56     0.324         0
    94/299     7.81G      1.37     0.449         0      1.82        25       608     0.868     0.752     0.839     0.806      2.37     0.334         0
    95/299     7.81G      1.51     0.472         0      1.98        24       608     0.828     0.788     0.834     0.808      2.48     0.334         0
    96/299     7.81G      1.39     0.435         0      1.83        33       608     0.841     0.761     0.825     0.799      2.61     0.347         0
    97/299     7.81G      1.36     0.445         0      1.81        27       608     0.866     0.779     0.818      0.82      2.63     0.324         0
    98/299     7.81G      1.45     0.441         0      1.89        24       608     0.833     0.749     0.775     0.789       2.7     0.326         0
    99/299     7.81G      1.42     0.416         0      1.84        25       608     0.807     0.717     0.756     0.759      2.53     0.351         0
   100/299     7.81G      1.38     0.437         0      1.82        28       608     0.799     0.705     0.756     0.749      2.63     0.351         0
   101/299     7.81G      1.34     0.458         0       1.8        27       608     0.803     0.752     0.762     0.777      2.64     0.343         0
   102/299     7.81G      1.36     0.421         0      1.78        26       608     0.791     0.788     0.788     0.789      2.61     0.328         0
   103/299     7.81G      1.27     0.415         0      1.69        13       608     0.829     0.823     0.829     0.826      2.36     0.326         0
   104/299     7.81G      1.39     0.424         0      1.82        31       608     0.862     0.833      0.86     0.847      2.44     0.326         0
   105/299     7.81G      1.37     0.416         0      1.79        27       608     0.868     0.813     0.828     0.839       2.5     0.343         0
   106/299     7.81G      1.31     0.414         0      1.72        27       608     0.852     0.761     0.821     0.804      2.52      0.33         0
   107/299     7.81G      1.31     0.416         0      1.72        24       608     0.845     0.779     0.812     0.811      2.66      0.31         0
   108/299     7.81G      1.27     0.415         0      1.68        26       608     0.823     0.781     0.826     0.802      2.45     0.314         0
   109/299     7.81G      1.26     0.381         0      1.64        29       608     0.836     0.788     0.819     0.811      2.61     0.314         0
   110/299     7.81G      1.26     0.373         0      1.64        29       608     0.855     0.814     0.863     0.834       2.4      0.31         0
   111/299     7.81G      1.32     0.397         0      1.71        31       608     0.868     0.805     0.855     0.835      2.49      0.31         0
   112/299     7.81G      1.19     0.409         0       1.6        27       608     0.856     0.792     0.842     0.823      2.59     0.309         0
   113/299     7.81G      1.29     0.405         0       1.7        25       608     0.871     0.779     0.841     0.822       2.5     0.311         0
   114/299     7.81G      1.23     0.392         0      1.63        29       608      0.87     0.814     0.853     0.841      2.47     0.315         0
   115/299     7.81G      1.15     0.401         0      1.55        31       608     0.842     0.805     0.823     0.823      2.45     0.309         0
   116/299     7.81G      1.26     0.365         0      1.63        13       608     0.815     0.788     0.805     0.801      2.59     0.298         0
   117/299     7.81G      1.28     0.367         0      1.65        22       608     0.845      0.77     0.805     0.806      2.47     0.298         0
   118/299     7.81G      1.23      0.41         0      1.64        30       608     0.819     0.796     0.814     0.807      2.57     0.299         0
   119/299     7.81G      1.08     0.404         0      1.48        27       608     0.816     0.821     0.844     0.818      2.43     0.307         0
   120/299     7.81G      1.28      0.36         0      1.64        30       608     0.796     0.827      0.85     0.811      2.41     0.318         0
   121/299     7.81G      1.21     0.402         0      1.61        26       608     0.831     0.825     0.872     0.828      2.48     0.312         0
   122/299     7.81G      1.11     0.365         0      1.47        21       608     0.872     0.844     0.881     0.858      2.37     0.289         0
   123/299     7.81G      1.25     0.371         0      1.62        24       608     0.905      0.85     0.888     0.876      2.54      0.29         0
   124/299     7.81G       1.2     0.368         0      1.56        23       608     0.913     0.831     0.872      0.87      2.32     0.298         0
   125/299     7.81G      1.11     0.366         0      1.48        23       608     0.874     0.795     0.861     0.833      2.39     0.319         0
   126/299     7.81G      1.16     0.385         0      1.55        24       608     0.902     0.805     0.865     0.851      2.34      0.34         0
   127/299     7.81G      1.06     0.346         0       1.4        33       608     0.863     0.814     0.852     0.838      2.48     0.348         0
   128/299     7.81G       1.1     0.361         0      1.46        23       608     0.869     0.814     0.859     0.841      2.49     0.344         0
   129/299     7.81G      1.09     0.366         0      1.46        11       608     0.861     0.823     0.866     0.842      2.35     0.351         0
   130/299     7.81G      1.08     0.386         0      1.47        26       608     0.877     0.817     0.869     0.846      2.33     0.341         0
   131/299     7.81G      1.17     0.341         0      1.51        24       608     0.867     0.796     0.865      0.83      2.37     0.338         0
   132/299     7.81G      1.07     0.346         0      1.42        29       608      0.85     0.788      0.86     0.818      2.35     0.333         0
   133/299     7.81G      1.02     0.325         0      1.35        32       608     0.871     0.796      0.86     0.832      2.35     0.329         0
   134/299     7.81G      1.05     0.346         0       1.4        24       608     0.863     0.788     0.859     0.823      2.36     0.326         0
   135/299     7.81G      1.08      0.34         0      1.42        23       608     0.882     0.796     0.868     0.837      2.34     0.323         0
   136/299     7.81G      1.09     0.345         0      1.43        27       608     0.891       0.8     0.881     0.843      2.36     0.333         0
   137/299     7.81G      1.07     0.348         0      1.42        23       608     0.909     0.796     0.886     0.849       2.4     0.331         0
   138/299     7.81G      1.01     0.351         0      1.36        32       608     0.893     0.796     0.846     0.842      2.41     0.323         0
   139/299     7.81G     0.994     0.311         0       1.3        22       608     0.897     0.796     0.842     0.844      2.51     0.325         0
   140/299     7.81G      1.08     0.332         0      1.41        24       608     0.902     0.779     0.847     0.836       2.5     0.332         0
   141/299     7.81G      1.01     0.324         0      1.34        27       608       0.9     0.779     0.831     0.835       2.5     0.337         0
   142/299     7.81G      1.02     0.337         0      1.36        12       608     0.901     0.779     0.856     0.835      2.45     0.354         0
   143/299     7.81G      1.03     0.313         0      1.34        22       608     0.883     0.814     0.878     0.847      2.41     0.356         0
   144/299     7.81G         1     0.328         0      1.33        25       608     0.894     0.823     0.886     0.857      2.38     0.372         0
   145/299     7.81G     0.982     0.337         0      1.32        28       608     0.873     0.792     0.881      0.83      2.42     0.375         0
   146/299     7.81G     0.926     0.339         0      1.27        21       608      0.91     0.805     0.884     0.855      2.38     0.353         0
   147/299     7.81G      1.05     0.343         0      1.39        28       608     0.858     0.796     0.869     0.826      2.38     0.337         0
   148/299     7.81G     0.972     0.319         0      1.29        25       608     0.854     0.779     0.852     0.815       2.4     0.331         0
   149/299     7.81G     0.891     0.306         0       1.2        24       608     0.851     0.779     0.856     0.813      2.42     0.334         0
   150/299     7.81G     0.959     0.329         0      1.29        29       608     0.825      0.77     0.855     0.796      2.41      0.34         0
   151/299     7.81G     0.891      0.32         0      1.21        28       608     0.885     0.779     0.871     0.828      2.37      0.34         0
   152/299     7.81G     0.937     0.323         0      1.26        25       608     0.907     0.775     0.874     0.836      2.38     0.355         0
   153/299     7.81G      0.93      0.31         0      1.24        27       608     0.917     0.788     0.884     0.848      2.41     0.364         0
   154/299     7.81G     0.965     0.306         0      1.27        31       608     0.934     0.788     0.884     0.855      2.42     0.375         0
   155/299     7.81G     0.939      0.32         0      1.26        14       608     0.932     0.779     0.882     0.848      2.41     0.366         0
   156/299     7.81G     0.896     0.307         0       1.2        21       608     0.916     0.773     0.873     0.838      2.42      0.36         0
   157/299     7.81G     0.923     0.311         0      1.23        23       608     0.896     0.805     0.866     0.848      2.43     0.353         0
   158/299     7.81G     0.873     0.316         0      1.19        27       608       0.9     0.805     0.855      0.85      2.43     0.349         0
   159/299     7.81G     0.898     0.287         0      1.19        32       608     0.911     0.814     0.852      0.86      2.48     0.349         0
   160/299     7.81G     0.864     0.286         0      1.15        25       608      0.92     0.814     0.861     0.864      2.44     0.349         0
   161/299     7.81G     0.848     0.308         0      1.16        25       608     0.933     0.823     0.859     0.874      2.38     0.355         0
   162/299     7.81G     0.876     0.284         0      1.16        27       608      0.92     0.805     0.868     0.859      2.44     0.356         0
   163/299     7.81G     0.791     0.291         0      1.08        33       608     0.882     0.805     0.849     0.842      2.39      0.37         0
   164/299     7.81G     0.879     0.285         0      1.16        28       608     0.867     0.814     0.862      0.84      2.42     0.374         0
   165/299     7.81G     0.787     0.293         0      1.08        27       608     0.892     0.805     0.853     0.846      2.35     0.369         0
   166/299     7.81G     0.877     0.271         0      1.15        24       608     0.901     0.805     0.863     0.851      2.31     0.372         0
   167/299     7.81G     0.871     0.316         0      1.19        30       608     0.921     0.814     0.861     0.864      2.31     0.375         0
   168/299     7.81G     0.897     0.269         0      1.17        11       608     0.919     0.805     0.866     0.858      2.32     0.384         0
   169/299     7.81G     0.877     0.278         0      1.15        26       608      0.93     0.817     0.878      0.87      2.36     0.383         0
   170/299     7.81G     0.794     0.278         0      1.07        23       608     0.899     0.805     0.866      0.85      2.33     0.367         0
   171/299     7.81G     0.807      0.28         0      1.09        29       608     0.909     0.823     0.874     0.864      2.35     0.348         0
   172/299     7.81G     0.811      0.27         0      1.08        28       608      0.91     0.809     0.871     0.857      2.34     0.342         0
   173/299     7.81G     0.741     0.274         0      1.02        25       608      0.92     0.813     0.871     0.863      2.37     0.339         0
   174/299     7.81G     0.743     0.278         0      1.02        30       608      0.92     0.813     0.871     0.863      2.38     0.341         0
   175/299     7.81G     0.787     0.285         0      1.07        29       608     0.902     0.811     0.867     0.854      2.38     0.339         0
   176/299     7.81G     0.718     0.277         0     0.995        35       608     0.918     0.795      0.86     0.852      2.38     0.348         0
   177/299     7.81G     0.791     0.235         0      1.03        28       608     0.898     0.796     0.857     0.844      2.39     0.352         0
   178/299     7.81G     0.811      0.27         0      1.08        25       608       0.9     0.796      0.85     0.845      2.45     0.357         0
   179/299     7.81G     0.739      0.29         0      1.03        26       608     0.891     0.798      0.85     0.842      2.43     0.357         0
   180/299     7.81G     0.726      0.25         0     0.976        25       608     0.898     0.796     0.844     0.844      2.39     0.357         0
   181/299     7.81G     0.718      0.26         0     0.978        15       608     0.897     0.805      0.85     0.849      2.39     0.362         0
   182/299     7.81G     0.765     0.274         0      1.04        26       608     0.891     0.798     0.853     0.842      2.39      0.37         0
   183/299     7.81G     0.761     0.264         0      1.02        24       608     0.904     0.788     0.851     0.842      2.39     0.371         0
   184/299     7.81G      0.75     0.266         0      1.02        27       608     0.909     0.805     0.853     0.854      2.38     0.357         0
   185/299     7.81G      0.75     0.262         0      1.01        25       608     0.882     0.805     0.845     0.842      2.36     0.363         0
   186/299     7.81G      0.74     0.244         0     0.983        21       608     0.872     0.805     0.846     0.838      2.33     0.361         0
   187/299     7.81G     0.775     0.251         0      1.03        27       608     0.869     0.805     0.854     0.836      2.35     0.365         0
   188/299     7.81G     0.711     0.245         0     0.957        23       608     0.875     0.806     0.865     0.839      2.29     0.362         0
   189/299     7.81G     0.671      0.22         0      0.89        30       608     0.885     0.823     0.857     0.853       2.3     0.348         0
   190/299     7.81G     0.678     0.233         0     0.911        28       608     0.894     0.823     0.865     0.857      2.32     0.353         0
   191/299     7.81G     0.688     0.253         0     0.941        22       608      0.89     0.823     0.869     0.855      2.31     0.373         0
   192/299     7.81G     0.703     0.245         0     0.948        29       608     0.904     0.823     0.868     0.862      2.32     0.377         0
   193/299     7.81G     0.655     0.219         0     0.874        25       608     0.901     0.832      0.87     0.865      2.33     0.368         0
   194/299     7.81G     0.675     0.228         0     0.902        13       608     0.903     0.828     0.863     0.864      2.32     0.371         0
   195/299     7.81G     0.666     0.227         0     0.892        33       608     0.912     0.823     0.865     0.865      2.29      0.38         0
   196/299     7.81G     0.609     0.223         0     0.832        28       608     0.917     0.823     0.865     0.868      2.32     0.384         0
   197/299     7.81G     0.667     0.219         0     0.886        28       608      0.91     0.805     0.863     0.855      2.34     0.388         0
   198/299     7.81G      0.64     0.243         0     0.882        29       608      0.91      0.81     0.863     0.857      2.33     0.387         0
   199/299     7.81G     0.657     0.241         0     0.897        30       608     0.911     0.811      0.86     0.858      2.35     0.397         0
   200/299     7.81G     0.642     0.223         0     0.865        25       608     0.908     0.805     0.851     0.854      2.36     0.407         0
   201/299     7.81G     0.592     0.236         0     0.828        30       608     0.901     0.796      0.85     0.845      2.37     0.405         0
   202/299     7.81G     0.628     0.219         0     0.846        23       608       0.9     0.796     0.862     0.845      2.38     0.399         0
   203/299     7.81G     0.632     0.204         0     0.836        23       608     0.888     0.823     0.868     0.854      2.37     0.389         0
   204/299     7.81G     0.625     0.219         0     0.844        29       608       0.9     0.841      0.87     0.869      2.35     0.386         0
   205/299     7.81G     0.607      0.21         0     0.816        20       608       0.9     0.841     0.871     0.869      2.34     0.384         0
   206/299     7.81G     0.607     0.198         0     0.804        29       608     0.893     0.841     0.871     0.866      2.32     0.381         0
   207/299     7.81G     0.605      0.21         0     0.815        15       608     0.893     0.841     0.873     0.866      2.34     0.383         0
   208/299     7.81G     0.588     0.231         0     0.819        28       608     0.888     0.832     0.878     0.859       2.3     0.384         0
   209/299     7.81G     0.529     0.202         0     0.731        26       608      0.89     0.832     0.875      0.86       2.3     0.379         0
   210/299     7.81G     0.555     0.212         0     0.767        28       608     0.869     0.823     0.866     0.845      2.29     0.379         0
   211/299     7.81G     0.523     0.191         0     0.715        29       608     0.882     0.814     0.865     0.847      2.29     0.383         0
   212/299     7.81G     0.572     0.205         0     0.777        22       608     0.885     0.815     0.868     0.848      2.31     0.379         0
   213/299     7.81G     0.595     0.203         0     0.798        24       608     0.885      0.82     0.868     0.851      2.32     0.381         0
   214/299     7.81G     0.592     0.221         0     0.813        29       608     0.878     0.829     0.871     0.853      2.31     0.383         0
   215/299     7.81G      0.55     0.213         0     0.763        26       608     0.877     0.822     0.874     0.848      2.31     0.386         0
   216/299     7.81G     0.552     0.195         0     0.747        26       608     0.871     0.834     0.873     0.852      2.32      0.39         0
   217/299     7.81G     0.558     0.208         0     0.766        26       608     0.879     0.836     0.867     0.857      2.32     0.393         0
   218/299     7.81G     0.557     0.207         0     0.764        24       608     0.888     0.832     0.866     0.859       2.3     0.393         0
   219/299     7.81G     0.549     0.204         0     0.754        27       608     0.896     0.832      0.87     0.863      2.29     0.391         0
   220/299     7.81G     0.549     0.205         0     0.754        14       608     0.905     0.842     0.862     0.872      2.29     0.389         0
   221/299     7.81G     0.525     0.208         0     0.733        35       608     0.905     0.842     0.863     0.873       2.3     0.387         0
   222/299     7.81G     0.541     0.189         0      0.73        28       608     0.905     0.845     0.864     0.874      2.28     0.388         0
   223/299     7.81G     0.527     0.195         0     0.723        30       608     0.905     0.844     0.863     0.873      2.31     0.389         0
   224/299     7.81G     0.535     0.192         0     0.728        30       608     0.903     0.822     0.862      0.86      2.32     0.393         0
   225/299     7.81G     0.503     0.199         0     0.702        35       608     0.903     0.822     0.861     0.861      2.35      0.39         0
   226/299     7.81G     0.539     0.182         0     0.722        23       608     0.902     0.814     0.849     0.856      2.37     0.387         0
   227/299     7.81G     0.496     0.181         0     0.677        27       608     0.911     0.812     0.857     0.858      2.38     0.388         0
   228/299     7.81G     0.493     0.197         0      0.69        30       608     0.921     0.823     0.866     0.869      2.39     0.392         0
   229/299     7.81G     0.498     0.184         0     0.682        23       608      0.92     0.832     0.873     0.874      2.38      0.39         0
   230/299     7.81G     0.481     0.178         0     0.659        24       608     0.922     0.837     0.876     0.877      2.35     0.394         0
   231/299     7.81G      0.49     0.199         0     0.689        30       608     0.922     0.835     0.879     0.876      2.34     0.396         0
   232/299     7.81G      0.48     0.178         0     0.659        24       608     0.904     0.838      0.87      0.87      2.35     0.401         0
   233/299     7.81G     0.467     0.181         0     0.648        13       608     0.904     0.835     0.868     0.868      2.32     0.402         0
   234/299     7.81G     0.505     0.178         0     0.683        26       608     0.898     0.832     0.866     0.864      2.31     0.401         0
   235/299     7.81G     0.503     0.186         0     0.689        25       608     0.892     0.832     0.867     0.861      2.32     0.399         0
   236/299     7.81G     0.486      0.19         0     0.675        29       608     0.892     0.832     0.862     0.861      2.32     0.402         0
   237/299     7.81G     0.483     0.173         0     0.656        25       608     0.897     0.823     0.865     0.858      2.32     0.406         0
   238/299     7.81G     0.474     0.173         0     0.647        23       608     0.901     0.832     0.868     0.865      2.32     0.412         0
   239/299     7.81G     0.488      0.18         0     0.668        27       608     0.903     0.823     0.865     0.861       2.3     0.412         0
   240/299     7.81G     0.501     0.183         0     0.685        30       608     0.905     0.844     0.867     0.873      2.29      0.41         0
   241/299     7.81G     0.471     0.175         0     0.646        25       608     0.913      0.85     0.867      0.88      2.29     0.412         0
   242/299     7.81G     0.479       0.2         0     0.679        31       608     0.915     0.853     0.867     0.883       2.3     0.412         0
   243/299     7.81G     0.493     0.178         0     0.672        29       608     0.908      0.85     0.868     0.878       2.3     0.412         0
   244/299     7.81G     0.483     0.182         0     0.666        28       608       0.9      0.85      0.87     0.874      2.29     0.407         0
   245/299     7.81G     0.461     0.184         0     0.645        28       608       0.9      0.85      0.87     0.874      2.28     0.403         0
   246/299     7.81G      0.46     0.165         0     0.625        14       608     0.901      0.85      0.87     0.874       2.3       0.4         0
   247/299     7.81G     0.451     0.163         0     0.614        23       608     0.906     0.849      0.87     0.877       2.3     0.399         0
   248/299     7.81G     0.451     0.172         0     0.623        29       608     0.905     0.847     0.869     0.875      2.28     0.401         0
   249/299     7.81G     0.454     0.158         0     0.612        26       608     0.894     0.841     0.866     0.867      2.28     0.403         0
   250/299     7.81G     0.448     0.161         0     0.608        27       608     0.891     0.841     0.864     0.865      2.29     0.408         0
   251/299     7.81G     0.448     0.176         0     0.624        29       608     0.891     0.841     0.861     0.865      2.31     0.411         0
   252/299     7.81G     0.435     0.182         0     0.616        27       608     0.901      0.85     0.865     0.875      2.31     0.418         0
   253/299     7.81G     0.451     0.184         0     0.635        24       608     0.903      0.85     0.866     0.875      2.33      0.42         0
   254/299     7.81G     0.453     0.176         0     0.629        31       608     0.905     0.841     0.862     0.872      2.34     0.419         0
   255/299     7.81G     0.467     0.182         0     0.649        23       608     0.905     0.838     0.864      0.87      2.34     0.418         0
   256/299     7.81G     0.444     0.172         0     0.617        30       608     0.904     0.834     0.864     0.868      2.32     0.414         0
   257/299     7.81G     0.459     0.163         0     0.622        25       608     0.901     0.841     0.864      0.87      2.33     0.409         0
   258/299     7.81G     0.427     0.167         0     0.595        30       608     0.905      0.84     0.864     0.871      2.32      0.41         0
   259/299     7.81G     0.422     0.148         0      0.57        12       608     0.896     0.832     0.867     0.863      2.32     0.411         0
   260/299     7.81G     0.437     0.169         0     0.607        30       608     0.896     0.832     0.866     0.863      2.32     0.407         0
   261/299     7.81G     0.421     0.153         0     0.574        23       608     0.895     0.832     0.868     0.862      2.31     0.407         0
   262/299     7.81G     0.444     0.164         0     0.609        29       608     0.887     0.832     0.873     0.859       2.3     0.404         0
   263/299     7.81G     0.433     0.172         0     0.605        27       608     0.892     0.841     0.869     0.866      2.29     0.405         0
   264/299     7.81G     0.413     0.152         0     0.566        26       608     0.891     0.841     0.869     0.865      2.29     0.404         0
   265/299     7.81G     0.436     0.158         0     0.594        28       608     0.892     0.841     0.869     0.866       2.3     0.405         0
   266/299     7.81G     0.423     0.156         0     0.579        24       608     0.892     0.841     0.868     0.866      2.31     0.405         0
   267/299     7.81G     0.415     0.149         0     0.563        23       608     0.893     0.841     0.865     0.866       2.3     0.406         0
   268/299     7.81G     0.435      0.19         0     0.625        30       608     0.891     0.841     0.867     0.865      2.32     0.409         0
   269/299     7.81G     0.441     0.167         0     0.608        23       608     0.892     0.841     0.867     0.866      2.33     0.409         0
   270/299     7.81G     0.453     0.185         0     0.638        29       608     0.896     0.839     0.866     0.867      2.33     0.408         0
   271/299     7.81G     0.409     0.155         0     0.563        30       608     0.896      0.84     0.866     0.867      2.33     0.408         0
   272/299     7.81G     0.418     0.176         0     0.594        15       608     0.886     0.832     0.865     0.858      2.34     0.412         0
   273/299     7.81G     0.426     0.164         0      0.59        27       608      0.89     0.841     0.865     0.865      2.35     0.414         0
   274/299     7.81G     0.411     0.165         0     0.576        27       608     0.897     0.848     0.864     0.872      2.35     0.417         0
   275/299     7.81G     0.411     0.152         0     0.564        27       608     0.897     0.847     0.865     0.871      2.36     0.417         0
   276/299     7.81G     0.419     0.174         0     0.593        32       608      0.89     0.841     0.864     0.865      2.36     0.414         0
   277/299     7.81G     0.425      0.16         0     0.585        26       608     0.886     0.841     0.868     0.863      2.34     0.413         0
   278/299     7.81G      0.42     0.151         0     0.571        32       608     0.878     0.841     0.867     0.859      2.34     0.411         0
   279/299     7.81G     0.422     0.173         0     0.595        24       608     0.865     0.832     0.859     0.848      2.34     0.409         0
   280/299     7.81G     0.447     0.171         0     0.618        31       608     0.875     0.841     0.867     0.858      2.33      0.41         0
   281/299     7.81G     0.402     0.172         0     0.575        32       608     0.872     0.841     0.868     0.856      2.33     0.409         0
   282/299     7.81G     0.418     0.174         0     0.592        25       608     0.874     0.841     0.869     0.857      2.32     0.412         0
   283/299     7.81G     0.417      0.17         0     0.588        30       608     0.875     0.841     0.869     0.857      2.32      0.41         0
   284/299     7.81G     0.414     0.157         0     0.571        23       608     0.878     0.841     0.868     0.859      2.33      0.41         0
   285/299     7.81G     0.425      0.15         0     0.575        12       608     0.883     0.841     0.868     0.861      2.33     0.409         0
   286/299     7.81G     0.413     0.163         0     0.576        27       608     0.881     0.841     0.868      0.86      2.32      0.41         0
   287/299     7.81G     0.409      0.16         0     0.569        22       608     0.877     0.841     0.868     0.859      2.33     0.411         0
   288/299     7.81G       0.4     0.156         0     0.556        25       608     0.878     0.841     0.868     0.859      2.33     0.414         0
   289/299     7.81G     0.412     0.164         0     0.576        21       608     0.878     0.841     0.868     0.859      2.33     0.416         0
   290/299     7.81G     0.419     0.155         0     0.574        23       608     0.879     0.841     0.868      0.86      2.32     0.417         0
   291/299     7.81G     0.408     0.152         0      0.56        29       608     0.882     0.841     0.869     0.861      2.31     0.413         0
   292/299     7.81G     0.423      0.14         0     0.563        28       608     0.882     0.841     0.869     0.861       2.3     0.411         0
   293/299     7.81G     0.397     0.156         0     0.554        25       608     0.883     0.841      0.87     0.861      2.29     0.411         0
   294/299     7.81G     0.396      0.14         0     0.536        28       608     0.884      0.85     0.871     0.866      2.28      0.41         0
   295/299     7.81G     0.406     0.169         0     0.575        27       608     0.884     0.841      0.87     0.862      2.29     0.409         0
   296/299     7.81G     0.425     0.156         0     0.581        31       608     0.882     0.841     0.869     0.861       2.3     0.411         0
   297/299     7.81G     0.423      0.15         0     0.573        31       608     0.889     0.847     0.868     0.867       2.3     0.411         0
   298/299     7.81G     0.419     0.145         0     0.564        15       608     0.889     0.846     0.866     0.867      2.31     0.415         0
   299/299     7.81G     0.404      0.15         0     0.555        24       608     0.889     0.846     0.867     0.867       2.3     0.415         0
