[    0.67137           0     0.76359]
[      0.759     0.58637           0]
[    0.68635      0.5545      0.4509           0     0.39749     0.43608     0.31703     0.21032           0           0           0           0]
[    0.78944           0           0           0           0           0           0           0           0           0     0.73985           0           0]
[    0.65123      0.2712           0           0           0           0           0           0           0           0]
[    0.89541     0.80824     0.86911     0.41565           0]
[     0.6513           0           0           0           0           0           0           0           0           0           0           0           0     0.49809           0           0           0           0           0           0           0           0           0           0           0           0
           0           0]
[    0.81211           0           0     0.37521           0           0]
[    0.68909]
[    0.28707           0           0           0           0     0.10047           0           0           0           0           0     0.38311           0]
[    0.80875           0           0           0           0]
[    0.68782           0]
[     0.7972]
[    0.86269           0     0.83462]
[    0.82422           0           0           0]
[    0.87183           0           0           0           0           0           0]
[    0.90865           0           0           0     0.88244     0.86071           0]
[          0     0.51123           0           0]
[      0.945           0           0           0]
[    0.83679      0.9069]
[    0.89346     0.92366     0.51043           0]
[    0.77389           0           0]
[    0.61978           0     0.33811           0]
[    0.91235           0           0           0           0           0]
[    0.79084           0]
[    0.88234           0           0           0]
[     0.3283           0           0           0     0.25224     0.29462]
[    0.87163     0.77671]
[    0.87154           0     0.48546           0           0]
[    0.81981           0]
[    0.60911     0.21492]
[    0.89563           0     0.76958           0           0           0]
[          0     0.24053     0.14693           0     0.24691]
[    0.89948           0           0           0]
[    0.64397     0.71797]
[    0.86685           0           0           0           0           0]
[    0.76925           0]
[    0.56917           0           0           0           0           0     0.50262]
[    0.89631           0           0]
[    0.72067           0           0           0           0           0           0     0.72258]
[    0.89713           0]
[    0.87208           0]
[    0.80517           0           0]
[    0.93093     0.85082           0           0     0.93134           0]
[    0.72561     0.62841           0]
[    0.81131           0           0           0     0.49322           0           0]
[    0.75403           0]
[    0.54576     0.63122           0           0     0.49834]
[    0.68914     0.65106           0]
[    0.79293           0           0]
[    0.79322           0           0           0           0           0           0]
[    0.77429     0.79581]
[    0.88323     0.50456           0           0           0]
[    0.60681     0.49918           0           0     0.63447]
[    0.94993           0]
[    0.90354     0.87081           0           0]
[    0.79077           0           0]
[    0.61248           0           0           0           0           0     0.43686           0           0           0]
[    0.91634           0           0]
[    0.53099           0           0           0           0           0]
[    0.82125           0           0           0           0           0]
[     0.8276]
[    0.73426           0     0.41603]
[    0.79157           0     0.80586]
[    0.64609     0.70748      0.7981     0.84869     0.41267     0.66586     0.67336     0.35251     0.24866     0.78519]
[    0.83728           0           0           0]
[    0.81014     0.80348           0     0.66516           0]
[     0.7213           0     0.63353           0           0]
[    0.87191     0.87751           0           0           0           0           0           0]
[    0.88802           0           0]
[    0.83961           0           0           0           0           0           0           0]
[    0.91092           0]
[     0.8654           0]
[    0.86348           0           0           0     0.90635]
[    0.84138           0           0           0]
[    0.89389     0.39494]
[    0.55128           0           0]
[    0.68686     0.60184           0]
[     0.8749           0           0           0           0           0           0           0     0.83835     0.84563     0.83112]
[    0.86134     0.61267           0]
[    0.69075           0           0           0]
[    0.69935           0      0.6058           0]
[    0.79069]
[    0.64032     0.68412     0.57577           0     0.48566      0.7679]
[    0.90992           0           0           0           0]
[    0.60922           0           0           0       0.862]
[    0.77348           0]
[    0.72846]
[    0.78882    0.014281           0           0           0           0           0           0]
[    0.92443           0           0           0]
[    0.78516           0]
[    0.66904     0.94021     0.54766           0     0.62111           0           0           0     0.52623     0.60227           0]
[    0.80141     0.76465     0.41773           0           0]
[    0.75783     0.92669     0.83146           0]
[    0.77829     0.88318           0     0.41028]
[    0.75876     0.38362     0.55134]
[    0.76828           0     0.34635           0           0           0]
[    0.82052]
[    0.60588           0     0.30623]
[    0.81656           0           0]
