[          1]
[          1]
[          1]
[          1]
[          1]
[          1]
[          1]
[          1]
[          1]
[          1]
[          1]
[          1]
[          1]
[          1]
[          1]
[          1]
[          1]
[          1]
[          1]
[          1]
[          1]
[          1]
[          1]
[          1]
[          1]
[          1]
[          1]
[          1]
[          1]
[          1]
[          1]
[          1]
[          1]
[          1]
[          1]
[          1]
[          1]
[          1]
[          1]
[          1]
[          1]
[          1]
[          1]
[          1]
[          1]
[          1]
[          1]
[          1]
[          1]
[          1]
[          1]
[          1]
[          1]
[          1]
[          1]
[          1]
[          1]
[          1]
[          1]
[          1]
[          1]
[          1]
[          1]
[          1]
[          1]
[          1]
[          1]
[          1]
[          1]
[          1]
[          1]
[          1]
[          1]
[          1]
[          1]
[          1]
[    0.98701]
[    0.98718]
[    0.98734]
[     0.9875]
[    0.97531]
[    0.97561]
[     0.9759]
[    0.97619]
[    0.97647]
[    0.97674]
[    0.97701]
[    0.97727]
[    0.97753]
[    0.97778]
[    0.97802]
[    0.97826]
[    0.97849]
[    0.96809]
[    0.96842]
[    0.96875]
[    0.95876]
[    0.95918]
[     0.9596]
[       0.96]
[     0.9604]
[    0.95098]
[    0.94175]
[    0.94231]
[    0.93333]
[    0.92453]
[    0.91589]
[    0.90741]
[    0.89908]
[        0.9]
[     0.9009]
[    0.89286]
[    0.88496]
[    0.87719]
[    0.87826]
[    0.87069]
[    0.86325]
[    0.85593]
[    0.85714]
[       0.85]
[    0.84298]
[    0.83607]
[     0.8374]
[    0.83065]
[      0.824]
[     0.8254]
[     0.8189]
[     0.8125]
[     0.8062]
[    0.80769]
[    0.80153]
[    0.79545]
[    0.79699]
[    0.79851]
[    0.79259]
[    0.78676]
[    0.78102]
[    0.77536]
[    0.76978]
[    0.76429]
[    0.75887]
[    0.75352]
[    0.74825]
[    0.74306]
[    0.73793]
[    0.73288]
[    0.72789]
[    0.72297]
[    0.71812]
[    0.71333]
[    0.70861]
[    0.70395]
[    0.69935]
[    0.69481]
[    0.69032]
[     0.6859]
[    0.68153]
[    0.67722]
[    0.67296]
[    0.66875]
[     0.6646]
[    0.66049]
[    0.65644]
[    0.65244]
[    0.64848]
[    0.64458]
[    0.64072]
[     0.6369]
[    0.63314]
[    0.62941]
[    0.62573]
[    0.62209]
[     0.6185]
[    0.61494]
[    0.61143]
[    0.61364]
[    0.61017]
[    0.60674]
[    0.60335]
[        0.6]
[    0.59669]
[    0.59341]
[    0.59016]
[    0.58696]
[    0.58378]
[    0.58065]
[    0.57754]
[    0.57447]
[    0.57143]
[    0.56842]
[    0.56545]
[     0.5625]
[    0.55959]
[     0.5567]
[    0.55385]
[    0.55102]
[    0.54822]
[    0.54545]
[    0.54271]
[       0.54]
[    0.53731]
[    0.53465]
[    0.53202]
[    0.52941]
[    0.52683]
[    0.52427]
[    0.52174]
[    0.51923]
[    0.51675]
[    0.51429]
[    0.51185]
[    0.50943]
[    0.50704]
[    0.50467]
[    0.50233]
[        0.5]
[     0.4977]
[    0.49541]
[    0.49315]
[    0.49091]
[    0.48869]
[    0.48649]
[     0.4843]
[    0.48214]
[       0.48]
[    0.47788]
[    0.47577]
[    0.47368]
[    0.47162]
[    0.46957]
[    0.46753]
[    0.46552]
[    0.46352]
[    0.46154]
[    0.45957]
[    0.45763]
[     0.4557]
[    0.45378]
[    0.45188]
[       0.45]
[    0.44813]
[    0.44628]
[    0.44444]
[    0.44262]
[    0.44082]
[    0.43902]
[    0.43725]
[    0.43548]
[    0.43373]
[      0.432]
[    0.43028]
[    0.42857]
[    0.42688]
[     0.4252]
[    0.42353]
[    0.42188]
[    0.42023]
[     0.4186]
[    0.41699]
[    0.41538]
[    0.41379]
[    0.41221]
[    0.41065]
[    0.40909]
[    0.40755]
[    0.40602]
[    0.40449]
[    0.40299]
[    0.40149]
[        0.4]
[    0.39852]
[    0.39706]
[     0.3956]
[    0.39416]
[    0.39273]
[     0.3913]
[    0.38989]
[    0.38849]
[     0.3871]
[    0.38571]
[    0.38434]
[    0.38298]
[    0.38163]
[    0.38028]
[    0.37895]
[    0.37762]
[    0.37631]
[      0.375]
[     0.3737]
[    0.37241]
[    0.37113]
[    0.36986]
[     0.3686]
[    0.36735]
[     0.3661]
[    0.36486]
[    0.36364]
[    0.36242]
[     0.3612]
[       0.36]
[     0.3588]
[    0.35762]
[    0.35644]
[    0.35526]
[     0.3541]
[    0.35294]
[    0.35179]
[    0.35065]
[    0.34951]
[    0.34839]
[    0.34727]
[    0.34615]
[    0.34505]
[    0.34395]
[    0.34286]
[    0.34177]
[    0.34069]
[    0.33962]
[    0.33856]
[     0.3375]
[    0.33645]
[     0.3354]
[    0.33437]
[    0.33333]
[    0.33231]
[    0.33129]
[    0.33028]
[    0.32927]
[    0.32827]
[    0.32727]
[    0.32628]
[     0.3253]
[    0.32432]
[    0.32335]
[    0.32239]
[    0.32143]
[    0.32047]
[    0.31953]
[    0.31858]
[    0.31765]
[    0.31672]
[    0.31579]
[    0.31487]
[    0.31395]
[    0.31304]
[    0.31214]
[    0.31124]
[    0.31034]
[    0.30946]
[    0.30857]
[    0.30769]
[    0.30682]
[    0.30595]
[    0.30508]
[    0.30423]
[    0.30337]
[    0.30252]
[    0.30168]
[    0.30084]
[        0.3]
[    0.29917]
[    0.29834]
[    0.29752]
[     0.2967]
[    0.29589]
[    0.29508]
[    0.29428]
[    0.29348]
[    0.29268]
[    0.29189]
[    0.29111]
[    0.29032]
[    0.28954]
[    0.28877]
[      0.288]
[    0.28723]
[    0.28647]
[    0.28571]
[    0.28496]
[    0.28421]
[    0.28346]
[    0.28272]
[    0.28198]
[    0.28125]
[    0.28052]
[    0.27979]
[    0.27907]
[    0.27835]
[    0.27763]
[    0.27692]
[    0.27621]
[    0.27551]
[    0.27481]
[    0.27411]
[    0.27342]
[    0.27273]
[    0.27204]
[    0.27136]
[    0.27068]
[       0.27]
[    0.26933]
[    0.26866]
[    0.26799]
[    0.26733]
[    0.26667]
[    0.26601]
[    0.26536]
[    0.26471]
[    0.26406]
[    0.26341]
[    0.26277]
[    0.26214]
[     0.2615]
[    0.26087]
[    0.26024]
[    0.25962]
[    0.25899]
[    0.25837]
[    0.25776]
[    0.25714]
[    0.25653]
[    0.25592]
[    0.25532]
[    0.25472]
[    0.25412]
[    0.25352]
[    0.25293]
[    0.25234]
[    0.25175]
[    0.25116]
[    0.25058]
[       0.25]
[    0.24942]
[    0.24885]
[    0.24828]
[    0.24771]
[    0.24714]
[    0.24658]
[    0.24601]
[    0.24545]
[     0.2449]
[    0.24434]
[    0.24379]
[    0.24324]
[     0.2427]
[    0.24215]
[    0.24161]
[    0.24107]
[    0.24053]
[       0.24]
[    0.23947]
[    0.23894]
[    0.23841]
[    0.23789]
[    0.23736]
[    0.23684]
[    0.23632]
[    0.23581]
[    0.23529]
[    0.23478]
[    0.23427]
[    0.23377]
[    0.23326]
[    0.23276]
[    0.23226]
[    0.23176]
[    0.23126]
[    0.23077]
[    0.23028]
[    0.22979]
[     0.2293]
[    0.22881]
