     0/299     7.81G      7.68      31.4         0        39        10       608         0         0    0.0104         0      7.06      1.65         0
     1/299     7.81G      6.11      1.93         0      8.04        13       608         0         0   0.00476         0      6.13      1.68         0
     2/299     7.81G      5.43       1.6         0      7.03         4       608         1   0.00885    0.0109    0.0175      5.07      1.47         0
     3/299     7.81G       4.8       1.5         0       6.3        12       608         0         0   0.00488         0       5.4      1.58         0
     4/299     7.81G      4.44      1.27         0      5.71        12       608         0         0    0.0795         0      4.78      1.13         0
     5/299     7.81G      4.17      1.22         0      5.38         3       608         1   0.00885     0.214    0.0175      5.04      1.08         0
     6/299     7.81G      4.35      1.03         0      5.38        11       608         1   0.00885     0.285    0.0175      4.53     0.919         0
     7/299     7.81G      4.45     0.943         0       5.4         9       608         1   0.00885     0.243    0.0175       5.4     0.837         0
     8/299     7.81G      4.13     0.924         0      5.05         3       608         0         0     0.137         0       4.3      0.87         0
     9/299     7.81G      3.75     0.904         0      4.65        10       608         0         0     0.198         0      4.27     0.739         0
    10/299     7.81G      4.56     0.765         0      5.33        11       608    0.0716   0.00885     0.143    0.0158      4.15     0.756         0
    11/299     7.81G      4.07     0.772         0      4.84         3       608         0         0     0.189         0       3.9     0.789         0
    12/299     7.81G      3.89     0.778         0      4.67         9       608         1   0.00885      0.31    0.0175      3.83      0.82         0
    13/299     7.81G      4.01     0.733         0      4.75         8       608         1   0.00885      0.12    0.0175      4.05     0.827         0
    14/299     7.81G      3.66     0.793         0      4.45         2       608         1   0.00885    0.0941    0.0175      4.36     0.764         0
    15/299     7.81G      4.02     0.718         0      4.73        10       608     0.744   0.00885     0.316    0.0175      4.51     0.655         0
    16/299     7.81G      3.65     0.679         0      4.33        11       608         0         0     0.155         0      4.36     0.605         0
    17/299     7.81G      4.29     0.703         0      4.99         4       608         0         0    0.0178         0      4.35     0.907         0
    18/299     7.81G      3.58     0.755         0      4.33        11       608         0         0    0.0702         0      5.36     0.529         0
    19/299     7.81G       4.3     0.619         0      4.92         8       608         0         0     0.123         0      3.82     0.758         0
    20/299     7.81G      4.15     0.682         0      4.84         3       608         0         0   0.00188         0      5.88     0.843         0
    21/299     7.81G      4.29     0.656         0      4.95        10       608         0         0   0.00199         0      5.93      1.02         0
    22/299     7.81G      4.37     0.566         0      4.93         7       608     0.246    0.0177    0.0381     0.033      5.52     0.696         0
    23/299     7.81G      4.41     0.632         0      5.05         4       608         1   0.00885    0.0862    0.0175      5.46      0.62         0
    24/299     7.81G      4.15     0.631         0      4.78         9       608  0.000478    0.0177   0.00072  0.000931      6.19      2.57         0
    25/299     7.81G      4.03     0.637         0      4.67        13       608     0.298    0.0885    0.0921     0.136      5.41     0.655         0
    26/299     7.81G      4.12     0.489         0      4.61         4       608     0.464     0.142     0.188     0.217      4.92     0.617         0
    27/299     7.81G      4.12     0.589         0      4.71         9       608     0.548     0.195     0.279     0.287      4.48     0.541         0
    28/299     7.81G      3.98     0.577         0      4.55         9       608      0.49     0.127      0.29     0.202       4.3     0.532         0
    29/299     7.81G      3.49     0.538         0      4.03         2       608     0.733    0.0731      0.32     0.133      4.26     0.528         0
    30/299     7.81G      3.56      0.53         0      4.09        11       608     0.883     0.134     0.347     0.233      4.58     0.509         0
    31/299     7.81G      3.82     0.482         0       4.3        14       608     0.864     0.113     0.384     0.199      4.25     0.658         0
    32/299     7.81G      3.56     0.541         0       4.1         4       608     0.845     0.145     0.441     0.247      4.11     0.528         0
    33/299     7.81G      3.66     0.494         0      4.15        10       608     0.636     0.168     0.448     0.266      3.96     0.491         0
    34/299     7.81G      4.34     0.528         0      4.87        12       608     0.917    0.0708     0.267     0.131      4.49     0.545         0
    35/299     7.81G      3.67      0.58         0      4.25         4       608         1     0.052     0.226    0.0988      4.33     0.568         0
    36/299     7.81G      3.61       0.5         0      4.11        10       608     0.727     0.248     0.358      0.37      4.53     0.517         0
    37/299     7.81G      3.76     0.517         0      4.28        11       608     0.629     0.133     0.287     0.219      4.63     0.519         0
    38/299     7.81G      3.53      0.55         0      4.08         2       608     0.701     0.115     0.359     0.198      4.23     0.533         0
    39/299     7.81G      3.38     0.507         0      3.89         9       608     0.819     0.195     0.362     0.315      4.66     0.547         0
    40/299     7.81G      3.34     0.498         0      3.84        12       608     0.677     0.334     0.475     0.447      4.08     0.446         0
    41/299     7.81G      3.33     0.448         0      3.78         2       608     0.798     0.292     0.513     0.428      3.91     0.461         0
    42/299     7.81G      3.66     0.478         0      4.14        11       608     0.771     0.186     0.322     0.299      4.62      0.55         0
    43/299     7.81G      3.48     0.476         0      3.96        13       608     0.679     0.221     0.371     0.334       4.6     0.515         0
    44/299     7.81G      3.17     0.462         0      3.63         2       608     0.716     0.201     0.419     0.314      4.31     0.479         0
    45/299     7.81G       3.3     0.497         0       3.8        11       608     0.771     0.267     0.445     0.397      4.07     0.478         0
    46/299     7.81G      2.95     0.453         0      3.41         7       608      0.89     0.288     0.517     0.435         4     0.466         0
    47/299     7.81G      3.55     0.407         0      3.96         2       608     0.833     0.319      0.52     0.461      4.08     0.447         0
    48/299     7.81G      3.13     0.458         0      3.59         8       608     0.842     0.329     0.575     0.473      3.65     0.435         0
    49/299     7.81G      2.92     0.414         0      3.34         8       608     0.949     0.166     0.596     0.283       3.7     0.469         0
    50/299     7.81G      3.01     0.473         0      3.48         3       608     0.897     0.231     0.535     0.367      3.99     0.464         0
    51/299     7.81G      2.92     0.409         0      3.33        12       608     0.868      0.35     0.602     0.499       3.8     0.427         0
    52/299     7.81G      2.94     0.399         0      3.34         9       608     0.919       0.2     0.625     0.328      3.55     0.458         0
    53/299     7.81G      2.73      0.42         0      3.15         2       608     0.887     0.265     0.634     0.409      3.57     0.447         0
    54/299     7.81G      2.93     0.421         0      3.35         9       608      0.92     0.306     0.652     0.459      3.52     0.449         0
    55/299     7.81G      2.77     0.437         0      3.21         9       608     0.887     0.347     0.626     0.499      3.65      0.43         0
    56/299     7.81G      2.72     0.378         0      3.09         2       608     0.913     0.279     0.593     0.427      3.42     0.477         0
    57/299     7.81G      2.62     0.444         0      3.06        10       608     0.913     0.372     0.669     0.529      3.25     0.434         0
    58/299     7.81G      2.69     0.459         0      3.15        12       608     0.889     0.355     0.662     0.508      3.35     0.441         0
    59/299     7.81G      2.59     0.418         0         3         2       608     0.892     0.439     0.673     0.588      3.46     0.405         0
    60/299     7.81G      2.89     0.411         0       3.3        10       608     0.935     0.384     0.676     0.545      3.42     0.429         0
    61/299     7.81G      2.63     0.405         0      3.03        12       608     0.881     0.407     0.639     0.557      3.44     0.432         0
    62/299     7.81G      2.68     0.416         0       3.1         2       608     0.909     0.441      0.62     0.594      3.54     0.446         0
    63/299     7.81G      2.55     0.414         0      2.96         9       608       0.9       0.4     0.585     0.554      3.91     0.435         0
    64/299     7.81G      2.61      0.39         0         3         9       608     0.936      0.46      0.67     0.617      3.47     0.422         0
    65/299     7.81G      2.42     0.451         0      2.87         4       608     0.884     0.471     0.666     0.615      3.48     0.412         0
    66/299     7.81G      2.54     0.386         0      2.92         9       608     0.852     0.504     0.691     0.634      3.23     0.399         0
    67/299     7.81G      2.38     0.352         0      2.73         9       608     0.886     0.479     0.699     0.622      3.28     0.392         0
    68/299     7.81G      2.47     0.364         0      2.83         2       608     0.928     0.343      0.58     0.501      3.81     0.445         0
    69/299     7.81G      2.35      0.36         0      2.71         9       608     0.917     0.442      0.72     0.597      3.18     0.403         0
    70/299     7.81G       2.4     0.336         0      2.73         7       608     0.884     0.549      0.75     0.677      3.18      0.38         0
    71/299     7.81G      2.48     0.375         0      2.86         5       608      0.87     0.549     0.763     0.673      3.12      0.38         0
    72/299     7.81G      2.28     0.348         0      2.62         9       608     0.891     0.576     0.751       0.7      3.17     0.367         0
    73/299     7.81G      2.21     0.369         0      2.58        10       608     0.896     0.611     0.761     0.727       3.1     0.367         0
    74/299     7.81G      2.42      0.37         0      2.79         5       608      0.91     0.627     0.751     0.742      3.13     0.368         0
    75/299     7.81G      2.22     0.337         0      2.56        10       608     0.905     0.587     0.735     0.712      3.23     0.375         0
    76/299     7.81G      2.41     0.378         0      2.79        10       608      0.98     0.424     0.751     0.592      3.09     0.431         0
    77/299     7.81G      2.23     0.358         0      2.58         5       608     0.937      0.53     0.743     0.677      3.24     0.386         0
    78/299     7.81G      2.31     0.333         0      2.64         9       608     0.907     0.604      0.79     0.725      3.12     0.369         0
    79/299     7.81G      2.22      0.32         0      2.54         9       608     0.906     0.683     0.808     0.779      3.04     0.357         0
    80/299     7.81G      2.26      0.34         0       2.6         3       608     0.921     0.619     0.808      0.74      3.03     0.369         0
    81/299     7.81G      2.19     0.341         0      2.53         9       608      0.91      0.63     0.795     0.744      2.93     0.369         0
    82/299     7.81G      2.25     0.332         0      2.58        10       608     0.921     0.617       0.8     0.739         3      0.36         0
    83/299     7.81G      2.22     0.321         0      2.54         2       608     0.956     0.582     0.787     0.724      2.98     0.373         0
    84/299     7.81G      2.16     0.324         0      2.49         9       608     0.907     0.549     0.777     0.684      3.07     0.387         0
    85/299     7.81G      2.29     0.344         0      2.63        11       608     0.952     0.525     0.792     0.677       3.1     0.394         0
    86/299     7.81G      2.04     0.374         0      2.41         2       608     0.918     0.593     0.772     0.721      3.01      0.38         0
    87/299     7.81G      2.19     0.326         0      2.52         9       608     0.903     0.593     0.768     0.716      3.05     0.358         0
    88/299     7.81G      2.12     0.315         0      2.44         9       608     0.958     0.604     0.802     0.741         3     0.354         0
    89/299     7.81G      2.11      0.31         0      2.42         1       608     0.933     0.612     0.838     0.739      2.87     0.364         0
    90/299     7.81G      2.02      0.32         0      2.34         7       608     0.911     0.655     0.838     0.762      2.93     0.353         0
    91/299     7.81G      2.35     0.302         0      2.65         9       608     0.912     0.619     0.799     0.738         3     0.374         0
    92/299     7.81G      2.06     0.311         0      2.37         2       608       0.9     0.556     0.793     0.687      2.92     0.371         0
    93/299     7.81G      1.89     0.288         0      2.18         5       608     0.887     0.623      0.77     0.732      3.02     0.359         0
    94/299     7.81G      2.12     0.325         0      2.45        10       608     0.868      0.64     0.752     0.737      3.05     0.354         0
    95/299     7.81G      1.99     0.323         0      2.31         2       608     0.918     0.598     0.763     0.725      2.87     0.373         0
    96/299     7.81G      2.08     0.309         0      2.39         7       608     0.881     0.637     0.779     0.739      3.07     0.362         0
    97/299     7.81G      1.98     0.318         0       2.3        12       608      0.84     0.556     0.695     0.669      3.21     0.416         0
    98/299     7.81G      1.87     0.286         0      2.16         2       608     0.808      0.69     0.751     0.745      3.21     0.351         0
    99/299     7.81G      2.01     0.308         0      2.31         8       608     0.834     0.665     0.766      0.74      2.97      0.36         0
   100/299     7.81G      1.97     0.302         0      2.27         8       608      0.85       0.6     0.752     0.704      2.99     0.387         0
   101/299     7.81G      1.93     0.316         0      2.25         3       608     0.895     0.593     0.775     0.713      2.99     0.386         0
   102/299     7.81G      1.93     0.293         0      2.22         8       608     0.909     0.655     0.809     0.761      2.89     0.375         0
   103/299     7.81G      2.03     0.292         0      2.32        13       608     0.894     0.599     0.788     0.718      2.89     0.386         0
   104/299     7.81G      1.99     0.311         0       2.3         3       608     0.918     0.596     0.786     0.723         3     0.406         0
   105/299     7.81G      1.96     0.331         0      2.29        12       608     0.917     0.686     0.798     0.785      2.89     0.378         0
   106/299     7.81G       1.8     0.287         0      2.09         9       608     0.895     0.673     0.808     0.768      2.98     0.388         0
   107/299     7.81G      1.96     0.282         0      2.24         2       608     0.916     0.675     0.805     0.777      2.98      0.39         0
   108/299     7.81G      1.81     0.286         0       2.1         8       608     0.929     0.637     0.779     0.756      3.07       0.4         0
   109/299     7.81G      1.87     0.286         0      2.15         7       608     0.934     0.631     0.806     0.753      2.94     0.402         0
   110/299     7.81G      1.83     0.274         0      2.11         3       608     0.904     0.586     0.819     0.711      2.92     0.427         0
   111/299     7.81G      1.83     0.282         0      2.11        10       608     0.948     0.645     0.793     0.768      2.86     0.408         0
   112/299     7.81G      1.73     0.292         0      2.02        10       608     0.899     0.699     0.816     0.786      2.82      0.36         0
   113/299     7.81G      1.77     0.278         0      2.05         3       608     0.922     0.729     0.847     0.814      3.01     0.372         0
   114/299     7.81G      1.88     0.287         0      2.16        10       608     0.946     0.619     0.816     0.748      3.05     0.396         0
   115/299     7.81G      1.71     0.279         0      1.99         6       608     0.926     0.673     0.828     0.779      2.93     0.363         0
   116/299     7.81G      1.75     0.285         0      2.03         2       608     0.899     0.593      0.73     0.715      3.18     0.394         0
   117/299     7.81G      1.62     0.276         0       1.9        10       608     0.857     0.549     0.652     0.669      3.44     0.405         0
   118/299     7.81G       1.8     0.267         0      2.06         8       608     0.823     0.735      0.81     0.776       2.9     0.341         0
   119/299     7.81G      1.82     0.279         0       2.1         3       608     0.879     0.717     0.815      0.79      2.89     0.358         0
   120/299     7.81G      1.74     0.283         0      2.02         9       608     0.894     0.671     0.815     0.766      2.77     0.382         0
   121/299     7.81G      1.68     0.321         0         2        12       608     0.878       0.7     0.822     0.779       2.7     0.375         0
   122/299     7.81G      1.78     0.258         0      2.03         4       608     0.916     0.655     0.824     0.764      2.77     0.378         0
   123/299     7.81G      1.63     0.281         0      1.91         8       608     0.949     0.662      0.83      0.78      2.76     0.374         0
   124/299     7.81G      1.75     0.244         0         2        10       608     0.947     0.664     0.803      0.78      2.74     0.395         0
   125/299     7.81G       1.7     0.259         0      1.96         2       608     0.961      0.66     0.814     0.783      2.66     0.402         0
   126/299     7.81G      1.66     0.289         0      1.95        12       608     0.938     0.671     0.808     0.782      2.68     0.373         0
   127/299     7.81G      1.69     0.242         0      1.94        10       608     0.924     0.699      0.82     0.796      2.75     0.359         0
   128/299     7.81G       1.6     0.248         0      1.85         3       608     0.857     0.717     0.805     0.781      2.75     0.348         0
   129/299     7.81G      1.65     0.258         0      1.91         9       608     0.876     0.717     0.792     0.788      2.78     0.355         0
   130/299     7.81G      1.59     0.287         0      1.88        12       608       0.9     0.726     0.806     0.803      2.79     0.344         0
   131/299     7.81G      1.53     0.251         0      1.78         2       608     0.943     0.729      0.84     0.822      2.71      0.35         0
   132/299     7.81G      1.62     0.243         0      1.86        11       608     0.898     0.708      0.81     0.792       2.8     0.344         0
   133/299     7.81G      1.73     0.257         0      1.98         9       608     0.907     0.664     0.802     0.767      2.73     0.364         0
   134/299     7.81G      1.49     0.272         0      1.76         3       608     0.863     0.669     0.826     0.754      2.76     0.378         0
   135/299     7.81G      1.63     0.249         0      1.88         8       608      0.88     0.708     0.848     0.785      2.74     0.363         0
   136/299     7.81G       1.6     0.249         0      1.85        11       608     0.912      0.69     0.853     0.786      2.75     0.377         0
   137/299     7.81G      1.61     0.241         0      1.85         2       608     0.882      0.69     0.847     0.774      2.81     0.365         0
   138/299     7.81G      1.57     0.251         0      1.82        10       608     0.873     0.667     0.807     0.756      2.87      0.37         0
   139/299     7.81G      1.54     0.236         0      1.78        12       608     0.869     0.647     0.797     0.742      2.89     0.382         0
   140/299     7.81G      1.58     0.252         0      1.84         3       608      0.89     0.717     0.855     0.795      2.71     0.361         0
   141/299     7.81G      1.55     0.241         0      1.79         9       608     0.935     0.752     0.883     0.834      2.71     0.357         0
   142/299     7.81G      1.52     0.242         0      1.77         9       608     0.918     0.696     0.858     0.792       2.7     0.383         0
   143/299     7.81G      1.43     0.243         0      1.67         4       608     0.942     0.721     0.863     0.817      2.62      0.37         0
   144/299     7.81G      1.43     0.246         0      1.68        11       608     0.917     0.717     0.852     0.805      2.57     0.371         0
   145/299     7.81G       1.5     0.243         0      1.74        13       608     0.902     0.761     0.867     0.826       2.6      0.34         0
   146/299     7.81G      1.51     0.231         0      1.74         3       608     0.902     0.733     0.862     0.809      2.55     0.339         0
   147/299     7.81G      1.39     0.217         0      1.61         6       608     0.908     0.743     0.836     0.818       2.7     0.344         0
   148/299     7.81G      1.46     0.236         0      1.69        11       608       0.9      0.72     0.816       0.8      2.68     0.354         0
   149/299     7.81G      1.34     0.245         0      1.58         1       608     0.881     0.752     0.844     0.812      2.63     0.351         0
   150/299     7.81G      1.45      0.23         0      1.68        11       608     0.906     0.726     0.846     0.806      2.72     0.353         0
   151/299     7.81G      1.52     0.248         0      1.77         9       608     0.904     0.752     0.856     0.821      2.64     0.355         0
   152/299     7.81G      1.42      0.25         0      1.67         4       608     0.888      0.77     0.856     0.825      2.67     0.381         0
   153/299     7.81G      1.49     0.227         0      1.72         6       608     0.903     0.742     0.819     0.815      2.68     0.398         0
   154/299     7.81G      1.38     0.213         0      1.59         6       608     0.902     0.743     0.866     0.815      2.62      0.37         0
   155/299     7.81G      1.35     0.213         0      1.56         2       608     0.954     0.735     0.858      0.83      2.67     0.346         0
   156/299     7.81G       1.4     0.222         0      1.62        12       608     0.934     0.753     0.864     0.834       2.7     0.345         0
   157/299     7.81G      1.33     0.237         0      1.56         9       608     0.905     0.761     0.874     0.827      2.63     0.355         0
   158/299     7.81G      1.39     0.228         0      1.62         3       608     0.923     0.739     0.872     0.821      2.63      0.36         0
   159/299     7.81G      1.31     0.195         0      1.51        10       608     0.913     0.752     0.867     0.825      2.61     0.383         0
   160/299     7.81G      1.32     0.209         0      1.53        11       608     0.926     0.743     0.868     0.825      2.63      0.37         0
   161/299     7.81G      1.35     0.212         0      1.56         3       608     0.921     0.725     0.847     0.811      2.67     0.375         0
   162/299     7.81G      1.46     0.232         0      1.69         6       608     0.921     0.726      0.87     0.812      2.72     0.367         0
   163/299     7.81G      1.36     0.201         0      1.56        10       608     0.935     0.758     0.857     0.837      2.78     0.353         0
   164/299     7.81G      1.37      0.22         0      1.59         2       608     0.946     0.752     0.875     0.838      2.67     0.341         0
   165/299     7.81G      1.28      0.22         0       1.5        11       608     0.927     0.726     0.865     0.814      2.65     0.347         0
   166/299     7.81G      1.42     0.218         0      1.64        11       608      0.92     0.714     0.846     0.804      2.65     0.348         0
   167/299     7.81G      1.32     0.219         0      1.53         3       608       0.9     0.699     0.826     0.787      2.59     0.355         0
   168/299     7.81G      1.37     0.211         0      1.58         6       608     0.901     0.728     0.851     0.806      2.58     0.352         0
   169/299     7.81G      1.25     0.198         0      1.44         7       608     0.865     0.761     0.824      0.81      2.65     0.351         0
   170/299     7.81G      1.38     0.241         0      1.63         3       608     0.858     0.746     0.835     0.798      2.66     0.349         0
   171/299     7.81G      1.26     0.215         0      1.48         8       608     0.892     0.752     0.852     0.816       2.7     0.344         0
   172/299     7.81G      1.28     0.212         0       1.5         7       608      0.88     0.752     0.832     0.811      2.66     0.348         0
   173/299     7.81G      1.29     0.202         0      1.49         4       608     0.913     0.743     0.837      0.82      2.72      0.37         0
   174/299     7.81G      1.23     0.199         0      1.43        12       608     0.928     0.743     0.848     0.826       2.7      0.37         0
   175/299     7.81G      1.26      0.21         0      1.47        12       608     0.946     0.726     0.865     0.821      2.65     0.366         0
   176/299     7.81G       1.1     0.211         0      1.32         2       608     0.927     0.735     0.883     0.819      2.63     0.348         0
   177/299     7.81G      1.25     0.205         0      1.46         8       608     0.916     0.735     0.879     0.815      2.65     0.341         0
   178/299     7.81G      1.18       0.2         0      1.38        12       608     0.903     0.735     0.873      0.81      2.58      0.34         0
   179/299     7.81G      1.31     0.217         0      1.53         2       608     0.922     0.737     0.837     0.819      2.73     0.384         0
   180/299     7.81G      1.23     0.209         0      1.44        12       608     0.911      0.72     0.827     0.804      2.65     0.378         0
   181/299     7.81G      1.28     0.209         0      1.49         8       608     0.887     0.708     0.837     0.788      2.59      0.36         0
   182/299     7.81G      1.29     0.202         0      1.49         2       608     0.842     0.699     0.841     0.764      2.68     0.363         0
   183/299     7.81G      1.23     0.205         0      1.43        10       608     0.817     0.712     0.849     0.761      2.62     0.343         0
   184/299     7.81G      1.22     0.208         0      1.43         8       608     0.846     0.776     0.868     0.809      2.56     0.346         0
   185/299     7.81G       1.1     0.197         0       1.3         5       608     0.884     0.761      0.85     0.818      2.56     0.355         0
   186/299     7.81G      1.14     0.196         0      1.34         8       608     0.903     0.744     0.861     0.816      2.56     0.351         0
   187/299     7.81G      1.17     0.196         0      1.37         9       608     0.912     0.737     0.868     0.816      2.59      0.35         0
   188/299     7.81G      1.15     0.198         0      1.35         4       608     0.911     0.728     0.855      0.81      2.52     0.355         0
   189/299     7.81G      1.13     0.219         0      1.35        10       608      0.91     0.735     0.855     0.813      2.53     0.356         0
   190/299     7.81G      1.21     0.198         0      1.41        10       608     0.882     0.717     0.853     0.791      2.55     0.354         0
   191/299     7.81G      1.11     0.198         0      1.31         2       608     0.876     0.747      0.86     0.806      2.64     0.355         0
   192/299     7.81G      1.07     0.199         0      1.27        11       608     0.897     0.779     0.859     0.834      2.61     0.349         0
   193/299     7.81G      1.14     0.201         0      1.34        10       608     0.885     0.748      0.84     0.811      2.61     0.349         0
   194/299     7.81G      1.07     0.181         0      1.25         1       608     0.889     0.735     0.838     0.805      2.59     0.349         0
   195/299     7.81G     0.944     0.185         0      1.13         8       608     0.895     0.726      0.84     0.802      2.58      0.35         0
   196/299     7.81G      1.03     0.173         0       1.2        15       608     0.887     0.708      0.83     0.788      2.58     0.369         0
   197/299     7.81G      1.16     0.177         0      1.33         3       608     0.878     0.726     0.813     0.794      2.59     0.369         0
   198/299     7.81G      1.09     0.169         0      1.26         9       608     0.874     0.726     0.821     0.793      2.54      0.36         0
   199/299     7.81G      1.17     0.173         0      1.35         7       608     0.873     0.717     0.832     0.787      2.53     0.348         0
   200/299     7.81G      1.04     0.185         0      1.22         1       608     0.899     0.743     0.844     0.814      2.56     0.353         0
   201/299     7.81G     0.978     0.186         0      1.16        14       608     0.893     0.735     0.826     0.806      2.54      0.35         0
   202/299     7.81G      0.98     0.188         0      1.17        12       608     0.904     0.743     0.832     0.816      2.52     0.344         0
   203/299     7.81G     0.904     0.168         0      1.07         3       608     0.901      0.77     0.851      0.83      2.55     0.344         0
   204/299     7.81G      1.08     0.169         0      1.24         8       608     0.886     0.756     0.833     0.816       2.6      0.35         0
   205/299     7.81G     0.943     0.165         0      1.11         9       608       0.9     0.761     0.841     0.825      2.55     0.349         0
   206/299     7.81G       1.1     0.169         0      1.27         1       608     0.873     0.752     0.841     0.808      2.51     0.349         0
   207/299     7.81G      1.11     0.183         0      1.29        10       608     0.883      0.77     0.855     0.822      2.53      0.35         0
   208/299     7.81G      1.07     0.171         0      1.24         9       608     0.879     0.768     0.865      0.82      2.54     0.346         0
   209/299     7.81G      1.03     0.174         0      1.21         3       608     0.876      0.77     0.861     0.819      2.57     0.349         0
   210/299     7.81G      1.02     0.192         0      1.22        10       608     0.889      0.77      0.86     0.825      2.58     0.349         0
   211/299     7.81G         1     0.202         0       1.2        10       608     0.886      0.76     0.846     0.819      2.56     0.348         0
   212/299     7.81G      1.05     0.189         0      1.24         3       608     0.897     0.767     0.855     0.827      2.52     0.349         0
   213/299     7.81G     0.873      0.17         0      1.04         8       608      0.88     0.776     0.855     0.825      2.49     0.344         0
   214/299     7.81G     0.962     0.164         0      1.13         8       608     0.899     0.788     0.866      0.84      2.46     0.344         0
   215/299     7.81G     0.915     0.171         0      1.09         3       608     0.897     0.788     0.869     0.839      2.47     0.344         0
   216/299     7.81G     0.932     0.174         0      1.11        11       608     0.871      0.77     0.856     0.817      2.47     0.346         0
   217/299     7.81G     0.991      0.18         0      1.17         8       608     0.871     0.779     0.862     0.822      2.47     0.347         0
   218/299     7.81G     0.967      0.18         0      1.15         3       608     0.871      0.77      0.87     0.817      2.49     0.343         0
   219/299     7.81G     0.898     0.171         0      1.07         7       608     0.886      0.76     0.851     0.819      2.54     0.352         0
   220/299     7.81G     0.922      0.19         0      1.11         8       608     0.886     0.752     0.845     0.814      2.57     0.361         0
   221/299     7.81G     0.919     0.164         0      1.08         4       608     0.888     0.769     0.844     0.824      2.54     0.364         0
   222/299     7.81G      1.01     0.167         0      1.18         8       608     0.887     0.766     0.841     0.822      2.55     0.362         0
   223/299     7.81G     0.997     0.174         0      1.17         7       608     0.881     0.779     0.831     0.827      2.52     0.365         0
   224/299     7.81G     0.991     0.175         0      1.17         4       608      0.87     0.768     0.841     0.815      2.51     0.361         0
   225/299     7.81G     0.938     0.155         0      1.09        10       608     0.878     0.752     0.835      0.81      2.52     0.362         0
   226/299     7.81G     0.903      0.18         0      1.08        11       608     0.874      0.77     0.834     0.819      2.51     0.363         0
   227/299     7.81G     0.841     0.154         0     0.995         3       608     0.852     0.763     0.846     0.805      2.45     0.365         0
   228/299     7.81G     0.903     0.167         0      1.07         9       608     0.853     0.779     0.852     0.814      2.44     0.364         0
   229/299     7.81G     0.807     0.157         0     0.964         9       608     0.854     0.778     0.855     0.814      2.45     0.361         0
   230/299     7.81G     0.896     0.181         0      1.08         5       608     0.855     0.782     0.851     0.817      2.46     0.363         0
   231/299     7.81G     0.911     0.174         0      1.09         7       608     0.859     0.754     0.861     0.803      2.44     0.361         0
   232/299     7.81G     0.861     0.172         0      1.03        10       608     0.861     0.765     0.847      0.81      2.48     0.362         0
   233/299     7.81G     0.761     0.144         0     0.906         2       608      0.85     0.753     0.843     0.799      2.45     0.357         0
   234/299     7.81G     0.872     0.175         0      1.05         9       608     0.872     0.761     0.858     0.813      2.44     0.359         0
   235/299     7.81G      0.84      0.16         0         1        10       608     0.857     0.744     0.859     0.797      2.43     0.362         0
   236/299     7.81G     0.839     0.155         0     0.995         2       608     0.868     0.743     0.859     0.801      2.44      0.36         0
   237/299     7.81G     0.832     0.156         0     0.988        11       608     0.867     0.743     0.861     0.801      2.43     0.359         0
   238/299     7.81G       0.9     0.164         0      1.06        10       608     0.866     0.744     0.861       0.8      2.43     0.359         0
   239/299     7.81G     0.786     0.166         0     0.951         3       608     0.866     0.761     0.863      0.81      2.45     0.357         0
   240/299     7.81G     0.809      0.16         0     0.969        10       608     0.878     0.779     0.857     0.825      2.44     0.352         0
   241/299     7.81G     0.819     0.151         0      0.97        10       608     0.868      0.77     0.851     0.816      2.45     0.352         0
   242/299     7.81G     0.811     0.158         0     0.969         3       608     0.863     0.761      0.85     0.809      2.45     0.349         0
   243/299     7.81G     0.868     0.147         0      1.02        10       608     0.863      0.77     0.848     0.814      2.45     0.348         0
   244/299     7.81G     0.809     0.161         0     0.971         8       608     0.879     0.788     0.853     0.831      2.45      0.35         0
   245/299     7.81G     0.778     0.157         0     0.935         2       608     0.878     0.779     0.861     0.825      2.44     0.355         0
   246/299     7.81G     0.834     0.154         0     0.988         9       608     0.879      0.77     0.864     0.821      2.44     0.356         0
   247/299     7.81G     0.765     0.159         0     0.923        11       608      0.88     0.778     0.855     0.826      2.47     0.353         0
   248/299     7.81G     0.791     0.136         0     0.926         2       608     0.874     0.779     0.862     0.824      2.48     0.352         0
   249/299     7.81G     0.768     0.161         0     0.929        10       608     0.879     0.769     0.863      0.82      2.48     0.355         0
   250/299     7.81G     0.731     0.135         0     0.866         8       608     0.868     0.757      0.84     0.809      2.49     0.358         0
   251/299     7.81G     0.807     0.145         0     0.951         2       608     0.858     0.748     0.828     0.799       2.5     0.361         0
   252/299     7.81G     0.808     0.155         0     0.962         8       608     0.862     0.774     0.839     0.816      2.47     0.357         0
   253/299     7.81G     0.775     0.155         0      0.93         7       608      0.87     0.772     0.851     0.818      2.45     0.357         0
   254/299     7.81G     0.794     0.161         0     0.955         4       608     0.871     0.776     0.855     0.821      2.45     0.355         0
   255/299     7.81G      0.75     0.158         0     0.909         9       608     0.877     0.779     0.854     0.825      2.45     0.357         0
   256/299     7.81G      0.75     0.151         0       0.9         9       608     0.872      0.77     0.852     0.818      2.43     0.357         0
   257/299     7.81G     0.766     0.138         0     0.904         2       608      0.88     0.779     0.852     0.826      2.44     0.357         0
   258/299     7.81G     0.766     0.162         0     0.929        10       608     0.876     0.779     0.852     0.824      2.45     0.355         0
   259/299     7.81G     0.805     0.143         0     0.947        12       608     0.886     0.788     0.863     0.834      2.45     0.355         0
   260/299     7.81G     0.762     0.152         0     0.914         2       608      0.88     0.775     0.863     0.824      2.44     0.356         0
   261/299     7.81G      0.67     0.133         0     0.803         8       608     0.879     0.773     0.858     0.822      2.44     0.359         0
   262/299     7.81G     0.722     0.142         0     0.864         9       608     0.883      0.77     0.847     0.823      2.46     0.361         0
   263/299     7.81G     0.722     0.174         0     0.896         2       608     0.871     0.761     0.848     0.812      2.46     0.361         0
   264/299     7.81G      0.69     0.147         0     0.836         8       608     0.866      0.77     0.851     0.815      2.46     0.364         0
   265/299     7.81G     0.732     0.153         0     0.884         7       608     0.863     0.761     0.852     0.809      2.47     0.366         0
   266/299     7.81G     0.794     0.145         0     0.939         2       608     0.871     0.779     0.853     0.823      2.47     0.367         0
   267/299     7.81G     0.743     0.147         0     0.891        12       608     0.884     0.779     0.856     0.828      2.46     0.369         0
   268/299     7.81G     0.754     0.145         0     0.899        10       608     0.893     0.779     0.847     0.832      2.47     0.368         0
   269/299     7.81G     0.737     0.144         0      0.88         4       608     0.889      0.77     0.846     0.825      2.47     0.368         0
   270/299     7.81G     0.735     0.148         0     0.883        11       608     0.889      0.77     0.847     0.825      2.48      0.37         0
   271/299     7.81G     0.692     0.145         0     0.837        10       608     0.881      0.77     0.846     0.822      2.49     0.372         0
   272/299     7.81G     0.752     0.155         0     0.907         4       608     0.866      0.77     0.847     0.815      2.47      0.37         0
   273/299     7.81G     0.691     0.142         0     0.833         9       608     0.863      0.78     0.853     0.819      2.47     0.366         0
   274/299     7.81G      0.65     0.138         0     0.788         9       608     0.862      0.77     0.854     0.814      2.46     0.368         0
   275/299     7.81G     0.755     0.127         0     0.881         3       608     0.862      0.77     0.856     0.813      2.47     0.365         0
   276/299     7.81G     0.756     0.134         0     0.889        11       608     0.864      0.77     0.857     0.814      2.46     0.365         0
   277/299     7.81G     0.753     0.141         0     0.894         7       608     0.864      0.77     0.855     0.814      2.47     0.363         0
   278/299     7.81G     0.733     0.152         0     0.885         2       608     0.871      0.77     0.854     0.817      2.47     0.362         0
   279/299     7.81G     0.615     0.128         0     0.743         7       608     0.869     0.763     0.857     0.813      2.46     0.362         0
   280/299     7.81G     0.669     0.119         0     0.788        11       608     0.869     0.763     0.856     0.813      2.46     0.365         0
   281/299     7.81G     0.657      0.13         0     0.787         3       608     0.881      0.77     0.856     0.822      2.45     0.366         0
   282/299     7.81G     0.687     0.148         0     0.834         9       608     0.888     0.769     0.856     0.824      2.45     0.365         0
   283/299     7.81G     0.779     0.157         0     0.935         9       608     0.872      0.77     0.857     0.818      2.45     0.367         0
   284/299     7.81G     0.699     0.147         0     0.846         3       608      0.87      0.77     0.856     0.817      2.45     0.366         0
   285/299     7.81G     0.758     0.146         0     0.904         6       608     0.882     0.779     0.864     0.827      2.46     0.367         0
   286/299     7.81G     0.824      0.13         0     0.954         5       608     0.879     0.774     0.864     0.823      2.46     0.366         0
   287/299     7.81G       0.7     0.145         0     0.845         3       608     0.877     0.779     0.859     0.825      2.47     0.365         0
   288/299     7.81G     0.671     0.137         0     0.807         9       608     0.882     0.779     0.858     0.827      2.49     0.366         0
   289/299     7.81G     0.631     0.142         0     0.773        12       608     0.873      0.77     0.857     0.818      2.49     0.371         0
   290/299     7.81G     0.755     0.159         0     0.914         3       608     0.872     0.761     0.853     0.813      2.49     0.376         0
   291/299     7.81G     0.716     0.133         0     0.849         6       608     0.878     0.767     0.852     0.819      2.49     0.377         0
   292/299     7.81G     0.696     0.137         0     0.833        10       608     0.869     0.761     0.853     0.812      2.51     0.376         0
   293/299     7.81G     0.685     0.136         0      0.82         3       608      0.87     0.761     0.854     0.812       2.5     0.374         0
   294/299     7.81G     0.637     0.143         0      0.78        13       608     0.869     0.761     0.855     0.812      2.51     0.375         0
   295/299     7.81G     0.649     0.144         0     0.793         6       608     0.855     0.761     0.836     0.805       2.5     0.375         0
   296/299     7.81G     0.635     0.124         0     0.759         2       608     0.861     0.765     0.846      0.81      2.49     0.371         0
   297/299     7.81G     0.667      0.13         0     0.797        13       608     0.871     0.776      0.86     0.821       2.5      0.37         0
   298/299     7.81G     0.641     0.126         0     0.767        12       608     0.873     0.788     0.864     0.828       2.5     0.369         0
   299/299     7.81G     0.708     0.136         0     0.844         2       608     0.861     0.767     0.854     0.812      2.48     0.371         0
