[          1]
[          1]
[          1]
[          1]
[          1]
[          1]
[          1]
[          1]
[          1]
[          1]
[          1]
[          1]
[          1]
[          1]
[          1]
[          1]
[          1]
[          1]
[          1]
[          1]
[          1]
[          1]
[          1]
[          1]
[          1]
[          1]
[          1]
[          1]
[          1]
[          1]
[          1]
[          1]
[          1]
[          1]
[          1]
[          1]
[          1]
[          1]
[          1]
[          1]
[          1]
[          1]
[          1]
[          1]
[          1]
[    0.97826]
[    0.97872]
[    0.97917]
[    0.97959]
[       0.98]
[    0.98039]
[    0.98077]
[    0.98113]
[    0.98148]
[    0.98182]
[    0.98214]
[    0.98246]
[    0.98276]
[    0.98305]
[    0.98333]
[    0.98361]
[    0.98387]
[    0.98413]
[    0.98438]
[    0.98462]
[    0.98485]
[    0.98507]
[    0.98529]
[    0.98551]
[    0.98571]
[    0.98592]
[    0.98611]
[     0.9863]
[    0.98649]
[    0.98667]
[    0.98684]
[    0.98701]
[    0.98718]
[    0.98734]
[      0.975]
[    0.97531]
[    0.97561]
[     0.9759]
[    0.97619]
[    0.97647]
[    0.97674]
[    0.97701]
[    0.97727]
[    0.97753]
[    0.97778]
[    0.97802]
[    0.97826]
[    0.97849]
[    0.97872]
[    0.97895]
[    0.96875]
[    0.96907]
[    0.96939]
[     0.9697]
[       0.97]
[     0.9703]
[    0.97059]
[    0.97087]
[    0.97115]
[    0.97143]
[    0.96226]
[    0.96262]
[    0.96296]
[     0.9633]
[    0.96364]
[    0.95495]
[    0.95536]
[    0.95575]
[    0.94737]
[    0.94783]
[    0.94828]
[    0.94872]
[    0.94915]
[    0.94958]
[    0.94167]
[    0.94215]
[    0.93443]
[    0.93496]
[    0.93548]
[      0.936]
[    0.92857]
[    0.92913]
[    0.92969]
[    0.93023]
[    0.93077]
[     0.9313]
[    0.93182]
[    0.93233]
[    0.93284]
[    0.92593]
[    0.92647]
[    0.91971]
[    0.91304]
[    0.91367]
[    0.91429]
[    0.91489]
[    0.90845]
[    0.90909]
[    0.90278]
[    0.89655]
[    0.89726]
[    0.89796]
[    0.89189]
[    0.89262]
[    0.88667]
[    0.88742]
[    0.88158]
[    0.87582]
[    0.87013]
[    0.86452]
[    0.85897]
[     0.8535]
[    0.85443]
[    0.84906]
[    0.84375]
[    0.84472]
[    0.83951]
[    0.84049]
[    0.84146]
[    0.83636]
[    0.83133]
[    0.82635]
[    0.82738]
[     0.8284]
[    0.82941]
[    0.83041]
[    0.82558]
[    0.82081]
[    0.81609]
[    0.81714]
[    0.81818]
[    0.81921]
[    0.82022]
[    0.81564]
[    0.81111]
[    0.80663]
[     0.8022]
[    0.79781]
[    0.79891]
[    0.79459]
[    0.79032]
[     0.7861]
[    0.78723]
[    0.78307]
[    0.78421]
[     0.7801]
[    0.77604]
[    0.77202]
[    0.76804]
[     0.7641]
[     0.7602]
[    0.76142]
[    0.75758]
[    0.75377]
[       0.75]
[    0.74627]
[    0.74257]
[    0.73892]
[    0.73529]
[    0.73171]
[    0.72816]
[    0.72464]
[    0.72115]
[     0.7177]
[    0.71429]
[     0.7109]
[    0.70755]
[    0.70892]
[    0.70561]
[    0.70233]
[    0.69907]
[    0.69585]
[    0.69266]
[     0.6895]
[    0.68636]
[    0.68326]
[    0.68018]
[    0.67713]
[    0.67857]
[    0.67556]
[    0.67257]
[     0.6696]
[    0.66667]
[    0.66376]
[    0.66087]
[    0.65801]
[    0.65517]
[    0.65236]
[    0.64957]
[    0.64681]
[    0.64407]
[    0.64557]
[    0.64286]
[    0.64017]
[     0.6375]
[    0.63485]
[    0.63223]
[    0.62963]
[    0.62705]
[    0.62857]
[    0.62602]
[    0.62753]
[      0.625]
[    0.62249]
[       0.62]
[    0.61753]
[    0.61508]
[    0.61265]
[    0.61024]
[    0.60784]
[    0.60547]
[    0.60311]
[    0.60078]
[    0.60232]
[        0.6]
[     0.5977]
[    0.59542]
[    0.59316]
[    0.59091]
[    0.58868]
[    0.58647]
[    0.58427]
[    0.58209]
[    0.57993]
[    0.57778]
[    0.57565]
[    0.57353]
[    0.57143]
[    0.56934]
[    0.56727]
[    0.56522]
[    0.56318]
[    0.56115]
[    0.55914]
[    0.55714]
[    0.55516]
[    0.55319]
[    0.55124]
[     0.5493]
[    0.54737]
[    0.54545]
[    0.54355]
[    0.54167]
[    0.53979]
[    0.53793]
[    0.53608]
[    0.53425]
[    0.53242]
[    0.53061]
[    0.52881]
[    0.52703]
[    0.52525]
[    0.52349]
[    0.52174]
[       0.52]
[    0.52159]
[    0.51987]
[    0.51815]
[    0.51645]
[    0.51803]
[    0.51634]
[    0.51466]
[    0.51299]
[    0.51133]
[    0.50968]
[    0.50804]
[    0.50641]
[    0.50479]
[    0.50637]
[    0.50476]
[    0.50316]
[    0.50158]
[        0.5]
[    0.49843]
[    0.49688]
[    0.49533]
[    0.49379]
[    0.49226]
[    0.49074]
[    0.48923]
[    0.48773]
[    0.48624]
[    0.48476]
[    0.48632]
[    0.48485]
[    0.48338]
[    0.48494]
[    0.48348]
[    0.48204]
[     0.4806]
[    0.47917]
[    0.47774]
[    0.47633]
[    0.47493]
[    0.47353]
[    0.47214]
[    0.47076]
[    0.46939]
[    0.46802]
[    0.46667]
[    0.46532]
[    0.46398]
[    0.46264]
[    0.46132]
[       0.46]
[    0.45869]
[    0.45739]
[    0.45609]
[     0.4548]
[    0.45352]
[    0.45225]
[    0.45098]
[    0.44972]
[    0.44847]
[    0.44722]
[    0.44598]
[    0.44475]
[    0.44353]
[    0.44231]
[     0.4411]
[    0.43989]
[    0.43869]
[     0.4375]
[    0.43631]
[    0.43514]
[    0.43396]
[     0.4328]
[    0.43164]
[    0.43048]
[    0.42933]
[    0.42819]
[    0.42706]
[    0.42593]
[     0.4248]
[    0.42368]
[    0.42257]
[    0.42147]
[    0.42037]
[    0.41927]
[    0.41818]
[     0.4171]
[    0.41602]
[    0.41495]
[    0.41388]
[    0.41282]
[    0.41176]
[    0.41071]
[    0.40967]
[    0.40863]
[    0.40759]
[    0.40657]
[    0.40554]
[    0.40704]
[    0.40602]
[      0.405]
[    0.40399]
[    0.40299]
[    0.40199]
[    0.40099]
[        0.4]
[    0.39901]
[    0.39803]
[    0.39706]
[    0.39609]
[    0.39512]
[    0.39416]
[     0.3932]
[    0.39225]
[     0.3913]
[    0.39036]
[    0.38942]
[    0.38849]
[    0.38756]
[    0.38663]
[    0.38571]
[     0.3848]
[    0.38389]
[    0.38298]
[    0.38208]
[    0.38353]
[    0.38263]
[    0.38173]
[    0.38084]
[    0.37995]
[    0.37907]
[    0.37819]
[    0.37731]
[    0.37644]
[    0.37558]
[    0.37471]
[    0.37385]
[      0.373]
[    0.37215]
[     0.3713]
[    0.37045]
[    0.36961]
[    0.36878]
[    0.36795]
[    0.36712]
[    0.36629]
[    0.36547]
[    0.36465]
[    0.36384]
[    0.36303]
[    0.36222]
[    0.36142]
[    0.36062]
[    0.35982]
[    0.35903]
[    0.35824]
[    0.35746]
[    0.35667]
[     0.3559]
[    0.35512]
[    0.35435]
[    0.35358]
[    0.35281]
[    0.35205]
[    0.35129]
[    0.35054]
[    0.34979]
[    0.34904]
[    0.34829]
[    0.34755]
[    0.34681]
[    0.34607]
[    0.34534]
[    0.34461]
[    0.34388]
[    0.34316]
[    0.34244]
[    0.34172]
[      0.341]
[    0.34029]
[    0.33958]
[    0.33888]
[    0.33817]
[    0.33747]
[    0.33678]
[    0.33608]
[    0.33539]
[     0.3347]
[    0.33402]
[    0.33333]
[    0.33265]
[    0.33198]
[     0.3313]
[    0.33063]
[    0.33198]
[    0.33131]
[    0.33065]
[    0.32998]
[    0.32932]
[    0.32866]
[      0.328]
[    0.32735]
[    0.32669]
[    0.32604]
[     0.3254]
[    0.32475]
[    0.32411]
[    0.32347]
[    0.32283]
[     0.3222]
[    0.32157]
[    0.32094]
[    0.32031]
[    0.31969]
[    0.31907]
[    0.31845]
[    0.31783]
[    0.31721]
[     0.3166]
[    0.31599]
[    0.31538]
[    0.31478]
[    0.31418]
[    0.31358]
[    0.31298]
[    0.31238]
[    0.31179]
[     0.3112]
[    0.31061]
[    0.31002]
[    0.30943]
[    0.30885]
[    0.30827]
[    0.30769]
[    0.30712]
[    0.30654]
[    0.30597]
[     0.3054]
[    0.30483]
[    0.30427]
[     0.3037]
[    0.30314]
[    0.30258]
[    0.30387]
[    0.30331]
[    0.30275]
[     0.3022]
[    0.30165]
[    0.30109]
[    0.30055]
[        0.3]
[    0.29946]
[    0.29891]
[    0.29837]
[    0.29783]
[     0.2973]
[    0.29676]
[    0.29623]
[     0.2957]
[    0.29517]
[    0.29464]
[    0.29412]
[    0.29359]
[    0.29307]
[    0.29255]
[    0.29204]
[    0.29152]
[    0.29101]
[    0.29049]
[    0.28998]
[    0.28947]
[    0.28897]
[    0.28846]
[    0.28796]
[    0.28746]
[    0.28696]
[    0.28646]
[    0.28596]
[    0.28547]
[    0.28497]
[    0.28448]
[    0.28399]
[    0.28351]
[    0.28302]
[    0.28253]
[    0.28205]
[    0.28157]
[    0.28109]
[    0.28061]
[    0.28014]
[    0.27966]
[    0.27919]
[    0.27872]
[    0.27825]
[    0.27778]
[    0.27731]
[    0.27685]
[    0.27638]
[    0.27592]
[    0.27546]
[      0.275]
[    0.27454]
[    0.27409]
[    0.27363]
[    0.27318]
[    0.27273]
[    0.27228]
[    0.27183]
[    0.27138]
[    0.27094]
[    0.27049]
[    0.27005]
[    0.26961]
[    0.26917]
[    0.26873]
[    0.26829]
[    0.26786]
[    0.26742]
[    0.26699]
[    0.26656]
[    0.26613]
[     0.2657]
[    0.26527]
[    0.26485]
[    0.26442]
[      0.264]
[    0.26358]
[    0.26316]
[    0.26274]
[    0.26232]
[     0.2619]
[    0.26149]
[    0.26108]
[    0.26066]
[    0.26025]
[    0.25984]
[    0.25943]
[    0.25903]
[    0.25862]
[    0.25822]
[    0.25781]
[    0.25741]
[    0.25701]
[    0.25661]
[    0.25621]
[    0.25581]
[    0.25542]
[    0.25502]
[    0.25463]
[    0.25424]
[    0.25385]
[    0.25346]
[    0.25307]
