     0/299     7.81G      8.12      31.9         0      40.1        28       608         0         0   0.00262         0      7.24      2.17         0
     1/299      7.8G      6.33      2.51         0      8.83        20       608         0         0  0.000344         0      5.72      2.12         0
     2/299     7.81G      5.76       2.2         0      7.96        16       608         1   0.00526    0.0235    0.0105      5.84      1.74         0
     3/299     7.81G      5.25      1.88         0      7.12        20       608         0         0    0.0511         0      6.57      1.51         0
     4/299     7.81G      4.86      1.57         0      6.43        18       608    0.0677     0.411    0.0984     0.116      5.04      1.62         0
     5/299     7.81G      4.72      1.58         0       6.3        22       608      0.14     0.563     0.195     0.224      4.47      1.51         0
     6/299     7.81G      4.65      1.34         0      5.99        22       608     0.327    0.0154     0.189    0.0294      4.39      1.11         0
     7/299     7.81G      4.27      1.17         0      5.44        20       608     0.198    0.0986      0.12     0.132      4.74      1.02         0
     8/299     7.81G      4.16      1.28         0      5.44        25       608     0.364     0.174     0.213     0.235      4.53     0.982         0
     9/299     7.81G      4.37      1.11         0      5.48        20       608    0.0217     0.126    0.0246    0.0371      5.46      4.31         0
    10/299     7.81G      4.62      1.11         0      5.73        23       608     0.713    0.0655     0.328      0.12      4.22     0.964         0
    11/299     7.81G      4.27      1.06         0      5.33        24       608     0.691       0.4     0.551     0.506      3.92     0.869         0
    12/299     7.81G      4.09      1.03         0      5.12        19       608      0.79     0.178     0.446     0.291      3.85     0.878         0
    13/299     7.81G      4.44      0.91         0      5.35        27       608      0.47    0.0421      0.32    0.0772      4.89     0.758         0
    14/299     7.81G         4     0.949         0      4.95        26       608     0.821     0.314      0.56     0.454      4.15     0.755         0
    15/299     7.81G      4.18     0.896         0      5.07        27       608      0.57     0.189     0.384     0.284      4.52      0.76         0
    16/299     7.81G      4.06     0.911         0      4.98        17       608     0.676     0.126     0.458     0.213       4.2     0.747         0
    17/299     7.81G      3.67     0.958         0      4.62        25       608     0.614     0.247     0.309     0.353      4.98     0.753         0
    18/299     7.81G       4.2     0.781         0      4.98        28       608     0.629     0.152     0.325     0.245      5.32     0.615         0
    19/299     7.81G      4.03      0.83         0      4.86        23       608     0.699    0.0489     0.225    0.0914      5.29     0.747         0
    20/299     7.81G      3.86     0.815         0      4.68        21       608      0.82    0.0579     0.357     0.108      4.54     0.723         0
    21/299     7.81G      3.62      0.93         0      4.55        21       608     0.953     0.213     0.666     0.348      3.83     0.712         0
    22/299     7.81G      3.64     0.778         0      4.42        25       608     0.649    0.0895     0.432     0.157       4.6      0.64         0
    23/299     7.81G      3.25      0.81         0      4.06        16       608     0.874      0.51     0.685     0.644       3.8     0.683         0
    24/299     7.81G      3.55     0.795         0      4.35        21       608     0.846     0.261     0.593     0.399      3.99     0.695         0
    25/299     7.81G      3.48     0.766         0      4.25        22       608     0.895    0.0901     0.348     0.164      4.14     0.814         0
    26/299     7.81G       3.4     0.812         0      4.22        24       608     0.723     0.305     0.581     0.429      3.84     0.701         0
    27/299     7.81G      3.37     0.773         0      4.14        27       608     0.825     0.468     0.698     0.598       3.7      0.67         0
    28/299     7.81G      3.47     0.667         0      4.14        24       608     0.758     0.479     0.611     0.587      3.97     0.639         0
    29/299     7.81G       3.2     0.791         0      3.99        24       608     0.859     0.322     0.644     0.468      3.72     0.706         0
    30/299     7.81G      3.03     0.758         0      3.79        24       608     0.797     0.605     0.688     0.688       3.6     0.667         0
    31/299     7.81G      3.15     0.696         0      3.85        21       608     0.865     0.606     0.735     0.712      3.66     0.634         0
    32/299     7.81G      3.16     0.663         0      3.83        25       608     0.871     0.595     0.724     0.707      3.77     0.622         0
    33/299     7.81G         3     0.669         0      3.67        17       608     0.788     0.589     0.705     0.675      3.99     0.586         0
    34/299     7.81G      3.21       0.7         0      3.91        29       608     0.899     0.421     0.719     0.573      3.92     0.635         0
    35/299     7.81G      2.83     0.629         0      3.46        20       608     0.819     0.691     0.736      0.75      3.78     0.572         0
    36/299     7.81G      2.93     0.637         0      3.57        25       608     0.786     0.581     0.689     0.668      3.66     0.599         0
    37/299     7.81G      2.83     0.635         0      3.47        32       608      0.71     0.593     0.593     0.646      3.68     0.623         0
    38/299     7.81G      3.01     0.617         0      3.62        23       608     0.677       0.6      0.59     0.636      3.94     0.608         0
    39/299     7.81G      2.87     0.605         0      3.48        20       608     0.738     0.741      0.72     0.739      3.48     0.614         0
    40/299     7.81G      2.86     0.605         0      3.47        20       608     0.797     0.679     0.732     0.733      3.48     0.584         0
    41/299     7.81G      2.85     0.575         0      3.42        30       608     0.685     0.547     0.616     0.608      3.78     0.631         0
    42/299     7.81G      2.77     0.606         0      3.37        23       608     0.752     0.553     0.631     0.637      3.89     0.585         0
    43/299     7.81G      2.97     0.569         0      3.54        19       608     0.776     0.558     0.632     0.649      3.54     0.597         0
    44/299     7.81G      2.82     0.582         0       3.4        18       608     0.712     0.663     0.611     0.687      3.46     0.581         0
    45/299     7.81G      2.67     0.544         0      3.22        20       608     0.758     0.724     0.728      0.74      3.44     0.519         0
    46/299     7.81G      2.77     0.565         0      3.34        21       608     0.773     0.547     0.676     0.641      3.75     0.563         0
    47/299     7.81G      2.87      0.51         0      3.38        20       608     0.723       0.7     0.703     0.711      3.63     0.559         0
    48/299     7.81G      2.71     0.586         0       3.3        20       608     0.791     0.676      0.72     0.729      3.55     0.561         0
    49/299     7.81G       2.7     0.555         0      3.25        23       608       0.8     0.647     0.743     0.716      3.67     0.531         0
    50/299     7.81G      2.79     0.528         0      3.32        33       608     0.807     0.662     0.737     0.728      4.09      0.54         0
    51/299     7.81G      2.57     0.527         0       3.1        22       608     0.833     0.682      0.78      0.75      3.62     0.556         0
    52/299     7.81G      2.76      0.53         0      3.29        24       608     0.737     0.637     0.682     0.683       3.5     0.575         0
    53/299     7.81G      2.61     0.504         0      3.11        21       608     0.551     0.697     0.654     0.616       3.4     0.552         0
    54/299     7.81G       2.5     0.537         0      3.03        20       608     0.666     0.653     0.644     0.659      3.59     0.538         0
    55/299     7.81G       2.6     0.474         0      3.07        22       608     0.753     0.657     0.709     0.702      3.87     0.498         0
    56/299     7.81G      2.53     0.496         0      3.03        25       608     0.803     0.645     0.733     0.716      3.79     0.544         0
    57/299     7.81G      2.54     0.474         0      3.01        23       608     0.753     0.563     0.608     0.644      4.12      0.56         0
    58/299     7.81G       2.6      0.49         0      3.09        22       608     0.752      0.67     0.659     0.708      3.56      0.51         0
    59/299     7.81G      2.41     0.463         0      2.87        22       608     0.767     0.616     0.656     0.683      3.53     0.518         0
    60/299     7.81G      2.31     0.481         0      2.79        18       608     0.753     0.621     0.688     0.681      3.44     0.523         0
    61/299     7.81G      2.52     0.455         0      2.97        23       608     0.791     0.695     0.713      0.74      3.47      0.48         0
    62/299     7.81G      2.39     0.471         0      2.86        23       608     0.774     0.704     0.737     0.738      3.39     0.493         0
    63/299     7.81G      2.33     0.465         0      2.79        26       608     0.784     0.747     0.766     0.765       3.3     0.477         0
    64/299     7.81G      2.36     0.468         0      2.83        25       608      0.83       0.7     0.738     0.759      3.36     0.487         0
    65/299     7.81G      2.24     0.412         0      2.65        26       608     0.792     0.737     0.745     0.763      3.37     0.471         0
    66/299     7.81G      2.21     0.457         0      2.66        24       608     0.761     0.732     0.703     0.746      3.36     0.475         0
    67/299     7.81G      2.38      0.46         0      2.84        16       608     0.831     0.742     0.772     0.784      3.37     0.505         0
    68/299     7.81G      2.36     0.444         0       2.8        21       608      0.77     0.768     0.766     0.769      3.37      0.51         0
    69/299     7.81G       2.1     0.456         0      2.55        22       608     0.766     0.775     0.796     0.771      3.41     0.484         0
    70/299     7.81G      2.31     0.388         0       2.7        21       608     0.774     0.738     0.776     0.755      3.72      0.46         0
    71/299     7.81G      2.26     0.439         0       2.7        25       608     0.783       0.8     0.795     0.792      3.29     0.465         0
    72/299     7.81G      2.19     0.429         0      2.62        25       608      0.79     0.789     0.822      0.79      3.28     0.473         0
    73/299     7.81G      2.23     0.407         0      2.63        22       608     0.801     0.663     0.753     0.726      3.46     0.476         0
    74/299     7.81G      2.24     0.407         0      2.65        23       608     0.807     0.732     0.783     0.768      3.26     0.481         0
    75/299     7.81G      2.06     0.448         0      2.51        29       608     0.804     0.777      0.83      0.79      3.21     0.472         0
    76/299     7.81G      2.17     0.406         0      2.58        24       608     0.784     0.795     0.807     0.789      3.19     0.477         0
    77/299     7.81G      2.09     0.423         0      2.52        20       608     0.779     0.784     0.787     0.781      3.43     0.461         0
    78/299     7.81G      2.41     0.386         0       2.8        22       608     0.806     0.744      0.77     0.774      3.42     0.502         0
    79/299     7.81G       2.1     0.401         0       2.5        26       608     0.843      0.65     0.739     0.734      3.37      0.59         0
    80/299     7.81G       2.1     0.402         0       2.5        21       608     0.822     0.684     0.728     0.747      3.44     0.536         0
    81/299     7.81G      1.98     0.409         0      2.39        25       608     0.814     0.684     0.731     0.744      3.41     0.531         0
    82/299     7.81G      2.14     0.398         0      2.54        25       608     0.791     0.616     0.692     0.693      3.51     0.553         0
    83/299     7.81G      2.04      0.41         0      2.45        18       608     0.756     0.711      0.74     0.733      3.38     0.527         0
    84/299     7.81G      2.06     0.387         0      2.45        21       608     0.775     0.726     0.777      0.75      3.47     0.501         0
    85/299     7.81G      2.24     0.395         0      2.64        22       608      0.78     0.637     0.702     0.701      3.49     0.561         0
    86/299     7.81G      1.95     0.407         0      2.36        22       608     0.817     0.742      0.78     0.778      3.33     0.566         0
    87/299     7.81G      1.99     0.404         0      2.39        24       608     0.773     0.753     0.767     0.763      3.35     0.557         0
    88/299     7.81G      1.91      0.39         0       2.3        21       608     0.777     0.737     0.761     0.756      3.31     0.537         0
    89/299     7.81G      2.01      0.38         0      2.39        22       608     0.807     0.758     0.803     0.782      3.28     0.527         0
    90/299     7.81G      1.82     0.383         0       2.2        22       608     0.789     0.732     0.764     0.759      3.31     0.542         0
    91/299     7.81G      2.05     0.342         0      2.39        25       608       0.8     0.695     0.727     0.744      3.36     0.573         0
    92/299     7.81G      1.88     0.399         0      2.28        23       608     0.806     0.784     0.794     0.795      3.05     0.525         0
    93/299     7.81G      1.96      0.36         0      2.32        17       608     0.783     0.814     0.828     0.798      3.28       0.5         0
    94/299     7.81G       1.8     0.354         0      2.15        19       608     0.745     0.774     0.775     0.759      3.24     0.498         0
    95/299     7.81G      1.79     0.355         0      2.14        29       608     0.762     0.779     0.762      0.77       3.3     0.494         0
    96/299     7.81G      1.71     0.353         0      2.06        22       608     0.834     0.737     0.798     0.782      3.35     0.535         0
    97/299     7.81G      1.94     0.344         0      2.28        18       608     0.841     0.711     0.766      0.77      3.31     0.543         0
    98/299     7.81G       1.6     0.347         0      1.95        24       608     0.772     0.753     0.776     0.762      3.43     0.534         0
    99/299     7.81G       1.9     0.337         0      2.24        19       608     0.775     0.753     0.751     0.764      3.42     0.514         0
   100/299     7.81G      1.72     0.323         0      2.05        20       608     0.795     0.821     0.797     0.808      3.32     0.478         0
   101/299     7.81G      1.84     0.341         0      2.18        25       608      0.79     0.811     0.808       0.8      3.39     0.477         0
   102/299     7.81G      1.73     0.349         0      2.08        24       608     0.787     0.768     0.793     0.778      3.39       0.5         0
   103/299     7.81G      1.79     0.347         0      2.14        24       608     0.807     0.784     0.823     0.796      3.31       0.5         0
   104/299     7.81G      1.71     0.353         0      2.06        22       608     0.799     0.779     0.789     0.789      3.38     0.491         0
   105/299     7.81G      1.85     0.358         0      2.21        24       608     0.799     0.737     0.762     0.766      3.39     0.527         0
   106/299     7.81G      1.71      0.35         0      2.06        16       608      0.82     0.753     0.784     0.785      3.38     0.539         0
   107/299     7.81G      1.94     0.327         0      2.27        21       608     0.817     0.726     0.758     0.769      3.35     0.563         0
   108/299     7.81G      1.59     0.335         0      1.93        16       608     0.817     0.707     0.756     0.758      3.29     0.557         0
   109/299     7.81G      1.68     0.342         0      2.02        25       608     0.806     0.716      0.77     0.758      3.33     0.537         0
   110/299     7.81G      1.73     0.319         0      2.05        22       608     0.833     0.689     0.756     0.754      3.41     0.567         0
   111/299     7.81G      1.71     0.328         0      2.04        21       608     0.822     0.684     0.743     0.747      3.48      0.61         0
   112/299     7.81G       1.6       0.3         0       1.9        17       608     0.815     0.717     0.759     0.763      3.35     0.591         0
   113/299     7.81G      1.62     0.333         0      1.95        19       608     0.815     0.744     0.774     0.778      3.23     0.553         0
   114/299     7.81G      1.54     0.321         0      1.87        23       608     0.827     0.753     0.792     0.788      3.25     0.529         0
   115/299     7.81G      1.64     0.343         0      1.98        18       608     0.843     0.784     0.784     0.813      3.21      0.52         0
   116/299     7.81G      1.65     0.294         0      1.94        25       608     0.805     0.774     0.796     0.789      3.27     0.539         0
   117/299     7.81G      1.67     0.319         0      1.99        22       608     0.808     0.753      0.78     0.779      3.23      0.57         0
   118/299     7.81G      1.58     0.317         0       1.9        26       608     0.815     0.764      0.78     0.789      3.21     0.554         0
   119/299     7.81G      1.59     0.319         0      1.91        23       608      0.81     0.779      0.79     0.794      3.19     0.545         0
   120/299     7.81G       1.6     0.285         0      1.89        20       608      0.79     0.795     0.783     0.793      3.19     0.553         0
   121/299     7.81G      1.52     0.317         0      1.84        21       608     0.799     0.754     0.762     0.776      3.24     0.564         0
   122/299     7.81G       1.6     0.332         0      1.93        26       608     0.781      0.73      0.73     0.755      3.36     0.558         0
   123/299     7.81G       1.6     0.325         0      1.93        24       608     0.808     0.779     0.794     0.793      3.37     0.558         0
   124/299     7.81G      1.54     0.285         0      1.82        25       608     0.777     0.753     0.757     0.765      3.35     0.551         0
   125/299     7.81G      1.66     0.313         0      1.98        22       608     0.813     0.732     0.749      0.77      3.32     0.564         0
   126/299     7.81G      1.52     0.292         0      1.81        16       608     0.812     0.681     0.741      0.74      3.35     0.575         0
   127/299     7.81G      1.52     0.324         0      1.84        19       608     0.803     0.711     0.747     0.754      3.25     0.577         0
   128/299     7.81G      1.39     0.307         0       1.7        23       608     0.803     0.742     0.762     0.771      3.21     0.575         0
   129/299     7.81G      1.48     0.303         0      1.78        26       608       0.8     0.735     0.755     0.766      3.21     0.587         0
   130/299     7.81G      1.52     0.298         0      1.82        27       608      0.83     0.763     0.791     0.795      3.24     0.578         0
   131/299     7.81G      1.39       0.3         0      1.69        22       608     0.801     0.747     0.761     0.773      3.34     0.579         0
   132/299     7.81G      1.43     0.306         0      1.74        21       608     0.808      0.73     0.758     0.767      3.38       0.6         0
   133/299     7.81G      1.47     0.305         0      1.78        29       608     0.805       0.7     0.745     0.749      3.45     0.614         0
   134/299     7.81G      1.42     0.284         0      1.71        22       608      0.81     0.716     0.771      0.76      3.34     0.617         0
   135/299     7.81G      1.48     0.286         0      1.77        18       608     0.801     0.722     0.763     0.759      3.35     0.589         0
   136/299     7.81G      1.42     0.259         0      1.68        25       608     0.802     0.747     0.766     0.773       3.3     0.589         0
   137/299     7.81G      1.37     0.274         0      1.65        19       608     0.792     0.758     0.786     0.775      3.21     0.583         0
   138/299     7.81G      1.41     0.281         0       1.7        15       608     0.782     0.742     0.771     0.761      3.24     0.583         0
   139/299     7.81G      1.31      0.28         0      1.59        25       608     0.794     0.763     0.779     0.778      3.25     0.578         0
   140/299     7.81G      1.42     0.284         0      1.71        23       608     0.786     0.795     0.804      0.79      3.24     0.574         0
   141/299     7.81G       1.3     0.281         0      1.58        22       608     0.777     0.809     0.811     0.793      3.22     0.574         0
   142/299     7.81G      1.29     0.275         0      1.56        15       608     0.775     0.784     0.795      0.78      3.23     0.601         0
   143/299     7.81G      1.27     0.262         0      1.53        25       608     0.775     0.789     0.811     0.782      3.19     0.608         0
   144/299     7.81G      1.44     0.277         0      1.71        22       608     0.795     0.754     0.768     0.774      3.25     0.615         0
   145/299     7.81G      1.34     0.263         0      1.61        21       608     0.793     0.721     0.741     0.755       3.3     0.635         0
   146/299     7.81G      1.35     0.276         0      1.63        21       608     0.793     0.711      0.75     0.749      3.25     0.626         0
   147/299     7.81G      1.26     0.267         0      1.53        23       608     0.778     0.711      0.74     0.743      3.26     0.627         0
   148/299     7.81G      1.25     0.266         0      1.51        17       608     0.822     0.758     0.795     0.788       3.2     0.611         0
   149/299     7.81G      1.28     0.285         0      1.57        25       608     0.806     0.768      0.78     0.787      3.27     0.603         0
   150/299     7.81G      1.22     0.255         0      1.48        28       608     0.788     0.758     0.767     0.772      3.21     0.589         0
   151/299     7.81G      1.32     0.244         0      1.56        26       608     0.776     0.758     0.761     0.767      3.25     0.595         0
   152/299     7.81G      1.37     0.255         0      1.62        24       608     0.816     0.753     0.778     0.783      3.27     0.604         0
   153/299     7.81G      1.25     0.262         0      1.51        23       608     0.806     0.789      0.79     0.797      3.24      0.59         0
   154/299     7.81G      1.22     0.234         0      1.45        23       608     0.782     0.805     0.788     0.794      3.33     0.595         0
   155/299     7.81G      1.28      0.25         0      1.53        17       608     0.782      0.81     0.786     0.795      3.26     0.595         0
   156/299     7.81G      1.19     0.252         0      1.44        24       608     0.788     0.783     0.772     0.786      3.28     0.596         0
   157/299     7.81G      1.22     0.228         0      1.44        27       608     0.818     0.779     0.786     0.798      3.23     0.599         0
   158/299     7.81G      1.27     0.251         0      1.52        25       608     0.821     0.723     0.765     0.769      3.23     0.623         0
   159/299     7.81G      1.18     0.244         0      1.42        21       608     0.817     0.758     0.779     0.786      3.23     0.619         0
   160/299     7.81G      1.22     0.242         0      1.46        23       608     0.796     0.763     0.769     0.779      3.22     0.635         0
   161/299     7.81G      1.27     0.273         0      1.55        20       608     0.827     0.747     0.769     0.785      3.22     0.643         0
   162/299     7.81G      1.15     0.252         0       1.4        26       608     0.823     0.753     0.775     0.786      3.23      0.65         0
   163/299     7.81G      1.17     0.234         0       1.4        21       608     0.839     0.763     0.801     0.799      3.22     0.631         0
   164/299     7.81G      1.17      0.24         0      1.41        23       608     0.817     0.779     0.798     0.797      3.19     0.609         0
   165/299     7.81G      1.16      0.24         0       1.4        25       608     0.815     0.768     0.781     0.791       3.2     0.629         0
   166/299     7.81G       1.1     0.233         0      1.34        25       608     0.811     0.744     0.792     0.776      3.24     0.639         0
   167/299     7.81G      1.15     0.264         0      1.42        25       608     0.816     0.726      0.78     0.768      3.21     0.638         0
   168/299     7.81G       1.1     0.241         0      1.34        24       608     0.793     0.737     0.787     0.764      3.15     0.627         0
   169/299     7.81G      1.18     0.229         0      1.41        16       608     0.816     0.779     0.791     0.797      3.11     0.632         0
   170/299     7.81G      1.12     0.235         0      1.35        23       608     0.815     0.742     0.784     0.777       3.1     0.645         0
   171/299     7.81G      1.14     0.236         0      1.38        18       608     0.804     0.755     0.775     0.778      3.13     0.648         0
   172/299     7.81G      1.12     0.246         0      1.37        26       608      0.81     0.768     0.765     0.789      3.18     0.645         0
   173/299     7.81G      1.05      0.22         0      1.27        20       608     0.803     0.779     0.781     0.791      3.18     0.633         0
   174/299     7.81G      1.08     0.235         0      1.32        17       608     0.793     0.768       0.8      0.78      3.12     0.626         0
   175/299     7.81G      1.07     0.222         0       1.3        34       608     0.786     0.774     0.806      0.78      3.14     0.629         0
   176/299     7.81G      1.13      0.23         0      1.36        24       608     0.798      0.77     0.794     0.784      3.21     0.645         0
   177/299     7.81G      1.06     0.245         0       1.3        16       608     0.787      0.74     0.774     0.763       3.2     0.653         0
   178/299     7.81G      1.07      0.24         0      1.31        23       608     0.803     0.784     0.795     0.794      3.25     0.634         0
   179/299     7.81G      1.06     0.226         0      1.29        23       608      0.77     0.721     0.739     0.745       3.3     0.649         0
   180/299     7.81G      1.05     0.224         0      1.27        28       608     0.783     0.705     0.741     0.742      3.32     0.662         0
   181/299     7.81G      1.03     0.214         0      1.24        21       608     0.771     0.737     0.734     0.754       3.4     0.646         0
   182/299     7.81G     0.999      0.22         0      1.22        19       608     0.775     0.774     0.762     0.774      3.35     0.639         0
   183/299     7.81G      1.07     0.216         0      1.29        25       608     0.773     0.774      0.77     0.773      3.31      0.64         0
   184/299     7.81G     0.995     0.213         0      1.21        25       608     0.804     0.795     0.787     0.799      3.25     0.647         0
   185/299     7.81G      1.02     0.201         0      1.22        22       608     0.786     0.763     0.764     0.774      3.19      0.66         0
   186/299     7.81G     0.987     0.217         0       1.2        23       608     0.805     0.779     0.783     0.792      3.19     0.655         0
   187/299     7.81G      0.95     0.214         0      1.16        24       608     0.782     0.784     0.794     0.783      3.14     0.654         0
   188/299     7.81G     0.943     0.221         0      1.16        25       608     0.781     0.774     0.785     0.777      3.17     0.661         0
   189/299     7.81G     0.946       0.2         0      1.15        26       608     0.777     0.779     0.807     0.778      3.15     0.656         0
   190/299     7.81G      0.97     0.232         0       1.2        20       608      0.78     0.783     0.803     0.781      3.16     0.656         0
   191/299     7.81G     0.963     0.205         0      1.17        18       608     0.797     0.764     0.783      0.78      3.16     0.671         0
   192/299     7.81G     0.931     0.204         0      1.13        17       608     0.813     0.763     0.779     0.787      3.17     0.677         0
   193/299     7.81G     0.939     0.191         0      1.13        24       608     0.802     0.737     0.761     0.768      3.19      0.68         0
   194/299     7.81G     0.905     0.223         0      1.13        26       608     0.804     0.754     0.769     0.778      3.17     0.667         0
   195/299     7.81G     0.926     0.211         0      1.14        18       608      0.78     0.745     0.762     0.762      3.13     0.668         0
   196/299     7.81G     0.928     0.215         0      1.14        26       608     0.792     0.789     0.797     0.791      3.13     0.652         0
   197/299     7.81G     0.926     0.188         0      1.11        22       608     0.795       0.8     0.799     0.797      3.15      0.65         0
   198/299     7.81G     0.943     0.193         0      1.14        21       608     0.794     0.784     0.798     0.789      3.11     0.656         0
   199/299     7.81G     0.923     0.232         0      1.16        24       608      0.79     0.754     0.791     0.772      3.08     0.671         0
   200/299     7.81G     0.906     0.207         0      1.11        22       608     0.798     0.758      0.79     0.777       3.1     0.671         0
   201/299     7.81G     0.877     0.202         0      1.08        20       608     0.804     0.774     0.798     0.788      3.07     0.656         0
   202/299     7.81G     0.853     0.207         0      1.06        20       608     0.794     0.795     0.812     0.794      3.09      0.65         0
   203/299     7.81G     0.893     0.216         0      1.11        14       608     0.776     0.795     0.813     0.785      3.11     0.653         0
   204/299     7.81G     0.881     0.188         0      1.07        22       608      0.78     0.805     0.815     0.792      3.13     0.641         0
   205/299     7.81G     0.871     0.218         0      1.09        21       608     0.768     0.795     0.812     0.781      3.14     0.634         0
   206/299     7.81G     0.871     0.189         0      1.06        21       608     0.783     0.789      0.81     0.786      3.18     0.638         0
   207/299     7.81G     0.862     0.207         0      1.07        26       608     0.786     0.784     0.802     0.785      3.18      0.64         0
   208/299     7.81G     0.873     0.184         0      1.06        20       608     0.798     0.784     0.806     0.791      3.18     0.655         0
   209/299     7.81G     0.841     0.191         0      1.03        22       608       0.8     0.779     0.802     0.789      3.17     0.657         0
   210/299     7.81G     0.802     0.176         0     0.978        27       608       0.8     0.757       0.8     0.778      3.18     0.659         0
   211/299     7.81G     0.874     0.184         0      1.06        25       608     0.794      0.75     0.801     0.772      3.17     0.657         0
   212/299     7.81G     0.888     0.219         0      1.11        23       608     0.794     0.753     0.785     0.773      3.16     0.661         0
   213/299     7.81G     0.828     0.182         0      1.01        27       608     0.791     0.763      0.78     0.777      3.17     0.663         0
   214/299     7.81G     0.827     0.187         0      1.01        25       608     0.776     0.768     0.791     0.772      3.18     0.656         0
   215/299     7.81G     0.857       0.2         0      1.06        21       608     0.785      0.77     0.805     0.778       3.2     0.653         0
   216/299     7.81G     0.825     0.193         0      1.02        21       608     0.805     0.783     0.804     0.794       3.2     0.648         0
   217/299     7.81G     0.809     0.175         0     0.984        20       608     0.786     0.775     0.792     0.781      3.18     0.655         0
   218/299     7.81G     0.805     0.176         0      0.98        23       608     0.799     0.779     0.793     0.789      3.15     0.668         0
   219/299     7.81G     0.816     0.185         0         1        29       608     0.791     0.779     0.802     0.785      3.09     0.666         0
   220/299     7.81G      0.78     0.169         0     0.949        20       608     0.776     0.784     0.801      0.78      3.09     0.669         0
   221/299     7.81G     0.796     0.188         0     0.985        23       608     0.779     0.778     0.803     0.779      3.12     0.665         0
   222/299     7.81G     0.756     0.166         0     0.922        20       608      0.77     0.759     0.776     0.765      3.15     0.668         0
   223/299     7.81G     0.781     0.185         0     0.966        23       608     0.769     0.747     0.771     0.758      3.18     0.667         0
   224/299     7.81G     0.762     0.187         0     0.949        23       608     0.767     0.758     0.787     0.762      3.21     0.661         0
   225/299     7.81G     0.789     0.194         0     0.983        24       608     0.777      0.77     0.794     0.774      3.22     0.666         0
   226/299     7.81G     0.771     0.179         0      0.95        27       608     0.777     0.779     0.787     0.778      3.22     0.678         0
   227/299     7.81G     0.722     0.173         0     0.895        21       608      0.77     0.757     0.773     0.763       3.2     0.692         0
   228/299     7.81G     0.758     0.185         0     0.943        23       608     0.773     0.758     0.779     0.765      3.18     0.698         0
   229/299     7.81G      0.81     0.186         0     0.996        19       608     0.786     0.779     0.792     0.783      3.15     0.701         0
   230/299     7.81G     0.741     0.188         0     0.928        24       608     0.773     0.772     0.778     0.772      3.16     0.701         0
   231/299     7.81G     0.736     0.179         0     0.915        23       608     0.772     0.758     0.785     0.765       3.2       0.7         0
   232/299     7.81G     0.806     0.209         0      1.02        34       608     0.774     0.763     0.771     0.769      3.19     0.703         0
   233/299     7.81G     0.729      0.17         0       0.9        20       608     0.775     0.763     0.767     0.769      3.19     0.704         0
   234/299     7.81G     0.736     0.165         0       0.9        23       608     0.766     0.742     0.765     0.754      3.19     0.709         0
   235/299     7.81G     0.751     0.174         0     0.925        18       608     0.777     0.747     0.771     0.762      3.18     0.705         0
   236/299     7.81G     0.737     0.173         0      0.91        20       608     0.795     0.763     0.801     0.779      3.17     0.699         0
   237/299     7.81G     0.736     0.173         0     0.909        21       608      0.79     0.754     0.801     0.772      3.15     0.704         0
   238/299     7.81G     0.742     0.192         0     0.935        21       608     0.798     0.768     0.801     0.783      3.15     0.706         0
   239/299     7.81G     0.705      0.18         0     0.884        23       608     0.771     0.745      0.78     0.758      3.17     0.705         0
   240/299     7.81G     0.736     0.169         0     0.905        17       608     0.774     0.747     0.776      0.76      3.18     0.709         0
   241/299     7.81G     0.694     0.164         0     0.858        21       608     0.775     0.742     0.778     0.758      3.19     0.709         0
   242/299     7.81G     0.726     0.175         0     0.901        24       608     0.772     0.749     0.781      0.76      3.19      0.71         0
   243/299     7.81G     0.715     0.177         0     0.893        23       608     0.769     0.755     0.788     0.762      3.18     0.707         0
   244/299     7.81G     0.698     0.179         0     0.878        26       608     0.771     0.764     0.786     0.768      3.17     0.709         0
   245/299     7.81G     0.729     0.186         0     0.915        29       608     0.782     0.768     0.807     0.775      3.16     0.711         0
   246/299     7.81G     0.694      0.17         0     0.864        28       608     0.779     0.768     0.803     0.774      3.15      0.71         0
   247/299     7.81G      0.71     0.168         0     0.878        23       608     0.791     0.774     0.804     0.782      3.16     0.716         0
   248/299     7.81G     0.692     0.165         0     0.857        23       608     0.791     0.768     0.794      0.78      3.17     0.723         0
   249/299     7.81G     0.707     0.181         0     0.888        22       608     0.781     0.771     0.775     0.776      3.17     0.728         0
   250/299     7.81G     0.724     0.171         0     0.895        20       608      0.78     0.774     0.769     0.777      3.16      0.73         0
   251/299     7.81G     0.679     0.167         0     0.846        24       608     0.774     0.768     0.769     0.771      3.16     0.729         0
   252/299     7.81G      0.67     0.151         0     0.821        20       608     0.772     0.767     0.776      0.77      3.15     0.721         0
   253/299     7.81G     0.718     0.163         0     0.881        23       608      0.77     0.753     0.767     0.761      3.17     0.718         0
   254/299     7.81G     0.683      0.16         0     0.843        22       608     0.768     0.747     0.764     0.758      3.19     0.722         0
   255/299     7.81G     0.696     0.165         0      0.86        26       608     0.779     0.753     0.773     0.765      3.19     0.723         0
   256/299     7.81G     0.667     0.156         0     0.823        19       608     0.786     0.763     0.789     0.774      3.21      0.72         0
   257/299     7.81G     0.722     0.167         0     0.889        21       608      0.79      0.77     0.789      0.78      3.21     0.711         0
   258/299     7.81G     0.688     0.173         0     0.862        22       608     0.792     0.768     0.788      0.78       3.2     0.707         0
   259/299     7.81G     0.684     0.186         0      0.87        25       608     0.801     0.763     0.791     0.781      3.18     0.711         0
   260/299     7.81G     0.674     0.169         0     0.843        21       608     0.799     0.763     0.784     0.781      3.18     0.714         0
   261/299     7.81G     0.651      0.17         0     0.821        21       608     0.794     0.758     0.783     0.776      3.18      0.72         0
   262/299     7.81G     0.652     0.149         0     0.802        25       608     0.782     0.747      0.78     0.764      3.14     0.714         0
   263/299     7.81G     0.665     0.163         0     0.828        16       608     0.789     0.768      0.79     0.779      3.13     0.713         0
   264/299     7.81G     0.684     0.156         0      0.84        25       608     0.803     0.768       0.8     0.785      3.12     0.717         0
   265/299     7.81G     0.695     0.178         0     0.873        27       608     0.804     0.774     0.803     0.788      3.13     0.715         0
   266/299     7.81G     0.658     0.157         0     0.815        26       608     0.788     0.764     0.794     0.776      3.13     0.716         0
   267/299     7.81G     0.627     0.149         0     0.775        24       608     0.781     0.747      0.78     0.764      3.15     0.718         0
   268/299     7.81G     0.684     0.165         0     0.849        18       608     0.768     0.753     0.778      0.76      3.13     0.719         0
   269/299     7.81G     0.669     0.166         0     0.835        22       608     0.768     0.753     0.776      0.76      3.13     0.719         0
   270/299     7.81G     0.685     0.183         0     0.868        32       608      0.77     0.759     0.777     0.764      3.14     0.721         0
   271/299     7.81G     0.659      0.17         0     0.829        17       608     0.779     0.758     0.783     0.768      3.14     0.721         0
   272/299     7.81G     0.659     0.156         0     0.816        17       608     0.786     0.773     0.789     0.779      3.15      0.72         0
   273/299     7.81G     0.642      0.15         0     0.791        19       608     0.787     0.776     0.793     0.781      3.16     0.721         0
   274/299     7.81G     0.626     0.158         0     0.784        23       608     0.782     0.768     0.792     0.775      3.15      0.72         0
   275/299     7.81G     0.664     0.155         0      0.82        19       608     0.782     0.776     0.792     0.779      3.15     0.717         0
   276/299     7.81G     0.639     0.171         0     0.811        24       608     0.783     0.778     0.798      0.78      3.13     0.718         0
   277/299     7.81G       0.6     0.156         0     0.756        25       608     0.782     0.772     0.794     0.777      3.14     0.722         0
   278/299     7.81G      0.64     0.171         0     0.811        26       608     0.777     0.752     0.778     0.764      3.14     0.729         0
   279/299     7.81G     0.657     0.165         0     0.822        24       608     0.776     0.747     0.783     0.762      3.15     0.732         0
   280/299     7.81G     0.642     0.144         0     0.785        21       608     0.782     0.747     0.783     0.764      3.16     0.736         0
   281/299     7.81G     0.641     0.145         0     0.786        21       608      0.79     0.747     0.784     0.768      3.16     0.734         0
   282/299     7.81G     0.668     0.165         0     0.834        24       608     0.795     0.757     0.789     0.776      3.15     0.732         0
   283/299     7.81G     0.633     0.159         0     0.792        21       608     0.794     0.758      0.79     0.776      3.16     0.734         0
   284/299     7.81G     0.599     0.138         0     0.737        20       608     0.787     0.763      0.79     0.775      3.14     0.733         0
   285/299     7.81G     0.656     0.159         0     0.815        24       608     0.794     0.772     0.802     0.783      3.13     0.736         0
   286/299     7.81G     0.675     0.171         0     0.846        21       608     0.791     0.776     0.805     0.784      3.11      0.73         0
   287/299     7.81G     0.634     0.162         0     0.795        25       608     0.787     0.784     0.806     0.786      3.11     0.729         0
   288/299     7.81G     0.661     0.166         0     0.826        25       608     0.788     0.782     0.806     0.785       3.1     0.729         0
   289/299     7.81G     0.636     0.145         0     0.781        28       608     0.788     0.781     0.802     0.784      3.12     0.734         0
   290/299     7.81G     0.626     0.156         0     0.782        23       608     0.782     0.774     0.791     0.778      3.12     0.737         0
   291/299     7.81G     0.621     0.155         0     0.775        39       608     0.779      0.76      0.79     0.769      3.12     0.746         0
   292/299     7.81G     0.613     0.151         0     0.765        25       608     0.772     0.753     0.782     0.762      3.13     0.751         0
   293/299     7.81G     0.591     0.153         0     0.745        23       608     0.776     0.753     0.776     0.764      3.13     0.756         0
   294/299     7.81G     0.601     0.146         0     0.748        26       608     0.777     0.753     0.776     0.765      3.13     0.758         0
   295/299     7.81G     0.621     0.171         0     0.793        15       608     0.782     0.755     0.784     0.769      3.13     0.755         0
   296/299     7.81G     0.612     0.148         0      0.76        20       608     0.784     0.758     0.791     0.771      3.13      0.75         0
   297/299     7.81G     0.618     0.145         0     0.763        25       608     0.782     0.753     0.786     0.767      3.13     0.752         0
   298/299     7.81G     0.589     0.157         0     0.746        17       608     0.782     0.753     0.792     0.767      3.14     0.751         0
   299/299     7.81G     0.662     0.165         0     0.827        16       608     0.782     0.753     0.793     0.767      3.14     0.746         0
