[    0.75391           0           0]
[     0.8482           0     0.55088           0           0     0.50519           0]
[    0.34912     0.39504     0.54133     0.27247     0.48281     0.36336     0.39169           0     0.41746           0           0           0           0     0.17674]
[          0     0.63821     0.76848           0     0.61749           0           0           0           0           0           0           0]
[    0.49108     0.18088           0           0           0]
[    0.77923     0.73824     0.48683]
[          0     0.52682           0           0           0           0           0     0.62524           0     0.29142           0           0           0           0           0           0           0           0           0           0           0           0           0           0           0]
[    0.76564     0.35338           0      0.1713     0.56927]
[     0.7919     0.54332]
[          0           0           0           0           0           0           0           0           0           0]
[      0.926    0.024347           0           0]
[    0.69792     0.60924           0    0.027139           0           0    0.019703           0]
[    0.68389     0.82599           0]
[    0.76626           0           0     0.47558           0   0.0061688           0]
[    0.61789           0     0.75873           0           0           0           0           0           0           0           0           0]
[       0.84           0           0           0           0           0           0           0           0           0           0           0           0           0           0           0           0           0           0           0           0           0]
[    0.75684     0.73914           0      0.7126           0           0      0.1827]
[    0.45002           0           0           0           0           0           0           0           0     0.42516     0.29234]
[     0.9219           0           0           0]
[    0.84125           0           0     0.68142           0           0]
[    0.83506     0.87488           0           0           0           0     0.87151     0.66608]
[    0.77248           0           0]
[    0.73352           0           0           0           0           0]
[    0.83522           0           0     0.57386]
[    0.60319     0.44646           0     0.17838           0     0.13847           0]
[    0.65856     0.71646     0.84983]
[          0           0           0           0           0           0           0]
[    0.82361           0           0           0           0           0           0           0           0           0           0]
[    0.84939           0     0.48614     0.73891      0.7429           0           0           0           0           0      0.7644           0           0           0           0           0]
[    0.71253     0.51509           0]
[    0.76293           0           0           0           0           0           0]
[    0.86948           0           0           0           0]
[    0.73025           0           0     0.67112           0           0           0           0]
[    0.73754           0]
[    0.67145     0.55653           0     0.59501           0           0           0           0           0]
[    0.71084      0.6047           0]
[    0.78564     0.71303    0.017695     0.37903           0           0]
[    0.56084           0           0           0           0           0]
[    0.82336           0           0           0           0           0           0]
[    0.69846     0.58186     0.64106           0           0           0           0           0     0.32212           0           0           0           0      0.3149           0]
[     0.8437           0     0.87558]
[     0.9096           0           0]
[    0.74812           0           0           0           0           0]
[    0.76959           0           0           0           0           0      0.4546           0]
[    0.67571      0.5863     0.20301           0           0           0]
[    0.80139           0           0]
[    0.80904           0           0           0           0]
[     0.6235     0.46377     0.48204           0           0]
[    0.76747      0.4729]
[    0.75789     0.69803     0.48904           0      0.6433           0]
[     0.6499           0           0]
[    0.54933           0     0.51053     0.50619     0.49727           0           0           0     0.36364           0]
[    0.88812           0           0           0           0]
[    0.56575           0           0     0.47843     0.49408           0     0.62556    0.080481           0           0     0.16034     0.42628     0.32723]
[    0.83911           0           0     0.81955           0           0           0           0]
[    0.76737           0     0.62562           0]
[     0.8252           0           0           0           0           0]
[    0.53659           0           0           0           0           0           0           0           0           0           0           0           0           0           0           0]
[    0.92502           0           0           0           0]
[    0.61065           0           0           0           0           0           0     0.55172           0           0           0           0           0           0           0           0           0           0           0     0.32489]
[    0.81752           0           0           0           0           0           0           0           0           0           0           0           0           0]
[    0.83288           0]
[    0.85203           0           0           0           0           0     0.87363]
[    0.77068           0           0]
[    0.81303     0.84123     0.81956     0.48131     0.78991     0.51301           0           0           0]
[    0.72058           0     0.72693           0     0.79335     0.57386     0.45192           0           0]
[    0.77181     0.93954     0.63249           0     0.37782     0.46455]
[    0.72539           0]
[    0.86546     0.84384]
[    0.34915           0     0.69685]
[    0.74742           0           0           0           0]
[    0.82576           0           0           0]
[    0.87684]
[     0.7416           0           0           0           0           0           0           0]
[    0.70824           0           0           0     0.65319           0           0           0           0           0]
[    0.87992           0           0     0.53778]
[    0.88049           0     0.45356]
[    0.61058     0.52008           0     0.44515]
[    0.88374     0.78473           0           0     0.54172           0           0           0           0           0      0.5634           0           0      0.5386     0.79835           0           0     0.25909]
[     0.5654     0.67617           0           0           0           0           0           0           0           0           0           0]
[    0.75054           0           0           0     0.60485]
[    0.65129           0           0           0           0           0]
[    0.77388           0           0           0           0]
[     0.3419     0.51068     0.58324     0.55941     0.35493           0           0     0.22631]
[    0.89469           0           0     0.84398           0           0           0]
[    0.77652           0           0           0           0]
[    0.67276           0           0           0           0           0           0           0           0           0]
[     0.7522     0.15848]
[    0.90744           0           0           0           0           0           0           0           0           0           0           0           0           0           0           0]
[     0.8584           0           0           0      0.8572           0           0           0           0           0           0]
[    0.77338      0.6892     0.80186           0           0     0.72437]
[    0.49987           0     0.54472     0.35577     0.38317           0           0       0.353     0.54871           0           0           0           0     0.40736           0           0           0]
[    0.61753      0.6138     0.42935           0     0.41287           0]
[      0.593     0.78985           0           0           0           0           0           0           0           0           0           0]
[    0.81739     0.78588     0.76472           0]
[    0.78177     0.83225     0.34514           0     0.59204     0.71424]
[    0.87413           0           0]
[    0.38152     0.62332     0.70651           0           0           0           0           0           0           0           0           0           0]
[    0.65934           0           0           0           0           0           0]
[    0.67182           0           0           0           0]
