[    0.57305     0.53331           0     0.33194           0     0.36953           0           0           0]
[    0.76197     0.61265           0]
[    0.76285      0.6556     0.64468     0.77513     0.67771     0.67897     0.63547           0     0.64542      0.7509     0.71531     0.54032           0           0     0.16517     0.18809     0.63332           0     0.16146     0.68562     0.57297           0     0.44333           0]
[    0.77125           0     0.51217     0.64775           0     0.50074]
[    0.79094     0.74896           0           0     0.44828           0           0           0           0           0]
[    0.57023     0.86949     0.45635     0.17939     0.45806     0.60515     0.22905           0     0.28881      0.4448     0.55636           0]
[    0.82828           0           0           0           0           0           0           0           0           0           0           0]
[    0.77302     0.56408     0.30956     0.55751           0     0.25091           0     0.83105           0]
[    0.72382           0     0.69289           0           0           0]
[    0.81878     0.46656           0     0.56157           0     0.62261           0           0           0           0           0           0           0      0.3313           0           0           0           0           0]
[    0.54364    0.014915      0.6434           0     0.01099           0           0           0     0.60743]
[     0.5004     0.60585     0.44688     0.35822           0           0     0.47154           0           0           0           0           0]
[    0.76609     0.73198     0.58896     0.46019     0.30436     0.44028     0.66343     0.29981     0.20272    0.073474     0.11205    0.096818           0     0.64911           0]
[    0.38253     0.43244     0.61821     0.44729           0           0           0           0     0.36763     0.42295           0           0           0           0           0           0           0    0.014943     0.29549      0.4741     0.38631           0           0]
[     0.5034     0.50389     0.45308     0.49492     0.23475     0.37662           0           0           0     0.33832           0           0]
[    0.86647     0.60356     0.83859     0.46796           0     0.54408           0           0           0]
[    0.34013     0.75718     0.59916     0.53979      0.2859           0     0.47931     0.12618     0.72261]
[    0.68837     0.53409     0.79709     0.60555     0.61541           0     0.12146     0.35708      0.3062           0     0.70008     0.12732]
[    0.65871     0.70823     0.75383     0.74311     0.70745     0.61434      0.4997           0     0.66496    0.049719           0           0           0           0           0    0.051775   0.0057892           0     0.26331     0.68333]
[    0.89393           0           0     0.33162           0           0]
[    0.55383           0           0           0           0           0]
[    0.71051     0.78638           0           0]
[    0.60318     0.11411           0     0.39092     0.45336     0.24454     0.28861      0.3804     0.14093     0.25898     0.15738           0           0           0      0.4515           0           0     0.28938           0           0     0.18595           0           0   0.0033583]
[    0.71495           0           0           0           0           0]
[    0.72606     0.76404           0     0.64479           0           0           0           0           0           0           0]
[    0.93036           0           0           0]
[    0.90423     0.82536     0.75705     0.76962      0.3055     0.18618     0.61812           0           0     0.26503     0.45333]
[    0.53374           0           0           0           0           0           0           0           0           0]
[    0.50952     0.67338     0.64748           0     0.36304     0.53249           0           0     0.79305           0           0]
[    0.79724     0.77801     0.75915           0     0.74847           0           0]
[   0.084701     0.65236    0.017296     0.07316     0.17916       0.319           0]
[     0.7035           0           0           0           0           0           0]
[    0.87999           0     0.67817     0.51804           0     0.67742           0     0.27109           0     0.68298    0.013819           0     0.90957]
[    0.41223     0.82071     0.79189     0.60871     0.20815     0.49899     0.15375     0.28004           0      0.1889           0]
[    0.74059     0.84249           0           0           0           0           0           0           0           0           0]
[    0.27118     0.73164           0           0           0           0     0.77964           0           0           0           0           0           0           0]
[    0.64444     0.89247       0.655     0.40941     0.26562           0     0.38708     0.72896      0.6818     0.73903           0           0           0           0           0           0           0           0           0           0]
[    0.44228     0.78628      0.5072     0.43623     0.65222     0.61548           0     0.41877           0           0     0.43386     0.13607     0.73101]
[    0.71064      0.6896           0     0.55748           0           0           0           0           0           0           0]
[    0.58984     0.60419     0.63994           0           0]
[    0.88049     0.65629           0           0]
[    0.60773     0.73897     0.66724           0           0           0           0           0           0           0           0           0]
[    0.62684           0           0           0           0           0]
[    0.88019     0.89401     0.86494           0           0           0           0           0           0           0           0           0           0     0.54796           0]
[    0.71557     0.77768     0.74686     0.69492     0.68912     0.71179           0           0           0]
[    0.49121     0.48921      0.5702     0.54835           0     0.57718           0           0           0           0           0           0]
[    0.50171     0.51879     0.60053     0.13942           0           0     0.12147           0     0.12463           0     0.17923     0.72356           0           0]
[    0.68382           0     0.40943           0           0           0           0]
[    0.72297     0.48313    0.086504     0.33005      0.5618     0.49847     0.33724]
[    0.62676     0.63392     0.56273           0           0           0    0.054787]
[    0.77633     0.49663           0           0     0.29095           0     0.24199           0           0           0           0]
[    0.84698     0.68689     0.81039           0           0]
[    0.80478     0.68899           0           0]
[    0.49392     0.49523     0.59911     0.74565     0.54848           0           0    0.055441     0.70202     0.39279           0     0.27787]
[    0.87909     0.63612     0.55076           0           0           0           0     0.52798           0           0     0.48314]
[    0.54857     0.54884     0.80687     0.36429     0.62541           0     0.41451      0.7689]
[    0.64827     0.70777           0           0           0           0           0           0           0           0           0]
[    0.57502     0.65081     0.15383           0           0       0.728     0.37306     0.39263           0           0]
[    0.79339     0.58448           0           0           0           0     0.61317]
[    0.77047     0.56071     0.54173           0     0.77861           0     0.67182           0           0     0.73666           0]
[    0.70855     0.75918     0.68962     0.81141      0.4648     0.78594           0     0.62831           0           0           0]
[    0.61273     0.67883     0.82401     0.49646     0.58606     0.17791           0           0           0     0.31637     0.20006     0.20185      0.7546           0           0     0.29513    0.077063]
[    0.82389     0.77812     0.74406     0.73206     0.60095           0           0           0     0.85037           0     0.43844           0           0      0.5857           0]
[    0.57586     0.53156           0           0           0    0.010754]
[    0.55693     0.20041     0.25368           0           0     0.20954           0     0.64281]
[    0.76774           0           0           0           0           0           0           0]
[    0.84214     0.74893           0     0.86311     0.91099     0.35836     0.66306           0           0           0     0.33417           0           0           0     0.36268           0           0           0     0.74087]
[    0.72743      0.6511           0      0.7738     0.75038           0           0           0           0     0.71177     0.35221           0      0.4307]
[    0.48378     0.59035     0.10956     0.11934           0     0.46231     0.31323     0.51074           0           0           0]
[    0.66268     0.71019     0.60363     0.73484           0           0           0]
[     0.8356     0.71407]
[    0.74912     0.59022           0           0           0           0           0]
[    0.59424     0.74879     0.64751     0.65332     0.14398      0.5338      0.1032     0.16251    0.075009     0.58526     0.36989      0.2126     0.13604     0.79246]
[    0.79861     0.67773     0.86107     0.66638     0.46334     0.77463      0.7446     0.37352     0.61341           0           0     0.70929           0           0           0]
[    0.65424           0           0           0           0           0           0           0           0           0           0           0           0     0.67586           0]
[    0.60916     0.68368     0.66598     0.54522           0           0           0           0]
[    0.43659     0.42552     0.56554     0.71013   0.0016096           0    0.015551           0           0     0.68233]
[    0.90274     0.87164     0.54194           0     0.80221           0           0           0           0           0           0           0           0           0           0           0           0           0           0]
[    0.67959     0.48887      0.2584           0           0           0           0     0.29075]
[    0.85095     0.75143     0.61608           0           0     0.66116     0.62659           0           0           0           0]
[    0.87766      0.7709     0.79559     0.77521]
[    0.62296     0.55197           0           0     0.60494     0.47915           0           0     0.56441           0           0           0           0           0           0           0           0     0.47979           0           0           0           0           0           0]
[    0.86043     0.81704     0.75831     0.85637           0           0           0           0           0           0           0]
[    0.76445      0.8788     0.87011     0.84159           0           0           0]
[    0.69673     0.23205           0           0           0     0.67195     0.72027]
[    0.74094     0.80094     0.66534     0.67912     0.65977     0.81822           0     0.59352           0     0.65019     0.76118           0     0.64402           0       0.723]
[    0.74558      0.6727     0.59422     0.52243           0           0]
[     0.3774     0.58747           0     0.12753     0.33335     0.30455     0.61933           0           0]
[    0.41856           0           0           0           0]
[    0.81137     0.75316     0.78641      0.8909           0           0           0           0]
[    0.57369           0           0]
[    0.51878     0.87087      0.8761     0.15497           0     0.26095           0     0.59944           0     0.86135           0     0.28409           0           0]
[    0.81192      0.7435      0.4702     0.75923     0.52716           0           0           0           0     0.35942     0.38722           0     0.52038]
[    0.51535     0.72077      0.4308           0           0     0.37052           0           0]
[     0.8036     0.87603     0.82432     0.76031      0.7529     0.55064     0.73587     0.75831      0.5123     0.72313     0.43586      0.5535     0.73238     0.48549           0           0     0.37078     0.87536     0.69957     0.59523           0           0     0.80088]
[    0.76246     0.81591     0.83692           0           0]
[    0.66483           0           0           0           0           0]
[    0.75179     0.65693           0           0     0.70647           0           0           0           0           0      0.2649     0.55093     0.48173]
[    0.57675     0.84987     0.58435      0.6563     0.58782     0.57318]
[    0.77379      0.4439     0.69489           0     0.65892     0.26894           0           0]
