[          1]
[          1]
[    0.66667]
[       0.75]
[        0.8]
[    0.83333]
[    0.85714]
[      0.875]
[    0.88889]
[        0.9]
[    0.90909]
[    0.91667]
[    0.92308]
[    0.92857]
[    0.93333]
[     0.9375]
[    0.94118]
[    0.94444]
[    0.94737]
[       0.95]
[    0.95238]
[    0.95455]
[    0.95652]
[    0.95833]
[       0.96]
[    0.96154]
[    0.96296]
[    0.96429]
[    0.96552]
[    0.96667]
[    0.96774]
[    0.96875]
[     0.9697]
[    0.97059]
[    0.97143]
[    0.94444]
[    0.94595]
[    0.94737]
[    0.94872]
[       0.95]
[    0.95122]
[    0.95238]
[    0.95349]
[    0.95455]
[    0.95556]
[    0.95652]
[    0.95745]
[    0.95833]
[    0.95918]
[       0.96]
[    0.96078]
[    0.96154]
[    0.96226]
[    0.96296]
[    0.96364]
[    0.96429]
[    0.96491]
[    0.96552]
[     0.9661]
[    0.96667]
[    0.96721]
[    0.96774]
[    0.96825]
[    0.96875]
[    0.96923]
[     0.9697]
[    0.97015]
[    0.97059]
[    0.97101]
[    0.97143]
[    0.97183]
[    0.97222]
[     0.9726]
[    0.97297]
[    0.97333]
[    0.97368]
[    0.97403]
[    0.97436]
[    0.97468]
[      0.975]
[    0.97531]
[    0.97561]
[    0.96386]
[    0.96429]
[    0.96471]
[    0.96512]
[    0.96552]
[    0.96591]
[    0.96629]
[    0.96667]
[    0.95604]
[    0.95652]
[    0.95699]
[    0.95745]
[    0.95789]
[    0.94792]
[    0.94845]
[    0.94898]
[    0.94949]
[       0.95]
[     0.9505]
[    0.95098]
[    0.95146]
[    0.94231]
[    0.94286]
[     0.9434]
[    0.94393]
[    0.94444]
[    0.94495]
[    0.94545]
[    0.93694]
[     0.9375]
[    0.93805]
[    0.92982]
[    0.93043]
[    0.93103]
[    0.93162]
[     0.9322]
[    0.93277]
[      0.925]
[    0.92562]
[    0.92623]
[    0.92683]
[    0.92742]
[      0.928]
[    0.92857]
[    0.92126]
[    0.92188]
[    0.92248]
[    0.92308]
[    0.92366]
[    0.92424]
[    0.92481]
[    0.92537]
[    0.92593]
[    0.92647]
[    0.92701]
[    0.92754]
[    0.92806]
[    0.92857]
[    0.92908]
[    0.92958]
[    0.93007]
[    0.93056]
[    0.93103]
[    0.92466]
[    0.91837]
[    0.91892]
[    0.91946]
[       0.92]
[    0.92053]
[    0.91447]
[    0.91503]
[    0.91558]
[    0.91613]
[    0.91667]
[     0.9172]
[    0.91772]
[    0.91824]
[    0.91875]
[    0.91925]
[    0.91975]
[    0.92025]
[    0.92073]
[    0.92121]
[    0.92169]
[    0.92216]
[    0.92262]
[    0.92308]
[    0.91765]
[    0.91813]
[     0.9186]
[    0.91908]
[    0.91954]
[       0.92]
[    0.92045]
[     0.9209]
[    0.92135]
[     0.9162]
[    0.91667]
[    0.91713]
[    0.91758]
[    0.91803]
[    0.91848]
[    0.91892]
[    0.91935]
[    0.91444]
[    0.91489]
[    0.91534]
[    0.91579]
[    0.91623]
[    0.91146]
[    0.91192]
[    0.91237]
[    0.90769]
[    0.90816]
[    0.90863]
[    0.90404]
[    0.90452]
[      0.905]
[     0.9005]
[    0.90099]
[    0.90148]
[    0.90196]
[    0.90244]
[    0.89806]
[    0.89855]
[    0.89904]
[    0.89474]
[    0.89524]
[    0.89573]
[    0.89623]
[    0.89671]
[    0.89252]
[    0.88837]
[    0.88889]
[     0.8894]
[    0.88991]
[    0.88584]
[    0.88636]
[    0.88235]
[    0.87838]
[    0.87444]
[    0.87054]
[    0.87111]
[    0.86726]
[    0.86784]
[    0.86842]
[    0.86463]
[    0.86522]
[     0.8658]
[    0.86207]
[    0.85837]
[    0.85897]
[    0.85957]
[    0.86017]
[    0.86076]
[    0.85714]
[    0.85774]
[    0.85417]
[    0.85477]
[    0.85537]
[    0.85597]
[    0.85656]
[    0.85714]
[    0.85772]
[     0.8583]
[    0.85887]
[    0.85542]
[      0.856]
[    0.85259]
[    0.84921]
[     0.8498]
[    0.85039]
[    0.84706]
[    0.84375]
[    0.84436]
[    0.84109]
[     0.8417]
[    0.83846]
[    0.83525]
[    0.83588]
[     0.8365]
[    0.83333]
[    0.83396]
[    0.83083]
[    0.82772]
[    0.82463]
[    0.82156]
[    0.82222]
[    0.81919]
[    0.81618]
[    0.81319]
[    0.81387]
[    0.81091]
[    0.80797]
[    0.80505]
[    0.80216]
[    0.79928]
[    0.79643]
[    0.79359]
[    0.79433]
[    0.79505]
[    0.79225]
[    0.79298]
[    0.79371]
[    0.79443]
[    0.79167]
[    0.79239]
[    0.78966]
[    0.78694]
[    0.78425]
[    0.78157]
[    0.77891]
[    0.77627]
[    0.77703]
[    0.77441]
[    0.77181]
[    0.77258]
[       0.77]
[    0.77076]
[    0.77152]
[    0.76898]
[    0.76645]
[    0.76721]
[    0.76797]
[    0.76547]
[    0.76623]
[    0.76375]
[    0.76129]
[    0.75884]
[    0.75641]
[    0.75399]
[    0.75159]
[    0.75238]
[       0.75]
[    0.74763]
[    0.74528]
[    0.74295]
[    0.74062]
[    0.73832]
[    0.73602]
[    0.73375]
[    0.73148]
[    0.73231]
[    0.73006]
[    0.73089]
[    0.72866]
[    0.72644]
[    0.72424]
[    0.72205]
[    0.71988]
[    0.71772]
[    0.71557]
[    0.71642]
[    0.71429]
[    0.71217]
[    0.71006]
[    0.70796]
[    0.70588]
[    0.70381]
[    0.70468]
[    0.70262]
[    0.70058]
[    0.69855]
[    0.69653]
[    0.69452]
[    0.69253]
[    0.69054]
[    0.68857]
[    0.68661]
[    0.68466]
[    0.68272]
[    0.68079]
[    0.67887]
[    0.67697]
[    0.67507]
[    0.67318]
[    0.67131]
[    0.66944]
[    0.66759]
[    0.66575]
[    0.66391]
[    0.66209]
[    0.66027]
[    0.65847]
[    0.65668]
[    0.65489]
[    0.65312]
[    0.65135]
[     0.6496]
[    0.64785]
[    0.64611]
[    0.64439]
[    0.64267]
[    0.64096]
[    0.63926]
[    0.63757]
[    0.63588]
[    0.63421]
[    0.63255]
[    0.63089]
[    0.62924]
[     0.6276]
[    0.62597]
[    0.62435]
[    0.62274]
[    0.62113]
[    0.61954]
[    0.61795]
[    0.61637]
[    0.61735]
[    0.61578]
[    0.61421]
[    0.61266]
[    0.61111]
[    0.60957]
[    0.61055]
[    0.60902]
[     0.6075]
[    0.60599]
[    0.60448]
[    0.60298]
[    0.60149]
[        0.6]
[    0.59852]
[    0.59705]
[    0.59559]
[    0.59413]
[    0.59268]
[    0.59124]
[    0.58981]
[    0.58838]
[    0.58696]
[    0.58554]
[    0.58413]
[    0.58273]
[    0.58134]
[    0.57995]
[    0.57857]
[     0.5772]
[    0.57583]
[    0.57447]
[    0.57547]
[    0.57412]
[    0.57277]
[    0.57143]
[    0.57009]
[    0.56876]
[    0.56744]
[    0.56613]
[    0.56481]
[    0.56351]
[    0.56221]
[    0.56092]
[    0.55963]
[    0.55835]
[    0.55708]
[    0.55581]
[    0.55455]
[    0.55329]
[    0.55204]
[    0.55079]
[    0.54955]
[    0.54831]
[    0.54709]
[    0.54586]
[    0.54464]
[    0.54343]
[    0.54222]
[    0.54102]
[    0.53982]
[    0.53863]
[    0.53744]
[    0.53626]
[    0.53509]
[    0.53392]
[    0.53275]
[    0.53159]
[    0.53043]
[    0.52928]
[    0.52814]
[      0.527]
[    0.52586]
[    0.52473]
[    0.52361]
[    0.52248]
[    0.52137]
[    0.52026]
[    0.51915]
[    0.51805]
[    0.51695]
[    0.51586]
[    0.51477]
[    0.51368]
[    0.51261]
[    0.51153]
[    0.51046]
[    0.50939]
[    0.50833]
[    0.50728]
[    0.50622]
[    0.50518]
[    0.50413]
[    0.50309]
[    0.50206]
[    0.50103]
[        0.5]
[    0.49898]
[    0.49796]
[    0.49695]
[    0.49593]
[    0.49493]
[    0.49393]
[    0.49293]
[    0.49194]
[    0.49095]
[    0.49197]
[    0.49098]
[       0.49]
[    0.48902]
[    0.48805]
[    0.48708]
[    0.48611]
[    0.48515]
[    0.48419]
[    0.48323]
[    0.48228]
[    0.48134]
[    0.48235]
[    0.48141]
[    0.48047]
[    0.47953]
[     0.4786]
[    0.47767]
[    0.47674]
[    0.47582]
[     0.4749]
[    0.47399]
[    0.47308]
[    0.47217]
[    0.47126]
[    0.47036]
[    0.46947]
[    0.46857]
[    0.46768]
[    0.46679]
[    0.46591]
[    0.46503]
[    0.46415]
[    0.46328]
[    0.46241]
[    0.46154]
[    0.46067]
[    0.45981]
[    0.45896]
[     0.4581]
[    0.45725]
[     0.4564]
[    0.45556]
[    0.45471]
[    0.45387]
[    0.45304]
[    0.45221]
[    0.45138]
[    0.45055]
[    0.44973]
[    0.44891]
[    0.44809]
[    0.44727]
[    0.44646]
[    0.44565]
[    0.44485]
[    0.44404]
[    0.44324]
[    0.44245]
[    0.44165]
[    0.44086]
[    0.44007]
[    0.43929]
[     0.4385]
[    0.43772]
[    0.43694]
[    0.43617]
[     0.4354]
[    0.43463]
[    0.43386]
[     0.4331]
[    0.43234]
[    0.43158]
[    0.43082]
[    0.43007]
[    0.42932]
[    0.42857]
[    0.42783]
[    0.42708]
[    0.42634]
[    0.42561]
[    0.42487]
[    0.42414]
[    0.42341]
[    0.42268]
[    0.42196]
[    0.42123]
[    0.42051]
[     0.4198]
[    0.41908]
[    0.41837]
[    0.41766]
[    0.41695]
[    0.41624]
[    0.41554]
[    0.41484]
[    0.41414]
[    0.41345]
[    0.41275]
[    0.41206]
[    0.41137]
[    0.41068]
[       0.41]
[    0.40932]
[    0.40864]
[    0.40796]
[    0.40728]
[    0.40661]
[    0.40594]
[    0.40527]
[    0.40461]
[    0.40394]
[    0.40328]
[    0.40262]
[    0.40196]
[    0.40131]
[    0.40065]
[        0.4]
[    0.39935]
[     0.3987]
[    0.39806]
[    0.39742]
[    0.39677]
[    0.39614]
[     0.3955]
[    0.39486]
[    0.39423]
[     0.3936]
[    0.39297]
[    0.39234]
[    0.39172]
[     0.3911]
[    0.39048]
[    0.38986]
[    0.38924]
[    0.38863]
[    0.38801]
[     0.3874]
[    0.38679]
[    0.38619]
[    0.38558]
[    0.38498]
[    0.38438]
[    0.38378]
[    0.38474]
[    0.38414]
[    0.38354]
[    0.38295]
[    0.38235]
[    0.38331]
[    0.38272]
[    0.38213]
[    0.38154]
[    0.38095]
[    0.38037]
[    0.37979]
[     0.3792]
[    0.37863]
[    0.37805]
[    0.37747]
[     0.3769]
[    0.37633]
[    0.37576]
[    0.37519]
[    0.37462]
[    0.37406]
[    0.37349]
[    0.37293]
[    0.37237]
[    0.37181]
[    0.37126]
[     0.3707]
[    0.37015]
[     0.3696]
[    0.36905]
[     0.3685]
[    0.36795]
[    0.36741]
[    0.36686]
[    0.36632]
[    0.36578]
[    0.36524]
[    0.36471]
[    0.36417]
[    0.36364]
[     0.3631]
[    0.36257]
[    0.36204]
[    0.36152]
[    0.36099]
[    0.36047]
[    0.35994]
[    0.35942]
[     0.3589]
[    0.35838]
[    0.35786]
[    0.35735]
[    0.35683]
[    0.35632]
[    0.35581]
[     0.3553]
[    0.35479]
[    0.35429]
[    0.35378]
[    0.35328]
[    0.35277]
[    0.35227]
[    0.35177]
[    0.35127]
[    0.35078]
[    0.35028]
[    0.34979]
[     0.3493]
[     0.3488]
[    0.34831]
[    0.34783]
[    0.34734]
[    0.34685]
[    0.34637]
[    0.34589]
[     0.3454]
[    0.34492]
[    0.34444]
[    0.34397]
[    0.34349]
[    0.34302]
[    0.34254]
[    0.34207]
[     0.3416]
[    0.34113]
[    0.34066]
[    0.34019]
[    0.33973]
[    0.33926]
[     0.3388]
[    0.33834]
[    0.33787]
[    0.33741]
[    0.33696]
[     0.3365]
[    0.33604]
[    0.33559]
[    0.33514]
[    0.33468]
[    0.33423]
[    0.33378]
[    0.33333]
[    0.33289]
[    0.33244]
[    0.33199]
[    0.33155]
[    0.33111]
[    0.33067]
[    0.33023]
[    0.32979]
[    0.32935]
[    0.32891]
[    0.32848]
[    0.32804]
[    0.32761]
[    0.32718]
[    0.32675]
[    0.32632]
[    0.32589]
[    0.32546]
[    0.32503]
[    0.32461]
[    0.32418]
[    0.32376]
[    0.32334]
[    0.32292]
[     0.3225]
[    0.32208]
[    0.32166]
[    0.32124]
[    0.32083]
[    0.32041]
[       0.32]
[    0.31959]
[    0.31918]
[    0.31877]
[    0.31836]
[    0.31795]
[    0.31754]
[    0.31714]
[    0.31673]
[    0.31633]
[    0.31592]
[    0.31552]
[    0.31512]
[    0.31472]
[    0.31432]
[    0.31392]
[    0.31353]
[    0.31313]
[    0.31274]
[    0.31234]
[    0.31195]
[    0.31156]
[    0.31117]
[    0.31078]
[    0.31039]
[       0.31]
[    0.30961]
[    0.30923]
[    0.30884]
[    0.30846]
[    0.30807]
[    0.30769]
[    0.30731]
[    0.30693]
[    0.30655]
[    0.30617]
[     0.3058]
[    0.30665]
[    0.30627]
[     0.3059]
[    0.30552]
[    0.30515]
[    0.30477]
[     0.3044]
[    0.30403]
[    0.30366]
[    0.30329]
[    0.30292]
[    0.30255]
[    0.30218]
[    0.30182]
[    0.30145]
[    0.30109]
[    0.30072]
[    0.30036]
[        0.3]
[    0.29964]
[    0.29928]
[    0.29892]
[    0.29856]
[     0.2982]
[    0.29785]
[    0.29749]
[    0.29714]
[    0.29678]
[    0.29643]
[    0.29608]
[    0.29572]
[    0.29537]
[    0.29502]
[    0.29467]
[    0.29433]
[    0.29398]
[    0.29363]
[    0.29329]
[    0.29294]
[     0.2926]
[    0.29225]
[    0.29191]
[    0.29157]
[    0.29123]
[    0.29089]
[    0.29055]
[    0.29021]
[    0.28987]
[    0.28953]
[     0.2892]
[    0.28886]
[    0.28853]
[    0.28819]
[    0.28786]
[    0.28753]
[     0.2872]
[    0.28687]
[    0.28654]
[    0.28621]
[    0.28588]
[    0.28555]
[    0.28522]
[     0.2849]
[    0.28457]
[    0.28425]
[    0.28392]
[     0.2836]
[    0.28328]
[    0.28295]
[    0.28263]
[    0.28231]
[    0.28199]
[    0.28167]
[    0.28136]
[    0.28104]
[    0.28072]
[    0.28041]
[    0.28009]
[    0.27978]
[    0.27946]
[    0.27915]
[    0.27884]
[    0.27852]
[    0.27821]
[     0.2779]
[    0.27759]
[    0.27728]
[    0.27697]
[    0.27667]
[    0.27636]
[    0.27605]
[    0.27575]
[    0.27544]
[    0.27514]
[    0.27483]
[    0.27453]
[    0.27423]
[    0.27393]
[    0.27363]
[    0.27333]
[    0.27303]
[    0.27273]
[    0.27243]
[    0.27213]
[    0.27183]
[    0.27154]
[    0.27124]
[    0.27095]
[    0.27065]
[    0.27036]
[    0.27007]
[    0.26977]
[    0.26948]
[    0.26919]
[     0.2689]
[    0.26861]
[    0.26832]
[    0.26803]
[    0.26774]
[    0.26745]
[    0.26717]
[    0.26688]
[     0.2666]
[    0.26631]
[    0.26603]
[    0.26574]
[    0.26546]
[    0.26518]
[    0.26489]
[    0.26461]
[    0.26433]
[    0.26405]
[    0.26377]
[    0.26349]
[    0.26321]
[    0.26294]
[    0.26266]
[    0.26238]
[    0.26211]
[    0.26183]
[    0.26155]
[    0.26128]
[    0.26101]
[    0.26073]
[    0.26046]
[    0.26019]
[    0.25992]
[    0.25965]
[    0.25938]
[    0.25911]
[    0.25884]
[    0.25857]
[     0.2583]
[    0.25803]
[    0.25776]
[     0.2575]
[    0.25723]
[    0.25697]
[     0.2567]
[    0.25644]
[    0.25617]
[    0.25591]
[    0.25565]
[    0.25538]
[    0.25512]
[    0.25486]
[    0.25562]
[    0.25536]
[     0.2551]
[    0.25484]
[    0.25458]
[    0.25432]
[    0.25407]
[    0.25381]
[    0.25355]
[    0.25329]
[    0.25304]
[    0.25278]
[    0.25253]
[    0.25227]
[    0.25202]
[    0.25176]
[    0.25151]
[    0.25126]
[      0.251]
[    0.25075]
[     0.2505]
[    0.25025]
[       0.25]
[    0.24975]
[     0.2495]
[    0.24925]
[      0.249]
[    0.24876]
[    0.24851]
[    0.24826]
[    0.24802]
[    0.24777]
[    0.24752]
[    0.24728]
[    0.24704]
[    0.24679]
[    0.24655]
[    0.24631]
[    0.24606]
[    0.24582]
[    0.24558]
[    0.24534]
[     0.2451]
[    0.24486]
[    0.24462]
[    0.24438]
[    0.24414]
[     0.2439]
[    0.24366]
[    0.24343]
[    0.24319]
[    0.24295]
[    0.24272]
[    0.24248]
[    0.24225]
[    0.24201]
[    0.24178]
[    0.24155]
[    0.24131]
[    0.24108]
[    0.24085]
[    0.24062]
[    0.24038]
[    0.24015]
[    0.23992]
[    0.23969]
[    0.23946]
[    0.23923]
