     0/299     7.81G         8      31.5         0      39.5        14       608         0         0   0.00112         0      7.19      3.83         0
     1/299     7.81G      6.53      1.97         0       8.5        16       608         0         0         0         0      5.68      3.81         0
     2/299     7.81G      5.54      1.75         0      7.29         9       608         0         0         0         0      5.66      3.38         0
     3/299     7.81G      5.03      1.67         0      6.69        15       608         0         0   0.00418         0      5.41      3.18         0
     4/299     7.81G      4.68      1.43         0      6.11        16       608         0         0    0.0819         0      5.72      6.05         0
     5/299     7.81G      4.65      1.19         0      5.84         6       608    0.0737    0.0253    0.0273    0.0376      5.84      2.29         0
     6/299     7.81G      4.81      1.02         0      5.83        17       608         0         0     0.149         0      5.05      2.23         0
     7/299     7.81G      4.67       1.1         0      5.78        14       608     0.283   0.00722       0.1    0.0141      4.77      2.09         0
     8/299     7.81G      4.41      1.03         0      5.45         5       608         0         0      0.08         0      5.57      2.27         0
     9/299     7.81G      4.33      1.07         0       5.4        20       608         0         0       0.2         0         5      1.95         0
    10/299     7.81G      4.48     0.905         0      5.38        17       608         0         0    0.0323         0      4.95      3.71         0
    11/299     7.81G      4.05     0.982         0      5.03         6       608         1   0.00361     0.377   0.00719      4.57      1.78         0
    12/299     7.81G       4.2     0.792         0      4.99        17       608         1   0.00506     0.303    0.0101      4.69      1.68         0
    13/299     7.81G      4.18     0.874         0      5.06        14       608     0.263    0.0335     0.207    0.0595      4.17      1.64         0
    14/299     7.81G      3.93     0.823         0      4.75         6       608     0.318     0.105     0.223     0.157      4.39      1.64         0
    15/299     7.81G      3.83     0.875         0       4.7        14       608     0.319    0.0542     0.163    0.0926      5.03      1.59         0
    16/299     7.81G         4     0.804         0       4.8        17       608   0.00222  0.000312   0.00445  0.000548      5.47      1.69         0
    17/299     7.81G      4.24     0.724         0      4.97         4       608   0.00683   0.00722   0.00825   0.00702      6.21      1.54         0
    18/299     7.81G      3.99     0.671         0      4.66        14       608     0.154    0.0289     0.265    0.0486       4.6      1.37         0
    19/299     7.81G      4.08      0.67         0      4.75        16       608    0.0111    0.0217    0.0559    0.0147      4.93      1.89         0
    20/299     7.81G      3.86     0.748         0      4.61         4       608     0.322     0.105     0.355     0.158      4.15      1.35         0
    21/299     7.81G      3.91     0.709         0      4.61        15       608     0.428     0.137     0.299     0.208      4.63      1.36         0
    22/299     7.81G      3.69     0.803         0      4.49        20       608         0         0      0.38         0      4.13      1.62         0
    23/299     7.81G      3.73     0.708         0      4.43         5       608     0.713    0.0448     0.326    0.0844      4.54      1.24         0
    24/299     7.81G      3.62     0.691         0      4.31        15       608     0.619   0.00618     0.372    0.0122      4.35      1.36         0
    25/299     7.81G      3.43     0.726         0      4.15        16       608      0.67    0.0181     0.237    0.0352      4.99      1.39         0
    26/299     7.81G      3.62     0.653         0      4.27         5       608     0.631     0.383     0.449     0.476      4.16      1.26         0
    27/299     7.81G       3.3     0.657         0      3.96        17       608     0.894     0.487     0.723      0.63       3.9      1.16         0
    28/299     7.81G      3.33     0.619         0      3.95        15       608     0.694     0.205     0.457     0.317      4.22       1.3         0
    29/299     7.81G      3.71     0.596         0      4.31         6       608         0         0    0.0361         0      5.54      1.89         0
    30/299     7.81G      3.54     0.605         0      4.15         9       608     0.024    0.0217    0.0301    0.0228      5.26      2.79         0
    31/299     7.81G      3.53     0.618         0      4.15        20       608    0.0768    0.0578    0.0978    0.0659       4.6      1.88         0
    32/299     7.81G      3.36     0.637         0         4         6       608     0.836     0.173     0.532     0.287      4.04      1.35         0
    33/299     7.81G       3.5     0.648         0      4.15        17       608         0         0   0.00565         0       9.5     0.767         0
    34/299     7.81G      3.61     0.693         0       4.3        22       608         0         0    0.0419         0      8.08      1.02         0
    35/299     7.81G      3.74     0.644         0      4.38         7       608         0         0    0.0663         0      7.33      1.16         0
    36/299     7.81G      3.78     0.628         0      4.41        16       608     0.563     0.107     0.261      0.18      4.66      1.22         0
    37/299     7.81G      3.68     0.564         0      4.25        20       608         0         0  0.000286         0       6.4      1.62         0
    38/299     7.81G      3.89     0.618         0      4.51         8       608         0         0  0.000339         0      7.03      1.93         0
    39/299     7.81G      3.76      0.61         0      4.37        12       608         0         0  0.000306         0      7.24      1.87         0
    40/299     7.81G      3.75     0.545         0      4.29        13       608         1   0.00718    0.0513    0.0143      6.73      1.57         0
    41/299     7.81G      3.47     0.579         0      4.05         5       608     0.694    0.0975     0.324     0.171      4.93      1.25         0
    42/299     7.81G       3.6     0.601         0       4.2        20       608     0.752     0.176      0.43     0.285      4.68      1.22         0
    43/299     7.81G      3.28     0.659         0      3.94        12       608     0.723     0.606     0.656      0.66      3.75      1.24         0
    44/299     7.81G      3.32     0.602         0      3.92         4       608     0.686     0.574     0.595     0.625      3.79      1.15         0
    45/299     7.81G      3.35     0.592         0      3.94        19       608     0.742     0.599     0.675     0.663      4.06     0.984         0
    46/299     7.81G      3.31     0.535         0      3.84        15       608     0.788     0.567     0.704     0.659      3.55      1.15         0
    47/299     7.81G      3.19     0.526         0      3.72         4       608     0.728     0.484     0.638     0.581      3.68      1.13         0
    48/299     7.81G      3.22     0.527         0      3.75        10       608     0.786     0.595     0.719     0.677      3.63      1.04         0
    49/299     7.81G      3.26     0.516         0      3.78        15       608     0.797     0.608     0.743      0.69      3.62     0.984         0
    50/299     7.81G      3.06     0.538         0       3.6         8       608     0.825     0.657     0.767     0.732      3.55      0.94         0
    51/299     7.81G      3.12     0.519         0      3.64        17       608     0.857     0.564     0.775      0.68      3.34     0.967         0
    52/299     7.81G      2.92     0.471         0      3.39        15       608     0.906     0.522     0.791     0.663       3.4      1.01         0
    53/299     7.81G       2.9     0.491         0      3.39         7       608     0.845     0.453     0.704      0.59      3.68      1.01         0
    54/299     7.81G      3.35     0.483         0      3.83        10       608     0.917     0.279     0.716     0.428      3.52      1.11         0
    55/299     7.81G         3     0.545         0      3.55        17       608     0.877     0.487     0.748     0.626      3.54      1.05         0
    56/299     7.81G      2.93     0.499         0      3.43         6       608       0.9     0.389      0.74     0.543      3.69      1.04         0
    57/299     7.81G      3.06     0.567         0      3.63        20       608     0.764     0.562     0.707     0.648      3.36      1.04         0
    58/299     7.81G      2.88     0.475         0      3.35        19       608     0.766     0.581     0.685     0.661      3.64     0.947         0
    59/299     7.81G      2.77      0.45         0      3.22         7       608     0.866     0.581     0.743     0.695      3.47     0.925         0
    60/299     7.81G       2.8     0.484         0      3.28        15       608     0.842      0.69     0.766     0.759      3.25     0.957         0
    61/299     7.81G      2.84     0.489         0      3.33        15       608     0.847     0.698     0.785     0.765      3.57     0.887         0
    62/299     7.81G      3.02     0.468         0      3.48        10       608     0.796     0.693     0.752     0.741      3.71     0.882         0
    63/299     7.81G      2.83     0.435         0      3.27        19       608     0.875     0.532     0.772     0.661      3.32     0.935         0
    64/299     7.81G      2.78     0.436         0      3.22        18       608     0.772     0.674     0.729      0.72      3.63     0.854         0
    65/299     7.81G      2.84     0.459         0       3.3         5       608     0.859     0.659     0.765     0.746      3.36      0.87         0
    66/299     7.81G      2.75     0.443         0      3.19        14       608       0.8     0.588     0.701     0.678      3.69      0.85         0
    67/299     7.81G      2.69     0.419         0      3.11        15       608     0.824      0.59     0.712     0.688       3.5     0.876         0
    68/299     7.81G      2.68     0.449         0      3.13         6       608     0.836     0.671     0.761     0.745      3.41     0.938         0
    69/299     7.81G      2.52       0.5         0      3.02        22       608     0.857     0.715     0.788      0.78      3.31     0.975         0
    70/299     7.81G      2.47     0.428         0       2.9        20       608     0.798     0.635     0.716     0.707      3.46     0.979         0
    71/299     7.81G      2.65     0.468         0      3.12         4       608     0.836      0.66      0.75     0.738      3.32     0.928         0
    72/299     7.81G      2.64     0.414         0      3.06        23       608     0.801     0.646     0.721     0.715      3.32     0.908         0
    73/299     7.81G      2.55     0.426         0      2.97        22       608     0.821      0.63     0.731     0.713      3.46     0.902         0
    74/299     7.81G      2.74     0.403         0      3.15         5       608     0.863      0.59      0.75     0.701      3.31     0.928         0
    75/299     7.81G      2.39     0.425         0      2.81        24       608     0.842     0.621     0.754     0.715      3.43     0.852         0
    76/299     7.81G      2.42      0.41         0      2.83        19       608     0.858     0.717     0.774     0.781      3.34     0.835         0
    77/299     7.81G      2.44     0.407         0      2.85        10       608     0.875     0.704     0.805      0.78      3.34      0.86         0
    78/299     7.81G      2.34     0.384         0      2.73        13       608     0.877     0.661     0.796     0.754      3.39     0.868         0
    79/299     7.81G      2.43     0.382         0      2.81        13       608     0.862     0.729     0.811      0.79      3.39     0.806         0
    80/299     7.81G       2.3      0.35         0      2.65         4       608     0.843     0.678     0.779     0.751      3.31     0.846         0
    81/299     7.81G      2.35     0.375         0      2.73        15       608     0.784     0.696      0.74     0.738      3.42     0.871         0
    82/299     7.81G      2.26     0.405         0      2.66        13       608      0.84     0.744     0.787     0.789      3.39      0.85         0
    83/299     7.81G      2.09      0.37         0      2.46         6       608     0.809     0.736     0.781     0.771      3.34     0.838         0
    84/299     7.81G      2.33     0.338         0      2.67        16       608     0.824     0.778     0.778       0.8      3.22     0.816         0
    85/299     7.81G      2.39     0.354         0      2.74        15       608     0.817     0.751     0.776     0.783       3.3     0.839         0
    86/299     7.81G      2.17     0.377         0      2.54         6       608     0.784     0.755      0.75     0.769      3.37     0.857         0
    87/299     7.81G      2.26     0.364         0      2.62        23       608     0.814     0.751     0.786     0.781      3.39     0.855         0
    88/299     7.81G      2.24     0.393         0      2.64        21       608     0.845     0.679     0.779     0.753      3.25     0.882         0
    89/299     7.81G      2.25     0.379         0      2.63         8       608     0.836     0.758     0.809     0.795      3.28     0.872         0
    90/299     7.81G      2.19      0.41         0       2.6        16       608     0.822     0.682     0.751     0.746       3.5     0.883         0
    91/299     7.81G      2.36     0.369         0      2.73        14       608     0.847     0.701       0.8     0.767      3.19     0.889         0
    92/299     7.81G      2.18     0.351         0      2.54         6       608     0.897     0.628     0.784     0.739      3.26     0.883         0
    93/299     7.81G      2.12     0.339         0      2.46        21       608     0.819     0.643     0.732      0.72      3.26     0.862         0
    94/299     7.81G      2.07     0.353         0      2.43        26       608     0.808     0.654     0.724     0.723      3.28     0.904         0
    95/299     7.81G      2.16     0.354         0      2.51         5       608     0.772     0.648     0.695     0.705      3.44     0.855         0
    96/299     7.81G      2.07     0.356         0      2.43        19       608     0.821     0.755     0.805     0.786      3.18     0.811         0
    97/299     7.81G      2.02     0.366         0      2.38        16       608     0.838     0.782     0.812     0.809      3.23     0.789         0
    98/299     7.81G      2.13     0.353         0      2.48         9       608     0.845     0.669     0.781     0.747       3.3     0.854         0
    99/299     7.81G      2.05     0.355         0       2.4        16       608     0.853     0.693     0.775     0.765      3.19     0.906         0
   100/299     7.81G      1.98     0.331         0      2.32        18       608     0.825     0.729     0.768     0.774      3.21     0.865         0
   101/299     7.81G      2.11     0.356         0      2.46         8       608      0.83       0.7     0.763      0.76       3.3     0.842         0
   102/299     7.81G      1.93     0.316         0      2.24        12       608     0.807     0.722     0.772     0.762      3.27     0.809         0
   103/299     7.81G      2.12     0.324         0      2.44        20       608      0.83     0.751       0.8     0.788      3.19     0.794         0
   104/299     7.81G      1.91     0.352         0      2.26         5       608     0.834     0.726     0.777     0.776      3.29     0.839         0
   105/299     7.81G      2.05     0.332         0      2.38        22       608     0.881     0.744     0.815     0.807       3.1     0.831         0
   106/299     7.81G      2.03     0.323         0      2.35        16       608     0.879     0.709     0.797     0.785      3.31     0.824         0
   107/299     7.81G      2.03     0.346         0      2.37         5       608     0.857      0.67      0.77     0.752      3.23     0.854         0
   108/299     7.81G      1.94      0.35         0      2.29        17       608      0.83     0.653     0.747     0.731      3.48     0.858         0
   109/299     7.81G      1.96     0.336         0      2.29        21       608     0.836     0.734     0.796     0.781      3.22     0.811         0
   110/299     7.81G      1.93     0.326         0      2.26         6       608     0.819     0.675      0.75      0.74      3.44     0.842         0
   111/299     7.81G      2.05     0.319         0      2.37        14       608     0.831     0.726     0.777     0.775      3.31     0.848         0
   112/299     7.81G      1.98     0.333         0      2.31        18       608     0.811     0.671     0.721     0.735      3.38     0.907         0
   113/299     7.81G      1.82     0.308         0      2.13         7       608     0.798     0.708     0.727      0.75      3.33     0.866         0
   114/299     7.81G      1.93     0.316         0      2.25        15       608      0.85     0.747     0.804     0.795      3.25     0.847         0
   115/299     7.81G      1.86     0.311         0      2.18        17       608     0.854     0.722     0.788     0.782      3.25     0.861         0
   116/299     7.81G      1.84     0.304         0      2.15         7       608     0.816     0.736     0.756     0.774      3.15     0.866         0
   117/299     7.81G      1.92     0.312         0      2.23        19       608      0.79     0.715      0.75      0.75      3.34     0.864         0
   118/299     7.81G      1.57     0.296         0      1.86        16       608       0.8     0.708     0.737     0.751      3.27     0.882         0
   119/299     7.81G      1.95     0.298         0      2.24         9       608     0.756     0.693     0.731     0.723       3.4     0.835         0
   120/299     7.81G      1.81     0.319         0      2.13        13       608     0.823     0.783     0.793     0.803      3.19     0.775         0
   121/299     7.81G      1.66      0.31         0      1.97        10       608     0.783     0.822     0.803     0.802      3.17     0.764         0
   122/299     7.81G      1.85       0.3         0      2.15         5       608     0.825     0.744     0.749     0.782       3.3     0.814         0
   123/299     7.81G      1.79     0.296         0      2.09        18       608     0.835     0.747     0.782     0.789      3.25     0.835         0
   124/299     7.81G      1.77     0.307         0      2.07        12       608     0.854     0.738     0.776     0.792      3.15     0.893         0
   125/299     7.81G      1.69     0.323         0      2.02         7       608     0.865     0.693     0.785     0.769      3.23     0.907         0
   126/299     7.81G      1.81      0.31         0      2.12        11       608     0.862     0.733     0.785     0.792      3.19     0.858         0
   127/299     7.81G      1.74     0.285         0      2.02        17       608     0.852     0.758     0.803     0.802      3.16     0.831         0
   128/299     7.81G      1.71     0.288         0         2         5       608      0.84     0.755     0.807     0.795      3.15     0.826         0
   129/299     7.81G      1.82     0.286         0      2.11        22       608     0.799     0.733      0.75     0.765      3.31     0.862         0
   130/299     7.81G      1.72      0.32         0      2.04        16       608     0.819     0.733     0.779     0.774      3.28     0.871         0
   131/299     7.81G      1.62     0.288         0      1.91         7       608     0.818     0.729     0.771     0.771      3.27     0.817         0
   132/299     7.81G      1.73     0.283         0      2.01        19       608     0.858     0.765     0.804     0.809       3.1     0.793         0
   133/299     7.81G      1.68     0.316         0         2        19       608     0.856     0.749     0.813     0.799      3.15     0.786         0
   134/299     7.81G      1.58     0.281         0      1.86         4       608     0.831     0.762     0.795     0.795      3.23     0.815         0
   135/299     7.81G      1.62      0.28         0       1.9        22       608     0.832     0.751     0.797      0.79      3.18     0.825         0
   136/299     7.81G      1.63     0.276         0      1.91        18       608     0.844     0.724      0.79      0.78       3.2     0.852         0
   137/299     7.81G      1.55     0.298         0      1.84         4       608     0.845     0.786     0.829     0.814      3.14     0.801         0
   138/299     7.81G      1.61      0.25         0      1.86        22       608     0.803     0.735     0.778     0.768      3.28     0.811         0
   139/299     7.81G      1.64     0.268         0       1.9        13       608     0.764     0.713     0.751     0.737      3.23      0.85         0
   140/299     7.81G      1.64     0.279         0      1.92         7       608     0.782     0.733     0.749     0.757      3.24     0.856         0
   141/299     7.81G      1.53      0.25         0      1.78        15       608     0.809     0.733     0.753     0.769      3.23     0.857         0
   142/299     7.81G      1.57      0.27         0      1.84        13       608     0.831     0.764     0.782     0.796      3.27     0.826         0
   143/299     7.81G      1.59     0.266         0      1.86         7       608     0.828     0.758     0.784     0.792      3.23     0.834         0
   144/299     7.81G       1.5     0.279         0      1.78        18       608     0.817     0.776     0.788     0.796      3.21     0.828         0
   145/299     7.81G      1.59     0.249         0      1.84        21       608     0.807     0.753      0.79     0.779      3.15     0.873         0
   146/299     7.81G      1.44     0.255         0      1.69         8       608     0.816      0.74     0.792     0.776      3.14     0.894         0
   147/299     7.81G      1.42      0.28         0       1.7        18       608     0.822     0.735     0.783     0.776      3.14     0.903         0
   148/299     7.81G      1.45     0.263         0      1.72        16       608     0.825     0.726     0.785     0.772      3.18     0.904         0
   149/299     7.81G      1.64     0.274         0      1.92         8       608     0.837     0.706     0.773     0.766      3.19       0.9         0
   150/299     7.81G      1.56     0.268         0      1.82        15       608     0.818     0.736     0.757     0.775      3.21      0.87         0
   151/299     7.81G      1.47     0.272         0      1.74        19       608     0.815     0.761     0.766     0.787      3.25     0.842         0
   152/299     7.81G       1.4      0.27         0      1.68         4       608     0.793     0.787     0.778      0.79      3.29     0.802         0
   153/299     7.81G      1.59     0.263         0      1.85        23       608     0.826     0.783     0.791     0.804       3.2      0.81         0
   154/299     7.81G      1.36     0.254         0      1.61        15       608      0.83     0.718     0.782      0.77      3.28     0.857         0
   155/299     7.81G      1.47     0.226         0       1.7         7       608     0.823     0.686      0.75     0.748      3.21     0.902         0
   156/299     7.81G       1.5     0.262         0      1.76        14       608     0.827     0.708     0.771     0.763      3.21     0.883         0
   157/299     7.81G      1.46     0.247         0      1.71        11       608     0.803     0.747     0.789     0.774      3.24     0.854         0
   158/299     7.81G      1.49     0.275         0      1.77         6       608     0.819     0.751       0.8     0.784      3.17     0.867         0
   159/299     7.81G      1.31     0.219         0      1.53        19       608     0.812     0.708     0.756     0.756      3.24     0.894         0
   160/299     7.81G      1.33     0.226         0      1.56        15       608      0.83     0.729     0.753     0.776      3.26     0.907         0
   161/299     7.81G      1.44     0.259         0       1.7         6       608     0.803     0.747     0.778     0.774      3.21     0.889         0
   162/299     7.81G      1.32     0.236         0      1.56        17       608     0.816      0.78     0.794     0.797      3.13     0.885         0
   163/299     7.81G      1.43     0.247         0      1.67        17       608     0.823     0.765     0.782     0.793      3.21     0.911         0
   164/299     7.81G      1.33     0.226         0      1.56        11       608     0.848     0.727     0.791     0.783       3.2     0.953         0
   165/299     7.81G       1.4     0.249         0      1.64        13       608     0.848     0.705     0.794      0.77      3.17     0.945         0
   166/299     7.81G      1.31     0.265         0      1.58        17       608     0.869     0.769     0.827     0.816      3.12     0.882         0
   167/299     7.81G      1.23      0.24         0      1.47         6       608     0.854     0.783     0.809     0.817      3.13      0.86         0
   168/299     7.81G      1.27     0.223         0      1.49        15       608      0.83     0.791     0.812      0.81       3.1     0.828         0
   169/299     7.81G      1.33     0.214         0      1.55        14       608     0.839     0.789     0.808     0.813      3.28      0.83         0
   170/299     7.81G      1.37     0.239         0       1.6         4       608     0.836     0.775      0.81     0.805      3.22     0.863         0
   171/299     7.81G      1.23      0.24         0      1.47        26       608     0.822      0.74     0.766     0.779      3.23      0.92         0
   172/299     7.81G      1.23     0.228         0      1.46        12       608     0.842     0.789      0.82     0.815      3.17       0.9         0
   173/299     7.81G      1.24     0.234         0      1.48         8       608     0.853     0.773     0.811     0.811      3.14     0.897         0
   174/299     7.81G      1.31     0.236         0      1.54        19       608     0.845     0.749     0.798     0.794      3.13     0.886         0
   175/299     7.81G      1.34     0.246         0      1.58        18       608     0.838     0.692     0.788     0.758      3.15     0.901         0
   176/299     7.81G       1.2      0.19         0      1.39         5       608     0.832     0.731     0.791     0.778      3.15     0.877         0
   177/299     7.81G      1.29     0.228         0      1.52        10       608     0.819     0.762     0.807     0.789      3.14     0.851         0
   178/299     7.81G      1.25     0.233         0      1.48        18       608     0.823     0.783     0.818     0.803      3.16     0.851         0
   179/299     7.81G      1.23     0.245         0      1.47         6       608     0.819     0.758     0.769     0.787      3.22     0.864         0
   180/299     7.81G      1.19     0.227         0      1.41        13       608      0.82     0.762     0.778      0.79      3.17      0.87         0
   181/299     7.81G      1.25     0.231         0      1.48        21       608     0.811     0.761     0.763     0.785      3.23      0.88         0
   182/299     7.81G      1.31     0.226         0      1.54         7       608     0.827     0.747     0.776     0.785      3.17     0.905         0
   183/299     7.81G      1.13     0.226         0      1.36        15       608     0.818     0.728     0.768      0.77      3.19     0.933         0
   184/299     7.81G      1.24     0.241         0      1.49        15       608     0.831     0.736     0.775     0.781      3.17     0.909         0
   185/299     7.81G      1.18     0.227         0       1.4         4       608     0.811     0.726     0.741     0.766      3.17     0.893         0
   186/299     7.81G      1.18     0.223         0       1.4        11       608     0.817     0.773     0.767     0.794      3.19     0.858         0
   187/299     7.81G      1.12     0.201         0      1.32        13       608     0.808     0.823     0.807     0.816      3.21     0.831         0
   188/299     7.81G      1.13     0.222         0      1.35         4       608     0.807     0.823      0.81     0.815       3.2     0.837         0
   189/299     7.81G      1.14     0.221         0      1.36        15       608     0.818     0.787     0.789     0.802      3.18     0.863         0
   190/299     7.81G      1.13     0.197         0      1.33        22       608     0.817     0.773     0.766     0.794       3.2     0.891         0
   191/299     7.81G      1.13     0.213         0      1.34         7       608     0.837     0.797     0.808     0.817      3.13      0.88         0
   192/299     7.81G      1.17     0.209         0      1.38        13       608     0.837     0.791     0.806     0.813      3.12     0.911         0
   193/299     7.81G      1.04     0.234         0      1.28        15       608     0.836     0.811     0.807     0.823      3.12       0.9         0
   194/299     7.81G      1.07     0.198         0      1.26         5       608     0.835      0.82     0.822     0.827      3.18     0.884         0
   195/299     7.81G      1.05     0.204         0      1.25        15       608      0.81     0.753     0.776      0.78      3.22     0.919         0
   196/299     7.81G      1.04      0.19         0      1.23        17       608     0.809     0.747     0.786     0.777       3.2     0.897         0
   197/299     7.81G      1.15     0.208         0      1.36         6       608     0.807     0.762     0.772     0.784      3.23     0.898         0
   198/299     7.81G      1.07     0.215         0      1.28        19       608     0.824     0.783     0.787     0.803      3.21     0.909         0
   199/299     7.81G      1.08     0.195         0      1.28        15       608     0.815     0.777     0.792     0.795       3.2     0.922         0
   200/299     7.81G      1.04     0.192         0      1.23         7       608     0.827     0.759     0.785     0.791       3.2     0.936         0
   201/299     7.81G      1.02     0.198         0      1.22        10       608     0.828     0.776     0.798     0.801      3.15      0.91         0
   202/299     7.81G      1.08     0.227         0      1.31        18       608     0.825     0.787     0.804     0.806      3.17     0.898         0
   203/299     7.81G      1.01     0.217         0      1.23         7       608     0.836     0.792     0.812     0.814      3.16     0.901         0
   204/299     7.81G      1.05     0.216         0      1.26        16       608     0.835     0.788     0.812     0.811      3.16      0.91         0
   205/299     7.81G      1.03     0.196         0      1.22        14       608     0.838     0.776      0.79     0.806       3.2     0.927         0
   206/299     7.81G         1     0.206         0      1.21         4       608     0.841     0.767     0.788     0.802      3.13     0.933         0
   207/299     7.81G      1.01     0.194         0       1.2        14       608     0.838     0.758     0.771     0.796      3.15     0.946         0
   208/299     7.81G      1.01      0.21         0      1.22        17       608      0.84     0.773     0.783     0.805      3.17      0.95         0
   209/299     7.81G     0.941     0.199         0      1.14         8       608     0.821      0.78     0.784       0.8      3.15     0.958         0
   210/299     7.81G     0.981     0.209         0      1.19        20       608     0.809     0.758     0.775     0.783      3.16     0.963         0
   211/299     7.81G     0.994     0.218         0      1.21        15       608     0.834     0.762     0.784     0.796      3.16     0.974         0
   212/299     7.81G     0.908     0.189         0       1.1         6       608     0.831     0.765     0.777     0.797      3.17      0.95         0
   213/299     7.81G     0.899     0.189         0      1.09        18       608      0.83     0.773     0.794       0.8      3.13     0.923         0
   214/299     7.81G      1.01     0.193         0       1.2        19       608     0.834     0.765     0.781     0.798       3.2     0.916         0
   215/299     7.81G     0.864     0.176         0      1.04         3       608     0.837     0.762     0.778     0.798      3.19      0.94         0
   216/299     7.81G     0.962     0.182         0      1.14        18       608     0.819      0.75     0.764     0.783      3.22     0.949         0
   217/299     7.81G     0.954     0.195         0      1.15        12       608     0.836     0.776     0.805     0.805      3.19     0.931         0
   218/299     7.81G     0.905     0.194         0       1.1         4       608     0.844     0.783      0.81     0.813      3.17     0.939         0
   219/299     7.81G     0.987     0.184         0      1.17        15       608     0.845     0.773     0.801     0.807      3.16     0.953         0
   220/299     7.81G     0.987     0.198         0      1.19        18       608     0.843      0.78     0.804      0.81      3.16     0.964         0
   221/299     7.81G     0.927     0.184         0      1.11         4       608     0.839     0.787     0.801     0.812      3.16     0.967         0
   222/299     7.81G     0.944     0.194         0      1.14        16       608     0.842     0.801     0.813     0.821      3.17     0.946         0
   223/299     7.81G     0.924      0.18         0       1.1        18       608     0.841     0.801      0.82     0.821      3.13     0.928         0
   224/299     7.81G     0.938     0.195         0      1.13         6       608     0.857     0.802     0.815     0.829      3.14     0.932         0
   225/299     7.81G     0.968      0.21         0      1.18        20       608     0.849     0.776     0.802     0.811      3.16     0.941         0
   226/299     7.81G     0.946     0.173         0      1.12        17       608     0.836     0.754     0.776     0.793      3.16     0.954         0
   227/299     7.81G     0.897     0.183         0      1.08         3       608      0.85     0.775     0.792     0.811      3.13     0.947         0
   228/299     7.81G     0.938     0.208         0      1.15        18       608      0.85     0.776     0.809     0.811      3.11     0.939         0
   229/299     7.81G     0.933     0.189         0      1.12        18       608     0.844     0.761     0.807       0.8      3.13     0.946         0
   230/299     7.81G     0.813     0.179         0     0.992         5       608     0.842     0.768     0.805     0.803      3.14     0.947         0
   231/299     7.81G     0.926     0.173         0       1.1        13       608      0.84     0.776     0.807     0.807      3.16     0.953         0
   232/299     7.81G     0.889     0.188         0      1.08        23       608     0.839     0.773     0.792     0.805      3.16     0.963         0
   233/299     7.81G      0.85     0.182         0      1.03         8       608      0.85      0.78     0.799     0.813      3.16     0.967         0
   234/299     7.81G     0.861     0.175         0      1.04        17       608     0.842     0.776     0.794     0.808      3.14     0.972         0
   235/299     7.81G     0.847     0.189         0      1.04        20       608     0.843     0.776     0.808     0.808      3.11     0.964         0
   236/299     7.81G     0.846     0.168         0      1.01         6       608     0.849     0.783     0.814     0.815      3.11     0.963         0
   237/299     7.81G     0.869     0.185         0      1.05        17       608     0.838     0.801     0.806     0.819      3.16     0.959         0
   238/299     7.81G     0.884     0.195         0      1.08        16       608     0.824     0.776     0.781     0.799      3.17     0.962         0
   239/299     7.81G     0.879     0.182         0      1.06         7       608     0.819     0.769     0.778     0.793      3.17     0.956         0
   240/299     7.81G     0.847     0.199         0      1.05        19       608      0.83     0.793     0.798     0.811      3.16     0.939         0
   241/299     7.81G     0.762     0.157         0     0.919        15       608     0.845     0.794     0.806     0.819      3.17     0.932         0
   242/299     7.81G     0.793     0.164         0     0.957         8       608     0.834     0.795     0.806     0.814      3.15     0.931         0
   243/299     7.81G     0.816     0.167         0     0.983        18       608     0.839     0.809     0.811     0.824      3.14     0.931         0
   244/299     7.81G     0.786     0.169         0     0.955        10       608     0.851     0.804     0.812     0.827      3.16     0.936         0
   245/299     7.81G      0.89     0.199         0      1.09         7       608     0.862     0.791     0.801     0.825      3.14     0.945         0
   246/299     7.81G     0.845     0.187         0      1.03        15       608     0.844     0.783     0.792     0.812      3.14     0.947         0
   247/299     7.81G     0.841     0.191         0      1.03        22       608     0.833     0.792     0.793     0.812      3.13     0.944         0
   248/299     7.81G     0.818      0.18         0     0.998         9       608     0.821     0.795      0.79     0.808      3.15     0.947         0
   249/299     7.81G     0.782      0.17         0     0.952        13       608     0.823     0.789     0.795     0.806      3.16     0.951         0
   250/299     7.81G     0.825     0.163         0     0.988        17       608     0.826     0.786     0.795     0.806      3.16     0.952         0
   251/299     7.81G     0.726     0.142         0     0.868         6       608     0.829     0.772     0.786       0.8       3.2     0.965         0
   252/299     7.81G      0.75     0.147         0     0.897        20       608     0.835     0.762     0.782     0.797      3.21     0.978         0
   253/299     7.81G     0.843     0.186         0      1.03        21       608     0.835     0.748     0.776     0.789      3.24     0.983         0
   254/299     7.81G     0.739     0.157         0     0.896         6       608     0.842     0.751     0.781     0.794      3.21     0.983         0
   255/299     7.81G     0.754      0.16         0     0.913        24       608      0.86     0.777     0.802     0.816      3.18     0.977         0
   256/299     7.81G     0.816     0.163         0     0.979        23       608     0.854     0.794     0.805     0.823      3.16     0.971         0
   257/299     7.81G     0.765     0.167         0     0.932         5       608     0.855     0.806     0.812     0.829      3.19     0.969         0
   258/299     7.81G     0.829     0.161         0      0.99        15       608     0.857     0.802     0.807     0.829      3.19     0.975         0
   259/299     7.81G     0.754     0.169         0     0.922        13       608     0.846     0.773     0.789     0.808      3.17     0.987         0
   260/299     7.81G     0.764     0.163         0     0.927         7       608     0.856     0.772     0.801     0.812      3.17     0.989         0
   261/299     7.81G     0.777     0.159         0     0.935        20       608     0.851     0.765     0.798     0.806      3.18     0.991         0
   262/299     7.81G     0.837     0.187         0      1.02        19       608     0.852     0.768     0.802     0.807      3.17     0.992         0
   263/299     7.81G     0.759     0.178         0     0.937        12       608     0.861     0.787     0.808     0.822      3.18     0.986         0
   264/299     7.81G     0.741     0.162         0     0.903        17       608     0.864     0.803     0.814     0.832      3.17     0.978         0
   265/299     7.81G     0.778     0.149         0     0.926        26       608     0.862      0.81     0.812     0.835      3.16     0.979         0
   266/299     7.81G     0.839     0.174         0      1.01         9       608     0.844     0.801       0.8     0.822      3.17      0.98         0
   267/299     7.81G     0.746      0.15         0     0.896        16       608     0.849     0.798     0.796     0.823      3.18     0.993         0
   268/299     7.81G     0.765     0.158         0     0.923        15       608     0.846     0.794     0.797     0.819      3.18     0.997         0
   269/299     7.81G     0.766     0.165         0     0.931         6       608     0.844     0.804     0.799     0.824      3.19     0.996         0
   270/299     7.81G      0.79     0.167         0     0.957        15       608     0.835     0.787     0.792     0.811      3.18         1         0
   271/299     7.81G     0.713     0.149         0     0.862        15       608     0.838     0.782      0.79     0.809      3.19         1         0
   272/299     7.81G     0.721     0.158         0     0.879         6       608     0.833     0.776     0.785     0.804      3.18     0.998         0
   273/299     7.81G     0.745     0.173         0     0.919        19       608     0.834      0.78     0.786     0.806      3.17     0.992         0
   274/299     7.81G     0.748     0.175         0     0.923        17       608      0.84     0.787     0.788     0.813      3.17     0.992         0
   275/299     7.81G     0.735     0.161         0     0.896        11       608     0.844     0.791     0.797     0.816      3.16     0.989         0
   276/299     7.81G     0.661     0.162         0     0.823        19       608     0.839     0.787     0.795     0.812      3.17     0.986         0
   277/299     7.81G     0.767     0.168         0     0.935        20       608     0.845     0.794     0.803     0.819      3.15     0.986         0
   278/299     7.81G     0.756     0.167         0     0.923         8       608     0.849     0.791     0.797     0.819      3.14     0.988         0
   279/299     7.81G     0.738     0.163         0     0.901        21       608     0.848     0.783     0.796     0.814      3.14     0.989         0
   280/299     7.81G     0.745     0.157         0     0.902        13       608     0.852     0.788     0.794     0.819      3.16     0.994         0
   281/299     7.81G     0.767     0.156         0     0.922         4       608     0.851     0.785     0.794     0.817      3.14     0.993         0
   282/299     7.81G     0.713     0.163         0     0.876        12       608     0.847     0.783     0.791     0.814      3.15     0.995         0
   283/299     7.81G     0.717     0.154         0     0.871        20       608     0.856     0.794     0.802     0.824      3.14     0.995         0
   284/299     7.81G     0.756     0.164         0      0.92         6       608      0.86     0.798     0.809     0.828      3.14     0.992         0
   285/299     7.81G     0.737     0.163         0       0.9        12       608     0.851     0.784       0.8     0.816      3.15     0.996         0
   286/299     7.81G      0.76     0.183         0     0.943        22       608     0.853     0.787     0.799     0.819      3.15     0.996         0
   287/299     7.81G     0.716     0.163         0     0.879        10       608     0.843     0.777     0.792     0.809      3.17     0.996         0
   288/299     7.81G     0.762     0.158         0      0.92        16       608     0.838     0.785     0.792     0.811      3.15     0.988         0
   289/299     7.81G     0.719     0.182         0     0.901        20       608     0.842     0.786     0.794     0.813      3.15      0.99         0
   290/299     7.81G     0.689     0.145         0     0.834         8       608     0.843     0.794     0.792     0.818      3.15     0.988         0
   291/299     7.81G     0.716     0.187         0     0.903        22       608     0.858     0.804     0.804      0.83      3.16     0.982         0
   292/299     7.81G       0.7     0.171         0     0.871        21       608     0.854     0.805     0.805     0.829      3.16     0.982         0
   293/299     7.81G      0.76     0.192         0     0.951         5       608     0.848     0.803     0.805     0.825      3.17     0.985         0
   294/299     7.81G     0.723     0.157         0      0.88        15       608     0.857     0.799       0.8     0.827      3.16     0.988         0
   295/299     7.81G     0.722      0.17         0     0.893        20       608     0.851     0.781     0.793     0.814      3.18     0.994         0
   296/299     7.81G     0.713     0.151         0     0.864         7       608     0.844     0.776     0.797     0.809      3.18     0.998         0
   297/299     7.81G     0.661     0.142         0     0.803        15       608     0.847     0.777      0.79      0.81      3.18         1         0
   298/299     7.81G     0.708     0.158         0     0.866        15       608     0.845     0.776     0.786     0.809      3.18      1.01         0
   299/299     7.81G     0.692     0.152         0     0.844         4       608     0.856     0.783       0.8     0.818      3.17      1.01         0
