[    0.74488           0           0]
[    0.87681     0.55087           0           0]
[    0.61122     0.56939     0.29081           0     0.35587     0.26549     0.30496           0           0           0]
[          0     0.69958     0.78977           0           0]
[    0.48828     0.57159           0           0           0           0           0]
[    0.68966     0.81025]
[    0.58216           0           0           0]
[    0.83932]
[    0.56959      0.3454]
[    0.49223           0           0           0           0           0           0           0]
[    0.80903           0     0.63656           0     0.57532           0]
[          0           0     0.70633]
[    0.74803           0]
[    0.83678           0           0]
[    0.79131           0           0]
[    0.90512           0           0           0           0           0           0           0           0           0]
[    0.73106           0      0.6009           0]
[    0.40103           0           0           0           0           0           0           0]
[    0.97008           0           0]
[    0.79081           0           0           0           0           0           0           0]
[    0.93305     0.88619           0]
[    0.71444           0           0           0           0]
[    0.61088]
[     0.8684           0           0]
[    0.56287           0           0]
[     0.7998           0     0.91501           0           0     0.70443           0           0           0           0]
[    0.48419           0           0           0           0           0           0           0           0]
[    0.93325           0]
[          0     0.84327     0.55325     0.82374           0]
[    0.75662]
[    0.60572           0           0]
[    0.87455     0.65799           0           0           0]
[          0     0.58601           0           0]
[     0.8695     0.33374           0           0           0           0]
[    0.65875           0           0           0     0.80966]
[    0.80816     0.86408]
[    0.87946           0           0           0           0           0]
[    0.57756           0           0           0]
[    0.77785           0]
[    0.69631           0           0           0     0.52406           0           0           0]
[    0.83607           0           0]
[    0.87124           0           0           0]
[    0.76374           0           0     0.73656]
[    0.95257           0           0      0.8008]
[    0.75558           0]
[    0.75734           0     0.75931]
[    0.83068           0           0           0]
[    0.61576           0           0           0           0]
[    0.63511           0      0.6509           0           0]
[    0.71965     0.67037           0           0           0     0.73051           0]
[          0     0.76727     0.34097           0           0           0     0.21841     0.70573]
[    0.79068     0.79174     0.65445           0           0]
[    0.93102     0.90896           0     0.44279           0]
[    0.84506    0.071201    0.089798           0           0           0           0           0]
[    0.88641     0.78774           0]
[    0.94183     0.78649]
[    0.89739           0]
[     0.6425           0           0           0           0           0      0.6114           0]
[    0.83022           0]
[          0     0.79928           0           0           0           0           0           0           0     0.69102]
[    0.91736           0           0           0           0           0]
[    0.82621     0.75577           0]
[     0.8516     0.82819]
[    0.81856           0           0           0           0]
[     0.8898     0.74377     0.72945     0.71329      0.3297     0.31809           0  0.00073182      0.3395]
[    0.87958     0.67072]
[    0.82778     0.63219     0.78744           0]
[     0.7433]
[    0.90147           0           0           0           0]
[    0.86516           0           0           0           0           0      0.6519           0           0]
[    0.72569]
[    0.91666           0           0           0           0]
[     0.9145     0.72704]
[    0.84211           0    0.059296           0           0           0     0.54197           0]
[    0.76813           0           0           0           0]
[    0.91447]
[     0.5307      0.5812           0           0]
[    0.56026     0.45974           0           0     0.38269]
[    0.86061           0           0           0     0.70002]
[    0.66172           0           0     0.76148]
[      0.758           0           0]
[    0.57416     0.33035           0           0     0.64517           0]
[    0.80296     0.62816           0           0]
[    0.64192           0           0           0     0.49049      0.6613           0           0           0           0]
[    0.83905           0           0]
[    0.66793           0           0           0]
[    0.68611           0]
[    0.78996     0.57554           0]
[    0.81185    0.006687           0]
[    0.90179           0           0           0           0           0           0           0]
[    0.88768     0.86494           0]
[    0.69364     0.80682           0     0.40195           0           0           0]
[    0.76304     0.74226     0.61545]
[    0.63869     0.68619           0           0           0]
[    0.80695     0.83042           0           0           0           0           0]
[    0.78969     0.74855           0]
[    0.74513]
[    0.50078     0.74622           0           0]
[    0.74056           0           0           0           0]
[    0.74847     0.25224]
