[    0.79081     0.79611           0           0           0           0     0.63895           0     0.51857]
[    0.52567      0.5206     0.28307     0.65213           0     0.26346           0     0.16503     0.50167           0]
[    0.53936     0.49959     0.52105     0.79484   0.0061182     0.39311]
[    0.82165           0           0     0.80892           0]
[    0.57384      0.6328           0           0           0]
[          0     0.31356     0.61143]
[    0.57449     0.63059     0.64519     0.78073     0.43466     0.64237           0     0.48586     0.49983     0.37964           0       0.517]
[    0.60549     0.61461     0.79243     0.50115]
[    0.70687     0.53259]
[   0.099385     0.45361           0     0.53513]
[    0.63944     0.54017     0.67107           0     0.22255]
[    0.76576     0.40548           0           0]
[     0.6673     0.28493     0.64659]
[    0.47899     0.33366]
[    0.60076     0.61352]
[    0.59671     0.21999]
[    0.46331     0.63162     0.51515           0     0.53665]
[    0.40976     0.40695           0]
[    0.85239           0           0           0           0           0]
[      0.514     0.50187     0.51805     0.34003     0.59941     0.51307           0           0]
[    0.69271     0.74808     0.53748      0.7601      0.5932     0.49499           0      0.5064     0.60984           0]
[    0.75151     0.78428           0           0]
[    0.39998     0.25288           0           0]
[    0.22736     0.20489      0.6188           0     0.35919           0     0.63603           0     0.50297           0]
[    0.76293     0.37968     0.44558           0     0.78201           0           0           0]
[    0.45886     0.78647           0      0.6787           0     0.62409     0.38013]
[    0.53425           0           0]
[    0.66108           0           0           0]
[    0.80085     0.36857    0.093462           0]
[    0.63572     0.17701           0           0           0]
[    0.79881     0.85979]
[    0.95147     0.78274           0           0]
[     0.7557     0.46765     0.37964      0.4462     0.57396           0     0.75312           0]
[    0.86726     0.81109     0.80541           0     0.59431      0.4478     0.45999]
[    0.79876     0.93143           0     0.33396     0.39865           0           0           0           0]
[    0.71673           0     0.69858     0.63083]
[    0.54654           0           0     0.24608     0.86217]
[    0.69622     0.50192           0           0           0           0           0           0]
[    0.84607      0.8148     0.57857     0.55309     0.47632           0           0]
[          0]
[    0.79718     0.76011]
[    0.63645           0]
[    0.70559           0           0           0           0           0           0]
[    0.89493           0]
[    0.57963           0]
[    0.95501     0.91836     0.72318           0           0]
[    0.58116      0.2643     0.65685     0.51471           0           0]
[    0.34596     0.25195     0.56078           0     0.20807]
[    0.31137           0]
[    0.66286     0.89933     0.80601]
[    0.77429     0.79066     0.62117           0     0.45151      0.8091]
[          0           0     0.58305           0           0           0     0.62147]
[    0.86098           0           0           0           0           0           0           0           0           0           0           0]
[    0.47732      0.4949]
[     0.8869     0.91226     0.72334]
[    0.64625     0.56223           0     0.71655           0     0.25038     0.45101]
[    0.57681     0.34471           0           0           0]
[    0.74648           0]
[    0.80723     0.61803     0.43067     0.75814     0.66645           0           0     0.81191           0     0.80966]
[    0.69498           0           0     0.74311     0.23528]
[    0.76663]
[    0.71583     0.66342     0.66397     0.49492]
[    0.56959           0           0           0           0           0           0]
[    0.64409      0.6133     0.55745]
[    0.75183]
[    0.65595     0.68219     0.31715           0           0           0           0     0.12885]
[    0.84598           0     0.70387     0.38129]
[    0.61913      0.6328           0]
[    0.44187           0]
[          0]
[    0.89232]
[    0.69623     0.63779     0.62594]
[     0.9514           0     0.53485]
[    0.71151     0.64812           0    0.053777]
[    0.68896           0           0           0           0]
[    0.40088     0.27281]
[    0.75985           0           0]
[    0.73048      0.8622     0.57457     0.82731]
[    0.78327     0.61527     0.64081           0     0.26229           0     0.66317     0.81697     0.35917           0           0           0           0           0]
[    0.78402     0.52967           0      0.6329]
[    0.53966           0     0.60166           0]
[    0.48383     0.78338     0.65193     0.12263     0.69164           0     0.27108     0.22917]
[    0.89416     0.78311     0.71964           0           0           0]
[    0.74066     0.89965      0.5357]
[    0.87904     0.74609     0.31404           0       0.674     0.40268     0.43677           0     0.66631           0]
[          0           0           0     0.54793]
[    0.57295     0.50607]
[    0.75088      0.5886     0.41093     0.57678     0.58394      0.5327           0     0.54383     0.51058]
[    0.49289    0.034488           0]
[    0.87537     0.89702     0.88017           0           0     0.38848     0.41054           0]
[    0.85686     0.84809     0.72722     0.68611     0.88543           0     0.74094]
[    0.28361     0.56503     0.48062     0.57748     0.56336     0.32395     0.28237     0.34185]
[    0.72424     0.65346]
[    0.64717     0.48381]
[    0.73963     0.57027     0.50886           0]
[    0.73704     0.90711     0.62309     0.48646]
[    0.81003     0.66432      0.7186      0.7239           0     0.81699     0.53427           0     0.84501     0.82536]
[    0.79566     0.83214     0.55709           0           0     0.43378           0           0]
[    0.76587     0.70772           0     0.22441     0.67678           0]
