     0/299     7.81G      7.98      32.4         0      40.4        21       608         0         0   0.00251         0      7.06      2.13         0
     1/299     7.81G      6.08       3.3         0      9.37        25       608         0         0         0         0      5.91      2.06         0
     2/299     7.81G      5.15      2.65         0       7.8         3       608         0         0    0.0229         0      6.12      1.54         0
     3/299     7.81G      4.64      1.99         0      6.63        14       608         0         0    0.0514         0      4.98     0.978         0
     4/299     7.81G      5.09      1.14         0      6.23        19       608     0.036    0.0263    0.0589    0.0304      6.38     0.804         0
     5/299     7.81G      5.05      1.11         0      6.16         1       608     0.762    0.0171     0.258    0.0334      4.73     0.945         0
     6/299     7.81G      4.36      1.14         0      5.49        16       608     0.404     0.128     0.207     0.195      5.31     0.778         0
     7/299     7.81G      4.59     0.962         0      5.55        22       608     0.335    0.0187      0.19    0.0355      5.31       0.8         0
     8/299     7.81G       3.9      1.06         0      4.96         4       608     0.546     0.358     0.398     0.433      4.66     0.715         0
     9/299     7.81G      4.27     0.842         0      5.11        24       608     0.849    0.0889     0.372     0.161      4.51       0.8         0
    10/299     7.81G      4.52      0.97         0      5.49        21       608     0.601    0.0397     0.411    0.0744       4.6     0.782         0
    11/299     7.81G      4.14     0.844         0      4.98         4       608     0.717     0.147     0.415     0.243      4.56     0.709         0
    12/299     7.81G      4.09     0.878         0      4.97        21       608     0.784     0.268     0.466       0.4      4.47     0.669         0
    13/299     7.81G      3.76     0.812         0      4.57        24       608     0.469     0.274     0.302     0.346      4.32      0.65         0
    14/299     7.81G      3.98     0.825         0       4.8         5       608     0.765     0.188     0.459     0.302      4.46     0.666         0
    15/299     7.81G       3.7     0.761         0      4.46        10       608     0.469     0.204     0.233     0.285      6.41     0.505         0
    16/299     7.81G      4.39       0.9         0      5.29        16       608      0.73    0.0714     0.464      0.13      4.13     0.708         0
    17/299     7.81G      3.54     0.738         0      4.28         4       608     0.719     0.243     0.452     0.363      4.48      0.59         0
    18/299     7.81G      3.66     0.766         0      4.43        20       608      0.86     0.147     0.491     0.252      4.23     0.626         0
    19/299     7.81G      3.41     0.864         0      4.28        19       608     0.914     0.056     0.544     0.106      4.01      0.64         0
    20/299     7.81G      3.71     0.718         0      4.43        10       608     0.851    0.0632     0.416     0.118      4.13     0.677         0
    21/299     7.81G      3.51     0.726         0      4.23        17       608     0.858     0.223     0.424     0.354       4.5     0.647         0
    22/299     7.81G       3.5     0.805         0       4.3        22       608         1    0.0514     0.265    0.0978      4.83     0.793         0
    23/299     7.81G      3.24     0.677         0      3.92         4       608      0.87     0.106     0.306     0.189      4.54     0.874         0
    24/299     7.81G      3.09     0.696         0      3.78        24       608     0.868     0.216     0.461     0.346      4.31     0.622         0
    25/299     7.81G       3.2     0.604         0       3.8        16       608     0.881     0.233     0.541     0.368      4.37     0.627         0
    26/299     7.81G      3.17     0.642         0      3.81         7       608     0.768     0.139     0.357     0.236      4.45     0.664         0
    27/299     7.81G      3.06     0.655         0      3.71        21       608     0.904    0.0496     0.194     0.094      4.92     0.853         0
    28/299     7.81G      2.98     0.651         0      3.63        27       608     0.854     0.154     0.359      0.26      4.47     0.764         0
    29/299     7.81G      2.97     0.637         0      3.61         9       608     0.843     0.289     0.431     0.431      4.11     0.654         0
    30/299     7.81G      2.84     0.586         0      3.43        15       608     0.821     0.169     0.356     0.281      4.11     0.721         0
    31/299     7.81G      3.01     0.595         0      3.61        17       608     0.853     0.274     0.426     0.415      4.08     0.689         0
    32/299     7.81G      2.71     0.597         0       3.3         6       608     0.807     0.351      0.52     0.489      3.89     0.615         0
    33/299     7.81G       2.7     0.548         0      3.24        19       608     0.728      0.45     0.551     0.557      3.71     0.556         0
    34/299     7.81G       2.7     0.658         0      3.36        21       608      0.85     0.477     0.694     0.611      3.49     0.569         0
    35/299     7.81G      2.39     0.571         0      2.96         4       608     0.794     0.432     0.613     0.559      3.62     0.557         0
    36/299     7.81G      2.74     0.556         0       3.3        16       608       0.9     0.379     0.625     0.533      3.49     0.592         0
    37/299     7.81G      2.74     0.572         0      3.31        21       608     0.881      0.39     0.604      0.54      4.17     0.566         0
    38/299     7.81G      2.59     0.578         0      3.17         9       608     0.825     0.398     0.607     0.537      3.78     0.616         0
    39/299     7.81G      2.42     0.535         0      2.96        21       608     0.725     0.505      0.61     0.595      3.63     0.562         0
    40/299     7.81G      2.41     0.521         0      2.93        25       608     0.802     0.661      0.69     0.725      3.52     0.528         0
    41/299     7.81G      2.32     0.523         0      2.84         6       608     0.843     0.605     0.707     0.704      3.62     0.506         0
    42/299     7.81G      2.42     0.504         0      2.93        16       608     0.825     0.479     0.623     0.606      3.77     0.523         0
    43/299     7.81G      2.23     0.495         0      2.72        14       608     0.795     0.448     0.546     0.573      3.92     0.581         0
    44/299     7.81G      2.33     0.514         0      2.84        11       608     0.815     0.488     0.576      0.61      3.84     0.604         0
    45/299     7.81G      2.28     0.521         0       2.8        16       608     0.873     0.511       0.6     0.644      3.63     0.577         0
    46/299     7.81G      2.22     0.514         0      2.73        21       608     0.687     0.447     0.506     0.542      3.71     0.594         0
    47/299     7.81G      2.25     0.485         0      2.74         6       608     0.805     0.413     0.513     0.546      3.66     0.632         0
    48/299     7.81G      2.16     0.474         0      2.63        13       608      0.79     0.463     0.599     0.584      3.43     0.582         0
    49/299     7.81G      2.15     0.499         0      2.65        29       608     0.828     0.421     0.599     0.558      3.39     0.614         0
    50/299     7.81G      2.19     0.472         0      2.66         8       608     0.808     0.458     0.621     0.585      3.59     0.579         0
    51/299     7.81G      2.24     0.506         0      2.74        29       608     0.791     0.439     0.562     0.565      3.47     0.605         0
    52/299     7.81G      1.93     0.444         0      2.37        21       608     0.765     0.426     0.521     0.548      3.63     0.623         0
    53/299     7.81G      2.16     0.525         0      2.68         6       608     0.798     0.375     0.488      0.51      4.11     0.675         0
    54/299     7.81G         2      0.52         0      2.52        27       608     0.841       0.5     0.639     0.627      3.38     0.602         0
    55/299     7.81G      1.97     0.474         0      2.45        31       608     0.817     0.494     0.624     0.616      3.52     0.574         0
    56/299     7.81G      2.19      0.44         0      2.63         9       608     0.901     0.458     0.597     0.607      3.61     0.591         0
    57/299     7.81G      2.02     0.477         0       2.5        21       608     0.786     0.553     0.578     0.649      3.44     0.562         0
    58/299     7.81G      1.94     0.474         0      2.42        30       608     0.813     0.542     0.598     0.651      3.45     0.604         0
    59/299     7.81G      2.05     0.432         0      2.48         4       608     0.805     0.478     0.612     0.599      3.45     0.594         0
    60/299     7.81G      2.07     0.443         0      2.51        18       608     0.779     0.481     0.597     0.595       3.6     0.613         0
    61/299     7.81G      1.96     0.483         0      2.44        24       608     0.793     0.484     0.605     0.602      3.42     0.613         0
    62/299     7.81G      2.01     0.471         0      2.48         6       608     0.752      0.43     0.528     0.547      3.63     0.619         0
    63/299     7.81G      1.95     0.458         0      2.41        24       608     0.797     0.538     0.642     0.643      3.38     0.561         0
    64/299     7.81G      1.97     0.419         0      2.38        21       608     0.805     0.526     0.659     0.637      3.37     0.562         0
    65/299     7.81G      1.87     0.397         0      2.27         7       608     0.799     0.516      0.63     0.627       3.4     0.556         0
    66/299     7.81G      2.03     0.404         0      2.43        17       608     0.845     0.459     0.601     0.595      3.53     0.592         0
    67/299     7.81G      1.95     0.447         0       2.4        21       608     0.836       0.5     0.631     0.626      3.49     0.574         0
    68/299     7.81G      1.93     0.434         0      2.37        11       608     0.803     0.595     0.648     0.683      3.51     0.552         0
    69/299     7.81G      1.78     0.418         0       2.2        18       608     0.803       0.6      0.63     0.687      3.51     0.546         0
    70/299     7.81G       2.1     0.428         0      2.53        25       608     0.821     0.505     0.591     0.625      3.69      0.58         0
    71/299     7.81G      1.74     0.441         0      2.18         6       608      0.84     0.521     0.639     0.643      3.46     0.603         0
    72/299     7.81G      1.74     0.436         0      2.18        18       608      0.76     0.558     0.587     0.643      3.33     0.597         0
    73/299     7.81G      1.87     0.413         0      2.29        20       608     0.749     0.423     0.545     0.541      3.46     0.666         0
    74/299     7.81G      1.69     0.414         0       2.1         5       608     0.733     0.479     0.549     0.579      3.48     0.639         0
    75/299     7.81G      1.85      0.41         0      2.26        13       608      0.73      0.54      0.58     0.621      3.52     0.619         0
    76/299     7.81G      1.97     0.414         0      2.38        26       608     0.799      0.46     0.607     0.584      3.59      0.63         0
    77/299     7.81G      1.81     0.428         0      2.23         4       608     0.812     0.489     0.582     0.611      3.39     0.635         0
    78/299     7.81G      1.93     0.403         0      2.33        22       608     0.767     0.451     0.541     0.568      3.52     0.658         0
    79/299     7.81G      1.68     0.416         0      2.09        30       608     0.798     0.479     0.577     0.598       3.4     0.633         0
    80/299     7.81G      1.81     0.379         0      2.19         5       608      0.75     0.532     0.606     0.622      3.45     0.607         0
    81/299     7.81G      1.75     0.382         0      2.14        25       608     0.774     0.505     0.598     0.611      3.58     0.601         0
    82/299     7.81G      1.61      0.43         0      2.04        17       608     0.766     0.579     0.654     0.659      3.36     0.572         0
    83/299     7.81G      1.78     0.383         0      2.16         8       608     0.768     0.542     0.649     0.636      3.39     0.573         0
    84/299     7.81G      1.81      0.39         0       2.2        28       608     0.856     0.537     0.665      0.66      3.34     0.586         0
    85/299     7.81G      1.65     0.401         0      2.05        19       608     0.817     0.537     0.634     0.648      3.44     0.579         0
    86/299     7.81G      1.62     0.377         0         2         6       608     0.832     0.574     0.649     0.679      3.44      0.59         0
    87/299     7.81G      1.68     0.389         0      2.07        25       608     0.837     0.516     0.633     0.638      3.42     0.627         0
    88/299     7.81G      1.69     0.383         0      2.07        19       608     0.834     0.505     0.612     0.629      3.31     0.654         0
    89/299     7.81G      1.66     0.371         0      2.03         4       608     0.821     0.554     0.642     0.662      3.45     0.645         0
    90/299     7.81G      1.72     0.371         0      2.09        26       608     0.823     0.538     0.655     0.651      3.32     0.628         0
    91/299     7.81G      1.68      0.37         0      2.05        18       608     0.808     0.542     0.628     0.649      3.44     0.613         0
    92/299     7.81G      1.58     0.367         0      1.95         4       608     0.821     0.574     0.644     0.675      3.31     0.616         0
    93/299     7.81G      1.57     0.363         0      1.93        17       608     0.754     0.564     0.619     0.645      3.27     0.617         0
    94/299     7.81G      1.53     0.346         0      1.88        13       608     0.874      0.51     0.646     0.644      3.38     0.654         0
    95/299     7.81G      1.72     0.352         0      2.07         3       608     0.825     0.526     0.638     0.643      3.27     0.642         0
    96/299     7.81G      1.76     0.405         0      2.16        24       608     0.848     0.468     0.602     0.603      3.53     0.631         0
    97/299     7.81G      1.59     0.362         0      1.96        23       608     0.826     0.453     0.564     0.585      3.62     0.646         0
    98/299     7.81G      1.62     0.358         0      1.98         6       608     0.833     0.472     0.603     0.602      3.41     0.658         0
    99/299     7.81G      1.49     0.355         0      1.85        15       608      0.84     0.526      0.62     0.647      3.38     0.661         0
   100/299     7.81G      1.55     0.353         0       1.9        21       608     0.781     0.521     0.593     0.625      3.33      0.65         0
   101/299     7.81G      1.55      0.35         0       1.9         5       608     0.787     0.553     0.611     0.649       3.3     0.617         0
   102/299     7.81G      1.51     0.367         0      1.88        19       608     0.762     0.537     0.606      0.63      3.33     0.604         0
   103/299     7.81G      1.56      0.35         0      1.91        21       608     0.787     0.563     0.661     0.656      3.34     0.584         0
   104/299     7.81G      1.65     0.333         0      1.98         8       608     0.865     0.526     0.666     0.655      3.34     0.643         0
   105/299     7.81G       1.5     0.351         0      1.85        15       608     0.859     0.513     0.637     0.643      3.28     0.663         0
   106/299     7.81G      1.43     0.323         0      1.75        19       608     0.841     0.589     0.703     0.693      3.16     0.608         0
   107/299     7.81G      1.39     0.342         0      1.74         7       608      0.83     0.593     0.696     0.692      3.15     0.627         0
   108/299     7.81G      1.33     0.333         0      1.67        22       608     0.812     0.547     0.645     0.653      3.25     0.657         0
   109/299     7.81G      1.41     0.308         0      1.72        19       608     0.827     0.602     0.664     0.696      3.25     0.641         0
   110/299     7.81G      1.36     0.345         0      1.71        11       608     0.811     0.626     0.672     0.707      3.23     0.595         0
   111/299     7.81G      1.36     0.304         0      1.66        14       608     0.789     0.631     0.674     0.701      3.26      0.58         0
   112/299     7.81G      1.48      0.32         0       1.8        10       608     0.821     0.605     0.676     0.697      3.21     0.594         0
   113/299     7.81G      1.43     0.316         0      1.75         6       608     0.809     0.584     0.658     0.678      3.28       0.6         0
   114/299     7.81G      1.58     0.318         0      1.89        17       608     0.818     0.595     0.691     0.689      3.25     0.606         0
   115/299     7.81G      1.32     0.301         0      1.62        10       608     0.822     0.595     0.696      0.69      3.24     0.623         0
   116/299     7.81G      1.29     0.326         0      1.61         3       608      0.84      0.61     0.708     0.707       3.3      0.61         0
   117/299     7.81G      1.38     0.338         0      1.72        21       608     0.823     0.613     0.702     0.703      3.32     0.618         0
   118/299     7.81G      1.39     0.297         0      1.69        21       608     0.833     0.576     0.678     0.681      3.24     0.632         0
   119/299     7.81G      1.26     0.307         0      1.56         5       608      0.85     0.558     0.687     0.674      3.18     0.641         0
   120/299     7.81G      1.33     0.315         0      1.65        16       608     0.845     0.547      0.67     0.664      3.32     0.644         0
   121/299     7.81G      1.32     0.307         0      1.63        20       608     0.848     0.547     0.657     0.665      3.32     0.659         0
   122/299     7.81G      1.36     0.332         0      1.69         5       608     0.821     0.616     0.666     0.704      3.23     0.633         0
   123/299     7.81G      1.31     0.306         0      1.62        18       608     0.815     0.605     0.669     0.695       3.2     0.639         0
   124/299     7.81G      1.25     0.323         0      1.57        17       608     0.811     0.611     0.657     0.696      3.21     0.638         0
   125/299     7.81G      1.26     0.307         0      1.57        11       608     0.785     0.577     0.646     0.665      3.27     0.627         0
   126/299     7.81G       1.4     0.289         0      1.69        17       608     0.843     0.574     0.667     0.683      3.34     0.646         0
   127/299     7.81G      1.31     0.316         0      1.62        24       608     0.844     0.532     0.664     0.652      3.34     0.691         0
   128/299     7.81G      1.29     0.301         0      1.59         3       608      0.86     0.551     0.657     0.671      3.31     0.682         0
   129/299     7.81G      1.28       0.3         0      1.58        24       608     0.838     0.544      0.63     0.659      3.47     0.649         0
   130/299     7.81G      1.31     0.295         0      1.61        18       608     0.829     0.538     0.618     0.652       3.5     0.672         0
   131/299     7.81G      1.18      0.28         0      1.46        11       608      0.82     0.547     0.653     0.656      3.43     0.667         0
   132/299     7.81G      1.33     0.294         0      1.62        20       608     0.844     0.495     0.638     0.624      3.38     0.708         0
   133/299     7.81G      1.31     0.315         0      1.63        19       608     0.869     0.456     0.609     0.598      3.34     0.771         0
   134/299     7.81G      1.26     0.299         0      1.56         4       608     0.867     0.479     0.608     0.617       3.3     0.738         0
   135/299     7.81G       1.3     0.307         0      1.61        17       608     0.847     0.584      0.67     0.691      3.31      0.65         0
   136/299     7.81G      1.15     0.275         0      1.43        18       608     0.834       0.6     0.662     0.698      3.24     0.659         0
   137/299     7.81G      1.33     0.292         0      1.62         5       608     0.841     0.568     0.646     0.678      3.27     0.699         0
   138/299     7.81G      1.16       0.3         0      1.46        20       608      0.84     0.579     0.694     0.686      3.18     0.687         0
   139/299     7.81G      1.23     0.279         0      1.51        23       608     0.826     0.568     0.676     0.673      3.23     0.669         0
   140/299     7.81G      1.25     0.262         0      1.51         4       608     0.868     0.516     0.656     0.647       3.2     0.712         0
   141/299     7.81G      1.13     0.316         0      1.44        32       608     0.849     0.504     0.649     0.633      3.19     0.701         0
   142/299     7.81G      1.08     0.271         0      1.35        20       608     0.856     0.531     0.641     0.655       3.2     0.674         0
   143/299     7.81G      1.15     0.264         0      1.42         7       608     0.834      0.53      0.66     0.648      3.16     0.656         0
   144/299     7.81G      1.14     0.277         0      1.42        12       608     0.828     0.508     0.644     0.629      3.23      0.67         0
   145/299     7.81G      1.19     0.301         0      1.49        17       608     0.831     0.492     0.662     0.618      3.21     0.695         0
   146/299     7.81G      1.12     0.269         0      1.39         6       608     0.803     0.495     0.628     0.612      3.23     0.695         0
   147/299     7.81G       1.1     0.281         0      1.38        20       608     0.814     0.521      0.66     0.635      3.26      0.69         0
   148/299     7.81G       1.1     0.246         0      1.34        24       608     0.821     0.511     0.652     0.629      3.25     0.704         0
   149/299     7.81G      1.09     0.251         0      1.34         6       608     0.821     0.474     0.629     0.601       3.2      0.73         0
   150/299     7.81G      1.01     0.271         0      1.28        20       608     0.831     0.489     0.616     0.616      3.24     0.726         0
   151/299     7.81G      1.21      0.27         0      1.47        18       608      0.78     0.521      0.62     0.625      3.23     0.672         0
   152/299     7.81G      1.17     0.279         0      1.45         5       608     0.814     0.529     0.637     0.641      3.22       0.7         0
   153/299     7.81G      1.14     0.273         0      1.41        22       608     0.804     0.532     0.632      0.64      3.25     0.712         0
   154/299     7.81G      1.09     0.258         0      1.35        23       608     0.797     0.538     0.618     0.642      3.22      0.72         0
   155/299     7.81G      1.01     0.258         0      1.27         1       608     0.777     0.537     0.638     0.635       3.2     0.703         0
   156/299     7.81G      1.12     0.242         0      1.36        18       608     0.796     0.555     0.646     0.654      3.25     0.704         0
   157/299     7.81G      1.15     0.263         0      1.41        17       608     0.807     0.551     0.646     0.655      3.24     0.709         0
   158/299     7.81G      1.14     0.284         0      1.42         5       608     0.812     0.522     0.656     0.636      3.26     0.727         0
   159/299     7.81G      1.05     0.249         0       1.3        22       608      0.82     0.504     0.671     0.625      3.19     0.743         0
   160/299     7.81G     0.984     0.241         0      1.23        26       608     0.811     0.532     0.656     0.642      3.13     0.731         0
   161/299     7.81G      1.03     0.236         0      1.27         5       608     0.821     0.532     0.651     0.645      3.11     0.721         0
   162/299     7.81G      1.09      0.24         0      1.33        30       608     0.813     0.527     0.668      0.64      3.15     0.723         0
   163/299     7.81G      0.98     0.235         0      1.21        28       608     0.851     0.541     0.689     0.661      3.19     0.728         0
   164/299     7.81G     0.972     0.229         0       1.2         5       608     0.852     0.521     0.672     0.647      3.22     0.739         0
   165/299     7.81G         1     0.241         0      1.24        17       608     0.843     0.535     0.658     0.655       3.3     0.737         0
   166/299     7.81G     0.945     0.236         0      1.18        17       608      0.83     0.538     0.662     0.653      3.25     0.732         0
   167/299     7.81G      1.03     0.242         0      1.27         6       608     0.856     0.531     0.668     0.655      3.24     0.747         0
   168/299     7.81G         1      0.24         0      1.24        16       608     0.823     0.495     0.599     0.618      3.26     0.759         0
   169/299     7.81G     0.988      0.24         0      1.23        20       608     0.816      0.49     0.597     0.612      3.26     0.749         0
   170/299     7.81G     0.899     0.257         0      1.16         7       608     0.802     0.512     0.618     0.625      3.25     0.744         0
   171/299     7.81G     0.866     0.245         0      1.11        17       608     0.817     0.542     0.643     0.652      3.25     0.722         0
   172/299     7.81G     0.954     0.243         0       1.2        19       608     0.811     0.547     0.643     0.654      3.23     0.712         0
   173/299     7.81G     0.982     0.245         0      1.23         8       608     0.835     0.557     0.664     0.668      3.19     0.724         0
   174/299     7.81G     0.975     0.234         0      1.21        16       608     0.815     0.534     0.653     0.645      3.24     0.726         0
   175/299     7.81G     0.905     0.236         0      1.14        18       608     0.804     0.541      0.65     0.647      3.24     0.726         0
   176/299     7.81G     0.946     0.232         0      1.18         6       608     0.794     0.505     0.613     0.618      3.28     0.726         0
   177/299     7.81G     0.933     0.237         0      1.17        15       608     0.801     0.552     0.611     0.654      3.32     0.724         0
   178/299     7.81G     0.932     0.241         0      1.17        26       608     0.759     0.542     0.614     0.633      3.32     0.707         0
   179/299     7.81G      0.95     0.217         0      1.17         4       608     0.764     0.546     0.622     0.637       3.3     0.696         0
   180/299     7.81G     0.887     0.232         0      1.12        17       608      0.79     0.556     0.639     0.653      3.25     0.692         0
   181/299     7.81G     0.906      0.24         0      1.15        23       608     0.817     0.574     0.665     0.674      3.18      0.71         0
   182/299     7.81G     0.893     0.217         0      1.11         3       608     0.802     0.568     0.657     0.665       3.2     0.705         0
   183/299     7.81G     0.945     0.217         0      1.16        18       608     0.832     0.579     0.673     0.683      3.23     0.691         0
   184/299     7.81G     0.892      0.19         0      1.08        14       608     0.845     0.573     0.673     0.683      3.17       0.7         0
   185/299     7.81G      0.88     0.231         0      1.11         7       608     0.841     0.574     0.661     0.682      3.19     0.703         0
   186/299     7.81G     0.848     0.219         0      1.07        22       608      0.82     0.584     0.667     0.682      3.17     0.695         0
   187/299     7.81G     0.846     0.232         0      1.08        18       608     0.831     0.569     0.673     0.676      3.15     0.687         0
   188/299     7.81G     0.845     0.209         0      1.05         4       608     0.802     0.558     0.656     0.658       3.2     0.681         0
   189/299     7.81G     0.817       0.2         0      1.02        22       608     0.813     0.563     0.656     0.665      3.23     0.687         0
   190/299     7.81G     0.902     0.213         0      1.12        20       608     0.834     0.563     0.651     0.672      3.23     0.692         0
   191/299     7.81G     0.851     0.244         0       1.1        11       608     0.824     0.558     0.647     0.665      3.21       0.7         0
   192/299     7.81G     0.874     0.213         0      1.09        23       608     0.817     0.584     0.673     0.681      3.15     0.697         0
   193/299     7.81G     0.769     0.193         0     0.963        18       608     0.825     0.563     0.671     0.669      3.18     0.702         0
   194/299     7.81G     0.764     0.182         0     0.946         6       608     0.827     0.605     0.687     0.699      3.18     0.707         0
   195/299     7.81G     0.825     0.225         0      1.05        19       608     0.827       0.6     0.677     0.695      3.19     0.708         0
   196/299     7.81G     0.809     0.222         0      1.03        15       608     0.815     0.601     0.668     0.692      3.19     0.705         0
   197/299     7.81G     0.821     0.204         0      1.02         8       608     0.831     0.568     0.674     0.675      3.22     0.735         0
   198/299     7.81G     0.766     0.221         0     0.987        27       608     0.802     0.553      0.65     0.654      3.25     0.754         0
   199/299     7.81G     0.767     0.219         0     0.986        22       608     0.821     0.595      0.69      0.69      3.21     0.741         0
   200/299     7.81G      0.81     0.178         0     0.988         4       608     0.797     0.605     0.685     0.688      3.16     0.725         0
   201/299     7.81G     0.815     0.236         0      1.05        23       608     0.806       0.6     0.692     0.688      3.14     0.724         0
   202/299     7.81G     0.763     0.199         0     0.962        19       608       0.8     0.589      0.68     0.679      3.13      0.72         0
   203/299     7.81G     0.805     0.189         0     0.994         6       608     0.776     0.602     0.673     0.678       3.1     0.727         0
   204/299     7.81G      0.72     0.209         0     0.929        17       608     0.785     0.595     0.674     0.677      3.09     0.732         0
   205/299     7.81G     0.707     0.186         0     0.893        22       608      0.77     0.568     0.661     0.654       3.1     0.737         0
   206/299     7.81G     0.705     0.198         0     0.903         5       608     0.763     0.558     0.653     0.645      3.14     0.726         0
   207/299     7.81G     0.778     0.198         0     0.976        18       608     0.763     0.579     0.658     0.658      3.16     0.714         0
   208/299     7.81G     0.769       0.2         0     0.969        25       608     0.783     0.579     0.656     0.666      3.17      0.71         0
   209/299     7.81G     0.752     0.192         0     0.943         5       608     0.797     0.578     0.654      0.67      3.19     0.712         0
   210/299     7.81G     0.738     0.205         0     0.943        19       608     0.806     0.567     0.655     0.666      3.19     0.717         0
   211/299     7.81G     0.762     0.215         0     0.977        15       608     0.783     0.563      0.66     0.655      3.15     0.717         0
   212/299     7.81G     0.699     0.206         0     0.904         6       608     0.775     0.595      0.68     0.673      3.13     0.714         0
   213/299     7.81G     0.708     0.189         0     0.897        11       608     0.766     0.589     0.683     0.666      3.13     0.721         0
   214/299     7.81G     0.698     0.187         0     0.885        18       608     0.758     0.595     0.679     0.667      3.13     0.729         0
   215/299     7.81G     0.704     0.187         0     0.891        10       608     0.769     0.597      0.67     0.672      3.14     0.742         0
   216/299     7.81G     0.746     0.199         0     0.945        16       608     0.782     0.574     0.673     0.662      3.13     0.736         0
   217/299     7.81G     0.717     0.192         0     0.909        26       608     0.767     0.574      0.67     0.657      3.15     0.739         0
   218/299     7.81G      0.67     0.174         0     0.843         1       608     0.792     0.579     0.667     0.669      3.17     0.745         0
   219/299     7.81G     0.689      0.18         0     0.869        17       608     0.808     0.584     0.674     0.678      3.19     0.746         0
   220/299     7.81G     0.707     0.159         0     0.866        17       608     0.802     0.579     0.663     0.672      3.19     0.749         0
   221/299     7.81G     0.679     0.191         0      0.87         8       608     0.793     0.563     0.654     0.658      3.17     0.745         0
   222/299     7.81G     0.662     0.196         0     0.858        17       608     0.802     0.563     0.661     0.662      3.16     0.736         0
   223/299     7.81G      0.72     0.166         0     0.887        20       608     0.801     0.574     0.665     0.669      3.16     0.725         0
   224/299     7.81G     0.629     0.169         0     0.797         4       608     0.792     0.561      0.66     0.657      3.18     0.725         0
   225/299     7.81G     0.659     0.169         0     0.828        34       608     0.786     0.558     0.653     0.653      3.17     0.728         0
   226/299     7.81G     0.671     0.181         0     0.853        19       608     0.777     0.549     0.646     0.644      3.18     0.743         0
   227/299     7.81G     0.635     0.177         0     0.812         7       608     0.781     0.562     0.647     0.653      3.17      0.74         0
   228/299     7.81G     0.667     0.188         0     0.855        21       608      0.76     0.563     0.653     0.647      3.15     0.735         0
   229/299     7.81G     0.651     0.168         0     0.819        17       608     0.785     0.578     0.664     0.666      3.13     0.731         0
   230/299     7.81G     0.645     0.174         0     0.819         3       608     0.766     0.569     0.653     0.653      3.14     0.732         0
   231/299     7.81G     0.707     0.182         0     0.888        23       608     0.769     0.579     0.653      0.66      3.14     0.738         0
   232/299     7.81G     0.658      0.17         0     0.829        22       608     0.761     0.579     0.654     0.658      3.14     0.745         0
   233/299     7.81G     0.664     0.193         0     0.857         4       608     0.761     0.568     0.649     0.651      3.16     0.749         0
   234/299     7.81G     0.676     0.167         0     0.843        21       608     0.773     0.572     0.646     0.658      3.17     0.751         0
   235/299     7.81G     0.606     0.162         0     0.768        24       608     0.783     0.574     0.654     0.662      3.17     0.753         0
   236/299     7.81G     0.587     0.169         0     0.756         9       608      0.78     0.589     0.648     0.672      3.18     0.744         0
   237/299     7.81G     0.601     0.163         0     0.764        30       608     0.772     0.569     0.648     0.655      3.17     0.745         0
   238/299     7.81G     0.624     0.172         0     0.796        21       608     0.772     0.571     0.663     0.657      3.17      0.75         0
   239/299     7.81G     0.632     0.171         0     0.803         4       608      0.77     0.589     0.671     0.668      3.14     0.753         0
   240/299     7.81G     0.599     0.176         0     0.776        36       608     0.806     0.589     0.681     0.681      3.13     0.764         0
   241/299     7.81G     0.597     0.156         0     0.753        14       608     0.798     0.584      0.67     0.675      3.11     0.772         0
   242/299     7.81G     0.614     0.174         0     0.788         5       608     0.802     0.577     0.675     0.671      3.11     0.772         0
   243/299     7.81G     0.619     0.155         0     0.774        24       608     0.795     0.572     0.669     0.665      3.11     0.767         0
   244/299     7.81G     0.627     0.163         0     0.789        24       608     0.812     0.579     0.677     0.676       3.1     0.771         0
   245/299     7.81G      0.57     0.169         0     0.739         3       608     0.799     0.568     0.654     0.664      3.11     0.767         0
   246/299     7.81G       0.6     0.185         0     0.785        21       608     0.796     0.574     0.657     0.667      3.11     0.762         0
   247/299     7.81G     0.593      0.16         0     0.753        21       608     0.791     0.579      0.67     0.669       3.1     0.759         0
   248/299     7.81G     0.594     0.164         0     0.757        11       608     0.777     0.569     0.658     0.657       3.1     0.756         0
   249/299     7.81G     0.546     0.164         0      0.71        19       608     0.764     0.574     0.661     0.655      3.11     0.757         0
   250/299     7.81G     0.619     0.182         0     0.802        27       608     0.751     0.584     0.672     0.657       3.1     0.755         0
   251/299     7.81G      0.63     0.166         0     0.796         3       608     0.761     0.588     0.674     0.663      3.09     0.756         0
   252/299     7.81G     0.562     0.159         0     0.721        23       608     0.765       0.6     0.692     0.672      3.08     0.751         0
   253/299     7.81G      0.61     0.154         0     0.764        16       608     0.761     0.603     0.691     0.673      3.08     0.745         0
   254/299     7.81G     0.557     0.165         0     0.722         5       608     0.758     0.593     0.684     0.665      3.09     0.741         0
   255/299     7.81G     0.579      0.15         0     0.729        21       608     0.771     0.595     0.683     0.671       3.1      0.74         0
   256/299     7.81G     0.548     0.158         0     0.706        21       608     0.766     0.584     0.675     0.663       3.1     0.746         0
   257/299     7.81G     0.568      0.17         0     0.738         9       608      0.76     0.584      0.66     0.661      3.11     0.748         0
   258/299     7.81G     0.561     0.163         0     0.724        15       608     0.775      0.58     0.669     0.664      3.11     0.754         0
   259/299     7.81G     0.553     0.168         0     0.721        18       608     0.778     0.572     0.666      0.66      3.11     0.761         0
   260/299     7.81G     0.562     0.145         0     0.707         6       608     0.778     0.579     0.667     0.664      3.11      0.76         0
   261/299     7.81G     0.572     0.187         0     0.759        24       608     0.766     0.574     0.657     0.656      3.11     0.762         0
   262/299     7.81G     0.597      0.16         0     0.757        25       608     0.761     0.574     0.658     0.654       3.1     0.761         0
   263/299     7.81G     0.539     0.158         0     0.698        11       608     0.761     0.571      0.65     0.652       3.1     0.755         0
   264/299     7.81G     0.561     0.165         0     0.726        19       608      0.78     0.584     0.665     0.668      3.09     0.751         0
   265/299     7.81G     0.564     0.163         0     0.727        25       608     0.795     0.589     0.674     0.677      3.08     0.752         0
   266/299     7.81G     0.499     0.136         0     0.635        10       608     0.794     0.589     0.675     0.676       3.1     0.756         0
   267/299     7.81G      0.59     0.178         0     0.768        20       608     0.791     0.579     0.661     0.668      3.11     0.758         0
   268/299     7.81G     0.557     0.145         0     0.702        19       608     0.808     0.584     0.664     0.678      3.12     0.757         0
   269/299     7.81G     0.615     0.174         0      0.79         9       608     0.804     0.583     0.656     0.676      3.12     0.757         0
   270/299     7.81G     0.551     0.169         0      0.72        23       608     0.806     0.592     0.663     0.683      3.12     0.758         0
   271/299     7.81G     0.554     0.148         0     0.702        14       608     0.798     0.595     0.661     0.681      3.11     0.759         0
   272/299     7.81G     0.553     0.175         0     0.728         6       608     0.792     0.589     0.662     0.676       3.1     0.759         0
   273/299     7.81G      0.54     0.165         0     0.705        23       608     0.793     0.589      0.66     0.676       3.1     0.765         0
   274/299     7.81G     0.543     0.171         0     0.714        24       608     0.797       0.6     0.662     0.684       3.1     0.765         0
   275/299     7.81G      0.57     0.158         0     0.727         8       608     0.783     0.588     0.663     0.671       3.1     0.764         0
   276/299     7.81G     0.566     0.178         0     0.743        25       608     0.787     0.584      0.67     0.671       3.1     0.763         0
   277/299     7.81G     0.544     0.184         0     0.728        17       608     0.794     0.589     0.666     0.676       3.1     0.765         0
   278/299     7.81G     0.557     0.162         0      0.72         7       608     0.798     0.583     0.664     0.674       3.1     0.767         0
   279/299     7.81G     0.554      0.15         0     0.703        22       608     0.792     0.582     0.662     0.671       3.1     0.768         0
   280/299     7.81G     0.555      0.16         0     0.715        20       608     0.787       0.6     0.677     0.681       3.1     0.764         0
   281/299     7.81G      0.54     0.151         0     0.691         6       608     0.768     0.589     0.664     0.667       3.1     0.766         0
   282/299     7.81G     0.571     0.159         0     0.729        19       608     0.773     0.592     0.664     0.671      3.11     0.767         0
   283/299     7.81G     0.572     0.165         0     0.737        22       608      0.77     0.584     0.664     0.664      3.11     0.768         0
   284/299     7.81G     0.514     0.155         0     0.669        10       608     0.784     0.594     0.668     0.676      3.11     0.766         0
   285/299     7.81G     0.527     0.161         0     0.688        14       608      0.78     0.579     0.657     0.665      3.12     0.765         0
   286/299     7.81G     0.533     0.157         0      0.69        26       608     0.778     0.579     0.656     0.664      3.12     0.767         0
   287/299     7.81G     0.543     0.141         0     0.684         7       608     0.786     0.574     0.654     0.663      3.13     0.771         0
   288/299     7.81G     0.502     0.161         0     0.663        27       608     0.794     0.568     0.657     0.663      3.13     0.769         0
   289/299     7.81G     0.527     0.159         0     0.686        23       608     0.789     0.569     0.657     0.661      3.12     0.771         0
   290/299     7.81G     0.544     0.149         0     0.693         5       608     0.786     0.581     0.661     0.668      3.12     0.771         0
   291/299     7.81G     0.549     0.162         0     0.711        16       608     0.787     0.589      0.66     0.674      3.12      0.77         0
   292/299     7.81G     0.525     0.175         0       0.7        18       608     0.778     0.591     0.662     0.672      3.12     0.765         0
   293/299     7.81G     0.502      0.14         0     0.641         6       608     0.782     0.587     0.661     0.671      3.12     0.768         0
   294/299     7.81G     0.541     0.139         0      0.68        25       608     0.781     0.582     0.663     0.667      3.13     0.769         0
   295/299     7.81G     0.523     0.162         0     0.685        20       608     0.781     0.583     0.667     0.668      3.14     0.766         0
   296/299     7.81G      0.53     0.162         0     0.691         9       608     0.781     0.583     0.668     0.667      3.12     0.768         0
   297/299     7.81G     0.532     0.171         0     0.703        18       608      0.78     0.578     0.664     0.664      3.13     0.771         0
   298/299     7.81G     0.524     0.143         0     0.666        16       608      0.78     0.579     0.665     0.664      3.12      0.77         0
   299/299     7.81G     0.514     0.156         0      0.67         6       608     0.771     0.567     0.657     0.654      3.12     0.771         0
