     0/299     7.81G      7.81      31.7         0      39.5        12       608         1   0.00526   0.00813    0.0105      7.54      2.24         0
     1/299     7.81G      6.23      2.13         0      8.36        14       608         0         0         0         0      6.98      2.28         0
     2/299     7.81G      5.48      1.83         0      7.31         5       608         0         0         0         0      6.03      1.87         0
     3/299     7.81G      4.81      1.64         0      6.44        13       608         0         0   0.00754         0      5.79       1.5         0
     4/299     7.81G      4.57      1.32         0      5.89        14       608         0         0    0.0204         0      5.59      1.34         0
     5/299     7.81G      4.38      1.29         0      5.68         6       608         1   0.00526    0.0211    0.0105      5.29      1.34         0
     6/299     7.81G      4.37      1.06         0      5.43        11       608         0         0     0.046         0      5.94      1.24         0
     7/299     7.81G      4.76     0.879         0      5.64        10       608         0         0    0.0128         0         6      2.02         0
     8/299     7.81G      4.42         1         0      5.43         5       608         0         0    0.0103         0       5.9      1.35         0
     9/299     7.81G      4.28     0.897         0      5.17        10       608    0.0614    0.0158    0.0134    0.0251      6.42      1.17         0
    10/299     7.81G      4.93     0.851         0      5.78        11       608         0         0     0.017         0      6.26      1.08         0
    11/299     7.81G      4.04     0.863         0       4.9         4       608         1   0.00584     0.115    0.0116      5.82      1.03         0
    12/299     7.81G      4.03     0.808         0      4.84        11       608         1   0.00526     0.156    0.0105      5.51      1.14         0
    13/299     7.81G      4.01     0.736         0      4.75        10       608         1   0.00526     0.126    0.0105      5.11      1.03         0
    14/299     7.81G      4.14     0.761         0       4.9         4       608     0.515    0.0281     0.222    0.0532       4.7     0.862         0
    15/299     7.81G      4.08     0.721         0       4.8        12       608         1    0.0137     0.203     0.027      5.22     0.822         0
    16/299     7.81G      4.18     0.743         0      4.92        12       608         1   0.00526     0.117    0.0105      5.14     0.779         0
    17/299     7.81G      4.24     0.772         0      5.01         5       608         1   0.00526     0.234    0.0105      4.42     0.835         0
    18/299     7.81G      3.72     0.679         0       4.4        14       608         0         0    0.0585         0      6.79     0.593         0
    19/299     7.81G      5.03     0.658         0      5.69        10       608         0         0    0.0407         0      6.05     0.733         0
    20/299     7.81G      4.26     0.861         0      5.12         4       608         0         0     0.116         0      4.54     0.849         0
    21/299     7.81G      3.68     0.875         0      4.56        12       608     0.705    0.0129     0.193    0.0254      4.53     0.819         0
    22/299     7.81G      4.07     0.734         0      4.81         9       608     0.608    0.0105     0.207    0.0207      4.02     0.887         0
    23/299     7.81G      3.56      0.78         0      4.34         5       608         1   0.00526     0.136    0.0105      4.63     0.845         0
    24/299     7.81G      3.66     0.709         0      4.37        11       608         1   0.00526     0.206    0.0105      4.26     0.882         0
    25/299     7.81G      3.14     0.811         0      3.95        14       608         1   0.00526     0.183    0.0105      4.41     0.803         0
    26/299     7.81G       3.4     0.675         0      4.07         6       608         1   0.00526      0.32    0.0105      4.25     0.776         0
    27/299     7.81G      3.15     0.769         0      3.92        10       608       0.8     0.021     0.287    0.0409      4.33     0.728         0
    28/299     7.81G      3.37     0.633         0         4        10       608         1   0.00797     0.306    0.0158       4.3     0.725         0
    29/299     7.81G      3.07     0.644         0      3.71         2       608         1   0.00526     0.189    0.0105      4.48     0.754         0
    30/299     7.81G      3.29     0.639         0      3.93        12       608     0.705    0.0129     0.345    0.0254      4.62     0.698         0
    31/299     7.81G      3.01     0.563         0      3.57        15       608    0.0929    0.0368    0.0899    0.0528      4.79     0.833         0
    32/299     7.81G      3.34     0.508         0      3.84         5       608     0.367    0.0914     0.176     0.146       4.5      0.68         0
    33/299     7.81G      3.25     0.601         0      3.85        11       608     0.928    0.0678     0.404     0.126      4.28     0.648         0
    34/299     7.81G      3.27      0.55         0      3.82        13       608     0.874    0.0366     0.241    0.0703      4.73     0.763         0
    35/299     7.81G      3.24     0.567         0       3.8         6       608     0.838    0.0274     0.337     0.053      4.24     0.768         0
    36/299     7.81G      2.84     0.537         0      3.38        12       608     0.696     0.108     0.259     0.187      4.43      0.73         0
    37/299     7.81G      3.18     0.498         0      3.67        12       608         1   0.00526     0.063    0.0105       6.8     0.825         0
    38/299     7.81G      2.99     0.532         0      3.52         3       608         1    0.0151    0.0372    0.0297      5.52      1.01         0
    39/299     7.81G       3.1     0.507         0      3.61        10       608     0.477    0.0263     0.106    0.0499      5.45     0.809         0
    40/299     7.81G      2.83     0.537         0      3.36        14       608     0.607    0.0368      0.11    0.0695      5.39     0.808         0
    41/299     7.81G      2.96     0.488         0      3.45         4       608     0.573    0.0989     0.184     0.169      4.45      0.75         0
    42/299     7.81G       2.8      0.51         0      3.31        13       608     0.541     0.147      0.21     0.232      4.85     0.643         0
    43/299     7.81G      3.05     0.466         0      3.51        14       608      0.85     0.119     0.268     0.209      5.08     0.729         0
    44/299     7.81G      2.75     0.514         0      3.26         4       608     0.805      0.13     0.261     0.224      4.97      0.73         0
    45/299     7.81G      2.93     0.493         0      3.42        14       608     0.724     0.132      0.26     0.223      5.34     0.746         0
    46/299     7.81G      2.83      0.47         0       3.3        10       608     0.692     0.177     0.312     0.282      4.26     0.709         0
    47/299     7.81G      2.94      0.43         0      3.37         3       608     0.779     0.158     0.267     0.263      4.33     0.691         0
    48/299     7.81G      2.82     0.499         0      3.32        11       608     0.841     0.167     0.324     0.278      4.06     0.714         0
    49/299     7.81G      2.64     0.447         0      3.09        10       608     0.788     0.156     0.325     0.261      4.02     0.713         0
    50/299     7.81G      2.61     0.466         0      3.07         4       608     0.764     0.205     0.314     0.323      4.18     0.701         0
    51/299     7.81G      2.73     0.417         0      3.15        13       608     0.743     0.216     0.347     0.334      4.08     0.672         0
    52/299     7.81G      2.54     0.438         0      2.98        10       608     0.815     0.226     0.433     0.354       4.1     0.672         0
    53/299     7.81G      2.46     0.439         0       2.9         3       608     0.786     0.271     0.398     0.403      3.95     0.649         0
    54/299     7.81G      2.61     0.453         0      3.06        10       608     0.819     0.226     0.427     0.355      3.92     0.648         0
    55/299     7.81G      2.74      0.43         0      3.17        11       608     0.844       0.2     0.359     0.323      3.92     0.739         0
    56/299     7.81G       2.4     0.426         0      2.83         3       608     0.945     0.181     0.459     0.304      3.81     0.722         0
    57/299     7.81G      2.42     0.431         0      2.85        10       608     0.734       0.3     0.406     0.426      3.89     0.619         0
    58/299     7.81G      2.29     0.452         0      2.75        13       608     0.753     0.326     0.446     0.455      3.98      0.58         0
    59/299     7.81G      2.37     0.417         0      2.79         4       608     0.865     0.303     0.479     0.448         4     0.578         0
    60/299     7.81G      2.44     0.431         0      2.87        11       608     0.803     0.295     0.404     0.431      3.93     0.607         0
    61/299     7.81G      2.57     0.364         0      2.94        12       608     0.753     0.268     0.372     0.396      4.22     0.593         0
    62/299     7.81G      2.59     0.433         0      3.02         3       608     0.889       0.2     0.441     0.327      4.02     0.627         0
    63/299     7.81G      2.22     0.397         0      2.61        11       608     0.781     0.375     0.491     0.507      4.03     0.578         0
    64/299     7.81G      2.67     0.424         0       3.1        10       608     0.923     0.125     0.375     0.221      4.06     0.723         0
    65/299     7.81G      2.18      0.47         0      2.65         6       608     0.801     0.212     0.368     0.335      4.15      0.67         0
    66/299     7.81G      2.59     0.406         0         3        10       608     0.902     0.145     0.414     0.249      4.05       0.7         0
    67/299     7.81G      2.31      0.41         0      2.72        10       608     0.837     0.135     0.383     0.233      3.86     0.778         0
    68/299     7.81G      2.28     0.376         0      2.65         3       608         1    0.0501     0.135    0.0954      5.63     0.969         0
    69/299     7.81G      2.26     0.361         0      2.62        10       608     0.737     0.206     0.432     0.322      3.97     0.658         0
    70/299     7.81G      2.16     0.375         0      2.53         8       608     0.797     0.186     0.439     0.301      3.81     0.721         0
    71/299     7.81G      2.17      0.41         0      2.58         5       608     0.818      0.33     0.449     0.471      3.85     0.628         0
    72/299     7.81G      2.15     0.372         0      2.52        11       608     0.704     0.363     0.445     0.479      3.91     0.626         0
    73/299     7.81G      2.07     0.402         0      2.48        12       608     0.826     0.326     0.501     0.467      3.73     0.612         0
    74/299     7.81G      2.24     0.369         0      2.61         5       608     0.751     0.337     0.416     0.465      4.07     0.611         0
    75/299     7.81G      1.98     0.361         0      2.34        11       608     0.936     0.332     0.536      0.49      3.89     0.614         0
    76/299     7.81G      2.14     0.372         0      2.51        12       608     0.746     0.305     0.438     0.433      3.93     0.599         0
    77/299     7.81G      2.15     0.379         0      2.53         7       608     0.905     0.301     0.498     0.451      4.04     0.616         0
    78/299     7.81G      2.02      0.34         0      2.36        10       608     0.896     0.318      0.51     0.469      3.88     0.654         0
    79/299     7.81G      2.15     0.366         0      2.52        11       608     0.756     0.212     0.335     0.332      4.08     0.719         0
    80/299     7.81G      2.09     0.351         0      2.44         4       608     0.757     0.197     0.299     0.312       4.1     0.734         0
    81/299     7.81G      2.04     0.356         0      2.39        11       608     0.672     0.291     0.331     0.406      4.07      0.67         0
    82/299     7.81G      2.03     0.366         0       2.4        11       608      0.74     0.316     0.421     0.443      3.83     0.633         0
    83/299     7.81G      2.14     0.332         0      2.47         4       608     0.744     0.284     0.429     0.411      3.92     0.619         0
    84/299     7.81G      1.93      0.36         0      2.29         9       608     0.722     0.332     0.427     0.454      3.87     0.601         0
    85/299     7.81G      2.04     0.356         0       2.4        12       608     0.759     0.331     0.476     0.461      3.88     0.619         0
    86/299     7.81G      1.95     0.378         0      2.33         3       608     0.755     0.253     0.439     0.379      3.87     0.673         0
    87/299     7.81G       1.9     0.338         0      2.24        12       608     0.689     0.303     0.427     0.421      3.81     0.671         0
    88/299     7.81G      1.87     0.319         0      2.19        10       608     0.684     0.263     0.433      0.38      3.86     0.681         0
    89/299     7.81G      2.01      0.33         0      2.34         1       608     0.777     0.329     0.464     0.462      3.76      0.66         0
    90/299     7.81G      1.83     0.346         0      2.18         8       608     0.701       0.4     0.433     0.509       3.8     0.642         0
    91/299     7.81G      2.02     0.321         0      2.34        10       608     0.646     0.353     0.402     0.456      3.81     0.666         0
    92/299     7.81G      1.94     0.338         0      2.28         4       608     0.632     0.326     0.379      0.43      3.86     0.655         0
    93/299     7.81G      1.78     0.335         0      2.12         6       608     0.634     0.356      0.38     0.456      3.94     0.623         0
    94/299     7.81G      1.65     0.326         0      1.98        11       608     0.594     0.385     0.384     0.467      3.89     0.615         0
    95/299     7.81G       1.8     0.324         0      2.12         3       608      0.64     0.332     0.393     0.437      3.98     0.634         0
    96/299     7.81G      1.78     0.318         0       2.1         7       608     0.729     0.347     0.447     0.471      3.85       0.7         0
    97/299     7.81G      1.81     0.314         0      2.12        13       608     0.734     0.276     0.409     0.402      4.09     0.668         0
    98/299     7.81G      1.92     0.305         0      2.22         4       608     0.758     0.368     0.441     0.496      3.95     0.635         0
    99/299     7.81G      1.74     0.327         0      2.06         9       608     0.622     0.453     0.436     0.524      3.96     0.625         0
   100/299     7.81G      1.82     0.314         0      2.14         9       608     0.566     0.377     0.375     0.452      4.05     0.656         0
   101/299     7.81G      1.73     0.342         0      2.08         3       608     0.671     0.419     0.453     0.516      3.82     0.597         0
   102/299     7.81G      1.69     0.321         0      2.02         9       608     0.497     0.368     0.393     0.423      4.07     0.585         0
   103/299     7.81G      1.82     0.302         0      2.13        14       608     0.696     0.395     0.462     0.504      3.82     0.563         0
   104/299     7.81G       1.6     0.319         0      1.92         4       608     0.692     0.453     0.491     0.547      3.84     0.565         0
   105/299     7.81G      1.68     0.327         0      2.01        13       608     0.809     0.458     0.543     0.585      3.74     0.587         0
   106/299     7.81G       1.7     0.282         0      1.99        13       608     0.815     0.384     0.525     0.522      3.72     0.618         0
   107/299     7.81G      1.73     0.297         0      2.02         3       608     0.937     0.316     0.562     0.472      3.64     0.683         0
   108/299     7.81G      1.58     0.298         0      1.88         9       608     0.787     0.331      0.47     0.466      3.78     0.654         0
   109/299     7.81G      1.59     0.301         0      1.89         8       608     0.821     0.388     0.529     0.527      3.81     0.646         0
   110/299     7.81G      1.57     0.296         0      1.87         4       608     0.863     0.311     0.479     0.457      3.77     0.681         0
   111/299     7.81G      1.71     0.286         0      1.99        12       608     0.799      0.23     0.376     0.358      3.95      0.76         0
   112/299     7.81G      1.67     0.316         0      1.99        11       608     0.783     0.342     0.445     0.477      3.89     0.692         0
   113/299     7.81G       1.7     0.306         0      2.01         5       608     0.628     0.389     0.358     0.481       4.1     0.641         0
   114/299     7.81G       1.7     0.303         0         2        12       608     0.643     0.395     0.445     0.489      3.92     0.691         0
   115/299     7.81G       1.8     0.295         0       2.1         7       608     0.689     0.363     0.385     0.476      4.12       0.7         0
   116/299     7.81G      1.77     0.304         0      2.08         3       608     0.725     0.348     0.457      0.47      3.78     0.646         0
   117/299     7.81G      1.62     0.302         0      1.92        14       608     0.652     0.365     0.418     0.468      3.97     0.632         0
   118/299     7.81G      1.63     0.286         0      1.92         9       608     0.693     0.416     0.457      0.52      3.94     0.663         0
   119/299     7.81G      1.55     0.297         0      1.85         4       608     0.729     0.421     0.489     0.534      3.89     0.641         0
   120/299     7.81G      1.61     0.287         0      1.89        10       608     0.751     0.475     0.534     0.582      3.76     0.625         0
   121/299     7.81G      1.59     0.319         0      1.91        13       608     0.749     0.471     0.545     0.579      3.71     0.624         0
   122/299     7.81G      1.56     0.267         0      1.83         6       608     0.757     0.524     0.576     0.619      3.63     0.617         0
   123/299     7.81G      1.42     0.275         0      1.69         9       608     0.636     0.489     0.445     0.553      3.73      0.61         0
   124/299     7.81G      1.75      0.26         0      2.01        12       608     0.681     0.484      0.47     0.566      3.75     0.614         0
   125/299     7.81G      1.61     0.288         0       1.9         3       608       0.7     0.455     0.462     0.551      3.75     0.621         0
   126/299     7.81G      1.57     0.301         0      1.87        13       608     0.788     0.395      0.48     0.526      3.71      0.68         0
   127/299     7.81G      1.43     0.252         0      1.68        11       608     0.746     0.418     0.462     0.536      3.78     0.646         0
   128/299     7.81G      1.53     0.261         0       1.8         5       608     0.692      0.39     0.448     0.499      3.85     0.638         0
   129/299     7.81G      1.59     0.281         0      1.88        12       608     0.735     0.438     0.515     0.548      3.74     0.621         0
   130/299     7.81G      1.46     0.296         0      1.75        13       608     0.716     0.489     0.529     0.581      3.75     0.614         0
   131/299     7.81G      1.53     0.276         0      1.81         3       608     0.731     0.458     0.536     0.563      3.66     0.639         0
   132/299     7.81G      1.44     0.266         0       1.7        13       608     0.765     0.463     0.548     0.577      3.63     0.634         0
   133/299     7.81G      1.57     0.273         0      1.84        10       608     0.795     0.429     0.555     0.557      3.63     0.626         0
   134/299     7.81G      1.47     0.262         0      1.73         4       608     0.759     0.447     0.509     0.563      3.78     0.606         0
   135/299     7.81G      1.43     0.268         0       1.7         9       608     0.739       0.5     0.528     0.596      3.69     0.604         0
   136/299     7.81G      1.44     0.257         0      1.69        13       608     0.762     0.468     0.531      0.58      3.72     0.629         0
   137/299     7.81G      1.45     0.265         0      1.72         5       608     0.766     0.442      0.53     0.561      3.64     0.662         0
   138/299     7.81G      1.48     0.257         0      1.73        12       608     0.795     0.421     0.526     0.551      3.69     0.686         0
   139/299     7.81G      1.46     0.257         0      1.71        13       608     0.836     0.428     0.542     0.566      3.62     0.688         0
   140/299     7.81G      1.38     0.261         0      1.64         4       608     0.781     0.458     0.534     0.577      3.66     0.681         0
   141/299     7.81G      1.49     0.253         0      1.75        12       608     0.741     0.436     0.499     0.549      3.92     0.659         0
   142/299     7.81G      1.48     0.258         0      1.74        11       608     0.727      0.42     0.463     0.532      4.04     0.667         0
   143/299     7.81G      1.33     0.257         0      1.59         5       608     0.663     0.424     0.438     0.518      4.06     0.654         0
   144/299     7.81G      1.24      0.26         0       1.5        12       608     0.668     0.509     0.482     0.578      3.87     0.644         0
   145/299     7.81G      1.28     0.249         0      1.53        13       608      0.61     0.447     0.398     0.516      3.95     0.659         0
   146/299     7.81G      1.35     0.255         0      1.61         5       608     0.691     0.416     0.425     0.519      3.86     0.671         0
   147/299     7.81G      1.33     0.225         0      1.56         7       608      0.81     0.442     0.522     0.572      3.81     0.672         0
   148/299     7.81G      1.27      0.25         0      1.52        12       608     0.881      0.43     0.542     0.578      3.73      0.66         0
   149/299     7.81G      1.24     0.255         0       1.5         2       608     0.887     0.414     0.531     0.564      3.77     0.657         0
   150/299     7.81G      1.28     0.235         0      1.52        12       608     0.845     0.395      0.51     0.538      3.75     0.671         0
   151/299     7.81G      1.34     0.238         0      1.58        11       608     0.878     0.417     0.522     0.566      3.74     0.671         0
   152/299     7.81G      1.39     0.277         0      1.66         6       608     0.858     0.437     0.561     0.579      3.82     0.618         0
   153/299     7.81G      1.26     0.235         0       1.5         9       608      0.75     0.458     0.541     0.569      3.84     0.615         0
   154/299     7.81G      1.42     0.218         0      1.64         7       608      0.73     0.447     0.508     0.555      3.96     0.624         0
   155/299     7.81G      1.25     0.237         0      1.48         4       608     0.789       0.4     0.487     0.531      3.95      0.66         0
   156/299     7.81G      1.22      0.24         0      1.46        14       608     0.717     0.395     0.463     0.509      3.99     0.658         0
   157/299     7.81G      1.21     0.244         0      1.45        10       608     0.692     0.442     0.486      0.54      3.94      0.63         0
   158/299     7.81G      1.26     0.229         0      1.49         4       608     0.674     0.437     0.472      0.53      4.06     0.629         0
   159/299     7.81G      1.25      0.22         0      1.47        11       608     0.743      0.44     0.501     0.553      3.88     0.645         0
   160/299     7.81G       1.2     0.217         0      1.41        12       608     0.732     0.447     0.496     0.555      3.91     0.643         0
   161/299     7.81G      1.23     0.236         0      1.46         4       608     0.725     0.458      0.52     0.561       3.8     0.643         0
   162/299     7.81G      1.23     0.233         0      1.46         7       608     0.725     0.468     0.492     0.569      3.79     0.648         0
   163/299     7.81G      1.22     0.237         0      1.46        11       608     0.678     0.421      0.48     0.519      3.81     0.648         0
   164/299     7.81G      1.17     0.228         0       1.4         3       608     0.705     0.405     0.453     0.515      3.81     0.671         0
   165/299     7.81G      1.23     0.225         0      1.46        12       608     0.726      0.39     0.437     0.507      3.89     0.682         0
   166/299     7.81G      1.18     0.215         0      1.39        12       608     0.763     0.407     0.467     0.531      3.87     0.684         0
   167/299     7.81G      1.02     0.232         0      1.25         4       608     0.743      0.41      0.45     0.529      3.94     0.676         0
   168/299     7.81G       1.2     0.205         0      1.41         8       608     0.675     0.395     0.433     0.498      3.96     0.681         0
   169/299     7.81G      1.16     0.203         0      1.36         7       608     0.706     0.411     0.463     0.519      3.85     0.687         0
   170/299     7.81G       1.2     0.236         0      1.43         5       608     0.738     0.405     0.467     0.523       3.8     0.689         0
   171/299     7.81G      1.12     0.223         0      1.34        10       608     0.774     0.415     0.494      0.54      3.72     0.694         0
   172/299     7.81G      1.14      0.23         0      1.37         8       608     0.813     0.457     0.511     0.585      3.71     0.694         0
   173/299     7.81G      1.14      0.22         0      1.36         4       608     0.779     0.426     0.511     0.551      3.71      0.69         0
   174/299     7.81G      1.09     0.191         0      1.28        13       608     0.796     0.432     0.498      0.56      3.82      0.69         0
   175/299     7.81G      1.08     0.209         0      1.29        13       608     0.768     0.437     0.494     0.557      3.83     0.674         0
   176/299     7.81G      1.11     0.233         0      1.34         4       608     0.768     0.447      0.51     0.565      3.83     0.663         0
   177/299     7.81G      1.06     0.208         0      1.27         9       608     0.758     0.478     0.561     0.586       3.7     0.659         0
   178/299     7.81G      1.04     0.222         0      1.26        13       608     0.763     0.463     0.524     0.576      3.79     0.669         0
   179/299     7.81G      1.07     0.229         0       1.3         4       608     0.783     0.453     0.517     0.574       3.8     0.671         0
   180/299     7.81G     0.964     0.203         0      1.17        13       608     0.737     0.471     0.507     0.575      3.86     0.665         0
   181/299     7.81G      1.08     0.217         0      1.29        10       608     0.713     0.479      0.51     0.573      3.85     0.646         0
   182/299     7.81G      1.18     0.212         0      1.39         3       608     0.739     0.492     0.526     0.591      3.77     0.632         0
   183/299     7.81G      1.01     0.205         0      1.22        11       608     0.747     0.505      0.52     0.603       3.8     0.621         0
   184/299     7.81G     0.987     0.205         0      1.19        10       608     0.744     0.506     0.514     0.602      3.82     0.591         0
   185/299     7.81G      1.02     0.201         0      1.22         5       608     0.745     0.495     0.512     0.595      3.79     0.592         0
   186/299     7.81G      1.07     0.207         0      1.28         9       608     0.778     0.468     0.523     0.585      3.76     0.603         0
   187/299     7.81G     0.996     0.202         0       1.2        10       608     0.725     0.457     0.513     0.561      3.76     0.617         0
   188/299     7.81G      1.03     0.207         0      1.24         6       608     0.671     0.441     0.495     0.532      3.81     0.632         0
   189/299     7.81G      1.04     0.219         0      1.26        11       608     0.726     0.445     0.504     0.552      3.82     0.632         0
   190/299     7.81G      1.05     0.195         0      1.25        11       608      0.74     0.421     0.505     0.537       3.8     0.643         0
   191/299     7.81G     0.943     0.203         0      1.15         4       608     0.746     0.421     0.519     0.538       3.8     0.656         0
   192/299     7.81G       0.9     0.215         0      1.11        12       608     0.788     0.431     0.532     0.558      3.72      0.65         0
   193/299     7.81G     0.949     0.199         0      1.15        12       608     0.769     0.479     0.545      0.59      3.67     0.639         0
   194/299     7.81G     0.937     0.204         0      1.14         3       608     0.766     0.479     0.538     0.589      3.66     0.635         0
   195/299     7.81G     0.919     0.192         0      1.11         9       608     0.784     0.497     0.544     0.608      3.74     0.629         0
   196/299     7.81G     0.931     0.191         0      1.12        17       608     0.776     0.489     0.532       0.6      3.74     0.634         0
   197/299     7.81G     0.945     0.179         0      1.12         4       608     0.759     0.479     0.528     0.587       3.8     0.639         0
   198/299     7.81G     0.861     0.179         0      1.04        10       608     0.744     0.495     0.536     0.594      3.77     0.644         0
   199/299     7.81G     0.948     0.185         0      1.13         7       608     0.753     0.482     0.531     0.588      3.78     0.641         0
   200/299     7.81G     0.997      0.19         0      1.19         3       608     0.789     0.468     0.533     0.588      3.76     0.648         0
   201/299     7.81G     0.888     0.182         0      1.07        15       608     0.778     0.489     0.524     0.601      3.76     0.641         0
   202/299     7.81G     0.955     0.192         0      1.15        13       608     0.773       0.5     0.539     0.607      3.77     0.638         0
   203/299     7.81G     0.873     0.172         0      1.04         4       608     0.729       0.5      0.54     0.593       3.8     0.634         0
   204/299     7.81G     0.915     0.177         0      1.09        10       608     0.741     0.513     0.539     0.607      3.75     0.636         0
   205/299     7.81G     0.843     0.179         0      1.02        10       608     0.794       0.5      0.54     0.614      3.75     0.646         0
   206/299     7.81G     0.913     0.174         0      1.09         2       608     0.766     0.483     0.529     0.592      3.73     0.654         0
   207/299     7.81G     0.915     0.175         0      1.09        12       608     0.772       0.5     0.538     0.607      3.73     0.642         0
   208/299     7.81G     0.926     0.163         0      1.09         9       608     0.785      0.48     0.569     0.595      3.72     0.658         0
   209/299     7.81G      0.98     0.205         0      1.19         4       608     0.821     0.468     0.554     0.596      3.72     0.676         0
   210/299     7.81G     0.911     0.207         0      1.12        11       608     0.793     0.463     0.547     0.585      3.69     0.679         0
   211/299     7.81G     0.853      0.21         0      1.06        13       608     0.784     0.459     0.546     0.579      3.67     0.672         0
   212/299     7.81G     0.892      0.19         0      1.08         4       608     0.741     0.468     0.534     0.574      3.68     0.664         0
   213/299     7.81G     0.795     0.164         0      0.96         9       608     0.751     0.477     0.534     0.583      3.67      0.66         0
   214/299     7.81G     0.816     0.164         0      0.98         9       608     0.755      0.47     0.519     0.579      3.74     0.663         0
   215/299     7.81G     0.748     0.169         0     0.918         4       608     0.735     0.447     0.519     0.556      3.72     0.659         0
   216/299     7.81G     0.831     0.176         0      1.01        12       608     0.768     0.488     0.555     0.597      3.67     0.657         0
   217/299     7.81G     0.849      0.18         0      1.03         9       608     0.743     0.503     0.552       0.6      3.66     0.659         0
   218/299     7.81G     0.858     0.187         0      1.05         4       608     0.766     0.526     0.571     0.624      3.61     0.657         0
   219/299     7.81G     0.734     0.168         0     0.902         8       608     0.754     0.542     0.572     0.631      3.62     0.661         0
   220/299     7.81G     0.788      0.18         0     0.968         8       608     0.716     0.516     0.541       0.6      3.66     0.643         0
   221/299     7.81G     0.771     0.145         0     0.916         6       608     0.725     0.521     0.543     0.606      3.69     0.637         0
   222/299     7.81G     0.821     0.171         0     0.992         9       608     0.754     0.537     0.563     0.627      3.68     0.642         0
   223/299     7.81G     0.812     0.173         0     0.984         8       608     0.721     0.511     0.547     0.598      3.72     0.654         0
   224/299     7.81G     0.851     0.177         0      1.03         5       608     0.725       0.5     0.542     0.592      3.76     0.659         0
   225/299     7.81G     0.834     0.156         0      0.99        11       608     0.722     0.484     0.534      0.58      3.76     0.661         0
   226/299     7.81G     0.724     0.178         0     0.902        12       608     0.731     0.485     0.541     0.583      3.73      0.66         0
   227/299     7.81G      0.71     0.158         0     0.868         4       608     0.739       0.5     0.549     0.597      3.72      0.66         0
   228/299     7.81G     0.794     0.168         0     0.962        10       608      0.77     0.493     0.552     0.601      3.71     0.666         0
   229/299     7.81G     0.776     0.162         0     0.938        10       608     0.799     0.483      0.57     0.602       3.7      0.67         0
   230/299     7.81G     0.737     0.164         0     0.901         6       608     0.781     0.479     0.567     0.594      3.69     0.674         0
   231/299     7.81G     0.798     0.187         0     0.985        10       608     0.772     0.495     0.554     0.603       3.7     0.671         0
   232/299     7.81G     0.761      0.17         0     0.931        13       608     0.767     0.495     0.541     0.601      3.71     0.672         0
   233/299     7.81G     0.692      0.14         0     0.832         2       608     0.739     0.507     0.528     0.601      3.74     0.669         0
   234/299     7.81G      0.72     0.178         0     0.898        11       608     0.754     0.483     0.539     0.589      3.72     0.672         0
   235/299     7.81G     0.687      0.16         0     0.848        11       608     0.753     0.474     0.524     0.581      3.73      0.67         0
   236/299     7.81G      0.77     0.163         0     0.932         4       608     0.778      0.48     0.542     0.594      3.75     0.674         0
   237/299     7.81G     0.668     0.156         0     0.824        13       608      0.78     0.466     0.529     0.583      3.76      0.68         0
   238/299     7.81G     0.717     0.162         0     0.879        12       608     0.794     0.489     0.548     0.606      3.76     0.678         0
   239/299     7.81G     0.692      0.16         0     0.852         4       608     0.772     0.482     0.548     0.593      3.73     0.675         0
   240/299     7.81G     0.711      0.15         0     0.861        11       608     0.771     0.478     0.532      0.59      3.74     0.678         0
   241/299     7.81G      0.67     0.159         0     0.829        13       608     0.763     0.475     0.544     0.586      3.74     0.685         0
   242/299     7.81G     0.702     0.148         0      0.85         3       608     0.728      0.48     0.532     0.579      3.74     0.689         0
   243/299     7.81G     0.801     0.163         0     0.964        12       608     0.746      0.48     0.543     0.584      3.75     0.696         0
   244/299     7.81G     0.711     0.163         0     0.873         9       608     0.736     0.468     0.529     0.573      3.76     0.693         0
   245/299     7.81G     0.617     0.145         0     0.763         3       608     0.733     0.484     0.514     0.583      3.76     0.689         0
   246/299     7.81G     0.768     0.161         0     0.929        10       608     0.734      0.48     0.498     0.581      3.77     0.691         0
   247/299     7.81G     0.715     0.164         0     0.879        11       608     0.723      0.48     0.507     0.577      3.76     0.693         0
   248/299     7.81G     0.675     0.144         0     0.819         3       608     0.723     0.489     0.523     0.584      3.77     0.694         0
   249/299     7.81G     0.671     0.169         0      0.84        11       608     0.726     0.475     0.524     0.574      3.77     0.698         0
   250/299     7.81G     0.663     0.133         0     0.797         8       608     0.738     0.463     0.533     0.569      3.75     0.704         0
   251/299     7.81G      0.64      0.14         0      0.78         2       608     0.719     0.444     0.531     0.549      3.73     0.709         0
   252/299     7.81G     0.656     0.151         0     0.807         9       608     0.748     0.437     0.533     0.552       3.7     0.713         0
   253/299     7.81G     0.654     0.146         0       0.8         7       608     0.754     0.436     0.525     0.552       3.7      0.71         0
   254/299     7.81G     0.657     0.146         0     0.804         5       608     0.743     0.441     0.524     0.553      3.71     0.702         0
   255/299     7.81G     0.631      0.15         0     0.782        10       608      0.74      0.45      0.53      0.56       3.7     0.701         0
   256/299     7.81G      0.66     0.145         0     0.805        11       608     0.745     0.462     0.532      0.57      3.68       0.7         0
   257/299     7.81G     0.668     0.144         0     0.812         4       608     0.728     0.463     0.533     0.566      3.69     0.697         0
   258/299     7.81G     0.664     0.144         0     0.808        11       608     0.734     0.484     0.541     0.584      3.71     0.689         0
   259/299     7.81G     0.653     0.147         0       0.8        13       608     0.732     0.484     0.534     0.583      3.73     0.688         0
   260/299     7.81G     0.691     0.156         0     0.847         3       608     0.738     0.484     0.529     0.585      3.74     0.689         0
   261/299     7.81G     0.629     0.136         0     0.765         9       608     0.735     0.484     0.523     0.584      3.74     0.693         0
   262/299     7.81G      0.63     0.148         0     0.778        11       608     0.737     0.472     0.523     0.576      3.75     0.695         0
   263/299     7.81G     0.669     0.172         0     0.841         3       608     0.726     0.474     0.528     0.574      3.74     0.698         0
   264/299     7.81G     0.663     0.138         0     0.801        11       608     0.725     0.479     0.533     0.577      3.72     0.694         0
   265/299     7.81G     0.642     0.141         0     0.784         8       608     0.739     0.477     0.535      0.58      3.71     0.696         0
   266/299     7.81G     0.663      0.14         0     0.803         3       608     0.735     0.482     0.536     0.582      3.71     0.695         0
   267/299     7.81G     0.617     0.149         0     0.766        15       608     0.728     0.464     0.534     0.566      3.69       0.7         0
   268/299     7.81G     0.591      0.14         0     0.731        11       608     0.739     0.462     0.532     0.569      3.69     0.703         0
   269/299     7.81G     0.689     0.142         0     0.831         6       608     0.742     0.474     0.532     0.578      3.69     0.702         0
   270/299     7.81G     0.611     0.136         0     0.746        13       608     0.739     0.491     0.534     0.589      3.72     0.701         0
   271/299     7.81G      0.62     0.149         0     0.769        11       608     0.733     0.491     0.536     0.588      3.72     0.702         0
   272/299     7.81G     0.607     0.149         0     0.755         5       608     0.729     0.495     0.538     0.589      3.71     0.703         0
   273/299     7.81G     0.596      0.13         0     0.726        11       608     0.714     0.499     0.534     0.587      3.72     0.699         0
   274/299     7.81G     0.589     0.136         0     0.725        10       608      0.71     0.491     0.533      0.58      3.71       0.7         0
   275/299     7.81G     0.654     0.117         0     0.772         5       608     0.722     0.491     0.533     0.584      3.73     0.701         0
   276/299     7.81G     0.617     0.143         0      0.76        15       608     0.727     0.495     0.533     0.589      3.73     0.704         0
   277/299     7.81G     0.722     0.147         0     0.869         8       608     0.734     0.494     0.554     0.591      3.73     0.704         0
   278/299     7.81G     0.605     0.141         0     0.745         3       608     0.742     0.499     0.554     0.597      3.73     0.706         0
   279/299     7.81G     0.563     0.126         0     0.689         8       608     0.735     0.495     0.536     0.591      3.74     0.705         0
   280/299     7.81G      0.58     0.132         0     0.712        12       608     0.727      0.49     0.532     0.585      3.74     0.709         0
   281/299     7.81G     0.592     0.134         0     0.726         3       608      0.73     0.489     0.534     0.586      3.75     0.709         0
   282/299     7.81G     0.583     0.132         0     0.715         9       608     0.732     0.495     0.539     0.591      3.75     0.709         0
   283/299     7.81G      0.65      0.14         0      0.79        10       608     0.727     0.495     0.539     0.589      3.74     0.709         0
   284/299     7.81G     0.607     0.149         0     0.756         5       608     0.721      0.49     0.545     0.584      3.74     0.708         0
   285/299     7.81G     0.658     0.142         0       0.8         7       608     0.717     0.479      0.53     0.574      3.74     0.706         0
   286/299     7.81G     0.716     0.127         0     0.843         7       608     0.715      0.49      0.53     0.581      3.73     0.706         0
   287/299     7.81G     0.627     0.131         0     0.758         4       608     0.717     0.495     0.525     0.586      3.73     0.706         0
   288/299     7.81G     0.579      0.14         0     0.719        11       608     0.717     0.493     0.531     0.584       3.7     0.708         0
   289/299     7.81G     0.604     0.142         0     0.746        13       608     0.714     0.486     0.528     0.578      3.71      0.71         0
   290/299     7.81G     0.651     0.158         0     0.809         6       608     0.716     0.478     0.524     0.574      3.72     0.715         0
   291/299     7.81G     0.578     0.122         0       0.7         7       608     0.699     0.476     0.519     0.566      3.72     0.721         0
   292/299     7.81G     0.605      0.13         0     0.735        11       608     0.711     0.474     0.516     0.568      3.72     0.727         0
   293/299     7.81G     0.612     0.139         0      0.75         5       608     0.726     0.473     0.521     0.573      3.72      0.73         0
   294/299     7.81G     0.594     0.136         0      0.73        15       608     0.739     0.453     0.532     0.561       3.7     0.738         0
   295/299     7.81G     0.553     0.138         0     0.691         7       608     0.742     0.455     0.531     0.564       3.7     0.745         0
   296/299     7.81G     0.561     0.121         0     0.683         2       608     0.727     0.463     0.519     0.566       3.7     0.746         0
   297/299     7.81G     0.576     0.128         0     0.704        14       608     0.712     0.456     0.512     0.556       3.7     0.745         0
   298/299     7.81G     0.603     0.133         0     0.735        13       608     0.719     0.458     0.516     0.559       3.7     0.739         0
   299/299     7.81G     0.623     0.139         0     0.762         4       608     0.724     0.456     0.518     0.559       3.7     0.742         0
