     0/299      7.8G      8.11        32         0      40.2        26       608         0         0   0.00462         0      7.38      1.63         0
     1/299     7.81G      6.34       2.8         0      9.14        25       608         0         0   0.00212         0      7.09      1.58         0
     2/299     7.81G      5.56      2.56         0      8.13        27       608         0         0    0.0352         0         6      1.29         0
     3/299     7.81G      5.08      2.17         0      7.24        28       608    0.0496    0.0177    0.0544    0.0261       5.5      1.28         0
     4/299     7.81G      5.17      1.68         0      6.85        20       608     0.106      0.43    0.0961      0.17      5.49      1.32         0
     5/299     7.81G      4.69      1.58         0      6.28        25       608     0.049     0.142    0.0276    0.0728         5      1.13         0
     6/299     7.81G      4.48      1.41         0      5.88        21       608     0.161    0.0531    0.0925    0.0799      5.65     0.889         0
     7/299     7.81G      4.58      1.28         0      5.86        24       608   0.00685    0.0265    0.0287    0.0109      5.48      1.26         0
     8/299     7.81G      4.77      1.17         0      5.94        22       608    0.0108     0.106    0.0143    0.0196      4.96      3.39         0
     9/299     7.81G      4.17       1.2         0      5.37        26       608    0.0532      0.23    0.0603    0.0865      4.39      2.13         0
    10/299     7.81G      4.26      1.28         0      5.54        26       608         0         0    0.0972         0      4.48     0.873         0
    11/299     7.81G      3.98      1.09         0      5.07        28       608     0.543     0.115     0.356      0.19      4.96      0.67         0
    12/299     7.81G      4.15      1.04         0      5.19        12       608     0.332     0.398      0.26     0.362      4.23     0.815         0
    13/299     7.81G      3.93      1.01         0      4.94        25       608      0.29     0.221     0.161     0.251      4.91     0.733         0
    14/299     7.81G      4.11     0.938         0      5.05        27       608     0.293     0.221       0.2     0.252      5.05     0.608         0
    15/299     7.81G       4.2     0.942         0      5.14        26       608     0.133    0.0177    0.0237    0.0312      6.37     0.563         0
    16/299     7.81G      4.11      1.21         0      5.32        29       608         0         0    0.0277         0      4.35     0.833         0
    17/299     7.81G      3.55      1.09         0      4.64        29       608    0.0137    0.0531    0.0139    0.0218      5.56      4.26         0
    18/299     7.81G      4.22     0.849         0      5.07        25       608         0         0   0.00442         0      5.09      2.27         0
    19/299     7.81G      3.98     0.968         0      4.95        28       608     0.186     0.115    0.0846     0.142      5.06     0.839         0
    20/299     7.81G      3.58     0.889         0      4.47        23       608     0.104     0.124    0.0628     0.113      4.56     0.736         0
    21/299     7.81G      3.85     0.869         0      4.72        26       608    0.0549     0.115    0.0295    0.0743      5.41     0.646         0
    22/299     7.81G      3.58     0.901         0      4.48        24       608     0.012    0.0177    0.0364    0.0143      4.64     0.696         0
    23/299     7.81G      3.29     0.936         0      4.23        21       608     0.485     0.345     0.354     0.403      4.19     0.602         0
    24/299     7.81G      3.18     0.871         0      4.05        24       608     0.727     0.212      0.37     0.329       4.4     0.557         0
    25/299     7.81G      3.38     0.767         0      4.15         8       608     0.446     0.207     0.257     0.282      5.04     0.506         0
    26/299     7.81G      3.38     0.823         0      4.21        29       608     0.573     0.283     0.381     0.379      4.04     0.615         0
    27/299     7.81G      3.18     0.845         0      4.03        23       608     0.682      0.36     0.469     0.472      4.22      0.58         0
    28/299     7.81G       3.1     0.803         0      3.91        25       608      0.74     0.221     0.393     0.341      4.12     0.572         0
    29/299     7.81G       3.2     0.699         0       3.9        22       608     0.466     0.212     0.282     0.292      4.71     0.541         0
    30/299     7.81G      3.16     0.725         0      3.88        24       608     0.597     0.265     0.337     0.368       4.5     0.541         0
    31/299     7.81G      3.13     0.685         0      3.81        26       608     0.686      0.31     0.426     0.427      4.11     0.541         0
    32/299     7.81G      2.94     0.769         0      3.71        34       608     0.436     0.274     0.273     0.337      4.34     0.575         0
    33/299     7.81G      2.87     0.719         0      3.59        28       608     0.504     0.221     0.268     0.308      4.91     0.588         0
    34/299     7.81G      3.02     0.702         0      3.72        26       608     0.592     0.116     0.272     0.194      4.68     0.553         0
    35/299     7.81G      2.65     0.686         0      3.33        23       608     0.438     0.451     0.329     0.445      4.27     0.505         0
    36/299     7.81G      2.83     0.677         0       3.5        27       608     0.612      0.21     0.385     0.313      4.07     0.508         0
    37/299     7.81G      2.48      0.64         0      3.12        23       608     0.646     0.356     0.441     0.459      3.95     0.498         0
    38/299     7.81G      2.85     0.617         0      3.46        19       608     0.534      0.31     0.368     0.392      4.19     0.515         0
    39/299     7.81G      2.51     0.638         0      3.14        25       608     0.611      0.31     0.439     0.411       4.1     0.535         0
    40/299     7.81G      2.68     0.593         0      3.27        27       608     0.569     0.354     0.405     0.436      4.08     0.512         0
    41/299     7.81G      2.72     0.571         0      3.29        28       608     0.652     0.332     0.455      0.44      4.15     0.482         0
    42/299     7.81G      2.62     0.624         0      3.24        26       608     0.611     0.416     0.456     0.495      3.87     0.518         0
    43/299     7.81G      2.31     0.591         0       2.9        29       608     0.647     0.421     0.513      0.51       3.8     0.495         0
    44/299     7.81G      2.67     0.595         0      3.26        26       608      0.78     0.257     0.444     0.386      4.17     0.532         0
    45/299     7.81G      2.45     0.566         0      3.02        32       608     0.683     0.343     0.465     0.457      3.84     0.525         0
    46/299     7.81G      2.43     0.534         0      2.96        27       608     0.636     0.336     0.433      0.44         4     0.555         0
    47/299     7.81G      2.45      0.51         0      2.96        23       608     0.654     0.284     0.484     0.396      3.75     0.602         0
    48/299     7.81G      2.47     0.509         0      2.98        24       608     0.717     0.246     0.407     0.367      3.93     0.639         0
    49/299     7.81G      2.36     0.578         0      2.94        19       608     0.697     0.286     0.433     0.405      3.89     0.616         0
    50/299     7.81G      2.37     0.529         0       2.9        32       608     0.737     0.173     0.465     0.281      3.93     0.595         0
    51/299     7.81G      2.59     0.504         0      3.09        11       608      0.74      0.31     0.473     0.437      3.91     0.547         0
    52/299     7.81G      2.41     0.501         0      2.91        20       608     0.712     0.487     0.543     0.578      3.96       0.5         0
    53/299     7.81G      2.38     0.535         0      2.92        21       608     0.762     0.496     0.539     0.601      4.26     0.488         0
    54/299     7.81G      2.22     0.533         0      2.76        31       608     0.693     0.559     0.607     0.619      3.97     0.444         0
    55/299     7.81G      2.53     0.464         0         3        25       608     0.624     0.542     0.533      0.58      4.01     0.442         0
    56/299     7.81G      2.28     0.495         0      2.77        24       608     0.644      0.54     0.534     0.587         4     0.434         0
    57/299     7.81G      2.28     0.482         0      2.76        22       608     0.785      0.42     0.588     0.547       3.9     0.439         0
    58/299     7.81G      2.07     0.489         0      2.56        28       608     0.721      0.55     0.616     0.624      3.76     0.438         0
    59/299     7.81G      2.02     0.461         0      2.48        30       608     0.727     0.543     0.583     0.622      3.71     0.435         0
    60/299     7.81G      2.43     0.435         0      2.87        30       608     0.784     0.451     0.577     0.573      3.66     0.482         0
    61/299     7.81G      2.09     0.492         0      2.58        25       608     0.656     0.472     0.516     0.549       3.8     0.509         0
    62/299     7.81G      2.19     0.496         0      2.68        23       608     0.712     0.425     0.533     0.532      3.74     0.515         0
    63/299     7.81G      2.01     0.455         0      2.46        25       608     0.723     0.462     0.571     0.564      3.83     0.477         0
    64/299     7.81G      2.17     0.429         0       2.6        10       608     0.761     0.478     0.595     0.587      3.66     0.482         0
    65/299     7.81G      1.93     0.447         0      2.38        23       608     0.669     0.549      0.57     0.603      4.08     0.457         0
    66/299     7.81G      2.08     0.411         0      2.49        23       608     0.728     0.545     0.548     0.623      3.89     0.479         0
    67/299     7.81G      1.81     0.431         0      2.24        20       608     0.717     0.584     0.594     0.644      3.84     0.457         0
    68/299     7.81G         2      0.41         0      2.41        23       608     0.759     0.522     0.622     0.619      4.03     0.446         0
    69/299     7.81G      2.18     0.442         0      2.62        19       608     0.755     0.546     0.593     0.634      4.03     0.455         0
    70/299     7.81G      2.06     0.459         0      2.51        26       608     0.612     0.504     0.551     0.553      4.02     0.466         0
    71/299     7.81G      1.71     0.403         0      2.12        31       608     0.649     0.558     0.574       0.6      3.73     0.469         0
    72/299     7.81G       1.9     0.375         0      2.27        27       608     0.726     0.539     0.581     0.618      3.81     0.478         0
    73/299     7.81G      1.79     0.412         0       2.2        30       608     0.648     0.478     0.519      0.55      3.95     0.499         0
    74/299     7.81G      2.04     0.407         0      2.45        30       608     0.745      0.44     0.535     0.554      3.91     0.535         0
    75/299     7.81G      1.83     0.429         0      2.26        31       608     0.708     0.389     0.512     0.502       3.9     0.561         0
    76/299     7.81G      1.77      0.45         0      2.22        29       608     0.685     0.451     0.549     0.544      3.76     0.518         0
    77/299     7.81G      1.83     0.429         0      2.26         9       608     0.747     0.417     0.575     0.536      3.87     0.499         0
    78/299     7.81G      2.03     0.401         0      2.43        31       608     0.761     0.479     0.594     0.588      3.74     0.497         0
    79/299     7.81G      1.93     0.402         0      2.33        26       608     0.753     0.405     0.569     0.526      3.89     0.519         0
    80/299     7.81G      1.75     0.392         0      2.14        23       608     0.709     0.487     0.586     0.577      3.89     0.487         0
    81/299     7.81G      1.78      0.39         0      2.17        29       608     0.726     0.562     0.603     0.633      3.58     0.504         0
    82/299     7.81G      1.73     0.386         0      2.11        23       608     0.756     0.496     0.593     0.599      3.74     0.503         0
    83/299     7.81G      1.69      0.39         0      2.08        29       608     0.766     0.442      0.61     0.561      3.65     0.526         0
    84/299     7.81G      1.66      0.37         0      2.03        28       608       0.7     0.469     0.563     0.562      3.84      0.52         0
    85/299     7.81G      1.84      0.35         0      2.19        28       608     0.759     0.528     0.615     0.623      3.61     0.514         0
    86/299     7.81G      1.65     0.396         0      2.05        24       608     0.712     0.482     0.539     0.575      3.87     0.527         0
    87/299     7.81G      1.83     0.366         0      2.19        26       608     0.777     0.531     0.593     0.631      3.75       0.5         0
    88/299     7.81G      1.71     0.379         0      2.09        20       608     0.731     0.584     0.617     0.649      3.68     0.468         0
    89/299     7.81G      1.76     0.384         0      2.15        25       608     0.717     0.575     0.576     0.638      3.73     0.473         0
    90/299     7.81G      1.57     0.357         0      1.92        12       608     0.581     0.584     0.503     0.583      3.91     0.494         0
    91/299     7.81G      1.69     0.345         0      2.03        23       608      0.63     0.513     0.522     0.566      3.81     0.497         0
    92/299     7.81G      1.61     0.354         0      1.97        27       608     0.723     0.554     0.556     0.627      3.71     0.502         0
    93/299     7.81G      1.57     0.344         0      1.91        21       608     0.726     0.516     0.534     0.603      3.93     0.499         0
    94/299     7.81G      1.74     0.353         0      2.09        21       608     0.753     0.531      0.62     0.623      3.63     0.503         0
    95/299     7.81G      1.67     0.339         0      2.01        28       608     0.727     0.518     0.602     0.605      3.64     0.494         0
    96/299     7.81G      1.61     0.359         0      1.97        29       608     0.724     0.511     0.575       0.6      3.76     0.476         0
    97/299     7.81G      1.66     0.336         0         2        25       608     0.756     0.584     0.624     0.659      3.56     0.484         0
    98/299     7.81G      1.55     0.349         0       1.9        25       608     0.733     0.602     0.616     0.661      3.67     0.471         0
    99/299     7.81G      1.48     0.323         0       1.8        26       608      0.72     0.708     0.699     0.714      3.45     0.477         0
   100/299     7.81G       1.7     0.313         0      2.01        21       608     0.724     0.593     0.612     0.652      3.61     0.498         0
   101/299     7.81G      1.55       0.3         0      1.85        27       608     0.759     0.529     0.599     0.623      3.58     0.532         0
   102/299     7.81G      1.65     0.313         0      1.96        31       608     0.774     0.434     0.556     0.556      3.75     0.564         0
   103/299     7.81G      1.58     0.327         0       1.9        13       608     0.685     0.423     0.508     0.523      3.86     0.549         0
   104/299     7.81G      1.53     0.323         0      1.85        29       608     0.651     0.496     0.545     0.563      3.92     0.522         0
   105/299     7.81G      1.41     0.323         0      1.74        30       608     0.654     0.504     0.547      0.57      3.99     0.509         0
   106/299     7.81G      1.61     0.327         0      1.94        29       608     0.694     0.483     0.561      0.57      3.89     0.525         0
   107/299     7.81G      1.48     0.343         0      1.82        23       608     0.683     0.513     0.549     0.586       3.9     0.543         0
   108/299     7.81G      1.52     0.325         0      1.85        31       608     0.663     0.522     0.513     0.584       3.8     0.545         0
   109/299     7.81G      1.48     0.304         0      1.79        22       608     0.639     0.496     0.521     0.558      3.86      0.54         0
   110/299     7.81G      1.53     0.317         0      1.85        20       608     0.672      0.54     0.528     0.599      3.77     0.517         0
   111/299     7.81G      1.55     0.327         0      1.87        22       608     0.704     0.546     0.559     0.615      3.64     0.511         0
   112/299     7.81G      1.32     0.318         0      1.64        23       608     0.691     0.593     0.565     0.638      3.63     0.513         0
   113/299     7.81G      1.43     0.302         0      1.74        27       608     0.661     0.575     0.536     0.615      3.76     0.518         0
   114/299     7.81G      1.47      0.29         0      1.76        29       608     0.682     0.469     0.522     0.556      3.65     0.555         0
   115/299     7.81G      1.51     0.295         0      1.81        31       608     0.673     0.478     0.544     0.559      3.59      0.57         0
   116/299     7.81G      1.36     0.317         0      1.68        10       608     0.694     0.496     0.564     0.578      3.71     0.537         0
   117/299     7.81G       1.3     0.314         0      1.61        28       608     0.671     0.541     0.566     0.599      3.81     0.517         0
   118/299     7.81G      1.45       0.3         0      1.75        25       608     0.645     0.558     0.568     0.598      3.74     0.521         0
   119/299     7.81G      1.48     0.316         0      1.79        35       608     0.663     0.522     0.586     0.584      3.75     0.525         0
   120/299     7.81G      1.36      0.29         0      1.65        20       608     0.657     0.522     0.566     0.582       3.8     0.536         0
   121/299     7.81G      1.31     0.296         0      1.61        24       608     0.661     0.504     0.539     0.572      3.75     0.532         0
   122/299     7.81G      1.38     0.264         0      1.64        24       608     0.685     0.558      0.55     0.615      3.82     0.527         0
   123/299     7.81G      1.24     0.295         0      1.54        29       608     0.632     0.549     0.531     0.587      3.78     0.532         0
   124/299     7.81G      1.48     0.274         0      1.75        27       608     0.613     0.504     0.487     0.553      3.82     0.544         0
   125/299     7.81G      1.38     0.302         0      1.68        25       608     0.626     0.442     0.486     0.518      3.78     0.582         0
   126/299     7.81G      1.31     0.291         0       1.6        23       608     0.628     0.464     0.484     0.534      3.71     0.595         0
   127/299     7.81G      1.22     0.281         0       1.5        29       608     0.606     0.496     0.468     0.545      3.66     0.578         0
   128/299     7.81G      1.32     0.266         0      1.59        22       608     0.646     0.522     0.529     0.578       3.7     0.537         0
   129/299     7.81G      1.31     0.284         0      1.59        13       608     0.628     0.522      0.54      0.57      3.74     0.547         0
   130/299     7.81G      1.24     0.279         0      1.52        25       608      0.61     0.513     0.519     0.557      3.74     0.562         0
   131/299     7.81G      1.28     0.271         0      1.55        26       608     0.595     0.454     0.475     0.515      3.83     0.582         0
   132/299     7.81G      1.29      0.31         0       1.6        31       608     0.654     0.401     0.463     0.497      3.76     0.613         0
   133/299     7.81G      1.17     0.273         0      1.44        31       608     0.671     0.398     0.468     0.499      3.73     0.594         0
   134/299     7.81G      1.15     0.267         0      1.42        27       608     0.634      0.46     0.485     0.534      3.68     0.559         0
   135/299     7.81G      1.34     0.256         0      1.59        22       608     0.685     0.487     0.532     0.569      3.71     0.537         0
   136/299     7.81G      1.28     0.262         0      1.54        26       608     0.695     0.434     0.535     0.534      3.69      0.55         0
   137/299     7.81G      1.16     0.268         0      1.43        26       608     0.673      0.46     0.524     0.547      3.62      0.56         0
   138/299     7.81G      1.16     0.265         0      1.43        27       608     0.687     0.496     0.551     0.576       3.6     0.558         0
   139/299     7.81G      1.22     0.273         0      1.49        20       608     0.695     0.504     0.524     0.585      3.58     0.555         0
   140/299     7.81G      1.19     0.256         0      1.44        25       608     0.671     0.522     0.537     0.587      3.64     0.561         0
   141/299     7.81G      1.12     0.247         0      1.37        22       608     0.637      0.54     0.504     0.584      3.65     0.562         0
   142/299     7.81G      1.16     0.231         0      1.39        15       608     0.604     0.513     0.497     0.555      3.83     0.586         0
   143/299     7.81G      1.19     0.238         0      1.43        28       608      0.61     0.497     0.506     0.548      3.76     0.592         0
   144/299     7.81G      1.07      0.24         0      1.31        22       608     0.651     0.504     0.547     0.568      3.65     0.565         0
   145/299     7.81G       1.1     0.254         0      1.35        22       608     0.643      0.59     0.553     0.616      3.54     0.564         0
   146/299     7.81G      1.07     0.244         0      1.32        22       608     0.618     0.587     0.564     0.602      3.55     0.564         0
   147/299     7.81G       1.1     0.262         0      1.36        24       608     0.687     0.611     0.614     0.647      3.47     0.565         0
   148/299     7.81G      1.15     0.249         0       1.4        29       608     0.684     0.602     0.589      0.64      3.52     0.563         0
   149/299     7.81G      1.15     0.244         0       1.4        25       608     0.709     0.584       0.6     0.641      3.53     0.556         0
   150/299     7.81G      1.12     0.255         0      1.37        30       608       0.7     0.566     0.585     0.626      3.58     0.557         0
   151/299     7.81G      1.07     0.253         0      1.32        24       608     0.698     0.575     0.588     0.631      3.64     0.551         0
   152/299     7.81G      1.08     0.233         0      1.31        22       608     0.658     0.558     0.576     0.604      3.62     0.552         0
   153/299     7.81G     0.985     0.258         0      1.24        23       608     0.641     0.593      0.55     0.616      3.66     0.546         0
   154/299     7.81G      1.15     0.244         0      1.39        30       608     0.616     0.531     0.547      0.57      3.68     0.543         0
   155/299     7.81G      1.11     0.241         0      1.35        13       608     0.612     0.504     0.531     0.553      3.69     0.563         0
   156/299     7.81G      1.11     0.236         0      1.35        30       608     0.585     0.531     0.492     0.557      3.77     0.583         0
   157/299     7.81G      1.01     0.243         0      1.25        19       608     0.598     0.558     0.519     0.577      3.73     0.594         0
   158/299     7.81G      1.07     0.252         0      1.32        23       608     0.629     0.558     0.532     0.591      3.74     0.565         0
   159/299     7.81G      1.08     0.237         0      1.31        27       608     0.621     0.549     0.542     0.583       3.7     0.535         0
   160/299     7.81G     0.974     0.237         0      1.21        27       608     0.622     0.575     0.558     0.598      3.65     0.516         0
   161/299     7.81G      1.01     0.213         0      1.23        25       608     0.615     0.575     0.546     0.594      3.65     0.524         0
   162/299     7.81G      1.05     0.214         0      1.27        26       608     0.629     0.549     0.532     0.586      3.66     0.551         0
   163/299     7.81G     0.968     0.217         0      1.18        25       608     0.647      0.54     0.524     0.589      3.71     0.571         0
   164/299     7.81G      0.97     0.219         0      1.19        24       608     0.606     0.504     0.508      0.55      3.71     0.583         0
   165/299     7.81G     0.947     0.216         0      1.16        23       608     0.646     0.534     0.571     0.584      3.72     0.587         0
   166/299     7.81G     0.953     0.217         0      1.17        25       608     0.647      0.52     0.557     0.577       3.6     0.601         0
   167/299     7.81G     0.973     0.224         0       1.2        31       608     0.695     0.545     0.592     0.611       3.6     0.597         0
   168/299     7.81G     0.954     0.217         0      1.17        14       608     0.733     0.584     0.581      0.65      3.65     0.581         0
   169/299     7.81G     0.987     0.224         0      1.21        23       608     0.705     0.572     0.571     0.632      3.69     0.573         0
   170/299     7.81G     0.957     0.217         0      1.17        23       608     0.694     0.583     0.619     0.634      3.59      0.58         0
   171/299     7.81G      0.93     0.226         0      1.16        23       608      0.63     0.558     0.548     0.592      3.69     0.573         0
   172/299     7.81G     0.893     0.217         0      1.11        33       608     0.658     0.558     0.585     0.604      3.64     0.571         0
   173/299     7.81G     0.909     0.219         0      1.13        27       608     0.642     0.555     0.563     0.595       3.7     0.569         0
   174/299     7.81G     0.969     0.207         0      1.18        26       608     0.678     0.566     0.594     0.617      3.62     0.584         0
   175/299     7.81G     0.928     0.222         0      1.15        24       608     0.671     0.531     0.557     0.593      3.64     0.593         0
   176/299     7.81G     0.922     0.213         0      1.13        29       608     0.656     0.566     0.585     0.608      3.63      0.58         0
   177/299     7.81G      0.84      0.19         0      1.03        28       608     0.674     0.575     0.598     0.621      3.71     0.566         0
   178/299     7.81G     0.835       0.2         0      1.03        23       608     0.686     0.584     0.607     0.631      3.68     0.555         0
   179/299     7.81G     0.899       0.2         0       1.1        21       608     0.689     0.607     0.625     0.645      3.66     0.542         0
   180/299     7.81G     0.962     0.214         0      1.18        26       608     0.655     0.587      0.59     0.619      3.65     0.549         0
   181/299     7.81G     0.798     0.198         0     0.996        11       608     0.658     0.578     0.582     0.615      3.69      0.55         0
   182/299     7.81G     0.851     0.212         0      1.06        25       608     0.636     0.575     0.558     0.604       3.7     0.559         0
   183/299     7.81G     0.922     0.206         0      1.13        31       608     0.698     0.615     0.621     0.654      3.61     0.566         0
   184/299     7.81G     0.903     0.197         0       1.1        29       608     0.705     0.575     0.625     0.633      3.51     0.572         0
   185/299     7.81G     0.888     0.225         0      1.11        20       608     0.679      0.54     0.574     0.601       3.6     0.569         0
   186/299     7.81G     0.843      0.19         0      1.03        27       608     0.674     0.566     0.601     0.615      3.64     0.572         0
   187/299     7.81G     0.788     0.192         0     0.979        28       608     0.667     0.558     0.576     0.607      3.64     0.582         0
   188/299     7.81G     0.831      0.21         0      1.04        27       608     0.703     0.566     0.605     0.627      3.59     0.593         0
   189/299     7.81G     0.743     0.169         0     0.912        30       608      0.62      0.54     0.547     0.577      3.63     0.606         0
   190/299     7.81G     0.829     0.188         0      1.02        26       608      0.68     0.575      0.59     0.623      3.61     0.604         0
   191/299     7.81G      0.79     0.193         0     0.982        26       608     0.677     0.537     0.551     0.599      3.66      0.62         0
   192/299     7.81G     0.802     0.186         0     0.989        29       608     0.689     0.531     0.533       0.6      3.65     0.626         0
   193/299     7.81G     0.762     0.214         0     0.977        26       608     0.706     0.558     0.552     0.623       3.6     0.627         0
   194/299     7.81G     0.748     0.194         0     0.943        15       608     0.642     0.566     0.558     0.602      3.58     0.627         0
   195/299     7.81G     0.779     0.182         0     0.961        27       608     0.621     0.552     0.558     0.584       3.6     0.633         0
   196/299     7.81G     0.801     0.188         0      0.99        28       608     0.666     0.558     0.573     0.607       3.6     0.637         0
   197/299     7.81G     0.753     0.184         0     0.937        27       608     0.682     0.558     0.581     0.614      3.57     0.636         0
   198/299     7.81G     0.725     0.196         0     0.921        31       608      0.68     0.549     0.571     0.607      3.59     0.638         0
   199/299     7.81G     0.731     0.197         0     0.927        23       608      0.65     0.549     0.568     0.595      3.58     0.627         0
   200/299     7.81G     0.663      0.17         0     0.833        30       608     0.649     0.558     0.562       0.6      3.61     0.616         0
   201/299     7.81G     0.722     0.179         0       0.9        20       608     0.627      0.54     0.536      0.58      3.58     0.606         0
   202/299     7.81G     0.728     0.176         0     0.904        25       608     0.639     0.575     0.552     0.606      3.63     0.603         0
   203/299     7.81G     0.771     0.169         0     0.939        25       608     0.648     0.571     0.526     0.607      3.66     0.607         0
   204/299     7.81G     0.748     0.178         0     0.926        28       608     0.667     0.558     0.565     0.607      3.68     0.609         0
   205/299     7.81G     0.734     0.169         0     0.903        28       608     0.677     0.549     0.563     0.606      3.69     0.608         0
   206/299     7.81G     0.707     0.173         0      0.88        25       608     0.697     0.575     0.585      0.63      3.66      0.61         0
   207/299     7.81G     0.657     0.176         0     0.834        15       608     0.695     0.558     0.577     0.619      3.62     0.615         0
   208/299     7.81G     0.629     0.165         0     0.794        22       608     0.658     0.549     0.567     0.599      3.65      0.62         0
   209/299     7.81G     0.662     0.171         0     0.832        29       608     0.667     0.549     0.567     0.602      3.69     0.612         0
   210/299     7.81G     0.637     0.181         0     0.817        28       608     0.652     0.558     0.565     0.601      3.69     0.608         0
   211/299     7.81G     0.659      0.18         0     0.839        28       608      0.67     0.566     0.568     0.614      3.66      0.61         0
   212/299     7.81G     0.671     0.157         0     0.828        28       608       0.7     0.566     0.591     0.626      3.65     0.607         0
   213/299     7.81G     0.709     0.163         0     0.872        25       608     0.724     0.566     0.614     0.635      3.62     0.607         0
   214/299     7.81G     0.679     0.171         0     0.849        25       608     0.685     0.566     0.589      0.62      3.63     0.614         0
   215/299     7.81G     0.669     0.172         0     0.842        27       608      0.66     0.583      0.59     0.619      3.61     0.614         0
   216/299     7.81G     0.668     0.157         0     0.826        26       608     0.652      0.58     0.595     0.613      3.67     0.608         0
   217/299     7.81G     0.662     0.157         0     0.819        26       608     0.626     0.575     0.574     0.599      3.67     0.595         0
   218/299     7.81G     0.672     0.167         0      0.84        30       608     0.614     0.584     0.573     0.599      3.62     0.597         0
   219/299     7.81G     0.664     0.192         0     0.857        28       608     0.617     0.602      0.57     0.609       3.6     0.604         0
   220/299     7.81G     0.652     0.147         0     0.798        12       608     0.592     0.593     0.557     0.592      3.63     0.607         0
   221/299     7.81G     0.618     0.167         0     0.785        25       608     0.604     0.611     0.589     0.607      3.61      0.61         0
   222/299     7.81G     0.598     0.149         0     0.747        27       608     0.588     0.575     0.537     0.581      3.64     0.611         0
   223/299     7.81G     0.649     0.168         0     0.817        21       608     0.598      0.58     0.564     0.589      3.66     0.616         0
   224/299     7.81G     0.636     0.159         0     0.794        28       608     0.602     0.563     0.554     0.582      3.69     0.612         0
   225/299     7.81G     0.601     0.149         0      0.75        30       608     0.607     0.566     0.576     0.586      3.67     0.608         0
   226/299     7.81G      0.62     0.169         0      0.79        25       608     0.632     0.566     0.589     0.597      3.64     0.612         0
   227/299     7.81G     0.601     0.158         0     0.758        29       608      0.66     0.575     0.606     0.615      3.64     0.612         0
   228/299     7.81G     0.625     0.143         0     0.769        30       608     0.676     0.555     0.592     0.609      3.63     0.611         0
   229/299     7.81G     0.615     0.148         0     0.763        26       608      0.67     0.566     0.596     0.614      3.64     0.611         0
   230/299     7.81G     0.613     0.157         0      0.77        28       608     0.679     0.566     0.597     0.618      3.65     0.609         0
   231/299     7.81G     0.623     0.155         0     0.778        27       608     0.648     0.575     0.571     0.609      3.64     0.611         0
   232/299     7.81G     0.605     0.149         0     0.754        27       608     0.633     0.584     0.576     0.608      3.64     0.613         0
   233/299     7.81G      0.57     0.137         0     0.707        14       608     0.644     0.593     0.592     0.617      3.62     0.607         0
   234/299     7.81G     0.552     0.159         0     0.711        22       608      0.64     0.584     0.603     0.611       3.6     0.602         0
   235/299     7.81G     0.603     0.155         0     0.758        22       608     0.637     0.584     0.609     0.609      3.61     0.607         0
   236/299     7.81G     0.584     0.157         0     0.741        26       608      0.63     0.593     0.604     0.611      3.62     0.613         0
   237/299     7.81G     0.589     0.143         0     0.732        29       608     0.616     0.593     0.594     0.604      3.61     0.615         0
   238/299     7.81G     0.568     0.138         0     0.706        22       608     0.615     0.584     0.583     0.599      3.63     0.616         0
   239/299     7.81G     0.571     0.158         0     0.729        25       608     0.605     0.583     0.556     0.594      3.67     0.618         0
   240/299     7.81G     0.582     0.157         0     0.739        27       608     0.638     0.592     0.584     0.614      3.66     0.619         0
   241/299     7.81G     0.554     0.146         0       0.7        25       608      0.63     0.566     0.591     0.596      3.66     0.624         0
   242/299     7.81G     0.563      0.15         0     0.713        23       608     0.666     0.575     0.595     0.617      3.66     0.627         0
   243/299     7.81G     0.553     0.127         0     0.679        24       608     0.665     0.575       0.6     0.617      3.64     0.628         0
   244/299     7.81G     0.538     0.141         0      0.68        25       608     0.671     0.575     0.604      0.62      3.65     0.628         0
   245/299     7.81G     0.555     0.153         0     0.707        30       608      0.64     0.575     0.594     0.606      3.66     0.628         0
   246/299     7.81G     0.568     0.147         0     0.715        15       608     0.633     0.584     0.595     0.608      3.67     0.631         0
   247/299     7.81G     0.569     0.156         0     0.725        25       608     0.635     0.602     0.592     0.618      3.67     0.628         0
   248/299     7.81G     0.536     0.156         0     0.692        28       608     0.639     0.584     0.584      0.61      3.65     0.623         0
   249/299     7.81G     0.533      0.14         0     0.673        17       608     0.644     0.575     0.555     0.608      3.65     0.619         0
   250/299     7.81G     0.552     0.139         0     0.691        29       608     0.644     0.584      0.59     0.613      3.66     0.619         0
   251/299     7.81G     0.566     0.144         0      0.71        23       608     0.661     0.593     0.611     0.625      3.66      0.62         0
   252/299     7.81G     0.565     0.147         0     0.712        27       608      0.66     0.593     0.604     0.625      3.66     0.616         0
   253/299     7.81G     0.535      0.15         0     0.685        20       608     0.668     0.593      0.59     0.628      3.68     0.617         0
   254/299     7.81G     0.517     0.133         0      0.65        27       608     0.664     0.584     0.587     0.621      3.68     0.621         0
   255/299     7.81G     0.568     0.153         0     0.721        27       608     0.647     0.566     0.553     0.604      3.66      0.63         0
   256/299     7.81G     0.503     0.131         0     0.635        27       608      0.64     0.575     0.559     0.606      3.66     0.637         0
   257/299     7.81G     0.515     0.136         0     0.652        30       608     0.643     0.593     0.608     0.617      3.63     0.635         0
   258/299     7.81G      0.54     0.128         0     0.669        32       608     0.626     0.584     0.603     0.604      3.64     0.634         0
   259/299     7.81G      0.54     0.137         0     0.677        14       608     0.622     0.566     0.589     0.593      3.64     0.632         0
   260/299     7.81G     0.546     0.136         0     0.683        25       608     0.624     0.584     0.586     0.603      3.63      0.63         0
   261/299     7.81G     0.533     0.141         0     0.674        26       608     0.603     0.578     0.582      0.59      3.64      0.63         0
   262/299     7.81G       0.5     0.128         0     0.628        21       608     0.621     0.593     0.586     0.607      3.66      0.63         0
   263/299     7.81G     0.532     0.135         0     0.667        26       608     0.602     0.584     0.572     0.593      3.65     0.632         0
   264/299     7.81G     0.543      0.14         0     0.683        23       608     0.607     0.588     0.579     0.597      3.64     0.628         0
   265/299     7.81G     0.529     0.146         0     0.675        32       608     0.602     0.588     0.583     0.595      3.64     0.624         0
   266/299     7.81G     0.557     0.155         0     0.712        27       608     0.626     0.593     0.573     0.609      3.65     0.621         0
   267/299     7.81G     0.525     0.133         0     0.658        29       608      0.65     0.602     0.573     0.625      3.63     0.621         0
   268/299     7.81G     0.542     0.142         0     0.684        25       608     0.635     0.584     0.572     0.609      3.64     0.624         0
   269/299     7.81G     0.513      0.12         0     0.633        29       608     0.627     0.558     0.571      0.59      3.62     0.624         0
   270/299     7.81G     0.484     0.116         0       0.6        35       608     0.628     0.566     0.574     0.595      3.62     0.627         0
   271/299     7.81G     0.499     0.144         0     0.643        25       608      0.62     0.558     0.581     0.587       3.6     0.628         0
   272/299     7.81G     0.533     0.148         0     0.681        16       608     0.619     0.576     0.582     0.597      3.61     0.632         0
   273/299     7.81G     0.497     0.135         0     0.632        28       608     0.625     0.558     0.577      0.59      3.62     0.633         0
   274/299     7.81G     0.528     0.136         0     0.664        28       608     0.627     0.566     0.576     0.595      3.62     0.634         0
   275/299     7.81G     0.501     0.126         0     0.627        26       608     0.625     0.576     0.559       0.6      3.65     0.634         0
   276/299     7.81G     0.497      0.12         0     0.617        29       608     0.619     0.584     0.597     0.601      3.64     0.637         0
   277/299     7.81G     0.502     0.123         0     0.624        24       608     0.621     0.593     0.598     0.607      3.65      0.64         0
   278/299     7.81G     0.512     0.135         0     0.647        17       608     0.618     0.587     0.583     0.602      3.65     0.642         0
   279/299     7.81G       0.5     0.123         0     0.622        28       608     0.605     0.584     0.573     0.594      3.64     0.643         0
   280/299     7.81G     0.526     0.135         0     0.661        24       608     0.624     0.572     0.573     0.597      3.65     0.645         0
   281/299     7.81G     0.466     0.133         0       0.6        24       608     0.635     0.566     0.577     0.599      3.63     0.646         0
   282/299     7.81G     0.522     0.148         0      0.67        27       608     0.643     0.566     0.579     0.602      3.63     0.646         0
   283/299     7.81G     0.474     0.126         0       0.6        27       608     0.663     0.575       0.6     0.616      3.62     0.645         0
   284/299     7.81G     0.511     0.134         0     0.645        24       608     0.667     0.584     0.603     0.623      3.62     0.642         0
   285/299     7.81G     0.496     0.126         0     0.622        15       608     0.667     0.575     0.612     0.618      3.63     0.642         0
   286/299     7.81G     0.501     0.144         0     0.645        29       608     0.662     0.573     0.601     0.615      3.64     0.645         0
   287/299     7.81G     0.519     0.138         0     0.657        22       608     0.656     0.575     0.602     0.613      3.64     0.643         0
   288/299     7.81G     0.486     0.135         0     0.621        30       608     0.663     0.592     0.593     0.626      3.63     0.644         0
   289/299     7.81G     0.494     0.139         0     0.633        25       608     0.651     0.575     0.598     0.611      3.62     0.642         0
   290/299     7.81G     0.495     0.148         0     0.643        25       608     0.662     0.584     0.602     0.621      3.62      0.64         0
   291/299     7.81G     0.477     0.125         0     0.602        28       608     0.662     0.584     0.596     0.621      3.61     0.638         0
   292/299     7.81G     0.475     0.122         0     0.597        24       608     0.662     0.584     0.597     0.621      3.61     0.636         0
   293/299     7.81G     0.483     0.131         0     0.614        25       608     0.664     0.584     0.603     0.621      3.59     0.634         0
   294/299     7.81G     0.462     0.122         0     0.584        26       608     0.659     0.575     0.605     0.614      3.59     0.635         0
   295/299     7.81G     0.485     0.126         0     0.611        26       608     0.666     0.575     0.607     0.617      3.61     0.636         0
   296/299     7.81G     0.482     0.133         0     0.614        31       608     0.672     0.593     0.619      0.63       3.6     0.641         0
   297/299     7.81G     0.498     0.137         0     0.635        24       608     0.668     0.588     0.597     0.626      3.62     0.646         0
   298/299     7.81G     0.457     0.134         0     0.591        13       608     0.633     0.558     0.583     0.593      3.63     0.649         0
   299/299     7.81G     0.534      0.14         0     0.673        24       608     0.641     0.566     0.586     0.601      3.63     0.648         0
