     0/299     7.81G      7.82      31.6         0      39.4        12       608         0         0   0.00828         0      7.07      3.84         0
     1/299      7.8G      5.95      2.14         0      8.09        14       608         0         0         0         0       6.1      3.87         0
     2/299     7.81G      5.18      1.83         0      7.01         5       608         0         0         0         0      5.39      3.34         0
     3/299     7.81G      4.51      1.61         0      6.12        13       608         0         0   0.00108         0      5.48      2.89         0
     4/299     7.81G      4.45       1.3         0      5.75        14       608         0         0     0.076         0      5.48      2.24         0
     5/299     7.81G      4.22      1.31         0      5.52         6       608         0         0     0.189         0      4.42      2.25         0
     6/299     7.81G      4.08      1.09         0      5.17        11       608         0         0     0.179         0      4.59       1.9         0
     7/299     7.81G       4.3     0.895         0      5.19        10       608         1   0.00361     0.229   0.00719       4.3      1.81         0
     8/299     7.81G      4.21     0.912         0      5.13         5       608         1   0.00361     0.306   0.00719      4.15      1.78         0
     9/299     7.81G      3.53     0.902         0      4.43        10       608     0.326    0.0758     0.193     0.123      4.91      1.37         0
    10/299     7.81G      5.23     0.751         0      5.98        11       608         0         0    0.0443         0      5.56      1.72         0
    11/299     7.81G      3.96      0.87         0      4.83         4       608         0         0     0.225         0      4.07      1.58         0
    12/299     7.81G      3.91     0.753         0      4.66        11       608     0.422    0.0605     0.295     0.106      4.04      1.49         0
    13/299     7.81G      4.19     0.671         0      4.86        10       608         0         0    0.0724         0      4.35      1.68         0
    14/299     7.81G      3.75     0.843         0       4.6         4       608         0         0     0.328         0      3.74      1.49         0
    15/299     7.81G      3.53     0.717         0      4.25        12       608     0.529    0.0123     0.258     0.024      4.88      1.25         0
    16/299     7.81G       4.1     0.741         0      4.85        12       608         0         0    0.0242         0      5.59       1.9         0
    17/299     7.81G       3.4     0.748         0      4.15         5       608         0         0     0.166         0      4.83      1.24         0
    18/299     7.81G      3.77     0.649         0      4.42        14       608         1   0.00361     0.199   0.00719      5.76     0.981         0
    19/299     7.81G      4.13     0.677         0      4.81        10       608         1   0.00361     0.404   0.00719      3.94      1.39         0
    20/299     7.81G      3.49     0.779         0      4.27         4       608     0.639    0.0253     0.387    0.0486      3.92      1.19         0
    21/299     7.81G      3.43     0.748         0      4.17        12       608         1     0.018     0.588    0.0354      3.44      1.35         0
    22/299     7.81G      3.53     0.626         0      4.16         9       608     0.972    0.0108     0.502    0.0214      3.68       1.5         0
    23/299     7.81G      2.99     0.749         0      3.74         5       608         1    0.0199     0.554     0.039      3.68      1.47         0
    24/299     7.81G      3.44     0.621         0      4.06        11       608     0.616    0.0175     0.397     0.034      4.44       1.3         0
    25/299     7.81G      3.68     0.601         0      4.28        14       608     0.505    0.0259     0.273    0.0492      4.62      1.18         0
    26/299     7.81G      3.18     0.613         0      3.79         6       608         1   0.00426     0.642   0.00848      3.49      1.24         0
    27/299     7.81G      2.91     0.658         0      3.57        10       608         1     0.113     0.678     0.203      3.43      1.07         0
    28/299     7.81G      3.06     0.577         0      3.64        10       608         1   0.00623     0.622    0.0124      3.88      1.22         0
    29/299     7.81G      2.65     0.589         0      3.24         2       608     0.961    0.0889     0.584     0.163      3.73       1.2         0
    30/299     7.81G      3.11      0.54         0      3.65        12       608         1    0.0994     0.652     0.181      3.42      1.12         0
    31/299     7.81G      2.99     0.462         0      3.45        15       608     0.744     0.231     0.544     0.352       3.8     0.942         0
    32/299     7.81G      2.83     0.475         0       3.3         5       608         1     0.144     0.742     0.251      3.31      1.08         0
    33/299     7.81G       2.6     0.491         0      3.09        11       608     0.857     0.475     0.734     0.611      3.28     0.884         0
    34/299     7.81G       2.9      0.47         0      3.37        13       608     0.856     0.364     0.645     0.511      3.71      0.96         0
    35/299     7.81G      2.84     0.486         0      3.32         6       608     0.908    0.0794     0.495     0.146      3.64      1.27         0
    36/299     7.81G       2.8     0.509         0      3.31        12       608     0.851    0.0413     0.258    0.0787      4.75      1.32         0
    37/299     7.81G      2.62     0.444         0      3.06        12       608     0.879     0.366      0.59     0.517      3.77     0.962         0
    38/299     7.81G       2.9      0.44         0      3.34         3       608     0.955     0.289     0.707     0.443      3.27     0.991         0
    39/299     7.81G      2.62     0.472         0      3.09        10       608     0.949     0.333     0.695     0.492      3.39         1         0
    40/299     7.81G      2.49     0.461         0      2.95        14       608     0.891     0.484     0.685     0.627      3.73     0.861         0
    41/299     7.81G      2.76     0.424         0      3.19         4       608     0.873      0.42     0.696     0.567      3.34     0.913         0
    42/299     7.81G      2.47     0.423         0      2.89        13       608     0.937     0.484     0.713     0.638      3.56     0.846         0
    43/299     7.81G      2.78     0.411         0      3.19        14       608     0.946     0.313     0.652     0.471      3.51     0.993         0
    44/299     7.81G       2.4     0.445         0      2.84         4       608     0.956     0.392     0.704     0.556      3.29     0.918         0
    45/299     7.81G      2.37      0.43         0       2.8        14       608     0.915     0.618     0.822     0.737      3.02     0.807         0
    46/299     7.81G      2.28     0.378         0      2.66        10       608      0.92      0.52     0.765     0.664      3.06     0.865         0
    47/299     7.81G      2.44     0.351         0      2.79         3       608     0.966      0.51     0.807     0.668       3.1     0.867         0
    48/299     7.81G      2.39     0.387         0      2.78        11       608     0.888     0.545     0.763     0.676      3.53     0.817         0
    49/299     7.81G      2.41     0.384         0       2.8        10       608      0.97      0.46     0.853     0.624      3.11     0.931         0
    50/299     7.81G      2.24     0.392         0      2.63         4       608     0.927     0.408     0.729     0.566      3.26      1.01         0
    51/299     7.81G      2.38     0.343         0      2.73        13       608     0.878     0.493     0.768     0.631      3.18     0.917         0
    52/299     7.81G      2.22     0.379         0       2.6        10       608     0.933     0.507     0.801     0.657      3.02      0.89         0
    53/299     7.81G      2.25     0.367         0      2.61         3       608     0.918     0.483     0.728     0.633      3.09     0.923         0
    54/299     7.81G      2.28     0.407         0      2.69        10       608     0.913     0.528     0.766     0.669      3.05     0.901         0
    55/299     7.81G      2.28     0.381         0      2.66        11       608     0.895     0.491     0.711     0.634      3.21     0.918         0
    56/299     7.81G       2.2     0.327         0      2.53         3       608     0.913     0.455      0.71     0.607      3.44     0.874         0
    57/299     7.81G      2.16     0.368         0      2.53        10       608     0.973     0.132     0.384     0.233      4.33      1.27         0
    58/299     7.81G       2.1     0.405         0      2.51        13       608     0.921     0.294     0.544     0.446      3.69      1.11         0
    59/299     7.81G      2.18     0.351         0      2.53         4       608      0.86     0.444     0.663     0.586      3.41     0.929         0
    60/299     7.81G      2.22     0.373         0      2.59        11       608     0.924     0.528     0.773     0.672      2.99      0.87         0
    61/299     7.81G      2.14     0.343         0      2.48        12       608     0.876     0.614     0.766     0.722      3.26     0.825         0
    62/299     7.81G      2.05     0.345         0      2.39         3       608     0.846     0.634     0.734     0.725      3.23     0.805         0
    63/299     7.81G      2.04     0.349         0      2.39        11       608     0.838     0.671     0.769     0.745      3.15     0.792         0
    64/299     7.81G      2.09     0.352         0      2.44        10       608     0.896      0.62     0.767     0.733      3.22     0.771         0
    65/299     7.81G      2.05     0.408         0      2.46         6       608       0.9     0.615     0.799      0.73      2.96     0.795         0
    66/299     7.81G      2.07      0.37         0      2.44        10       608      0.88     0.639     0.788     0.741      3.09     0.753         0
    67/299     7.81G      2.11     0.345         0      2.46        10       608     0.922     0.637     0.804     0.753      2.89     0.772         0
    68/299     7.81G      1.92     0.342         0      2.26         3       608     0.909     0.617     0.826     0.735       2.9     0.795         0
    69/299     7.81G      2.07     0.306         0      2.38        10       608     0.941      0.58     0.821     0.717      2.85     0.849         0
    70/299     7.81G      1.89     0.337         0      2.23         8       608     0.908     0.536     0.762     0.674      2.95     0.855         0
    71/299     7.81G      2.09     0.343         0      2.44         5       608     0.889     0.495     0.706     0.635      3.08     0.882         0
    72/299     7.81G      1.85     0.323         0      2.17        11       608      0.89     0.495     0.701     0.636      3.08     0.896         0
    73/299     7.81G       1.7      0.33         0      2.03        12       608     0.913     0.533     0.763     0.673      2.98     0.874         0
    74/299     7.81G      2.02     0.314         0      2.33         5       608     0.922     0.514     0.793      0.66      3.07     0.904         0
    75/299     7.81G      1.75     0.307         0      2.06        11       608     0.939     0.503     0.778     0.655         3     0.942         0
    76/299     7.81G      1.83     0.308         0      2.14        12       608      0.88     0.608     0.801     0.719      2.97     0.879         0
    77/299     7.81G      1.85     0.308         0      2.16         7       608     0.893     0.664     0.796     0.761      2.93     0.803         0
    78/299     7.81G      1.75     0.301         0      2.05        10       608     0.934     0.612     0.841      0.74      2.95     0.837         0
    79/299     7.81G      1.75     0.311         0      2.06        11       608     0.911     0.588     0.816     0.714      2.84     0.852         0
    80/299     7.81G       1.8     0.285         0      2.08         4       608     0.899     0.603     0.786     0.722      2.97     0.863         0
    81/299     7.81G      1.76     0.301         0      2.06        11       608     0.906     0.625      0.81      0.74      2.93     0.845         0
    82/299     7.81G      1.73     0.307         0      2.03        11       608     0.896      0.65     0.825     0.753      2.91     0.821         0
    83/299     7.81G      1.91     0.285         0       2.2         4       608     0.905      0.62     0.825     0.736      2.76     0.862         0
    84/299     7.81G      1.71     0.305         0      2.02         9       608     0.912     0.597     0.817     0.722      2.82     0.839         0
    85/299     7.81G      1.89     0.304         0      2.19        12       608     0.914     0.611     0.826     0.732      2.89     0.848         0
    86/299     7.81G      1.63     0.323         0      1.95         3       608     0.901     0.627     0.816      0.74      2.79     0.838         0
    87/299     7.81G      1.77     0.287         0      2.06        12       608     0.931     0.534     0.764     0.678      2.92     0.935         0
    88/299     7.81G      1.53     0.291         0      1.82        10       608     0.914     0.617     0.799     0.737      2.87     0.856         0
    89/299     7.81G       1.7     0.282         0      1.98         1       608     0.948     0.567     0.832     0.709      2.94     0.883         0
    90/299     7.81G      1.58     0.299         0      1.88         8       608     0.923     0.704     0.879     0.799      2.72     0.813         0
    91/299     7.81G      1.83      0.28         0      2.11        10       608     0.908     0.686     0.856     0.781       2.8     0.779         0
    92/299     7.81G      1.56     0.277         0      1.84         4       608     0.931     0.679     0.852     0.785      2.82     0.801         0
    93/299     7.81G      1.56     0.275         0      1.84         6       608     0.924     0.632     0.812     0.751      2.86      0.83         0
    94/299     7.81G      1.61     0.278         0      1.89        11       608     0.928     0.609     0.828     0.736       2.9      0.87         0
    95/299     7.81G      1.61     0.275         0      1.89         3       608     0.931     0.581     0.806     0.716      2.89     0.877         0
    96/299     7.81G      1.51     0.282         0      1.79         7       608     0.929     0.646     0.813     0.762      2.94     0.831         0
    97/299     7.81G       1.5     0.269         0      1.77        13       608     0.923     0.606     0.797     0.732      2.92     0.875         0
    98/299     7.81G      1.49     0.254         0      1.75         4       608     0.926     0.636     0.803     0.754      2.93     0.869         0
    99/299     7.81G      1.58     0.281         0      1.86         9       608     0.917     0.638     0.791     0.752      2.99     0.876         0
   100/299     7.81G      1.61     0.289         0      1.89         9       608     0.907     0.666     0.819     0.768       2.9     0.831         0
   101/299     7.81G      1.59     0.286         0      1.87         3       608     0.907     0.703     0.848     0.792      2.87     0.784         0
   102/299     7.81G      1.63     0.272         0       1.9         9       608     0.924     0.708     0.847     0.801      2.85      0.76         0
   103/299     7.81G      1.61     0.265         0      1.87        14       608     0.909     0.697     0.833     0.789       2.8     0.783         0
   104/299     7.81G       1.4     0.277         0      1.68         4       608      0.87     0.733     0.817     0.796      2.76     0.762         0
   105/299     7.81G      1.46     0.297         0      1.76        13       608     0.832     0.643     0.763     0.725      2.88     0.864         0
   106/299     7.81G      1.54     0.254         0      1.79        13       608      0.85     0.643     0.778     0.732      2.91     0.842         0
   107/299     7.81G      1.47     0.261         0      1.73         3       608     0.883     0.603     0.793     0.716      2.81     0.888         0
   108/299     7.81G      1.41     0.248         0      1.65         9       608     0.884     0.628       0.8     0.734      2.82     0.882         0
   109/299     7.81G      1.58     0.258         0      1.84         8       608      0.88     0.628     0.794     0.733      2.88     0.913         0
   110/299     7.81G       1.3     0.252         0      1.55         4       608     0.928     0.605     0.808     0.732      2.88     0.961         0
   111/299     7.81G      1.45     0.251         0       1.7        12       608     0.903     0.646     0.796     0.753      2.89     0.885         0
   112/299     7.81G      1.45     0.262         0      1.71        11       608     0.888      0.69     0.798     0.776      2.81     0.851         0
   113/299     7.81G      1.41     0.259         0      1.67         5       608     0.878     0.676      0.79     0.764      2.77     0.865         0
   114/299     7.81G      1.36     0.246         0       1.6        12       608      0.87     0.661     0.791     0.751      2.79     0.845         0
   115/299     7.81G      1.35     0.235         0      1.59         7       608     0.879     0.643     0.782     0.742      2.84     0.875         0
   116/299     7.81G      1.44      0.24         0      1.68         3       608     0.863     0.592     0.748     0.702      2.94     0.898         0
   117/299     7.81G      1.31     0.251         0      1.56        14       608     0.871     0.583      0.76     0.698      2.87     0.925         0
   118/299     7.81G      1.49     0.242         0      1.73         9       608     0.884     0.646     0.778     0.747       2.9     0.853         0
   119/299     7.81G      1.36     0.251         0      1.62         4       608     0.885     0.653     0.791     0.752      2.85      0.86         0
   120/299     7.81G      1.27     0.241         0      1.51        10       608     0.895     0.643     0.826     0.748      2.88     0.862         0
   121/299     7.81G      1.36     0.275         0      1.64        13       608     0.872     0.697     0.814     0.774      2.84      0.85         0
   122/299     7.81G      1.41      0.24         0      1.65         6       608     0.913     0.681     0.804      0.78      2.85     0.867         0
   123/299     7.81G      1.24     0.246         0      1.48         9       608     0.928     0.699     0.832     0.797      2.79     0.842         0
   124/299     7.81G      1.28     0.234         0      1.52        12       608      0.93     0.714     0.827     0.808      2.82     0.824         0
   125/299     7.81G      1.34     0.228         0      1.57         3       608     0.938     0.708     0.829     0.807      2.88     0.833         0
   126/299     7.81G      1.34     0.249         0      1.59        13       608     0.952     0.733     0.862     0.828      2.83     0.822         0
   127/299     7.81G      1.31     0.219         0      1.53        11       608     0.958     0.732     0.872      0.83      2.75     0.829         0
   128/299     7.81G      1.35     0.229         0      1.58         5       608     0.947     0.705      0.86     0.808      2.71     0.853         0
   129/299     7.81G      1.26     0.227         0      1.48        12       608     0.911     0.703     0.843     0.794      2.86     0.846         0
   130/299     7.81G      1.35     0.253         0      1.61        13       608     0.905      0.72     0.826     0.802      2.83     0.845         0
   131/299     7.81G      1.18     0.232         0      1.41         3       608     0.887      0.74     0.822     0.807      2.85      0.83         0
   132/299     7.81G      1.29      0.22         0      1.51        13       608     0.868     0.714     0.786     0.784      2.86     0.823         0
   133/299     7.81G      1.28     0.229         0      1.51        10       608     0.887     0.697     0.811      0.78      2.81     0.861         0
   134/299     7.81G      1.36     0.242         0       1.6         4       608     0.893     0.634     0.784     0.741      2.85      0.89         0
   135/299     7.81G      1.16     0.235         0       1.4         9       608     0.875     0.632     0.802     0.734      2.84     0.881         0
   136/299     7.81G      1.22     0.216         0      1.43        13       608     0.887       0.7     0.802     0.783       2.8     0.828         0
   137/299     7.81G      1.25     0.246         0      1.49         5       608     0.879     0.708     0.811     0.784      2.83     0.827         0
   138/299     7.81G      1.35     0.232         0      1.58        12       608     0.928       0.7     0.846     0.798      2.77     0.897         0
   139/299     7.81G      1.21     0.221         0      1.43        13       608     0.948     0.664     0.859     0.781      2.68     0.944         0
   140/299     7.81G      1.11     0.231         0      1.35         4       608     0.936     0.693     0.864     0.797      2.82      0.89         0
   141/299     7.81G      1.18     0.218         0       1.4        12       608     0.931     0.684     0.847     0.789      2.83     0.824         0
   142/299     7.81G      1.24     0.222         0      1.46        11       608      0.92     0.667     0.832     0.773      2.83     0.835         0
   143/299     7.81G      1.18     0.212         0      1.39         5       608      0.91     0.654     0.804     0.761      2.85     0.835         0
   144/299     7.81G      1.15     0.225         0      1.37        12       608     0.905     0.729     0.829     0.808      2.81     0.791         0
   145/299     7.81G       1.2     0.225         0      1.42        13       608     0.914     0.733     0.844     0.813      2.73     0.792         0
   146/299     7.81G      1.13     0.206         0      1.33         5       608     0.903     0.697     0.826     0.787      2.74     0.835         0
   147/299     7.81G      1.15     0.195         0      1.35         7       608     0.936     0.684     0.837     0.791       2.8      0.88         0
   148/299     7.81G      1.17     0.219         0      1.39        12       608     0.906     0.693     0.829     0.786      2.77     0.897         0
   149/299     7.81G      1.04     0.223         0      1.26         2       608     0.902     0.718     0.826       0.8      2.77     0.829         0
   150/299     7.81G      1.19     0.198         0      1.39        12       608     0.885      0.74     0.796     0.806      2.91     0.797         0
   151/299     7.81G      1.13     0.227         0      1.36        11       608     0.882     0.729     0.814     0.799      2.79     0.813         0
   152/299     7.81G      1.17     0.232         0       1.4         6       608     0.898     0.733     0.812     0.807      2.76     0.807         0
   153/299     7.81G      1.18     0.198         0      1.37         9       608     0.895     0.741     0.801     0.811      2.79       0.8         0
   154/299     7.81G      1.11     0.194         0       1.3         7       608     0.884      0.74     0.811     0.806      2.85     0.786         0
   155/299     7.81G      1.08     0.199         0      1.27         4       608     0.878     0.733     0.789     0.799      2.85     0.775         0
   156/299     7.81G      1.05       0.2         0      1.25        14       608     0.891     0.736     0.803     0.807      2.84     0.789         0
   157/299     7.81G      1.05     0.209         0      1.26        10       608     0.897     0.727     0.799     0.803      2.76     0.803         0
   158/299     7.81G      1.03      0.21         0      1.24         4       608     0.911     0.736     0.828     0.814      2.78     0.804         0
   159/299     7.81G      0.97     0.179         0      1.15        11       608     0.908     0.745     0.828     0.818      2.76     0.771         0
   160/299     7.81G      1.05     0.187         0      1.23        12       608     0.869     0.747      0.82     0.804      2.78     0.757         0
   161/299     7.81G      1.01     0.195         0       1.2         4       608     0.854     0.744     0.805     0.795      2.86     0.756         0
   162/299     7.81G     0.984     0.192         0      1.18         7       608     0.868     0.734     0.797     0.795      2.86      0.76         0
   163/299     7.81G      1.08     0.194         0      1.27        11       608      0.89     0.732     0.812     0.804      2.84     0.771         0
   164/299     7.81G      1.06     0.201         0      1.26         3       608     0.886     0.729     0.819       0.8      2.76      0.78         0
   165/299     7.81G      1.02     0.195         0      1.22        12       608     0.891     0.708     0.811     0.789      2.74     0.798         0
   166/299     7.81G      1.01     0.185         0       1.2        12       608     0.911     0.715     0.817     0.801      2.72     0.818         0
   167/299     7.81G     0.951     0.206         0      1.16         4       608     0.895     0.708     0.795      0.79      2.73     0.819         0
   168/299     7.81G      1.12     0.176         0       1.3         8       608      0.91     0.691     0.798     0.786      2.77     0.852         0
   169/299     7.81G     0.965     0.184         0      1.15         7       608     0.936     0.682     0.793     0.789      2.77     0.882         0
   170/299     7.81G      1.04     0.208         0      1.25         5       608     0.918     0.686     0.801     0.786      2.77     0.874         0
   171/299     7.81G     0.979     0.199         0      1.18        10       608     0.945     0.708     0.817     0.809      2.72      0.86         0
   172/299     7.81G      1.01     0.199         0       1.2         8       608     0.935       0.7     0.807     0.801      2.73     0.831         0
   173/299     7.81G     0.965     0.178         0      1.14         4       608     0.927     0.684     0.827     0.787      2.69     0.838         0
   174/299     7.81G      1.03     0.174         0      1.21        13       608     0.935     0.679     0.818     0.787      2.75     0.835         0
   175/299     7.81G     0.995     0.188         0      1.18        13       608     0.918     0.687      0.81     0.786      2.72     0.835         0
   176/299     7.81G     0.947       0.2         0      1.15         4       608     0.927     0.686     0.798     0.788      2.72      0.86         0
   177/299     7.81G     0.891      0.19         0      1.08         9       608     0.915     0.697     0.804     0.791      2.76     0.842         0
   178/299     7.81G     0.898     0.177         0      1.07        13       608     0.899      0.71     0.814     0.793      2.76     0.834         0
   179/299     7.81G     0.909     0.196         0      1.11         4       608     0.899     0.704     0.807      0.79      2.77     0.845         0
   180/299     7.81G     0.907     0.168         0      1.07        13       608     0.928     0.693     0.824     0.793      2.74     0.862         0
   181/299     7.81G     0.984      0.19         0      1.17        10       608     0.936     0.686     0.815     0.792      2.77     0.871         0
   182/299     7.81G     0.924     0.178         0       1.1         3       608      0.94     0.668     0.816     0.781      2.73     0.877         0
   183/299     7.81G     0.923     0.181         0       1.1        11       608     0.932     0.686     0.811      0.79      2.81     0.871         0
   184/299     7.81G     0.946     0.184         0      1.13        10       608     0.931     0.685     0.798      0.79      2.77     0.869         0
   185/299     7.81G      0.85     0.179         0      1.03         5       608     0.931     0.687     0.806     0.791      2.75     0.868         0
   186/299     7.81G     0.814     0.181         0     0.995         9       608     0.896     0.683     0.785     0.775       2.8     0.852         0
   187/299     7.81G      0.84     0.181         0      1.02        10       608     0.891     0.681     0.793     0.772      2.78     0.857         0
   188/299     7.81G     0.876     0.187         0      1.06         6       608       0.9     0.675     0.792     0.772      2.75     0.862         0
   189/299     7.81G     0.861     0.186         0      1.05        11       608     0.892      0.69     0.798     0.778      2.76     0.864         0
   190/299     7.81G     0.901     0.171         0      1.07        11       608     0.896     0.686     0.803     0.777      2.74      0.86         0
   191/299     7.81G     0.845     0.187         0      1.03         4       608     0.899     0.682     0.814     0.776      2.73     0.869         0
   192/299     7.81G     0.823      0.18         0         1        12       608     0.905     0.693     0.809     0.785      2.72     0.853         0
   193/299     7.81G     0.862     0.174         0      1.04        12       608     0.887     0.711     0.817     0.789      2.71     0.826         0
   194/299     7.81G     0.753     0.152         0     0.905         3       608     0.877     0.693     0.809     0.774      2.72     0.821         0
   195/299     7.81G      0.77     0.154         0     0.925         9       608     0.873     0.695     0.816     0.774      2.73     0.838         0
   196/299     7.81G     0.877     0.175         0      1.05        17       608     0.875     0.682     0.799     0.767       2.7     0.847         0
   197/299     7.81G     0.814     0.159         0     0.973         4       608     0.887      0.68     0.804      0.77      2.72     0.866         0
   198/299     7.81G     0.706      0.16         0     0.866        10       608     0.919     0.679     0.821     0.781      2.71     0.888         0
   199/299     7.81G     0.829     0.166         0     0.995         7       608     0.917      0.69      0.82     0.787      2.72     0.914         0
   200/299     7.81G     0.786     0.172         0     0.958         3       608     0.912     0.708     0.817     0.797      2.73     0.909         0
   201/299     7.81G     0.747     0.156         0     0.902        15       608     0.905     0.721     0.826     0.803      2.73     0.898         0
   202/299     7.81G     0.726      0.16         0     0.886        13       608     0.909     0.724     0.814     0.806      2.74     0.883         0
   203/299     7.81G     0.739     0.146         0     0.885         4       608     0.909     0.718     0.812     0.802       2.8     0.861         0
   204/299     7.81G     0.778     0.154         0     0.932        10       608     0.913     0.721     0.814     0.806      2.76     0.847         0
   205/299     7.81G      0.72     0.159         0     0.879        10       608     0.902     0.729     0.815     0.806      2.75     0.839         0
   206/299     7.81G      0.78     0.146         0     0.926         2       608     0.893     0.723     0.819     0.799      2.76      0.84         0
   207/299     7.81G     0.804     0.155         0     0.959        12       608     0.896     0.712     0.812     0.793      2.77      0.85         0
   208/299     7.81G     0.757     0.148         0     0.906         9       608      0.91     0.708     0.815     0.796      2.74     0.882         0
   209/299     7.81G     0.803     0.169         0     0.972         4       608     0.908     0.711      0.82     0.797      2.73     0.891         0
   210/299     7.81G     0.731     0.171         0     0.902        11       608     0.916     0.708     0.819     0.798      2.77       0.9         0
   211/299     7.81G     0.682     0.173         0     0.855        13       608     0.909     0.704     0.807     0.793      2.77     0.885         0
   212/299     7.81G     0.726     0.173         0       0.9         4       608      0.92     0.709     0.809     0.801      2.76     0.885         0
   213/299     7.81G     0.706     0.147         0     0.853         9       608     0.915     0.711     0.816       0.8      2.81     0.882         0
   214/299     7.81G      0.76      0.14         0       0.9         9       608     0.917     0.715     0.817     0.803      2.75     0.882         0
   215/299     7.81G     0.666     0.142         0     0.808         4       608     0.925     0.713     0.813     0.805      2.78      0.89         0
   216/299     7.81G     0.747      0.15         0     0.897        12       608     0.933     0.708     0.818     0.805      2.75      0.89         0
   217/299     7.81G     0.728     0.152         0      0.88         9       608     0.934     0.722     0.817     0.814      2.73     0.887         0
   218/299     7.81G     0.682     0.156         0     0.839         4       608     0.944     0.726     0.821      0.82      2.74     0.897         0
   219/299     7.81G     0.644     0.142         0     0.786         8       608     0.938     0.733     0.814     0.823      2.72     0.893         0
   220/299     7.81G     0.677     0.159         0     0.836         8       608     0.916     0.709     0.812       0.8      2.72     0.888         0
   221/299     7.81G     0.654     0.129         0     0.783         6       608     0.906     0.704     0.805     0.792      2.72     0.887         0
   222/299     7.81G     0.684     0.145         0     0.829         9       608     0.904     0.711     0.812     0.796      2.73     0.887         0
   223/299     7.81G     0.689     0.145         0     0.834         8       608     0.905     0.719     0.815     0.801      2.69     0.885         0
   224/299     7.81G     0.699     0.161         0      0.86         5       608     0.901     0.726     0.819     0.804       2.7     0.892         0
   225/299     7.81G     0.672     0.133         0     0.804        11       608     0.893     0.723     0.813     0.799       2.7     0.904         0
   226/299     7.81G     0.622     0.159         0     0.782        12       608     0.897     0.725     0.815     0.802       2.7     0.909         0
   227/299     7.81G      0.58     0.134         0     0.714         4       608     0.897     0.721     0.811     0.799      2.74      0.92         0
   228/299     7.81G     0.651     0.143         0     0.794        10       608     0.887     0.705     0.812     0.786      2.73     0.915         0
   229/299     7.81G     0.687     0.143         0     0.831        10       608     0.883     0.708     0.804     0.786      2.74     0.902         0
   230/299     7.81G     0.644     0.143         0     0.786         6       608     0.887     0.709     0.809     0.788      2.72       0.9         0
   231/299     7.81G     0.666     0.158         0     0.824        10       608     0.886     0.715     0.807     0.791      2.71       0.9         0
   232/299     7.81G      0.63     0.151         0     0.781        13       608     0.885     0.726     0.805     0.798       2.7     0.889         0
   233/299     7.81G     0.581     0.127         0     0.708         2       608     0.885     0.725     0.808     0.797      2.72     0.892         0
   234/299     7.81G     0.603     0.151         0     0.754        11       608     0.888     0.722     0.805     0.797      2.72       0.9         0
   235/299     7.81G     0.591     0.134         0     0.724        11       608     0.887     0.722     0.803     0.796      2.73     0.904         0
   236/299     7.81G     0.673     0.139         0     0.812         4       608     0.888     0.718     0.807     0.794      2.72     0.907         0
   237/299     7.81G      0.56     0.127         0     0.687        13       608     0.891     0.708     0.803     0.789      2.73     0.925         0
   238/299     7.81G      0.58     0.146         0     0.725        12       608     0.895     0.705     0.799     0.789      2.72     0.932         0
   239/299     7.81G     0.572      0.14         0     0.712         4       608     0.904     0.713     0.802     0.797      2.73     0.926         0
   240/299     7.81G     0.577      0.13         0     0.707        11       608     0.903     0.703     0.795     0.791      2.74     0.926         0
   241/299     7.81G      0.54     0.125         0     0.665        13       608     0.897     0.692     0.796     0.781      2.75     0.929         0
   242/299     7.81G     0.588     0.129         0     0.717         3       608     0.886     0.686     0.796     0.773      2.75     0.931         0
   243/299     7.81G      0.66     0.139         0     0.799        12       608     0.878     0.674      0.79     0.763      2.77     0.933         0
   244/299     7.81G     0.571     0.139         0      0.71         9       608     0.881     0.666     0.789     0.759      2.77     0.934         0
   245/299     7.81G     0.528      0.13         0     0.658         3       608     0.876     0.665     0.778     0.756      2.77     0.941         0
   246/299     7.81G     0.611     0.133         0     0.744        10       608     0.882     0.672     0.783     0.763      2.77     0.946         0
   247/299     7.81G     0.565     0.135         0       0.7        11       608     0.881     0.666     0.783     0.758      2.77     0.953         0
   248/299     7.81G     0.566     0.125         0     0.691         3       608     0.889     0.665     0.776     0.761      2.78     0.963         0
   249/299     7.81G     0.567     0.164         0     0.731        11       608     0.881     0.669     0.779      0.76      2.78     0.961         0
   250/299     7.81G     0.535     0.114         0     0.649         8       608     0.883     0.678     0.781     0.767      2.78     0.961         0
   251/299     7.81G     0.527     0.118         0     0.644         2       608     0.876     0.691     0.777     0.773      2.77     0.958         0
   252/299     7.81G     0.522     0.138         0      0.66         9       608     0.879     0.686     0.782      0.77      2.78      0.96         0
   253/299     7.81G      0.55     0.131         0     0.682         7       608     0.881     0.693     0.787     0.776      2.78     0.961         0
   254/299     7.81G     0.537      0.13         0     0.667         5       608      0.89       0.7      0.79     0.784      2.78      0.96         0
   255/299     7.81G     0.537      0.13         0     0.667        10       608     0.903     0.708     0.797     0.793      2.77     0.964         0
   256/299     7.81G      0.55     0.125         0     0.674        11       608     0.912      0.71     0.798     0.798      2.76     0.961         0
   257/299     7.81G     0.539     0.126         0     0.665         4       608     0.906     0.708     0.798     0.795      2.76     0.951         0
   258/299     7.81G     0.544     0.134         0     0.679        11       608     0.894     0.701     0.797     0.786      2.77      0.94         0
   259/299     7.81G      0.56     0.128         0     0.687        13       608      0.89     0.701     0.791     0.784      2.77     0.936         0
   260/299     7.81G     0.565     0.135         0       0.7         3       608     0.899     0.711       0.8     0.794      2.76     0.935         0
   261/299     7.81G      0.52     0.115         0     0.635         9       608     0.896     0.712     0.795     0.793      2.77     0.933         0
   262/299     7.81G     0.532     0.127         0     0.659        11       608     0.896     0.713       0.8     0.794      2.79     0.923         0
   263/299     7.81G     0.522      0.14         0     0.662         3       608      0.89     0.708     0.803     0.789      2.77     0.919         0
   264/299     7.81G     0.517     0.121         0     0.639        11       608     0.879     0.711     0.802     0.787      2.76     0.917         0
   265/299     7.81G     0.504     0.136         0      0.64         8       608     0.888     0.711     0.803      0.79      2.75      0.92         0
   266/299     7.81G      0.54      0.12         0      0.66         3       608     0.892     0.704     0.804     0.787      2.76      0.92         0
   267/299     7.81G     0.495     0.128         0     0.622        15       608       0.9     0.704     0.798      0.79      2.76     0.923         0
   268/299     7.81G     0.486     0.114         0     0.601        11       608     0.904     0.711     0.798     0.796      2.76     0.924         0
   269/299     7.81G     0.534     0.131         0     0.665         6       608     0.891     0.708     0.806     0.789      2.74      0.93         0
   270/299     7.81G     0.523      0.12         0     0.643        13       608      0.89       0.7     0.802     0.784      2.75     0.931         0
   271/299     7.81G     0.496     0.125         0     0.621        11       608      0.88     0.704     0.801     0.782      2.74      0.93         0
   272/299     7.81G     0.524     0.141         0     0.665         5       608     0.868       0.7     0.801     0.775      2.74     0.933         0
   273/299     7.81G     0.514      0.11         0     0.624        11       608     0.871     0.704     0.805     0.779      2.73     0.926         0
   274/299     7.81G     0.473     0.115         0     0.588        10       608      0.87     0.702     0.804     0.777      2.74     0.923         0
   275/299     7.81G     0.509     0.106         0     0.615         5       608      0.87     0.698     0.807     0.774      2.74     0.929         0
   276/299     7.81G     0.514     0.119         0     0.633        15       608     0.873     0.697       0.8     0.775      2.74     0.933         0
   277/299     7.81G     0.534     0.128         0     0.662         8       608     0.876      0.69     0.798     0.772      2.73     0.932         0
   278/299     7.81G     0.525     0.121         0     0.646         3       608     0.874     0.686     0.802     0.769      2.74     0.935         0
   279/299     7.81G     0.467     0.106         0     0.573         8       608     0.874     0.693     0.802     0.773      2.74      0.94         0
   280/299     7.81G     0.475     0.107         0     0.582        12       608     0.878      0.69     0.799     0.772      2.73     0.933         0
   281/299     7.81G     0.483     0.111         0     0.594         3       608     0.884     0.693     0.803     0.777      2.73     0.944         0
   282/299     7.81G     0.478     0.122         0       0.6         9       608     0.892     0.697     0.806     0.783      2.72     0.947         0
   283/299     7.81G     0.509     0.121         0      0.63        10       608     0.887       0.7     0.807     0.783      2.72      0.94         0
   284/299     7.81G     0.497     0.124         0     0.621         5       608     0.884      0.69     0.805     0.775      2.72     0.934         0
   285/299     7.81G     0.538     0.114         0     0.653         7       608     0.877     0.694     0.811     0.774      2.71     0.929         0
   286/299     7.81G     0.561     0.113         0     0.674         7       608     0.886     0.701     0.815     0.783      2.71     0.927         0
   287/299     7.81G     0.508     0.112         0      0.62         4       608     0.881     0.697     0.814     0.778      2.71     0.928         0
   288/299     7.81G     0.467     0.118         0     0.585        11       608     0.895     0.711     0.815     0.793       2.7      0.92         0
   289/299     7.81G     0.497     0.121         0     0.618        13       608     0.903     0.709     0.819     0.795      2.69     0.928         0
   290/299     7.81G     0.519     0.146         0     0.665         6       608     0.904     0.715     0.817     0.798      2.71     0.934         0
   291/299     7.81G     0.524     0.107         0      0.63         7       608     0.904     0.718     0.819       0.8      2.71     0.928         0
   292/299     7.81G     0.478     0.111         0     0.589        11       608     0.896     0.714     0.819     0.795      2.71      0.93         0
   293/299     7.81G     0.505     0.115         0      0.62         5       608     0.891     0.711     0.818     0.791       2.7     0.924         0
   294/299     7.81G     0.484     0.121         0     0.605        15       608     0.892     0.716     0.825     0.794       2.7     0.931         0
   295/299     7.81G     0.466     0.122         0     0.589         7       608     0.885     0.715     0.819     0.791      2.69     0.933         0
   296/299     7.81G     0.498     0.104         0     0.602         2       608     0.879     0.711     0.818     0.787       2.7     0.933         0
   297/299     7.81G     0.505     0.113         0     0.618        14       608     0.884     0.711     0.823     0.788      2.69     0.937         0
   298/299     7.81G      0.47     0.114         0     0.584        13       608     0.888     0.704     0.821     0.785      2.69      0.94         0
   299/299     7.81G     0.497      0.12         0     0.617         4       608     0.899     0.709     0.827     0.793      2.69     0.946         0
