[    0.72172           0           0           0]
[    0.49734      0.7672           0     0.32518           0           0      0.4339     0.49903     0.53851           0           0           0     0.49697     0.37077           0]
[     0.6749     0.65201     0.57981           0           0     0.72571           0      0.2526           0]
[    0.74327           0           0           0           0           0]
[    0.66471     0.71935           0           0     0.88906           0           0     0.56473           0]
[    0.49476     0.31143]
[     0.5053     0.62172     0.66688     0.70844      0.5436     0.58191]
[    0.71831     0.75518     0.84084     0.77204]
[    0.82908]
[    0.28376     0.26902           0           0           0     0.34569      0.2778           0]
[    0.72763           0           0           0           0]
[    0.80667           0           0]
[    0.80888           0           0      0.7084           0]
[    0.52555           0           0     0.39579]
[    0.61166           0           0           0           0           0      0.5501           0]
[    0.76499           0           0           0     0.67438     0.53859     0.10956           0           0           0     0.24714           0           0           0           0           0]
[    0.92746     0.72042           0     0.59547     0.62396     0.23848]
[    0.26467     0.38192]
[     0.8671           0           0           0           0           0           0           0]
[     0.5749      0.5492           0     0.45683           0    0.014868     0.42401     0.62557           0]
[    0.55927     0.68501     0.73723     0.77613           0     0.65563     0.61436     0.70949     0.47632     0.54653]
[    0.81369     0.66798           0           0           0]
[    0.55556     0.31191           0           0     0.43387]
[    0.51879     0.22996           0     0.26627           0]
[    0.62395     0.54427     0.43776           0     0.55041           0           0           0     0.50381     0.78139           0           0     0.38482           0           0     0.60055]
[    0.79894     0.92985     0.66014      0.7674     0.81928]
[    0.30266           0     0.29789           0           0           0           0           0     0.35028     0.33224           0]
[          0           0           0           0           0           0     0.47538           0           0           0    0.013614           0]
[    0.82286           0]
[    0.73026           0           0]
[    0.84511           0   0.0009879           0           0           0           0]
[    0.80081     0.85937           0           0     0.42061           0           0     0.52281           0]
[     0.8893     0.68133      0.4321           0           0           0           0           0     0.52449           0]
[    0.92622     0.81789           0     0.59885           0           0]
[    0.82938     0.67028           0           0           0           0           0]
[    0.66969           0           0           0           0     0.68535           0           0           0   0.0013764           0           0           0]
[    0.37328     0.60701           0           0           0     0.28116           0      0.4432]
[    0.66177     0.67734           0           0     0.70769           0           0           0           0]
[    0.89632     0.65806     0.93114           0           0           0]
[          0           0           0     0.22993]
[      0.778           0           0           0           0]
[    0.50871           0           0]
[    0.71846           0           0           0           0           0           0           0           0           0           0           0           0           0           0]
[    0.74201           0]
[     0.6432     0.55533     0.67451           0           0           0           0]
[    0.85787     0.87045     0.62362      0.3021           0]
[    0.60478     0.51214           0           0           0     0.75235           0           0           0           0           0           0     0.55308           0]
[    0.51195           0           0]
[          0           0    0.045812           0           0     0.73923           0           0           0           0           0]
[    0.72143     0.84584     0.79654           0           0           0]
[    0.79527     0.53027     0.75751     0.50695           0     0.80104           0     0.76444           0           0]
[    0.33453           0           0     0.13389           0     0.34819           0           0           0           0]
[    0.75155           0           0           0           0           0           0           0           0           0]
[    0.68407     0.77395     0.75342           0           0           0           0]
[    0.67145     0.88128     0.64235     0.56937           0     0.63202     0.68726]
[    0.66875     0.76676           0           0           0           0           0     0.48455           0           0           0           0]
[    0.52058           0           0           0    0.045564           0]
[    0.88417           0           0]
[      0.784     0.68339      0.7978     0.71819     0.57083           0           0           0           0           0           0           0           0     0.78728]
[    0.68955           0           0]
[    0.58312           0           0           0     0.12118           0]
[    0.81722     0.63451     0.73172     0.57837     0.77394           0]
[    0.48392           0           0           0           0]
[    0.50015     0.62968           0]
[    0.73026]
[          0     0.49007           0     0.37356           0           0           0           0     0.48023]
[    0.86218           0           0           0]
[     0.6865           0           0]
[          0     0.52325           0           0     0.45801           0           0           0           0           0           0     0.45134]
[    0.31942           0]
[    0.76211           0           0           0           0]
[     0.3472     0.66756     0.61794     0.48929      0.6447     0.56369     0.22528     0.32195     0.49451     0.76034        0.66     0.55195     0.80222     0.24478           0     0.11252     0.53646     0.85862    0.063309     0.25083     0.49651]
[    0.88748           0           0]
[    0.30718     0.54502           0           0           0]
[    0.74987           0           0           0           0           0           0           0]
[    0.42601      0.5028           0]
[    0.59181     0.44829     0.66942           0           0]
[    0.73763      0.8905     0.50682           0           0           0           0]
[    0.88603     0.78055     0.72242           0           0           0           0           0           0           0           0           0           0     0.59368     0.44904           0     0.55672]
[    0.71793     0.83912           0     0.74803           0           0           0           0           0           0]
[          0           0           0           0     0.33171           0           0           0           0]
[    0.50792           0           0           0           0           0           0     0.62826           0           0]
[    0.84989     0.68099     0.41991           0           0           0           0           0           0           0     0.52826           0           0           0]
[    0.87161     0.73068           0     0.74011           0           0           0     0.67712           0]
[          0           0     0.13746     0.58607           0     0.46673           0     0.37577           0           0]
[    0.85492     0.83499           0           0     0.76825]
[     0.5855     0.57508     0.61422     0.66131           0]
[    0.51751     0.49988           0           0]
[    0.74544     0.50581     0.76906     0.55512     0.52199      0.7013     0.70058     0.56116     0.39197           0           0]
[    0.67861           0           0           0           0           0           0           0           0           0]
[    0.91275     0.91765     0.78297           0     0.63373           0           0           0           0    0.040057     0.77952           0     0.77556           0           0     0.52647]
[    0.82145      0.8156     0.90374     0.79376     0.85098           0     0.58254     0.49123           0     0.80362]
[    0.63365     0.49446     0.67401     0.56255           0           0     0.47037           0     0.43691     0.38309     0.53473     0.26654     0.22554     0.51902]
[    0.54464     0.84673     0.48946           0     0.80658           0]
[    0.60185           0           0           0           0           0     0.66687]
[     0.7983     0.68216      0.5463     0.46626     0.81649     0.59645]
[    0.90622     0.73691           0           0           0           0           0           0           0           0           0]
[    0.52181     0.72836       0.724     0.54096           0     0.65655           0           0     0.59451]
[    0.69159     0.74447     0.59214           0           0           0           0           0           0     0.51737           0           0           0     0.38589           0           0           0]
[    0.54854     0.63534     0.21071     0.26056           0     0.42688     0.55518     0.19264]
