[     0.5778     0.50142      0.4941           0     0.46543           0]
[    0.87881     0.60828     0.70039           0]
[    0.70528     0.82551      0.7782      0.7249     0.79594     0.66162           0           0           0     0.27391]
[    0.85671     0.71296           0     0.44955]
[    0.88388     0.68379]
[    0.65697     0.54797     0.67994     0.58641           0]
[    0.89706           0           0           0           0           0]
[    0.72167     0.67632]
[    0.88305      0.9026           0           0     0.38955]
[    0.88573     0.51047           0           0           0]
[    0.60641           0           0]
[    0.70943     0.62734     0.56176     0.63606           0           0]
[    0.93257     0.96303     0.81589     0.84108           0]
[    0.72403     0.50662      0.4233      0.7156]
[    0.72579     0.74963       0.474     0.73155           0     0.81393           0           0           0           0]
[    0.92608     0.85563     0.70718     0.74663           0           0]
[    0.62809     0.76911     0.74863     0.70083           0]
[    0.88948     0.89664     0.78434     0.59949           0           0     0.51124]
[    0.81229     0.74529     0.65343     0.66933     0.71904           0           0           0]
[    0.70606           0     0.66323           0]
[    0.66209           0           0]
[    0.86852     0.85006           0     0.50623     0.35787]
[    0.80513     0.86778     0.80773           0     0.36579]
[    0.90718]
[    0.92051     0.86876     0.83602           0      0.5495]
[    0.90722           0]
[    0.87578     0.92067     0.95875     0.94729      0.4529]
[    0.91564           0           0           0           0           0]
[    0.71962     0.86101     0.86986           0]
[     0.8837     0.87408     0.90884           0     0.62089]
[    0.82933           0]
[     0.6767           0]
[     0.4389     0.52636     0.73556           0]
[    0.85952     0.86823     0.77436           0     0.43758     0.69787]
[    0.82787     0.85221           0]
[    0.56529     0.36509           0           0           0           0     0.54868]
[    0.93426     0.70092     0.87473           0           0     0.94687           0           0     0.43149     0.53702]
[    0.84826     0.87024     0.81215]
[    0.83814     0.84804     0.58833           0           0     0.46864           0]
[    0.61083      0.5884     0.60453           0]
[    0.83115     0.76235           0     0.50624           0           0]
[     0.7482     0.76884     0.68902]
[    0.84182]
[     0.7997     0.89683     0.75376     0.65202           0           0           0     0.42803]
[    0.79482     0.78357     0.81554     0.79708     0.78929     0.82089           0           0]
[    0.68763     0.61108     0.82949           0           0     0.60785     0.36169     0.54408           0]
[    0.81843     0.72105     0.73073]
[    0.91946     0.75122]
[    0.88751     0.84433     0.88144]
[    0.84069     0.83655]
[    0.72079     0.59313     0.49516           0           0           0]
[    0.76869     0.83731     0.87961           0           0     0.39368]
[    0.73789     0.81136           0     0.59244     0.51562]
[    0.84543     0.79179     0.75615    0.076749           0      0.4311     0.68844]
[    0.86396     0.74138     0.74221     0.33199     0.59268           0           0]
[    0.55887     0.82368     0.79499     0.79804]
[    0.50559     0.60339           0           0]
[    0.82882     0.85988     0.59249]
[     0.6285     0.67379     0.61893           0           0           0]
[    0.86238     0.79442     0.66251     0.64806     0.36093      0.5482]
[     0.7476     0.83589     0.65704     0.56944     0.70884     0.60695]
[     0.8027     0.88159     0.62705]
[    0.91385     0.84708     0.84385     0.68475     0.70852     0.34775     0.35291]
[    0.67823     0.71147           0]
[    0.79152     0.37651           0           0]
[    0.83637]
[    0.54665     0.65238     0.80781           0     0.69509]
[    0.70579     0.75081           0     0.70731]
[    0.74342     0.91959     0.89113     0.55438     0.45981     0.31735]
[    0.81251      0.6681]
[    0.69782     0.95216     0.50508]
[    0.57116     0.70418           0     0.29364           0]
[    0.79318     0.72816     0.80281     0.80025     0.35427           0           0]
[    0.78809      0.6498     0.79429     0.53659     0.67504     0.78168     0.54997     0.61487     0.61674     0.68961     0.78131     0.37217     0.33451]
[    0.79905           0           0]
[    0.67316     0.66187      0.6237]
[    0.94182     0.91929     0.82335     0.45895           0]
[    0.81529     0.87482     0.68867     0.65076           0           0           0     0.70039    0.087095     0.65193           0]
[    0.70172     0.86214     0.58808           0]
[    0.81083     0.65603     0.82826     0.43118     0.53642     0.53602]
[    0.84954     0.84772      0.8912           0      0.5288           0]
[    0.70062     0.50552     0.50024     0.33083           0           0           0     0.41704]
[    0.91427     0.85994     0.91942     0.95359           0     0.59186     0.47414]
[    0.65523     0.75527     0.88247     0.73104           0     0.61344     0.34212     0.53711           0]
[    0.75242     0.77353     0.59618     0.30589]
[    0.76631     0.60354     0.74276     0.83292     0.89875           0     0.41123]
[    0.76041     0.52898           0           0]
[    0.86538     0.66832           0     0.69229]
[    0.66949           0           0]
[     0.7751     0.89256      0.8034     0.73197     0.34855]
[    0.63397]
[    0.83175     0.89331     0.79785     0.58002      0.8242           0]
[    0.91379     0.92012     0.93337           0]
[     0.5146     0.80664]
[    0.92427     0.84353     0.81814     0.82215     0.84005     0.73194     0.78765      0.6295     0.58329     0.72009           0]
[    0.89393     0.83552     0.85272           0           0           0     0.34895]
[    0.78587           0           0]
[    0.73688     0.86416     0.39895]
[    0.92078     0.63705     0.67807           0           0           0           0]
[    0.89871      0.9552]
