[    0.63973     0.54991     0.40009     0.64232     0.61352           0     0.74972           0           0           0           0     0.46548           0           0]
[    0.60885     0.82848     0.69295           0]
[    0.87661     0.79575     0.83794     0.75534     0.72974     0.67217           0           0           0           0     0.78633     0.62166           0     0.55937     0.82753     0.47643     0.20566     0.56883     0.60081           0      0.6797      0.8787]
[    0.85521     0.48374     0.41332]
[     0.7729     0.65065      0.6143           0           0]
[    0.75413     0.63504     0.77918     0.65717     0.68668     0.80659     0.43668     0.22555     0.29016     0.58714           0    0.092375     0.32596]
[    0.71685           0           0           0           0           0           0           0           0]
[    0.65557     0.80365     0.61377     0.65918]
[     0.8716     0.85202           0           0     0.36626]
[    0.91604     0.52785     0.58045           0           0           0           0]
[     0.5542           0           0           0     0.43402]
[    0.70284      0.4992     0.62103     0.75538           0           0           0]
[    0.91159     0.89685     0.82008     0.86874           0]
[    0.73479     0.35127     0.53288     0.35569]
[    0.52603     0.75869      0.6903     0.66922     0.73331           0     0.48852           0     0.70895           0     0.51701     0.59126     0.42371     0.77953     0.46089     0.58829     0.85576           0           0     0.56836           0      0.6959           0     0.89203]
[    0.87226     0.78127     0.85929     0.78731           0     0.67203           0     0.72149]
[    0.80617     0.60153      0.6403     0.71332     0.51451     0.42602     0.67153     0.50509           0]
[    0.83483     0.80998     0.70546      0.5568           0     0.84443     0.39504     0.46331]
[    0.83051     0.84895       0.793     0.59513      0.6074     0.69006      0.6346      0.6949           0     0.64798           0]
[    0.65794           0           0     0.40587           0     0.60176]
[    0.58242     0.60982      0.2588]
[    0.77623     0.80956           0           0     0.47712           0           0           0]
[     0.8465     0.83397     0.66812           0    0.097773]
[    0.86348           0           0           0]
[    0.87185     0.86737     0.61271     0.85193]
[    0.92366     0.91878]
[    0.85068     0.94152     0.93386     0.35373           0     0.85992]
[    0.73052     0.42435           0           0     0.86413           0           0           0           0           0    0.011354           0           0]
[    0.65434     0.87144     0.80099     0.68788     0.26955     0.42912]
[    0.86676     0.83345     0.85025     0.49871      0.5905]
[    0.85008           0           0           0           0    0.056107           0           0]
[     0.6496           0]
[    0.53424     0.75866     0.51181           0           0]
[    0.84513     0.89938     0.77664     0.73693     0.39284     0.64911      0.3711]
[    0.87069     0.77161           0           0           0           0]
[    0.55691     0.27571           0           0           0     0.50385           0           0      0.2849]
[    0.92624     0.72463      0.8191     0.65806     0.57476     0.53207     0.66248]
[    0.85374      0.8409     0.83908     0.12103    0.049789]
[     0.8233     0.83569     0.66231           0     0.83418           0     0.73318     0.63046           0     0.60394           0           0           0           0           0     0.37469]
[    0.60017     0.51318      0.5825]
[    0.73602     0.85135           0           0           0     0.47219]
[    0.85839     0.70019     0.79994     0.40658           0           0]
[    0.82358     0.77393]
[    0.78794     0.74121     0.79203     0.59588           0  0.00022821           0     0.37963     0.75471     0.74632]
[     0.8113     0.78729     0.75628     0.80195     0.74711     0.84788     0.77995           0           0]
[    0.59909     0.59317     0.70558     0.53782      0.5126     0.59633     0.35572     0.56009     0.45939           0]
[    0.74178     0.67458     0.69695      0.5931     0.63385     0.65653]
[    0.78471     0.74332     0.88098]
[    0.88071     0.85461     0.91852]
[     0.8739     0.83744]
[    0.67829     0.59094     0.56875           0     0.42007     0.35354]
[    0.78091     0.69186     0.73417           0           0]
[    0.79034     0.74714     0.57528]
[    0.66116     0.74072     0.57072           0     0.62897     0.51995     0.76418]
[    0.76636     0.70228     0.76303     0.71897           0     0.53349]
[     0.8545     0.79653     0.61471     0.80906      0.7219     0.57588     0.77087]
[    0.69686     0.67907     0.70777           0]
[    0.82466     0.78117     0.49336           0     0.75534     0.59316  0.00049413]
[    0.72285     0.55083     0.55181     0.45796     0.64555]
[    0.78768     0.75037     0.59883     0.62859     0.55029     0.33095]
[    0.70023     0.74768     0.53839     0.48196     0.77378     0.69455     0.57535     0.32921]
[    0.80583     0.58928     0.84391           0]
[    0.69519     0.83338     0.77474     0.83671     0.30922     0.70195           0     0.67031     0.77543     0.25698]
[    0.70835     0.66208     0.73875           0      0.4129     0.59215     0.66368           0]
[    0.75349     0.52445           0]
[    0.82286           0     0.80098           0           0           0           0           0]
[    0.51544     0.67618     0.68006           0     0.35254      0.6326     0.59434     0.31657           0     0.75911           0     0.13457     0.28061]
[    0.69324     0.66199      0.7444           0     0.80755     0.86039      0.5163           0     0.74422           0     0.16929]
[    0.68012     0.78849     0.77405     0.54366     0.79162     0.44671     0.64153     0.62422]
[    0.67857     0.77204     0.74011]
[    0.78179     0.83355     0.39091     0.47736]
[    0.68259     0.82196     0.58527     0.76673]
[    0.76082     0.81159     0.83896      0.8318      0.7697]
[    0.73061     0.62418     0.82773     0.67523      0.6851     0.68649     0.73967     0.49128     0.69222     0.74601     0.71576     0.33322     0.41256     0.55933     0.60981     0.36134     0.44739     0.27565      0.2561]
[    0.82531           0           0     0.83214           0]
[    0.64083     0.69345     0.57654     0.49062           0]
[    0.91478     0.96269     0.86886           0           0           0     0.91164           0     0.43218]
[    0.75914     0.74539     0.78437     0.84474     0.90134    0.045898     0.63478       0.611     0.66918     0.45944]
[    0.68599     0.81806     0.57351           0           0     0.31191     0.55241]
[    0.75108     0.83831      0.7577      0.4989      0.3853     0.52198]
[    0.93617     0.83777     0.83238     0.48378           0]
[    0.84752     0.58147     0.34954     0.46306     0.51675     0.18025     0.68762     0.14158           0           0     0.67504           0     0.21217]
[    0.89137     0.86844     0.82492           0     0.87468           0     0.42986     0.41197     0.78627           0     0.36289     0.02569]
[    0.77788      0.8609     0.68661     0.75322     0.67423     0.39595     0.69242           0]
[    0.86404     0.83063     0.83487     0.80998     0.30497]
[    0.78742     0.75167     0.61791     0.78029     0.73306     0.60451     0.39647     0.55382     0.84901]
[    0.75601     0.64086           0]
[     0.8627     0.60993     0.62603]
[     0.6121     0.57899     0.58633]
[    0.94147     0.80789     0.82992     0.70165     0.89296     0.32133     0.35727]
[    0.58957           0     0.61355           0           0           0           0]
[    0.79842     0.84067     0.78376     0.54069           0           0           0           0]
[    0.86255     0.80013     0.90033]
[    0.44423     0.80976     0.77716     0.27354    0.054428     0.81631     0.79049]
[    0.85538     0.82175     0.80226      0.7973     0.76388     0.79033     0.74123     0.55085     0.65741     0.62795     0.31483     0.74367     0.85341     0.45407     0.63989     0.32211]
[    0.78547     0.83679     0.80406           0]
[     0.8159           0     0.75666           0           0           0]
[    0.61336     0.79976     0.57915     0.36298]
[    0.93853     0.60089     0.68491           0     0.79189      0.6312]
[    0.90461     0.87422    0.030083]
