     0/299     7.81G      7.97      31.7         0      39.7        19       608         0         0   0.00242         0      7.56      1.64         0
     1/299     7.81G      6.63      2.16         0      8.79        21       608         0         0  0.000455         0      7.12       1.6         0
     2/299     7.81G      5.95      2.09         0      8.04        20       608         0         0   0.00236         0      6.02      1.41         0
     3/299     7.81G      5.11      1.99         0       7.1        17       608         0         0    0.0572         0      5.27      1.18         0
     4/299     7.81G      4.86      1.42         0      6.28        15       608     0.661    0.0174      0.21    0.0339      5.17      1.28         0
     5/299     7.81G      4.75      1.29         0      6.03        17       608     0.148     0.451      0.16     0.223      5.17      1.36         0
     6/299     7.81G      4.52      1.18         0      5.69        18       608         0         0    0.0502         0      5.13      1.04         0
     7/299     7.81G       4.4      1.11         0      5.51        13       608         0         0     0.039         0      4.96      1.03         0
     8/299     7.81G      4.28      1.12         0       5.4        19       608         0         0    0.0275         0      4.57       1.1         0
     9/299     7.81G      4.14      1.02         0      5.16        15       608     0.224    0.0612    0.0907    0.0961      5.72     0.873         0
    10/299     7.81G      4.96      1.01         0      5.97        19       608         0         0   0.00198         0      5.57        12         0
    11/299     7.81G      4.06     0.951         0      5.02        16       608    0.0126    0.0619    0.0175    0.0209      4.79       2.4         0
    12/299     7.81G      3.92     0.915         0      4.84        19       608     0.565     0.195     0.291      0.29      4.49     0.738         0
    13/299     7.81G      3.96     0.828         0      4.79        19       608         0         0    0.0357         0      4.43      1.13         0
    14/299     7.81G      3.62     0.907         0      4.53        24       608    0.0185     0.248    0.0153    0.0345      5.22      5.35         0
    15/299     7.81G      4.13     0.866         0      4.99        20       608   0.00225     0.106   0.00692   0.00441      5.76      8.21         0
    16/299     7.81G      4.55     0.843         0      5.39        19       608  0.000175   0.00885   0.00541  0.000343       4.6        17         0
    17/299     7.81G      3.72     0.837         0      4.55        14       608    0.0694     0.319    0.0527     0.114      4.63      1.01         0
    18/299     7.81G      4.38     0.784         0      5.16        24       608         0         0    0.0818         0      4.96     0.747         0
    19/299     7.81G      4.11     0.716         0      4.82        14       608     0.188    0.0531    0.0906    0.0828      4.74     0.719         0
    20/299     7.81G      3.95     0.797         0      4.75        23       608     0.453    0.0177      0.17    0.0341      4.67     0.649         0
    21/299     7.81G      3.73     0.728         0      4.46        18       608    0.0142     0.106    0.0205     0.025      4.91      3.07         0
    22/299     7.81G      3.89     0.761         0      4.65        24       608     0.411    0.0885     0.231     0.146      4.72     0.623         0
    23/299     7.81G      3.57     0.742         0      4.32        21       608     0.819     0.142     0.401     0.241      4.42      0.63         0
    24/299     7.81G      3.84     0.693         0      4.54        20       608    0.0683     0.159    0.0644    0.0956      4.67      1.74         0
    25/299     7.81G      3.74     0.744         0      4.48        17       608     0.589     0.327     0.351     0.421      4.34     0.655         0
    26/299     7.81G      3.56     0.764         0      4.33        25       608     0.675     0.239     0.379     0.354      4.49     0.601         0
    27/299     7.81G      3.28     0.767         0      4.05        18       608     0.574     0.298     0.365     0.392      4.27     0.616         0
    28/299     7.81G      3.48     0.724         0      4.21        19       608     0.523     0.446     0.432     0.481      4.05     0.648         0
    29/299     7.81G      3.46     0.714         0      4.18        21       608     0.658     0.408     0.491     0.504      4.01     0.598         0
    30/299     7.81G      3.48     0.698         0      4.18        20       608     0.701     0.442     0.481     0.542      4.31     0.559         0
    31/299     7.81G      3.51     0.651         0      4.16        24       608     0.691     0.119     0.351     0.203       4.1     0.604         0
    32/299     7.81G      3.17     0.691         0      3.86        22       608     0.643     0.469     0.492     0.542      4.35     0.532         0
    33/299     7.81G      3.54     0.629         0      4.17        19       608     0.527     0.265     0.241     0.353      4.88     0.569         0
    34/299     7.81G      3.26     0.696         0      3.96        20       608     0.583     0.389     0.426     0.467      4.21     0.588         0
    35/299     7.81G       3.2     0.666         0      3.86        21       608     0.498     0.389      0.45     0.437      3.86      0.62         0
    36/299     7.81G      3.29     0.694         0      3.98        21       608     0.572     0.354     0.428     0.437      4.13     0.563         0
    37/299     7.81G      3.22     0.622         0      3.84        21       608     0.678     0.447     0.508     0.539      3.85     0.563         0
    38/299     7.81G      3.08     0.625         0      3.71        18       608     0.675     0.496     0.533     0.572      3.88     0.562         0
    39/299     7.81G      3.07     0.651         0      3.72        13       608     0.791     0.402     0.561     0.533       3.7     0.567         0
    40/299     7.81G      3.06     0.592         0      3.65        19       608     0.729     0.363     0.543     0.485       4.2     0.512         0
    41/299     7.81G      3.13     0.615         0      3.75        24       608     0.814     0.465     0.604     0.592      3.57     0.552         0
    42/299     7.81G      2.82     0.597         0      3.42        16       608     0.651     0.513     0.559     0.574      3.53     0.552         0
    43/299     7.81G      3.03     0.529         0      3.56        14       608     0.725     0.419     0.514     0.531      3.85     0.527         0
    44/299     7.81G      3.01     0.613         0      3.62        19       608     0.789      0.53     0.646     0.634      3.69     0.512         0
    45/299     7.81G      3.16     0.547         0      3.71        21       608     0.796     0.434     0.611     0.561      3.71     0.515         0
    46/299     7.81G      2.92     0.595         0      3.51        19       608     0.783     0.512     0.653     0.619      3.74     0.521         0
    47/299     7.81G      2.75     0.554         0       3.3        24       608      0.83     0.607     0.724     0.701      3.52     0.486         0
    48/299     7.81G      2.85     0.479         0      3.33        19       608     0.815     0.547     0.675     0.654      3.93     0.434         0
    49/299     7.81G      3.12      0.49         0      3.61        17       608     0.758     0.584     0.622      0.66      3.85     0.461         0
    50/299     7.81G      2.76     0.536         0       3.3        12       608      0.73     0.602     0.625      0.66      3.84     0.486         0
    51/299     7.81G      2.78     0.545         0      3.33        21       608     0.776     0.582     0.664     0.665      3.63     0.453         0
    52/299     7.81G      2.71     0.533         0      3.25        15       608     0.834     0.504     0.694     0.629      3.51     0.476         0
    53/299     7.81G      2.81     0.497         0       3.3        19       608     0.765      0.54      0.66     0.633      3.33     0.485         0
    54/299     7.81G      2.72     0.487         0       3.2        21       608     0.796      0.54     0.653     0.643      3.55     0.472         0
    55/299     7.81G      2.57     0.546         0      3.11        20       608     0.844     0.477     0.639      0.61      3.58      0.46         0
    56/299     7.81G      2.79     0.461         0      3.25        18       608     0.845     0.529     0.686     0.651      3.56     0.452         0
    57/299     7.81G      2.46     0.517         0      2.98        18       608     0.696     0.664     0.714      0.68      3.64     0.436         0
    58/299     7.81G      2.84     0.483         0      3.32        15       608     0.749     0.527     0.665     0.619      3.75     0.442         0
    59/299     7.81G      2.66     0.449         0      3.11        15       608     0.736     0.517     0.615     0.608      3.59     0.495         0
    60/299     7.81G      2.59     0.458         0      3.05        21       608     0.682     0.558       0.6     0.614       3.9     0.466         0
    61/299     7.81G      2.51     0.526         0      3.03        16       608     0.774     0.577      0.71     0.661      3.54     0.466         0
    62/299     7.81G      2.42     0.414         0      2.84        19       608     0.792     0.531     0.629     0.636      3.67     0.462         0
    63/299     7.81G      2.62      0.41         0      3.03        25       608     0.879     0.579     0.762     0.698      3.36     0.447         0
    64/299     7.81G      2.51     0.481         0      2.99        19       608     0.753     0.593     0.729     0.663      3.44     0.473         0
    65/299     7.81G      2.47     0.482         0      2.95        15       608     0.861     0.547     0.744     0.669      3.51     0.457         0
    66/299     7.81G      2.43     0.489         0      2.92        21       608     0.761     0.593     0.666     0.667      3.49     0.442         0
    67/299     7.81G      2.56     0.442         0      3.01        10       608     0.742     0.534     0.643     0.621      3.58     0.423         0
    68/299     7.81G      2.61     0.387         0      2.99        22       608      0.78     0.534     0.656     0.634      3.57     0.418         0
    69/299     7.81G      2.52      0.42         0      2.94        21       608      0.75     0.558     0.655      0.64      3.64     0.441         0
    70/299     7.81G      2.38     0.424         0       2.8        17       608     0.841     0.566     0.667     0.677       3.5     0.468         0
    71/299     7.81G      2.21      0.43         0      2.64        23       608     0.756     0.593     0.649     0.665      3.65     0.453         0
    72/299     7.81G      2.33     0.413         0      2.74        13       608     0.735     0.584     0.646     0.651      3.66     0.443         0
    73/299     7.81G      2.29     0.397         0      2.69        22       608     0.717     0.584     0.634     0.644      3.56     0.425         0
    74/299     7.81G      2.42     0.389         0      2.81        25       608     0.768     0.566     0.609     0.652      3.97     0.405         0
    75/299     7.81G      2.36     0.406         0      2.77        15       608     0.715     0.555     0.604     0.625      3.54     0.438         0
    76/299     7.81G      2.13     0.426         0      2.56        19       608     0.641     0.585     0.535     0.612      3.79     0.441         0
    77/299     7.81G      2.18     0.412         0      2.59        21       608     0.676     0.575     0.582     0.621      3.67     0.419         0
    78/299     7.81G      2.25     0.356         0       2.6        15       608     0.715     0.646     0.649     0.679      3.62     0.396         0
    79/299     7.81G      2.26     0.346         0       2.6        26       608     0.708     0.655     0.717      0.68      3.52     0.388         0
    80/299     7.81G      2.33     0.413         0      2.74        22       608     0.755     0.601      0.66     0.669      3.48     0.431         0
    81/299     7.81G      2.18     0.409         0      2.59        25       608     0.748     0.551     0.641     0.635      3.61     0.437         0
    82/299     7.81G      2.15       0.4         0      2.55        18       608     0.732     0.628     0.666     0.676      3.43     0.449         0
    83/299     7.81G      2.12     0.391         0      2.51        18       608     0.693     0.602     0.643     0.644      3.42     0.443         0
    84/299     7.81G      2.07     0.368         0      2.44        15       608     0.742     0.586      0.67     0.655      3.42     0.421         0
    85/299     7.81G      2.15     0.375         0      2.52        16       608     0.681     0.584     0.658     0.629      3.39     0.421         0
    86/299     7.81G      2.12     0.392         0      2.51        20       608     0.685     0.575     0.636     0.625      3.53     0.422         0
    87/299     7.81G      2.11     0.354         0      2.46        19       608     0.699     0.619     0.668     0.657      3.46      0.41         0
    88/299     7.81G      2.14     0.377         0      2.51        21       608     0.706     0.511     0.638     0.593      3.57     0.436         0
    89/299     7.81G      2.07     0.404         0      2.48        12       608     0.749     0.451     0.609     0.563      3.27     0.474         0
    90/299     7.81G      1.96     0.394         0      2.35        23       608     0.696     0.588     0.671     0.637      3.53     0.435         0
    91/299     7.81G      2.11     0.351         0      2.46        20       608     0.736     0.646     0.707     0.688      3.62     0.415         0
    92/299     7.81G      2.01      0.36         0      2.37        19       608     0.696     0.608     0.655     0.649      3.48     0.408         0
    93/299     7.81G      2.09     0.353         0      2.44        14       608     0.657     0.646     0.656     0.652      3.74     0.392         0
    94/299     7.81G      2.18     0.369         0      2.55        20       608     0.723     0.513     0.611       0.6      3.46     0.456         0
    95/299     7.81G      1.98     0.422         0       2.4        23       608     0.742     0.566     0.641     0.642      3.58     0.431         0
    96/299     7.81G      1.88     0.362         0      2.25        19       608     0.754     0.637     0.729     0.691      3.35       0.4         0
    97/299     7.81G      1.95     0.344         0       2.3        26       608     0.692     0.675      0.74     0.684      3.17     0.393         0
    98/299     7.81G      2.03     0.338         0      2.37        24       608     0.728     0.611     0.714     0.664      3.57     0.393         0
    99/299     7.81G      1.85     0.328         0      2.18        19       608     0.788      0.69     0.773     0.736      3.19     0.406         0
   100/299     7.81G      1.96     0.328         0      2.29        19       608     0.754     0.651     0.752     0.699      3.39     0.404         0
   101/299     7.81G      1.96     0.382         0      2.35        14       608     0.761     0.611     0.706     0.678      3.29     0.418         0
   102/299     7.81G      1.91     0.351         0      2.26        16       608     0.777     0.602     0.718     0.678      3.27     0.402         0
   103/299     7.81G       1.9     0.347         0      2.25        17       608     0.761     0.673     0.752     0.714      3.27     0.394         0
   104/299     7.81G      1.84     0.338         0      2.18        22       608     0.789     0.628     0.733       0.7       3.2       0.4         0
   105/299     7.81G      1.84     0.321         0      2.16        23       608     0.787     0.637     0.742     0.704      3.31     0.396         0
   106/299     7.81G      1.77     0.338         0      2.11        14       608     0.756     0.684     0.734     0.718      3.29     0.377         0
   107/299     7.81G      1.88     0.308         0      2.19        16       608     0.779     0.688     0.767     0.731       3.5      0.38         0
   108/299     7.81G      1.85     0.323         0      2.17        16       608     0.809     0.655     0.764     0.724      3.37     0.405         0
   109/299     7.81G      1.86     0.325         0      2.19        15       608     0.776     0.676     0.766     0.723      3.39     0.418         0
   110/299     7.81G      1.98     0.311         0      2.29        20       608     0.836     0.655     0.752     0.734      3.34     0.435         0
   111/299     7.81G      1.87      0.31         0      2.18        18       608      0.84     0.602     0.724     0.701      3.31     0.431         0
   112/299     7.81G      1.72     0.333         0      2.05        15       608     0.741      0.69      0.74     0.715      3.53       0.4         0
   113/299     7.81G      1.81     0.297         0      2.11        24       608     0.841     0.743     0.788     0.789      3.32     0.389         0
   114/299     7.81G      1.75     0.312         0      2.06        16       608     0.819     0.761     0.787     0.789      3.26     0.389         0
   115/299     7.81G      1.74     0.272         0      2.01        19       608     0.848     0.699     0.807     0.766      3.25     0.401         0
   116/299     7.81G      1.74     0.298         0      2.04        21       608     0.773     0.663     0.743     0.714      3.49     0.407         0
   117/299     7.81G      1.71     0.321         0      2.03        19       608     0.752     0.645      0.75     0.694      3.34     0.419         0
   118/299     7.81G      1.65      0.32         0      1.97        17       608     0.678     0.651     0.695     0.664      3.64     0.422         0
   119/299     7.81G      1.82      0.28         0       2.1        13       608     0.711     0.664     0.703     0.687      3.39      0.43         0
   120/299     7.81G      1.83     0.306         0      2.13        21       608     0.811     0.681      0.75      0.74      3.43      0.44         0
   121/299     7.81G      1.64      0.28         0      1.92        20       608     0.801     0.664     0.746     0.726      3.39     0.441         0
   122/299     7.81G      1.67      0.29         0      1.96        21       608     0.741     0.646     0.717      0.69       3.3     0.431         0
   123/299     7.81G      1.72     0.304         0      2.03        20       608     0.793     0.645     0.715     0.711      3.34     0.417         0
   124/299     7.81G      1.77     0.277         0      2.05        20       608     0.822     0.612     0.701     0.701      3.48     0.418         0
   125/299     7.81G      1.66     0.281         0      1.94        14       608     0.826     0.588     0.701     0.687      3.35     0.442         0
   126/299     7.81G      1.57     0.302         0      1.87        19       608     0.777     0.619     0.707      0.69      3.31     0.427         0
   127/299     7.81G      1.58     0.281         0      1.86        24       608     0.772     0.629     0.739     0.693      3.25     0.416         0
   128/299     7.81G      1.63     0.284         0      1.91        28       608      0.78     0.602      0.72     0.679      3.35     0.409         0
   129/299     7.81G      1.56     0.299         0      1.86        20       608     0.709     0.647     0.701     0.677      3.43     0.406         0
   130/299     7.81G      1.56     0.271         0      1.83        22       608     0.695     0.604     0.673     0.646      3.46      0.43         0
   131/299     7.81G      1.63     0.307         0      1.94        16       608     0.662     0.608     0.652     0.634      3.48     0.418         0
   132/299     7.81G      1.61     0.273         0      1.88        21       608     0.624     0.611     0.631     0.617      3.62     0.423         0
   133/299     7.81G      1.58     0.259         0      1.83        18       608     0.646     0.611     0.653     0.628      3.44     0.429         0
   134/299     7.81G      1.65     0.279         0      1.93        21       608     0.704     0.566     0.639     0.628      3.43     0.434         0
   135/299     7.81G      1.53     0.286         0      1.82        15       608     0.762     0.624     0.688     0.686      3.32     0.427         0
   136/299     7.81G      1.54     0.274         0      1.82        15       608     0.724     0.681      0.69     0.702      3.35     0.417         0
   137/299     7.81G      1.53     0.298         0      1.83        17       608     0.735     0.726     0.756      0.73      3.23     0.422         0
   138/299     7.81G       1.5     0.274         0      1.78        20       608     0.719     0.724     0.739     0.721       3.3     0.423         0
   139/299     7.81G      1.38     0.254         0      1.63        13       608     0.705     0.717     0.736     0.711      3.27     0.416         0
   140/299     7.81G      1.45     0.268         0      1.72        21       608     0.739     0.701     0.735      0.72      3.26     0.409         0
   141/299     7.81G      1.47     0.256         0      1.73        20       608     0.786     0.655     0.726     0.714       3.2      0.42         0
   142/299     7.81G      1.44     0.258         0       1.7        21       608     0.817      0.69     0.747     0.748      3.26     0.422         0
   143/299     7.81G      1.37     0.272         0      1.65        17       608     0.776     0.699     0.739     0.736      3.32     0.414         0
   144/299     7.81G       1.5     0.285         0      1.79        20       608     0.757     0.743     0.756      0.75      3.18     0.396         0
   145/299     7.81G      1.45     0.265         0      1.72        20       608     0.725     0.772     0.781     0.748      3.31     0.392         0
   146/299     7.81G      1.47     0.285         0      1.76        16       608     0.745     0.708     0.762     0.726      3.34     0.399         0
   147/299     7.81G      1.39      0.26         0      1.65        19       608     0.716     0.647     0.703      0.68      3.21      0.42         0
   148/299     7.81G      1.38      0.24         0      1.62        20       608     0.807     0.627      0.72     0.706      3.37     0.427         0
   149/299     7.81G      1.51     0.253         0      1.76        20       608      0.75     0.636     0.725     0.688      3.35     0.422         0
   150/299     7.81G      1.46     0.259         0      1.72        24       608     0.746     0.625     0.707      0.68      3.28     0.435         0
   151/299     7.81G      1.36     0.271         0      1.63        20       608     0.707     0.662     0.686     0.684      3.34     0.436         0
   152/299     7.81G      1.38     0.264         0      1.64        10       608     0.673     0.639     0.661     0.656      3.38     0.443         0
   153/299     7.81G      1.35     0.248         0       1.6        18       608     0.749     0.664     0.702     0.704      3.52     0.435         0
   154/299     7.81G      1.42     0.231         0      1.65        17       608     0.743     0.639     0.701     0.687      3.47     0.437         0
   155/299     7.81G      1.28      0.24         0      1.52        16       608     0.761     0.678      0.74     0.717      3.33     0.438         0
   156/299     7.81G      1.49     0.242         0      1.73        19       608     0.738     0.699     0.731     0.718      3.38     0.442         0
   157/299     7.81G      1.39     0.277         0      1.67        22       608     0.731     0.673     0.734     0.701      3.37     0.445         0
   158/299     7.81G      1.35     0.263         0      1.61        22       608     0.709     0.712      0.72     0.711      3.34     0.445         0
   159/299     7.81G      1.33      0.26         0      1.59        15       608     0.701     0.746     0.741     0.723      3.31     0.441         0
   160/299     7.81G      1.38     0.239         0      1.61        18       608     0.677     0.726     0.719     0.701      3.36     0.437         0
   161/299     7.81G      1.38     0.243         0      1.62        21       608     0.696     0.664     0.665      0.68      3.45     0.436         0
   162/299     7.81G      1.29     0.276         0      1.57        22       608     0.724     0.672      0.69     0.697      3.47     0.442         0
   163/299     7.81G      1.35     0.234         0      1.58        15       608     0.726     0.673     0.701     0.698      3.39     0.448         0
   164/299     7.81G      1.32     0.252         0      1.57        20       608     0.785     0.673      0.72     0.724      3.45     0.455         0
   165/299     7.81G      1.21     0.242         0      1.45        23       608     0.746     0.673     0.711     0.707      3.33      0.45         0
   166/299     7.81G      1.25     0.226         0      1.48        22       608     0.765     0.699     0.755     0.731      3.35     0.453         0
   167/299     7.81G      1.24     0.214         0      1.46        16       608     0.743     0.665      0.72     0.702      3.31     0.466         0
   168/299     7.81G      1.25     0.252         0      1.51        26       608     0.717     0.673     0.697     0.694      3.28     0.469         0
   169/299     7.81G      1.24     0.237         0      1.48        12       608     0.712     0.664      0.71     0.687      3.31     0.476         0
   170/299     7.81G      1.24     0.255         0      1.49        14       608     0.727     0.659     0.707     0.691      3.29      0.47         0
   171/299     7.81G      1.21     0.236         0      1.45        18       608     0.717      0.69     0.718     0.703      3.29     0.461         0
   172/299     7.81G      1.27     0.225         0      1.49        16       608     0.723     0.692      0.73     0.707      3.24     0.467         0
   173/299     7.81G      1.18     0.215         0       1.4        20       608     0.758     0.692     0.723     0.724      3.35     0.458         0
   174/299     7.81G      1.18     0.245         0      1.43        17       608     0.733     0.717     0.712     0.725      3.35      0.45         0
   175/299     7.81G      1.18      0.22         0       1.4        20       608     0.756     0.735     0.751     0.745      3.29     0.448         0
   176/299     7.81G      1.23     0.229         0      1.46        17       608     0.743     0.708     0.745     0.725      3.29      0.45         0
   177/299     7.81G      1.11     0.211         0      1.32        17       608     0.765     0.721     0.758     0.743      3.34     0.448         0
   178/299     7.81G      1.23     0.201         0      1.43        20       608      0.78     0.726     0.746     0.752      3.35     0.454         0
   179/299     7.81G      1.17     0.214         0      1.38        15       608     0.781     0.726     0.753     0.752      3.37     0.461         0
   180/299     7.81G      1.25     0.236         0      1.49        20       608     0.722     0.714     0.737     0.718      3.34     0.456         0
   181/299     7.81G      1.21     0.241         0      1.45        20       608     0.725     0.723     0.743     0.724      3.35     0.449         0
   182/299     7.81G      1.19     0.235         0      1.42        20       608     0.738     0.717     0.754     0.727      3.38     0.449         0
   183/299     7.81G      1.08     0.224         0       1.3        18       608     0.713     0.735     0.744     0.724      3.27     0.449         0
   184/299     7.81G      1.12     0.247         0      1.37        27       608     0.699     0.726     0.734     0.712      3.24     0.452         0
   185/299     7.81G      1.16     0.208         0      1.37        24       608     0.724     0.717     0.733      0.72      3.23     0.453         0
   186/299     7.81G       1.1     0.211         0      1.31        21       608     0.739     0.735      0.74     0.737       3.3     0.451         0
   187/299     7.81G      1.13     0.225         0      1.36        16       608     0.743     0.735     0.751     0.739      3.27     0.447         0
   188/299     7.81G      1.12     0.198         0      1.32        19       608     0.752     0.708      0.73     0.729      3.26      0.45         0
   189/299     7.81G     0.977     0.216         0      1.19        20       608     0.744     0.708     0.741     0.725      3.34     0.459         0
   190/299     7.81G      1.01     0.203         0      1.21        18       608      0.69      0.69     0.703      0.69      3.33      0.46         0
   191/299     7.81G       1.1     0.212         0      1.32        17       608     0.704     0.681     0.703     0.692       3.3     0.463         0
   192/299     7.81G      1.08     0.188         0      1.27        17       608     0.723      0.69     0.702     0.706      3.35     0.464         0
   193/299     7.81G      1.12     0.214         0      1.34        18       608     0.731     0.681     0.715     0.705      3.34     0.467         0
   194/299     7.81G     0.979     0.197         0      1.18        18       608     0.747     0.699     0.734     0.722      3.33      0.48         0
   195/299     7.81G      1.02     0.203         0      1.22        16       608     0.794     0.726     0.767     0.758      3.25     0.488         0
   196/299     7.81G     0.983       0.2         0      1.18        22       608     0.767     0.735     0.761      0.75      3.25     0.481         0
   197/299     7.81G         1     0.204         0      1.21        15       608     0.716     0.708     0.713     0.712      3.31     0.472         0
   198/299     7.81G     0.943     0.184         0      1.13        18       608     0.728     0.717     0.738     0.722      3.26     0.466         0
   199/299     7.81G      1.02     0.198         0      1.22        19       608     0.712     0.726      0.72     0.719      3.31     0.458         0
   200/299     7.81G     0.983     0.189         0      1.17        25       608     0.733     0.726     0.725      0.73      3.34     0.456         0
   201/299     7.81G      0.99     0.203         0      1.19        21       608     0.723     0.691     0.695     0.707      3.34     0.462         0
   202/299     7.81G     0.963     0.207         0      1.17        14       608     0.749     0.687     0.727     0.717       3.3     0.464         0
   203/299     7.81G     0.977     0.191         0      1.17        15       608     0.728     0.699     0.714     0.713      3.28     0.459         0
   204/299     7.81G      1.01     0.206         0      1.22        20       608     0.724     0.708     0.709     0.716      3.33     0.457         0
   205/299     7.81G     0.964     0.206         0      1.17        23       608     0.726     0.703     0.725     0.714      3.31     0.457         0
   206/299     7.81G     0.901     0.194         0      1.09        18       608      0.72     0.717     0.722     0.718      3.29     0.461         0
   207/299     7.81G     0.869     0.203         0      1.07        18       608     0.722     0.717     0.719      0.72      3.22      0.47         0
   208/299     7.81G     0.875     0.183         0      1.06        25       608     0.747     0.733     0.753      0.74      3.24     0.468         0
   209/299     7.81G     0.942     0.213         0      1.16        18       608     0.756      0.74     0.741     0.748      3.25     0.462         0
   210/299     7.81G     0.965     0.171         0      1.14        19       608     0.783     0.752     0.773     0.767      3.31      0.46         0
   211/299     7.81G     0.943     0.187         0      1.13        18       608     0.738     0.717     0.727     0.727      3.26     0.457         0
   212/299     7.81G     0.963      0.18         0      1.14        18       608      0.74     0.735     0.752     0.737      3.29     0.453         0
   213/299     7.81G     0.918      0.19         0      1.11        24       608     0.725     0.726     0.747     0.725      3.27     0.456         0
   214/299     7.81G     0.908     0.185         0      1.09        21       608      0.73     0.717     0.742     0.723      3.29     0.464         0
   215/299     7.81G     0.911     0.186         0       1.1        18       608      0.72     0.729     0.746     0.725      3.25     0.465         0
   216/299     7.81G     0.845     0.195         0      1.04        19       608     0.704     0.717      0.72     0.711      3.31     0.469         0
   217/299     7.81G     0.923     0.196         0      1.12        17       608     0.701     0.726      0.72     0.713      3.31     0.467         0
   218/299     7.81G     0.874     0.175         0      1.05        17       608     0.708     0.726     0.721     0.716      3.28     0.466         0
   219/299     7.81G     0.869     0.168         0      1.04        21       608     0.722     0.743     0.739     0.733      3.31      0.47         0
   220/299     7.81G     0.935     0.186         0      1.12        15       608     0.715      0.71     0.723     0.712      3.33     0.479         0
   221/299     7.81G     0.883     0.184         0      1.07        19       608     0.755     0.726     0.742      0.74      3.29     0.485         0
   222/299     7.81G     0.884      0.17         0      1.05        27       608     0.741     0.708     0.712     0.724      3.28     0.483         0
   223/299     7.81G     0.864     0.182         0      1.05        21       608     0.698     0.695     0.717     0.696      3.26      0.48         0
   224/299     7.81G     0.867     0.189         0      1.06        19       608       0.7     0.701     0.719     0.701      3.25      0.48         0
   225/299     7.81G      0.85     0.192         0      1.04        15       608     0.716     0.717     0.718     0.716      3.22     0.481         0
   226/299     7.81G     0.841     0.197         0      1.04        16       608     0.732     0.743     0.731     0.738      3.22     0.488         0
   227/299     7.81G     0.843     0.166         0      1.01        16       608     0.722     0.735     0.731     0.728      3.21     0.489         0
   228/299     7.81G     0.883     0.172         0      1.05        15       608     0.736     0.735     0.721     0.735      3.23     0.496         0
   229/299     7.81G     0.811     0.187         0     0.999        16       608     0.728     0.735     0.726     0.731      3.21     0.497         0
   230/299     7.81G     0.825     0.167         0     0.992        23       608      0.71     0.717      0.72     0.713      3.22     0.495         0
   231/299     7.81G     0.832     0.172         0         1        20       608     0.711     0.717     0.722     0.714      3.22     0.497         0
   232/299     7.81G     0.798     0.174         0     0.972        15       608     0.704     0.717     0.725      0.71      3.18     0.499         0
   233/299     7.81G     0.796     0.182         0     0.978        25       608     0.719     0.726     0.738     0.723      3.15     0.498         0
   234/299     7.81G     0.842     0.184         0      1.03        18       608     0.717     0.717     0.721     0.717      3.17     0.499         0
   235/299     7.81G      0.85      0.17         0      1.02        16       608     0.726     0.726      0.73     0.726      3.16     0.498         0
   236/299     7.81G     0.842     0.179         0      1.02        19       608     0.716     0.726     0.725     0.721      3.21     0.496         0
   237/299     7.81G     0.778     0.187         0     0.966        16       608     0.722     0.735     0.742     0.728      3.18     0.496         0
   238/299     7.81G     0.794     0.197         0      0.99        25       608     0.699     0.726     0.737     0.712      3.13     0.494         0
   239/299     7.81G     0.796      0.17         0     0.966        17       608     0.707     0.727     0.734     0.717      3.15     0.498         0
   240/299     7.81G     0.843     0.174         0      1.02        18       608     0.728     0.735     0.734     0.732      3.13     0.497         0
   241/299     7.81G     0.825     0.197         0      1.02        20       608     0.741     0.743     0.746     0.742      3.16     0.494         0
   242/299     7.81G     0.765     0.195         0     0.959        23       608     0.724     0.752     0.745     0.738      3.16      0.49         0
   243/299     7.81G     0.765     0.149         0     0.915        20       608     0.717     0.761      0.75     0.738      3.19      0.49         0
   244/299     7.81G     0.785     0.163         0     0.948        19       608      0.72      0.75     0.735     0.735      3.19     0.495         0
   245/299     7.81G     0.829     0.173         0         1        14       608     0.722     0.734      0.72     0.728       3.2     0.498         0
   246/299     7.81G      0.77     0.153         0     0.923        10       608      0.73     0.741     0.738     0.735      3.23     0.495         0
   247/299     7.81G     0.799      0.18         0      0.98        19       608     0.735     0.736     0.739     0.735      3.27     0.493         0
   248/299     7.81G     0.779      0.16         0     0.939        19       608     0.726     0.727     0.733     0.727      3.25     0.493         0
   249/299     7.81G     0.732     0.158         0     0.891        25       608      0.76     0.743     0.744     0.752      3.24     0.496         0
   250/299     7.81G     0.813     0.169         0     0.982        16       608     0.726     0.735     0.729      0.73      3.23       0.5         0
   251/299     7.81G     0.741     0.158         0     0.898        17       608      0.72     0.727     0.721     0.724      3.24     0.504         0
   252/299     7.81G     0.809     0.183         0     0.991        14       608     0.717     0.717     0.711     0.717      3.24     0.506         0
   253/299     7.81G     0.742     0.166         0     0.908        22       608     0.711     0.717     0.708     0.714      3.24     0.506         0
   254/299     7.81G     0.753     0.157         0      0.91        16       608     0.699     0.717     0.709     0.708      3.22     0.506         0
   255/299     7.81G     0.757     0.154         0     0.911        17       608     0.721     0.733     0.722     0.727      3.22     0.504         0
   256/299     7.81G     0.797     0.175         0     0.972        19       608     0.733     0.754      0.74     0.743      3.19     0.506         0
   257/299     7.81G     0.761     0.161         0     0.922        18       608     0.746     0.752     0.742     0.749       3.2     0.508         0
   258/299     7.81G     0.778     0.159         0     0.937        19       608     0.741     0.743     0.736     0.742      3.19     0.511         0
   259/299     7.81G     0.769     0.158         0     0.927        19       608     0.727     0.735     0.735     0.731       3.2     0.513         0
   260/299     7.81G     0.797     0.166         0     0.963        16       608     0.725     0.726     0.733     0.725      3.19     0.509         0
   261/299     7.81G     0.708     0.178         0     0.886        20       608     0.724     0.726     0.735     0.725       3.2     0.508         0
   262/299     7.81G     0.773     0.163         0     0.936        16       608     0.735     0.743     0.752     0.739      3.22     0.508         0
   263/299     7.81G     0.722     0.168         0      0.89        19       608     0.734     0.743     0.751     0.738      3.21     0.509         0
   264/299     7.81G     0.712      0.15         0     0.862        22       608     0.738     0.752     0.752     0.745      3.19     0.511         0
   265/299     7.81G     0.728     0.152         0      0.88        19       608     0.724     0.744     0.748     0.734       3.2     0.511         0
   266/299     7.81G     0.733     0.176         0     0.909        18       608     0.725     0.752      0.75     0.738       3.2      0.51         0
   267/299     7.81G     0.707     0.166         0     0.873        21       608     0.728     0.761     0.755     0.744      3.21     0.506         0
   268/299     7.81G     0.731     0.159         0      0.89        18       608      0.74      0.77     0.772     0.755      3.18     0.502         0
   269/299     7.81G     0.717      0.15         0     0.866        20       608     0.755     0.779     0.778     0.767      3.18     0.499         0
   270/299     7.81G     0.716     0.156         0     0.871        23       608     0.753     0.779     0.772     0.766      3.18     0.497         0
   271/299     7.81G     0.725     0.154         0     0.879        11       608     0.753     0.788     0.779      0.77      3.18     0.501         0
   272/299     7.81G     0.735     0.184         0     0.918        36       608     0.748     0.779     0.773     0.763      3.18     0.504         0
   273/299     7.81G     0.786     0.176         0     0.962        17       608     0.738      0.77     0.761     0.754      3.18     0.505         0
   274/299     7.81G     0.701     0.166         0     0.867        14       608     0.745      0.77     0.761     0.757      3.17     0.508         0
   275/299     7.81G      0.74     0.161         0     0.901        14       608     0.749     0.766     0.764     0.757      3.17     0.509         0
   276/299     7.81G     0.743      0.17         0     0.913        25       608     0.755     0.761     0.759     0.758       3.2     0.512         0
   277/299     7.81G     0.665      0.17         0     0.835        21       608      0.75     0.772     0.761     0.761      3.19     0.509         0
   278/299     7.81G     0.722     0.164         0     0.887        22       608     0.736      0.77     0.757     0.753      3.18     0.508         0
   279/299     7.81G     0.734     0.154         0     0.888        22       608     0.745     0.777     0.758     0.761       3.2     0.511         0
   280/299     7.81G     0.662     0.152         0     0.814        17       608     0.738     0.772     0.758     0.755      3.21     0.508         0
   281/299     7.81G     0.695      0.15         0     0.846        29       608      0.73     0.767     0.756     0.748       3.2     0.507         0
   282/299     7.81G     0.702     0.179         0     0.881        22       608     0.726     0.761     0.759     0.743      3.21     0.505         0
   283/299     7.81G     0.708     0.149         0     0.858        20       608     0.726     0.761     0.759     0.743      3.21     0.507         0
   284/299     7.81G     0.693     0.155         0     0.848        19       608     0.746     0.761     0.758     0.754      3.22     0.507         0
   285/299     7.81G     0.675     0.152         0     0.827        19       608     0.739     0.761     0.758      0.75      3.22     0.508         0
   286/299     7.81G     0.691     0.168         0     0.859        19       608     0.729     0.761     0.754     0.745      3.22     0.511         0
   287/299     7.81G     0.662     0.154         0     0.816        17       608     0.733      0.77     0.753     0.751      3.21     0.513         0
   288/299     7.81G     0.672     0.153         0     0.825        14       608     0.738     0.761     0.751     0.749       3.2     0.516         0
   289/299     7.81G     0.644      0.16         0     0.804        16       608     0.736     0.761     0.751     0.748      3.19     0.518         0
   290/299     7.81G     0.673     0.154         0     0.827        23       608      0.74     0.752      0.75     0.746       3.2      0.52         0
   291/299     7.81G     0.668     0.152         0      0.82        18       608     0.729     0.743     0.748     0.736      3.21     0.521         0
   292/299     7.81G     0.676     0.151         0     0.827        14       608     0.756     0.761     0.749     0.758       3.2     0.523         0
   293/299     7.81G     0.725     0.171         0     0.896        21       608     0.759     0.761     0.745      0.76      3.19     0.525         0
   294/299     7.81G     0.699     0.154         0     0.853        19       608     0.765     0.752     0.745     0.759       3.2     0.527         0
   295/299     7.81G     0.713     0.158         0     0.871        20       608      0.75     0.752     0.745     0.751      3.18     0.527         0
   296/299     7.81G     0.698     0.172         0      0.87        18       608     0.736     0.743     0.734      0.74      3.19     0.526         0
   297/299     7.81G     0.722     0.177         0     0.898        20       608     0.744     0.752     0.745     0.748       3.2     0.528         0
   298/299     7.81G       0.7      0.17         0      0.87        18       608     0.746     0.761     0.748     0.754      3.19     0.525         0
   299/299     7.81G     0.694     0.153         0     0.847        22       608     0.736     0.763     0.751     0.749       3.2     0.523         0
