     0/299     7.81G         8      32.4         0      40.4        21       608         0         0   0.00327         0       7.2      2.16         0
     1/299     7.81G      6.08      3.32         0      9.39        25       608         0         0         0         0      5.85      2.06         0
     2/299     7.81G      5.21      2.69         0       7.9         3       608         0         0    0.0195         0      5.14      1.61         0
     3/299     7.81G      4.74      2.06         0       6.8        14       608     0.163    0.0105    0.0791    0.0198      5.04     0.995         0
     4/299     7.81G      5.38       1.2         0      6.58        19       608    0.0983    0.0632    0.0565    0.0769      5.37     0.887         0
     5/299     7.81G      4.48      1.13         0      5.61         1       608      0.14    0.0129      0.16    0.0237      4.91     0.836         0
     6/299     7.81G       4.3      1.08         0      5.38        16       608     0.675    0.0765     0.315     0.137       4.3      0.82         0
     7/299     7.81G      4.36     0.999         0      5.36        22       608     0.594    0.0316     0.351      0.06      4.42     0.834         0
     8/299     7.81G      4.09     0.985         0      5.08         4       608     0.623       0.2     0.383     0.303      4.65     0.712         0
     9/299     7.81G      4.31     0.861         0      5.17        24       608     0.909     0.105     0.477     0.188      4.33     0.755         0
    10/299     7.81G      4.15     0.921         0      5.07        21       608     0.778     0.111     0.431     0.194       4.6     0.663         0
    11/299     7.81G      4.06     0.909         0      4.97         4       608     0.695       0.2     0.507     0.311      4.45     0.661         0
    12/299     7.81G      4.04     0.849         0      4.89        21       608     0.922     0.248     0.634      0.39      3.57     0.673         0
    13/299     7.81G      3.59     0.805         0       4.4        24       608     0.325     0.124     0.255     0.179       4.9     0.763         0
    14/299     7.81G      4.08     0.808         0      4.89         5       608    0.0491       0.1    0.0846    0.0659      4.13      1.97         0
    15/299     7.81G      3.39     0.767         0      4.15        10       608     0.101     0.232     0.087      0.14      5.24      1.34         0
    16/299     7.81G      4.08     0.931         0      5.01        16       608      0.93    0.0158     0.481    0.0311      4.04     0.756         0
    17/299     7.81G      3.68     0.751         0      4.43         4       608     0.764     0.102     0.458     0.181      3.98     0.651         0
    18/299     7.81G      3.71     0.735         0      4.45        20       608     0.527     0.193     0.312     0.283      4.87     0.596         0
    19/299     7.81G      3.58     0.874         0      4.45        19       608     0.848    0.0296     0.433    0.0573      4.14     0.697         0
    20/299     7.81G      3.76     0.752         0      4.51        10       608     0.913     0.111     0.363     0.198      4.63     0.737         0
    21/299     7.81G      3.24     0.778         0      4.02        17       608     0.738     0.222     0.344     0.341      4.35     0.663         0
    22/299     7.81G      3.39     0.671         0      4.07        22       608     0.462     0.221     0.257     0.299      4.46     0.664         0
    23/299     7.81G      3.44     0.656         0       4.1         4       608     0.854     0.226     0.469     0.358      4.59     0.561         0
    24/299     7.81G      3.37     0.722         0       4.1        24       608     0.819     0.263      0.48     0.398      4.32     0.608         0
    25/299     7.81G      3.26     0.638         0       3.9        16       608      0.85     0.298     0.515     0.442      3.91     0.607         0
    26/299     7.81G      3.12     0.641         0      3.76         7       608     0.776     0.292     0.475     0.425       4.3     0.572         0
    27/299     7.81G      2.93     0.682         0      3.61        21       608     0.879     0.381     0.577     0.532      3.64     0.603         0
    28/299     7.81G      2.97     0.605         0      3.58        27       608     0.846     0.231     0.452     0.363      4.31     0.607         0
    29/299     7.81G      3.03     0.624         0      3.66         9       608     0.862      0.33     0.541     0.477      4.02     0.611         0
    30/299     7.81G         3     0.604         0       3.6        15       608     0.947     0.283     0.563     0.436      3.88      0.65         0
    31/299     7.81G      2.72      0.58         0       3.3        17       608     0.892     0.217     0.351     0.349      4.47     0.741         0
    32/299     7.81G       2.8     0.567         0      3.36         6       608     0.953     0.213     0.453     0.348      3.78     0.728         0
    33/299     7.81G      2.64     0.555         0       3.2        19       608     0.897     0.368     0.525     0.522      3.95     0.597         0
    34/299     7.81G      2.69     0.655         0      3.34        21       608     0.912     0.219      0.47     0.354      3.99     0.649         0
    35/299     7.81G      2.35      0.54         0      2.89         4       608     0.958     0.216     0.411     0.352      4.46     0.681         0
    36/299     7.81G      2.53     0.549         0      3.07        16       608     0.931     0.214     0.369     0.348      4.43     0.721         0
    37/299     7.81G      2.57     0.587         0      3.16        21       608     0.883     0.353     0.491     0.504      4.28     0.606         0
    38/299     7.81G      2.68     0.568         0      3.25         9       608     0.828      0.38     0.507     0.521      3.83     0.618         0
    39/299     7.81G       2.6     0.562         0      3.16        21       608     0.861     0.294     0.494     0.438      3.89     0.683         0
    40/299     7.81G      2.39     0.537         0      2.92        25       608     0.814     0.462      0.59      0.59      3.52     0.607         0
    41/299     7.81G      2.34     0.528         0      2.86         6       608     0.913     0.443     0.627     0.597      3.49     0.617         0
    42/299     7.81G      2.15     0.491         0      2.64        16       608     0.921       0.4     0.531     0.558      3.79     0.679         0
    43/299     7.81G      2.42     0.483         0       2.9        14       608      0.85     0.387     0.539     0.532      3.84     0.632         0
    44/299     7.81G      2.17     0.519         0      2.69        11       608     0.745     0.489     0.573     0.591      3.64     0.605         0
    45/299     7.81G      2.22     0.514         0      2.73        16       608     0.723     0.468      0.57     0.569      3.66     0.596         0
    46/299     7.81G      2.24     0.501         0      2.74        21       608     0.876     0.521     0.683     0.653      3.48     0.564         0
    47/299     7.81G      2.17     0.488         0      2.65         6       608     0.751      0.27     0.428     0.397      4.35     0.742         0
    48/299     7.81G      2.25     0.463         0      2.71        13       608     0.836     0.458     0.586     0.592      3.61     0.593         0
    49/299     7.81G      2.28     0.502         0      2.79        29       608     0.906     0.455     0.647     0.606      3.49     0.586         0
    50/299     7.81G      2.22     0.473         0       2.7         8       608     0.943     0.432     0.588     0.593      3.87     0.626         0
    51/299     7.81G      2.14      0.51         0      2.64        29       608     0.934     0.296     0.451      0.45      4.37     0.728         0
    52/299     7.81G      2.05     0.457         0      2.51        21       608     0.857     0.348      0.52     0.495      3.79     0.718         0
    53/299     7.81G       2.1     0.514         0      2.61         6       608     0.828     0.347     0.513     0.489      3.85     0.726         0
    54/299     7.81G      1.91      0.49         0       2.4        27       608     0.792     0.411     0.522     0.541       3.7       0.7         0
    55/299     7.81G       2.1     0.463         0      2.56        31       608      0.84     0.358     0.479     0.502      3.84     0.731         0
    56/299     7.81G      2.21     0.432         0      2.64         9       608     0.826     0.351     0.494     0.493      4.05     0.673         0
    57/299     7.81G      2.01     0.494         0      2.51        21       608     0.807     0.484     0.585     0.605      3.65     0.642         0
    58/299     7.81G      2.09     0.463         0      2.55        30       608     0.719     0.489     0.545     0.583      3.67     0.651         0
    59/299     7.81G      1.92     0.439         0      2.36         4       608      0.79     0.342     0.477     0.477      4.11     0.723         0
    60/299     7.81G      2.09     0.445         0      2.54        18       608      0.82     0.432     0.522     0.566      3.82      0.68         0
    61/299     7.81G      2.12     0.488         0      2.61        24       608     0.842     0.447     0.556     0.584      3.72     0.662         0
    62/299     7.81G      1.82     0.471         0      2.29         6       608     0.839      0.55     0.636     0.665      3.41     0.583         0
    63/299     7.81G      2.06     0.444         0       2.5        24       608     0.825     0.522     0.638     0.639      3.55     0.588         0
    64/299     7.81G      1.95     0.403         0      2.35        21       608     0.826     0.526     0.616     0.643      3.57     0.582         0
    65/299     7.81G      2.24     0.393         0      2.64         7       608     0.864     0.366     0.558     0.514      3.65       0.7         0
    66/299     7.81G      2.04     0.419         0      2.46        17       608     0.851     0.421     0.546     0.563       3.7     0.679         0
    67/299     7.81G      1.86     0.447         0      2.31        21       608     0.801     0.488     0.543     0.607      3.72     0.626         0
    68/299     7.81G      1.87      0.45         0      2.32        11       608     0.752     0.458     0.499     0.569      4.13     0.593         0
    69/299     7.81G      1.74     0.426         0      2.16        18       608     0.794     0.542      0.58     0.644      3.69     0.594         0
    70/299     7.81G      1.85     0.425         0      2.28        25       608      0.73     0.525      0.58     0.611      3.63     0.574         0
    71/299     7.81G      1.82     0.427         0      2.24         6       608     0.757     0.421     0.484     0.541      3.97     0.639         0
    72/299     7.81G      1.83     0.448         0      2.28        18       608     0.808     0.389      0.46     0.526      4.28     0.701         0
    73/299     7.81G      1.84     0.406         0      2.24        20       608      0.79     0.456     0.547     0.578      3.89     0.658         0
    74/299     7.81G      1.79      0.44         0      2.23         5       608     0.779     0.463     0.555     0.581      3.54     0.659         0
    75/299     7.81G      1.81     0.421         0      2.23        13       608      0.78     0.474     0.582     0.589      3.45     0.635         0
    76/299     7.81G      1.83     0.417         0      2.25        26       608      0.83     0.436     0.567     0.571      3.59     0.673         0
    77/299     7.81G      1.92      0.43         0      2.35         4       608     0.834     0.451     0.576     0.586       3.4     0.689         0
    78/299     7.81G      1.87     0.419         0      2.29        22       608     0.785     0.432     0.602     0.557      3.45     0.669         0
    79/299     7.81G      1.65     0.416         0      2.07        30       608     0.772     0.464     0.568      0.58      3.41      0.62         0
    80/299     7.81G      1.82     0.389         0      2.21         5       608     0.816     0.467     0.576     0.594      3.48     0.619         0
    81/299     7.81G      1.72     0.373         0       2.1        25       608     0.817     0.492     0.645     0.614      3.29     0.615         0
    82/299     7.81G      1.68       0.4         0      2.08        17       608     0.795     0.511      0.64     0.622       3.3     0.615         0
    83/299     7.81G      1.63     0.379         0      2.01         8       608     0.844     0.513     0.652     0.638      3.32     0.638         0
    84/299     7.81G       1.8     0.374         0      2.18        28       608     0.812     0.463     0.608      0.59      3.36     0.661         0
    85/299     7.81G      1.64     0.388         0      2.03        19       608     0.833     0.523     0.628     0.643      3.31     0.655         0
    86/299     7.81G       1.6     0.373         0      1.97         6       608     0.823     0.532     0.621     0.646      3.35     0.662         0
    87/299     7.81G      1.59     0.379         0      1.97        25       608     0.829     0.586     0.691     0.687      3.13      0.61         0
    88/299     7.81G      1.85     0.384         0      2.23        19       608     0.866     0.568     0.715     0.686      3.15     0.598         0
    89/299     7.81G      1.84     0.382         0      2.23         4       608     0.848     0.501      0.63      0.63      3.36     0.646         0
    90/299     7.81G      1.69     0.388         0      2.07        26       608     0.872     0.504     0.635     0.639      3.34     0.639         0
    91/299     7.81G      1.56     0.385         0      1.95        18       608     0.778     0.511     0.592     0.616      3.35     0.636         0
    92/299     7.81G      1.73     0.371         0       2.1         4       608     0.889     0.464      0.62      0.61      3.46     0.739         0
    93/299     7.81G      1.64     0.395         0      2.03        17       608     0.885     0.406     0.547     0.557      3.49     0.821         0
    94/299     7.81G      1.48      0.35         0      1.83        13       608     0.892     0.479     0.612     0.623      3.37      0.72         0
    95/299     7.81G      1.69      0.34         0      2.03         3       608     0.858     0.477     0.611     0.613      3.39     0.662         0
    96/299     7.81G       1.6     0.386         0      1.99        24       608     0.875     0.442     0.598     0.587      3.54     0.715         0
    97/299     7.81G      1.63     0.376         0      2.01        23       608     0.844     0.474     0.592     0.607       3.5     0.707         0
    98/299     7.81G      1.41     0.358         0      1.77         6       608     0.804     0.496     0.615     0.613      3.28     0.677         0
    99/299     7.81G      1.47     0.335         0      1.81        15       608     0.824     0.491      0.61     0.616      3.44      0.68         0
   100/299     7.81G      1.63     0.355         0      1.98        21       608     0.852     0.537     0.635     0.659      3.22     0.669         0
   101/299     7.81G      1.47     0.353         0      1.82         5       608      0.85     0.547     0.634     0.666      3.32     0.657         0
   102/299     7.81G      1.44     0.363         0       1.8        19       608     0.856     0.532     0.621     0.656       3.2     0.666         0
   103/299     7.81G      1.47     0.347         0      1.82        21       608     0.836     0.516     0.615     0.638      3.24     0.672         0
   104/299     7.81G      1.49     0.326         0      1.82         8       608     0.859     0.448     0.577     0.589      3.41      0.69         0
   105/299     7.81G      1.45     0.347         0       1.8        15       608     0.875      0.48     0.625      0.62      3.39     0.682         0
   106/299     7.81G      1.48     0.324         0      1.81        19       608     0.871     0.535     0.642     0.663      3.33     0.674         0
   107/299     7.81G      1.44     0.346         0      1.78         7       608      0.84     0.495     0.608     0.623      3.31      0.68         0
   108/299     7.81G      1.44     0.353         0       1.8        22       608     0.861     0.453     0.575     0.593      3.38     0.715         0
   109/299     7.81G      1.48     0.334         0      1.82        19       608     0.852     0.455     0.568     0.594      3.35     0.696         0
   110/299     7.81G       1.4     0.355         0      1.75        11       608     0.856     0.463       0.6     0.601      3.42     0.711         0
   111/299     7.81G      1.31       0.3         0      1.61        14       608     0.819     0.537     0.611     0.649      3.31     0.657         0
   112/299     7.81G      1.53     0.321         0      1.85        10       608     0.806     0.523     0.639     0.634      3.25     0.661         0
   113/299     7.81G      1.41     0.309         0      1.72         6       608     0.813     0.571     0.659     0.671      3.45     0.648         0
   114/299     7.81G      1.48     0.312         0      1.79        17       608     0.799     0.605     0.668     0.689      3.38     0.634         0
   115/299     7.81G      1.36     0.283         0      1.64        10       608     0.807     0.572     0.661     0.669      3.36     0.627         0
   116/299     7.81G      1.44     0.324         0      1.77         3       608     0.801     0.563      0.68     0.661      3.39     0.628         0
   117/299     7.81G      1.55     0.339         0      1.89        21       608     0.831     0.545     0.658     0.659      3.36      0.65         0
   118/299     7.81G      1.34     0.307         0      1.65        21       608     0.859     0.526     0.652     0.653      3.33     0.675         0
   119/299     7.81G      1.29     0.321         0      1.61         5       608     0.828     0.563     0.655      0.67      3.25     0.643         0
   120/299     7.81G      1.46     0.323         0      1.78        16       608      0.84     0.527     0.616     0.648       3.2     0.691         0
   121/299     7.81G      1.32     0.303         0      1.62        20       608     0.799     0.522     0.635     0.632      3.24     0.706         0
   122/299     7.81G      1.35      0.33         0      1.68         5       608     0.786     0.543     0.647     0.642      3.19     0.671         0
   123/299     7.81G      1.33       0.3         0      1.63        18       608     0.805      0.52     0.632     0.632      3.24       0.7         0
   124/299     7.81G      1.34     0.322         0      1.66        17       608      0.82     0.478     0.591     0.604      3.25     0.743         0
   125/299     7.81G      1.26       0.3         0      1.56        11       608      0.81     0.449     0.571     0.577      3.35     0.806         0
   126/299     7.81G      1.25     0.281         0      1.53        17       608     0.795     0.526     0.609     0.633      3.21     0.721         0
   127/299     7.81G      1.28     0.304         0      1.58        24       608     0.779     0.521     0.585     0.624      3.32     0.724         0
   128/299     7.81G      1.26      0.31         0      1.57         3       608     0.763     0.474     0.563     0.584      3.35     0.751         0
   129/299     7.81G      1.35     0.299         0      1.65        24       608     0.784     0.477     0.585     0.593      3.23     0.766         0
   130/299     7.81G       1.3     0.306         0      1.61        18       608     0.804     0.519     0.612     0.631      3.19      0.73         0
   131/299     7.81G      1.24     0.278         0      1.52        11       608     0.819     0.542     0.637     0.653      3.19     0.695         0
   132/299     7.81G      1.21     0.293         0      1.51        20       608     0.813     0.549     0.645     0.655      3.17       0.7         0
   133/299     7.81G      1.23     0.306         0      1.54        19       608     0.811     0.498     0.618     0.617      3.25     0.755         0
   134/299     7.81G      1.31     0.287         0      1.59         4       608     0.785     0.547     0.633     0.645      3.17     0.699         0
   135/299     7.81G       1.4     0.305         0       1.7        17       608     0.779     0.553     0.624     0.647      3.19     0.705         0
   136/299     7.81G      1.15     0.283         0      1.43        18       608     0.787     0.553     0.621     0.649       3.2     0.725         0
   137/299     7.81G      1.38       0.3         0      1.68         5       608     0.806     0.525     0.614     0.636      3.29     0.733         0
   138/299     7.81G       1.2     0.296         0      1.49        20       608     0.861     0.521      0.65     0.649      3.31      0.74         0
   139/299     7.81G      1.28     0.289         0      1.57        23       608     0.856     0.505     0.631     0.636      3.33     0.729         0
   140/299     7.81G      1.19     0.265         0      1.46         4       608     0.863     0.495     0.654     0.629      3.38      0.73         0
   141/299     7.81G      1.17     0.311         0      1.48        32       608     0.869     0.522     0.653     0.652      3.26     0.725         0
   142/299     7.81G      1.23     0.276         0      1.51        20       608     0.849     0.503     0.652     0.631      3.23     0.744         0
   143/299     7.81G      1.09     0.266         0      1.35         7       608     0.867       0.5     0.645     0.634      3.19     0.748         0
   144/299     7.81G      1.19     0.279         0      1.47        12       608     0.866     0.477     0.615     0.615       3.2     0.778         0
   145/299     7.81G      1.19     0.289         0      1.48        17       608     0.856     0.406     0.577     0.551      3.36     0.825         0
   146/299     7.81G      1.17     0.274         0      1.45         6       608     0.815     0.439     0.574     0.571       3.3      0.79         0
   147/299     7.81G      1.08     0.282         0      1.36        20       608     0.817     0.492     0.588     0.614      3.45     0.728         0
   148/299     7.81G      1.05     0.252         0       1.3        24       608      0.81     0.495     0.598     0.614      3.37     0.747         0
   149/299     7.81G      1.15     0.261         0      1.41         6       608     0.826     0.501     0.611     0.623      3.35     0.756         0
   150/299     7.81G      1.15     0.274         0      1.42        20       608     0.851     0.495     0.625     0.626      3.29     0.783         0
   151/299     7.81G      1.15     0.267         0      1.42        18       608     0.847     0.467     0.618     0.602      3.25     0.808         0
   152/299     7.81G      1.18     0.267         0      1.45         5       608     0.856     0.489     0.647     0.623      3.22      0.78         0
   153/299     7.81G      1.07      0.25         0      1.32        22       608     0.828       0.5     0.626     0.624      3.22      0.79         0
   154/299     7.81G      1.17     0.252         0      1.43        23       608     0.823     0.489     0.627     0.613      3.23     0.785         0
   155/299     7.81G      1.04      0.26         0       1.3         1       608     0.816     0.512     0.628     0.629      3.18     0.749         0
   156/299     7.81G      1.13     0.243         0      1.37        18       608     0.823      0.49     0.623     0.615      3.23     0.755         0
   157/299     7.81G      1.05     0.258         0      1.31        17       608     0.807     0.521     0.646     0.633      3.17     0.716         0
   158/299     7.81G      1.07     0.259         0      1.33         5       608     0.787     0.532     0.643     0.634      3.17     0.703         0
   159/299     7.81G     0.949     0.262         0      1.21        22       608     0.795     0.526     0.649     0.633      3.15     0.721         0
   160/299     7.81G      1.09     0.246         0      1.34        26       608     0.835     0.511     0.657     0.634      3.16     0.742         0
   161/299     7.81G      1.05      0.24         0       1.3         5       608     0.858      0.51     0.656      0.64      3.16     0.747         0
   162/299     7.81G      1.02     0.233         0      1.25        30       608     0.869     0.532     0.657      0.66      3.17     0.744         0
   163/299     7.81G      1.05      0.24         0      1.29        28       608     0.836     0.505     0.609      0.63      3.12     0.745         0
   164/299     7.81G      1.03     0.239         0      1.27         5       608     0.857     0.504     0.622     0.635      3.13      0.77         0
   165/299     7.81G     0.988     0.248         0      1.24        17       608     0.843     0.482     0.604     0.614      3.18     0.788         0
   166/299     7.81G     0.997     0.237         0      1.23        17       608     0.785       0.5      0.59     0.611      3.17     0.742         0
   167/299     7.81G      1.01     0.257         0      1.26         6       608     0.778     0.495     0.607     0.605      3.21     0.732         0
   168/299     7.81G     0.972     0.243         0      1.22        16       608     0.763     0.521     0.614     0.619      3.18     0.725         0
   169/299     7.81G     0.949     0.231         0      1.18        20       608     0.787     0.525     0.613      0.63      3.21     0.712         0
   170/299     7.81G      1.06     0.253         0      1.31         7       608     0.814     0.528     0.647     0.641      3.17     0.728         0
   171/299     7.81G     0.922      0.24         0      1.16        17       608     0.842     0.537     0.646     0.656      3.23     0.743         0
   172/299     7.81G     0.974     0.256         0      1.23        19       608     0.848     0.527     0.671      0.65      3.18     0.751         0
   173/299     7.81G      1.02     0.242         0      1.26         8       608     0.819     0.499     0.608      0.62      3.18     0.773         0
   174/299     7.81G       0.9     0.226         0      1.13        16       608     0.842     0.477     0.614     0.609      3.17     0.796         0
   175/299     7.81G     0.951     0.237         0      1.19        18       608     0.825     0.468     0.589     0.598       3.2      0.79         0
   176/299     7.81G     0.986     0.231         0      1.22         6       608     0.814     0.458     0.579     0.586      3.15      0.79         0
   177/299     7.81G     0.926     0.249         0      1.17        15       608     0.832     0.495     0.606     0.621      3.11     0.775         0
   178/299     7.81G     0.863     0.225         0      1.09        26       608     0.805     0.526     0.619     0.637      3.07     0.754         0
   179/299     7.81G     0.942     0.221         0      1.16         4       608       0.8     0.528     0.623     0.636       3.1      0.75         0
   180/299     7.81G     0.892     0.226         0      1.12        17       608     0.853      0.52     0.632     0.646      3.08     0.781         0
   181/299     7.81G     0.906     0.246         0      1.15        23       608     0.855     0.467      0.63     0.604      3.15     0.817         0
   182/299     7.81G     0.879     0.217         0       1.1         3       608     0.834     0.447      0.61     0.582      3.17      0.84         0
   183/299     7.81G     0.897     0.201         0       1.1        18       608     0.843     0.452     0.609     0.589      3.16     0.825         0
   184/299     7.81G     0.876     0.188         0      1.06        14       608     0.837     0.488     0.607     0.617      3.16     0.789         0
   185/299     7.81G     0.918      0.22         0      1.14         7       608     0.835     0.452     0.595     0.586      3.17     0.803         0
   186/299     7.81G      0.89     0.228         0      1.12        22       608     0.849     0.453     0.612      0.59      3.14     0.805         0
   187/299     7.81G     0.848     0.235         0      1.08        18       608     0.824     0.468     0.615     0.597      3.11     0.784         0
   188/299     7.81G     0.822     0.204         0      1.03         4       608     0.817     0.493      0.62     0.615      3.11     0.765         0
   189/299     7.81G     0.854       0.2         0      1.05        22       608     0.833     0.499     0.648     0.624      3.11     0.772         0
   190/299     7.81G      0.83     0.202         0      1.03        20       608     0.851     0.481     0.638     0.615      3.15     0.793         0
   191/299     7.81G     0.848     0.244         0      1.09        11       608     0.818     0.484     0.624     0.608      3.15     0.806         0
   192/299     7.81G      0.84      0.21         0      1.05        23       608     0.813     0.458     0.614     0.586      3.14     0.827         0
   193/299     7.81G     0.821     0.205         0      1.03        18       608      0.81     0.471     0.604     0.596      3.13     0.824         0
   194/299     7.81G      0.81     0.193         0         1         6       608     0.816      0.49     0.619     0.613      3.15     0.824         0
   195/299     7.81G     0.782     0.211         0     0.993        19       608     0.822     0.512     0.645     0.631      3.14     0.805         0
   196/299     7.81G     0.836     0.216         0      1.05        15       608     0.811     0.511     0.631     0.627      3.13     0.794         0
   197/299     7.81G     0.854     0.199         0      1.05         8       608      0.79     0.516     0.628     0.624      3.13     0.797         0
   198/299     7.81G     0.804     0.221         0      1.03        27       608     0.819     0.547     0.664     0.656      3.11      0.79         0
   199/299     7.81G     0.776      0.22         0     0.996        22       608     0.807     0.542     0.665     0.649      3.09     0.798         0
   200/299     7.81G     0.785     0.189         0     0.974         4       608      0.82     0.527     0.658     0.642       3.1     0.814         0
   201/299     7.81G     0.845     0.243         0      1.09        23       608     0.837     0.514     0.655     0.637      3.09     0.814         0
   202/299     7.81G      0.82     0.209         0      1.03        19       608     0.848     0.511     0.667     0.637      3.09      0.81         0
   203/299     7.81G     0.808      0.19         0     0.998         6       608     0.846      0.49     0.664     0.621       3.1     0.795         0
   204/299     7.81G     0.716     0.202         0     0.919        17       608     0.833     0.498     0.641     0.623      3.13     0.789         0
   205/299     7.81G     0.761     0.201         0     0.961        22       608     0.803     0.505     0.631      0.62      3.15     0.785         0
   206/299     7.81G     0.752     0.198         0      0.95         5       608     0.811     0.532     0.645     0.642      3.17     0.775         0
   207/299     7.81G     0.715     0.191         0     0.906        18       608     0.808     0.554     0.652     0.658      3.16     0.763         0
   208/299     7.81G     0.741     0.203         0     0.944        25       608     0.829     0.561     0.672     0.669      3.17     0.762         0
   209/299     7.81G     0.737     0.211         0     0.948         5       608     0.831     0.547     0.668      0.66      3.16     0.766         0
   210/299     7.81G     0.717     0.193         0      0.91        19       608     0.853     0.551     0.685      0.67      3.13     0.775         0
   211/299     7.81G     0.738     0.212         0      0.95        15       608     0.852     0.545     0.702     0.665      3.13     0.773         0
   212/299     7.81G     0.741     0.217         0     0.959         6       608     0.847     0.553     0.683     0.669      3.12     0.771         0
   213/299     7.81G     0.703     0.187         0      0.89        11       608     0.866     0.543     0.685     0.668      3.11     0.775         0
   214/299     7.81G     0.724     0.199         0     0.923        18       608     0.858     0.542     0.666     0.665      3.11      0.77         0
   215/299     7.81G     0.668     0.182         0     0.851        10       608     0.857     0.534      0.66     0.658      3.11     0.777         0
   216/299     7.81G     0.725     0.203         0     0.928        16       608     0.843     0.535     0.654     0.655       3.1     0.783         0
   217/299     7.81G     0.678     0.183         0     0.861        26       608      0.84     0.524     0.643     0.646      3.13     0.791         0
   218/299     7.81G      0.68     0.176         0     0.856         1       608     0.863     0.516     0.644     0.646      3.13     0.804         0
   219/299     7.81G     0.706     0.181         0     0.887        17       608     0.842     0.531     0.647     0.651      3.15     0.799         0
   220/299     7.81G     0.659     0.161         0     0.819        17       608     0.863     0.542     0.648     0.666      3.16     0.804         0
   221/299     7.81G     0.649     0.189         0     0.838         8       608     0.849     0.534     0.644     0.655      3.15     0.795         0
   222/299     7.81G      0.68     0.187         0     0.867        17       608     0.838     0.545     0.649     0.661      3.16     0.786         0
   223/299     7.81G     0.719      0.17         0     0.889        20       608     0.836     0.564     0.659     0.674      3.15     0.768         0
   224/299     7.81G     0.641     0.168         0     0.809         4       608     0.845     0.575     0.665     0.684      3.15     0.766         0
   225/299     7.81G     0.671     0.183         0     0.854        34       608     0.844     0.571     0.654     0.681      3.14      0.77         0
   226/299     7.81G     0.674     0.182         0     0.857        19       608     0.834     0.555     0.654     0.666      3.13     0.784         0
   227/299     7.81G     0.659     0.179         0     0.838         7       608     0.846     0.551     0.658     0.668      3.11     0.803         0
   228/299     7.81G     0.659     0.183         0     0.842        21       608     0.852     0.544     0.664     0.664      3.11       0.8         0
   229/299     7.81G     0.635     0.164         0     0.799        17       608     0.827     0.537     0.654     0.651      3.13     0.792         0
   230/299     7.81G     0.639      0.17         0     0.809         3       608     0.838     0.543     0.652     0.659      3.13     0.793         0
   231/299     7.81G     0.706     0.182         0     0.888        23       608      0.86     0.552     0.669     0.672      3.14     0.803         0
   232/299     7.81G     0.667     0.173         0      0.84        22       608     0.843     0.542     0.657      0.66      3.19     0.803         0
   233/299     7.81G      0.68     0.201         0      0.88         4       608     0.832     0.547     0.646      0.66      3.21     0.802         0
   234/299     7.81G     0.662     0.171         0     0.833        21       608     0.831     0.544     0.646     0.657      3.19     0.805         0
   235/299     7.81G     0.591      0.17         0      0.76        24       608     0.801     0.547     0.635      0.65      3.17     0.797         0
   236/299     7.81G     0.584      0.17         0     0.754         9       608     0.809     0.557     0.641      0.66      3.16     0.795         0
   237/299     7.81G     0.576     0.161         0     0.736        30       608     0.792     0.553     0.641     0.651      3.17     0.794         0
   238/299     7.81G     0.624     0.169         0     0.793        21       608     0.802     0.574     0.653     0.669      3.17     0.789         0
   239/299     7.81G     0.652     0.187         0     0.839         4       608     0.798     0.584     0.663     0.674      3.15     0.784         0
   240/299     7.81G     0.607     0.174         0     0.781        36       608     0.804     0.579     0.665     0.673      3.14     0.787         0
   241/299     7.81G     0.589     0.159         0     0.748        14       608      0.81     0.562     0.661     0.664      3.13     0.808         0
   242/299     7.81G     0.605     0.165         0      0.77         5       608     0.806     0.558     0.654     0.659      3.13     0.809         0
   243/299     7.81G     0.599     0.157         0     0.756        24       608      0.81     0.559     0.656     0.662      3.12     0.814         0
   244/299     7.81G      0.64      0.17         0     0.809        24       608     0.822     0.559     0.651     0.665       3.1     0.823         0
   245/299     7.81G     0.569      0.16         0     0.729         3       608     0.833     0.552      0.65     0.664      3.11     0.823         0
   246/299     7.81G     0.587     0.173         0      0.76        21       608     0.825     0.558     0.658     0.666      3.11     0.817         0
   247/299     7.81G     0.577     0.161         0     0.739        21       608     0.832     0.573     0.661     0.679      3.12     0.809         0
   248/299     7.81G     0.626     0.178         0     0.805        11       608     0.838     0.574     0.671     0.681      3.13     0.805         0
   249/299     7.81G     0.552     0.165         0     0.717        19       608     0.837     0.569     0.671     0.678      3.13     0.802         0
   250/299     7.81G     0.614     0.179         0     0.793        27       608     0.843     0.579     0.667     0.687      3.12     0.808         0
   251/299     7.81G     0.625     0.165         0      0.79         3       608     0.841     0.568      0.66     0.678      3.12     0.809         0
   252/299     7.81G     0.583     0.163         0     0.746        23       608     0.842     0.568     0.658     0.679      3.11     0.805         0
   253/299     7.81G     0.604     0.151         0     0.755        16       608     0.841     0.589     0.657     0.693       3.1     0.801         0
   254/299     7.81G     0.548     0.165         0     0.713         5       608     0.835     0.589     0.668     0.691      3.09     0.803         0
   255/299     7.81G     0.574     0.156         0     0.731        21       608     0.843     0.595     0.665     0.697      3.09     0.804         0
   256/299     7.81G     0.547      0.16         0     0.708        21       608     0.844     0.596     0.669     0.698       3.1     0.803         0
   257/299     7.81G     0.564     0.176         0      0.74         9       608     0.844     0.598     0.671       0.7       3.1     0.805         0
   258/299     7.81G     0.545     0.156         0     0.701        15       608      0.84     0.595     0.672     0.697      3.11     0.801         0
   259/299     7.81G     0.585     0.165         0      0.75        18       608     0.826     0.584     0.659     0.684       3.1     0.804         0
   260/299     7.81G     0.574     0.149         0     0.723         6       608     0.824     0.584     0.665     0.684       3.1     0.803         0
   261/299     7.81G     0.585     0.183         0     0.767        24       608     0.826     0.574     0.659     0.677       3.1     0.807         0
   262/299     7.81G       0.6     0.149         0     0.749        25       608     0.843     0.579     0.662     0.686      3.11     0.808         0
   263/299     7.81G     0.528     0.156         0     0.685        11       608     0.853     0.578      0.67     0.689      3.11     0.811         0
   264/299     7.81G     0.552     0.166         0     0.718        19       608     0.852     0.573     0.665     0.685      3.11      0.81         0
   265/299     7.81G     0.559     0.161         0      0.72        25       608     0.854     0.589     0.663     0.697      3.11     0.807         0
   266/299     7.81G     0.511     0.144         0     0.655        10       608     0.854     0.585     0.669     0.694      3.12      0.81         0
   267/299     7.81G     0.599     0.187         0     0.785        20       608     0.853     0.582     0.667     0.692      3.12      0.81         0
   268/299     7.81G     0.561     0.151         0     0.712        19       608     0.849     0.592     0.668     0.698      3.13      0.81         0
   269/299     7.81G     0.605     0.171         0     0.776         9       608     0.852     0.595      0.67       0.7      3.13     0.807         0
   270/299     7.81G     0.565      0.17         0     0.736        23       608     0.852     0.595      0.66       0.7      3.13     0.808         0
   271/299     7.81G     0.568     0.142         0     0.711        14       608      0.85     0.597     0.662     0.702      3.14     0.805         0
   272/299     7.81G     0.552     0.166         0     0.717         6       608     0.834     0.595     0.662     0.694      3.13     0.799         0
   273/299     7.81G      0.54      0.16         0       0.7        23       608     0.841     0.595     0.667     0.697      3.12     0.806         0
   274/299     7.81G     0.548     0.169         0     0.717        24       608     0.842     0.591     0.667     0.695      3.11     0.808         0
   275/299     7.81G     0.552     0.158         0      0.71         8       608     0.844     0.589     0.669     0.694      3.11     0.803         0
   276/299     7.81G     0.559     0.158         0     0.718        25       608     0.849      0.59     0.666     0.696      3.11     0.797         0
   277/299     7.81G      0.55     0.165         0     0.716        17       608     0.862     0.592     0.679     0.702       3.1       0.8         0
   278/299     7.81G     0.535     0.164         0       0.7         7       608      0.87     0.599     0.688     0.709       3.1     0.804         0
   279/299     7.81G     0.525     0.154         0     0.678        22       608     0.874     0.605     0.681     0.715      3.11     0.804         0
   280/299     7.81G     0.542     0.163         0     0.705        20       608     0.865     0.611     0.682     0.716       3.1     0.803         0
   281/299     7.81G     0.553     0.159         0     0.712         6       608      0.87     0.605     0.684     0.714       3.1     0.807         0
   282/299     7.81G     0.559     0.151         0      0.71        19       608     0.868     0.586     0.674       0.7       3.1     0.808         0
   283/299     7.81G      0.58     0.172         0     0.752        22       608     0.875     0.588     0.677     0.703      3.11     0.807         0
   284/299     7.81G     0.523     0.157         0      0.68        10       608     0.876     0.596     0.683     0.709      3.11     0.809         0
   285/299     7.81G     0.527     0.167         0     0.694        14       608     0.876     0.592     0.683     0.707      3.11      0.81         0
   286/299     7.81G     0.549     0.164         0     0.713        26       608     0.873     0.584     0.683       0.7      3.11     0.823         0
   287/299     7.81G      0.51     0.146         0     0.656         7       608     0.872     0.568     0.678     0.688      3.11     0.829         0
   288/299     7.81G     0.511     0.163         0     0.675        27       608     0.878     0.584     0.681     0.702      3.11     0.822         0
   289/299     7.81G     0.522     0.148         0      0.67        23       608     0.867     0.585     0.685     0.699      3.12     0.818         0
   290/299     7.81G     0.544     0.138         0     0.682         5       608     0.851      0.57     0.678     0.683      3.12     0.818         0
   291/299     7.81G     0.549     0.157         0     0.706        16       608     0.852     0.575     0.679     0.687      3.12      0.82         0
   292/299     7.81G     0.547     0.166         0     0.712        18       608     0.854     0.584     0.681     0.693      3.12     0.818         0
   293/299     7.81G     0.505     0.142         0     0.647         6       608     0.856     0.595     0.685     0.702      3.13     0.821         0
   294/299     7.81G     0.536     0.142         0     0.677        25       608      0.85     0.589     0.677     0.696      3.13     0.819         0
   295/299     7.81G     0.506     0.156         0     0.663        20       608     0.856     0.593     0.674     0.701      3.13     0.821         0
   296/299     7.81G     0.549     0.151         0       0.7         9       608     0.859     0.595     0.674     0.703      3.12     0.816         0
   297/299     7.81G     0.537     0.173         0     0.711        18       608     0.845     0.584     0.667     0.691      3.12     0.817         0
   298/299     7.81G      0.52     0.142         0     0.662        16       608      0.84     0.584     0.668     0.689      3.11     0.815         0
   299/299     7.81G     0.527     0.165         0     0.692         6       608     0.854     0.586     0.677     0.695      3.12     0.815         0
