[    0.92412     0.62796]
[    0.87521    0.011032           0           0           0]
[    0.42686     0.34585     0.25601     0.25182     0.54102     0.21922     0.20965     0.43666     0.48134     0.65125           0]
[    0.76861           0     0.71608           0]
[     0.5838     0.55769           0]
[    0.86184     0.83388           0]
[    0.67079     0.40317     0.59768           0           0]
[    0.79659]
[    0.88162           0]
[    0.61402     0.79955]
[    0.93744]
[    0.74684]
[    0.70016]
[    0.96051     0.51675           0]
[    0.93277]
[    0.82717           0           0]
[    0.83023     0.22086           0]
[          0     0.54859     0.47876           0           0           0           0           0     0.27194     0.56346           0]
[    0.91992           0           0]
[    0.86501     0.57037]
[    0.93783     0.94688     0.63323           0     0.50481]
[    0.88384]
[     0.6216           0     0.73927           0]
[    0.86444           0]
[    0.65302           0           0           0           0]
[    0.91238           0      0.9029           0           0     0.44181]
[     0.6612           0           0           0]
[    0.87044]
[    0.83876           0           0]
[    0.85546           0]
[    0.69912]
[    0.91621           0]
[    0.62263           0           0           0]
[    0.88704           0           0]
[    0.67679     0.64427]
[    0.94243           0           0]
[     0.8658]
[    0.55988           0     0.54664]
[    0.87112           0           0           0]
[    0.82704           0           0     0.63763]
[    0.92791     0.61408]
[    0.92274]
[    0.80883           0           0]
[    0.91419    0.075133     0.63922     0.81242]
[     0.7933]
[    0.86433    0.034371           0           0]
[    0.89647           0           0]
[    0.54604           0     0.54565]
[    0.71722           0           0]
[    0.73123     0.72084     0.43318           0]
[    0.93761           0]
[    0.78277     0.67733     0.64836     0.79726]
[    0.90561           0]
[     0.8908           0           0]
[    0.92948           0           0     0.74957     0.91162]
[    0.92101     0.80544]
[    0.86154           0]
[    0.58342           0           0           0]
[    0.92037]
[    0.70996           0           0           0           0     0.64266           0]
[    0.93645           0           0           0]
[    0.90018           0]
[    0.94349           0           0     0.52467           0]
[    0.76277           0           0]
[    0.91586     0.83498      0.8574     0.83331     0.46672       0.861           0           0     0.84398]
[     0.9283     0.39627           0           0           0     0.88109           0]
[    0.94951     0.74887     0.40976]
[    0.86803     0.50241]
[    0.86553]
[    0.64251           0]
[     0.8805           0           0]
[    0.84257]
[    0.93203]
[    0.95903     0.45179]
[    0.80488           0           0           0     0.83839           0]
[    0.86782           0           0]
[    0.82827           0           0     0.45311]
[    0.67499     0.34245]
[    0.83164           0           0     0.54788     0.84014      0.7138]
[    0.74747     0.58145           0           0           0     0.53159]
[    0.63218           0           0]
[    0.59971           0           0]
[    0.80785]
[    0.82889]
[     0.9395]
[    0.76843]
[    0.76278           0           0           0           0]
[    0.79941]
[    0.94737           0     0.60096]
[     0.8974           0           0           0]
[    0.84509     0.85773           0           0]
[    0.65168     0.63037     0.54327           0           0     0.81053]
[    0.72033     0.78056           0    0.042803]
[    0.73938     0.84731           0]
[     0.8075     0.89232]
[    0.74838     0.68124           0]
[    0.76522]
[    0.80235     0.79448]
[    0.80711           0           0           0     0.58093]
[    0.78346     0.59815     0.45018]
