[          1]
[          1]
[          1]
[          1]
[          1]
[          1]
[          1]
[          1]
[          1]
[          1]
[          1]
[          1]
[          1]
[          1]
[          1]
[          1]
[          1]
[          1]
[          1]
[          1]
[          1]
[          1]
[          1]
[          1]
[          1]
[          1]
[          1]
[          1]
[          1]
[          1]
[          1]
[          1]
[          1]
[          1]
[          1]
[          1]
[          1]
[          1]
[          1]
[          1]
[          1]
[          1]
[          1]
[          1]
[          1]
[          1]
[          1]
[          1]
[          1]
[          1]
[          1]
[          1]
[          1]
[          1]
[          1]
[          1]
[          1]
[          1]
[          1]
[          1]
[          1]
[          1]
[          1]
[          1]
[          1]
[          1]
[          1]
[          1]
[          1]
[          1]
[    0.98592]
[    0.98611]
[     0.9863]
[    0.98649]
[    0.98667]
[    0.98684]
[    0.98701]
[    0.98718]
[    0.98734]
[     0.9875]
[    0.98765]
[     0.9878]
[    0.98795]
[     0.9881]
[    0.98824]
[    0.98837]
[    0.98851]
[    0.97727]
[    0.97753]
[    0.97778]
[    0.97802]
[    0.97826]
[    0.97849]
[    0.96809]
[    0.96842]
[    0.96875]
[    0.95876]
[    0.95918]
[     0.9596]
[       0.96]
[     0.9604]
[    0.95098]
[    0.94175]
[    0.94231]
[    0.93333]
[    0.93396]
[    0.93458]
[    0.93519]
[    0.93578]
[    0.93636]
[    0.93694]
[     0.9375]
[     0.9292]
[    0.92982]
[    0.93043]
[    0.93103]
[    0.93162]
[     0.9322]
[    0.93277]
[      0.925]
[    0.92562]
[    0.92623]
[    0.92683]
[    0.92742]
[      0.928]
[    0.92063]
[    0.92126]
[    0.92188]
[    0.92248]
[    0.92308]
[    0.91603]
[    0.90909]
[    0.90977]
[    0.91045]
[    0.91111]
[    0.91176]
[    0.91241]
[     0.9058]
[    0.90647]
[    0.90714]
[     0.9078]
[    0.90845]
[    0.90909]
[    0.90972]
[    0.91034]
[    0.91096]
[    0.90476]
[    0.90541]
[    0.89933]
[    0.89333]
[    0.89404]
[    0.88816]
[    0.88235]
[    0.88312]
[    0.88387]
[    0.88462]
[    0.88535]
[    0.88608]
[    0.88679]
[     0.8875]
[     0.8882]
[    0.88889]
[    0.88344]
[    0.87805]
[    0.87879]
[    0.87952]
[    0.88024]
[      0.875]
[    0.87574]
[    0.87059]
[    0.87135]
[    0.86628]
[    0.86127]
[    0.85632]
[    0.85714]
[    0.85227]
[    0.85311]
[    0.84831]
[    0.84358]
[    0.83889]
[    0.83425]
[    0.82967]
[    0.82514]
[    0.82609]
[    0.82703]
[    0.82796]
[    0.82888]
[    0.82447]
[    0.82011]
[    0.82105]
[    0.82199]
[    0.81771]
[    0.81865]
[    0.81959]
[    0.81538]
[    0.81122]
[    0.80711]
[    0.80303]
[    0.79899]
[      0.795]
[    0.79104]
[    0.78713]
[    0.78818]
[    0.78431]
[    0.78049]
[     0.7767]
[    0.77295]
[    0.76923]
[    0.76555]
[    0.76667]
[    0.76303]
[    0.75943]
[    0.75587]
[    0.75234]
[    0.74884]
[    0.74537]
[    0.74194]
[    0.73853]
[    0.73516]
[    0.73182]
[    0.72851]
[    0.72523]
[    0.72197]
[    0.71875]
[    0.71556]
[    0.71239]
[    0.70925]
[    0.70614]
[    0.70306]
[        0.7]
[    0.69697]
[    0.69397]
[    0.69099]
[    0.68803]
[    0.68511]
[     0.6822]
[    0.67932]
[    0.68067]
[    0.67782]
[    0.67917]
[    0.67635]
[    0.67355]
[    0.67078]
[    0.66803]
[    0.66531]
[     0.6626]
[    0.65992]
[    0.65726]
[    0.65462]
[      0.656]
[    0.65339]
[    0.65079]
[    0.64822]
[    0.64567]
[    0.64314]
[    0.64062]
[    0.63813]
[    0.63566]
[     0.6332]
[    0.63077]
[    0.62835]
[    0.62595]
[    0.62357]
[    0.62121]
[    0.61887]
[    0.61654]
[    0.61423]
[    0.61194]
[    0.60967]
[    0.61111]
[    0.60886]
[    0.60662]
[     0.6044]
[    0.60219]
[        0.6]
[    0.59783]
[    0.59567]
[    0.59353]
[     0.5914]
[    0.58929]
[    0.58719]
[    0.58511]
[    0.58304]
[    0.58099]
[    0.57895]
[    0.57692]
[    0.57491]
[    0.57292]
[    0.57093]
[    0.56897]
[    0.56701]
[    0.56507]
[    0.56314]
[    0.56463]
[    0.56271]
[    0.56081]
[    0.55892]
[    0.55705]
[    0.55518]
[    0.55333]
[     0.5515]
[    0.54967]
[    0.54785]
[    0.54605]
[    0.54426]
[    0.54248]
[    0.54072]
[    0.53896]
[    0.53722]
[    0.53548]
[    0.53376]
[    0.53205]
[    0.53035]
[    0.52866]
[    0.52698]
[    0.52532]
[    0.52366]
[    0.52201]
[    0.52038]
[    0.51875]
[    0.51713]
[    0.51553]
[    0.51393]
[    0.51235]
[    0.51077]
[     0.5092]
[    0.50765]
[     0.5061]
[    0.50456]
[    0.50303]
[    0.50151]
[        0.5]
[     0.4985]
[    0.49701]
[    0.49552]
[    0.49405]
[    0.49258]
[    0.49112]
[    0.48968]
[    0.48824]
[     0.4868]
[    0.48538]
[    0.48397]
[    0.48256]
[    0.48116]
[    0.47977]
[    0.47839]
[    0.47701]
[    0.47564]
[    0.47429]
[    0.47293]
[    0.47159]
[    0.47025]
[    0.46893]
[    0.46761]
[    0.46629]
[    0.46499]
[    0.46369]
[     0.4624]
[    0.46111]
[    0.45983]
[    0.45856]
[     0.4573]
[    0.45604]
[    0.45479]
[    0.45355]
[    0.45232]
[     0.4538]
[    0.45257]
[    0.45135]
[    0.45013]
[    0.44892]
[    0.44772]
[    0.44652]
[    0.44533]
[    0.44415]
[    0.44297]
[     0.4418]
[    0.44063]
[    0.43947]
[    0.43832]
[    0.43717]
[    0.43603]
[     0.4349]
[    0.43377]
[    0.43523]
[    0.43411]
[    0.43299]
[    0.43188]
[    0.43333]
[    0.43223]
[    0.43112]
[    0.43003]
[    0.42893]
[    0.42785]
[    0.42677]
[    0.42569]
[    0.42462]
[    0.42356]
[     0.4225]
[    0.42145]
[     0.4204]
[    0.41935]
[    0.41832]
[    0.41728]
[    0.41626]
[    0.41523]
[    0.41422]
[     0.4132]
[     0.4122]
[    0.41119]
[    0.41019]
[     0.4092]
[    0.40821]
[    0.40723]
[    0.40625]
[    0.40528]
[    0.40431]
[    0.40334]
[    0.40238]
[    0.40143]
[    0.40047]
[    0.39953]
[    0.39858]
[    0.39765]
[    0.39671]
[    0.39578]
[    0.39486]
[    0.39394]
[    0.39302]
[    0.39211]
[     0.3912]
[     0.3903]
[     0.3894]
[    0.38851]
[    0.38761]
[    0.38673]
[    0.38584]
[    0.38497]
[    0.38409]
[    0.38322]
[    0.38235]
[    0.38149]
[    0.38063]
[    0.37978]
[    0.37892]
[    0.37808]
[    0.37723]
[    0.37639]
[    0.37556]
[    0.37472]
[    0.37389]
[    0.37307]
[    0.37225]
[    0.37143]
[    0.37061]
[     0.3698]
[      0.369]
[    0.36819]
[    0.36739]
[    0.36659]
[     0.3658]
[    0.36501]
[    0.36422]
[    0.36344]
[    0.36266]
[    0.36188]
[    0.36111]
[    0.36034]
[    0.35957]
[    0.35881]
[    0.35805]
[    0.35729]
[    0.35654]
[    0.35579]
[    0.35504]
[     0.3543]
[    0.35565]
[    0.35491]
[    0.35417]
[    0.35343]
[     0.3527]
[    0.35197]
[    0.35124]
[    0.35052]
[    0.34979]
[    0.34908]
[    0.34836]
[    0.34765]
[    0.34694]
[    0.34623]
[    0.34553]
[    0.34483]
[    0.34413]
[    0.34343]
[    0.34274]
[    0.34205]
[    0.34137]
[    0.34068]
[       0.34]
[    0.33932]
[    0.33865]
[    0.33797]
[     0.3373]
[    0.33663]
[    0.33597]
[    0.33531]
[    0.33465]
[    0.33399]
[    0.33333]
[    0.33268]
[    0.33203]
[    0.33138]
[    0.33074]
[     0.3301]
[    0.32946]
[    0.32882]
[    0.32819]
[    0.32755]
[    0.32692]
[     0.3263]
[    0.32567]
[    0.32505]
[    0.32443]
[    0.32381]
[    0.32319]
[    0.32258]
[    0.32197]
[    0.32136]
[    0.32075]
[    0.32015]
[    0.31955]
[    0.31895]
[    0.31835]
[    0.31776]
[    0.31716]
[    0.31657]
[    0.31599]
[     0.3154]
[    0.31481]
[    0.31423]
[    0.31365]
[    0.31308]
[     0.3125]
[    0.31193]
[    0.31136]
[    0.31079]
[    0.31022]
[    0.31148]
[    0.31091]
[    0.31034]
[    0.30978]
[    0.30922]
[    0.30866]
[    0.30811]
[    0.30755]
[      0.307]
[    0.30645]
[     0.3059]
[    0.30536]
[    0.30481]
[    0.30427]
[    0.30373]
[    0.30319]
[    0.30265]
[    0.30212]
[    0.30159]
[    0.30106]
[    0.30053]
[        0.3]
[    0.29947]
[    0.29895]
[    0.29843]
[    0.29791]
[    0.29739]
[    0.29688]
[    0.29636]
[    0.29585]
[    0.29534]
[    0.29483]
[    0.29432]
[    0.29381]
[    0.29331]
[    0.29281]
[    0.29231]
[    0.29181]
[    0.29131]
[    0.29082]
[    0.29032]
[    0.28983]
[    0.28934]
[    0.28885]
[    0.28836]
[    0.28788]
[    0.28739]
[    0.28691]
[    0.28643]
[    0.28595]
[    0.28715]
[    0.28667]
[    0.28619]
[    0.28571]
[    0.28524]
[    0.28477]
[     0.2843]
[    0.28383]
[    0.28336]
[    0.28289]
[    0.28243]
[    0.28197]
[    0.28151]
[    0.28105]
[    0.28059]
[    0.28013]
[     0.2813]
[    0.28084]
[    0.28039]
[    0.27994]
[    0.27948]
[    0.27903]
[    0.27858]
[    0.27814]
[    0.27769]
[    0.27724]
[     0.2768]
[    0.27636]
[    0.27592]
[    0.27548]
[    0.27504]
[     0.2746]
[    0.27417]
[    0.27373]
[     0.2733]
[    0.27287]
[    0.27244]
[    0.27201]
[    0.27159]
[    0.27116]
[    0.27074]
[    0.27031]
[    0.26989]
[    0.26947]
[    0.26905]
[    0.26863]
[    0.26822]
[     0.2678]
[    0.26739]
[    0.26698]
[    0.26656]
[    0.26615]
[    0.26575]
[    0.26534]
[    0.26493]
[    0.26453]
[    0.26412]
[    0.26372]
[    0.26332]
[    0.26292]
[    0.26252]
[    0.26212]
[    0.26172]
[    0.26133]
[    0.26094]
[    0.26054]
[    0.26015]
[    0.25976]
[    0.25937]
[    0.25898]
[    0.25859]
[    0.25821]
[    0.25782]
[    0.25744]
[    0.25706]
[    0.25668]
[     0.2563]
[    0.25592]
[    0.25554]
[    0.25516]
[    0.25479]
[    0.25441]
[    0.25404]
[    0.25367]
[    0.25329]
[    0.25292]
[    0.25255]
[    0.25219]
[    0.25182]
[    0.25145]
[    0.25109]
[    0.25072]
[    0.25036]
[       0.25]
[    0.24964]
[    0.24928]
[    0.24892]
[    0.24856]
[    0.24821]
[    0.24785]
[     0.2475]
[    0.24714]
[    0.24679]
[    0.24644]
[    0.24609]
[    0.24574]
[    0.24539]
[    0.24504]
[     0.2447]
[    0.24435]
[    0.24401]
[    0.24366]
[    0.24332]
[    0.24298]
[    0.24264]
[     0.2423]
[    0.24196]
[    0.24162]
[    0.24128]
[    0.24095]
[    0.24061]
[    0.24028]
[    0.23994]
[    0.23961]
[    0.23928]
[    0.23895]
[    0.23862]
[    0.23829]
[    0.23796]
[    0.23764]
[    0.23731]
[    0.23699]
[    0.23666]
[    0.23634]
[    0.23602]
[    0.23569]
[    0.23537]
[    0.23505]
[    0.23474]
[    0.23442]
[     0.2341]
[    0.23378]
[    0.23347]
[    0.23315]
[    0.23284]
[    0.23253]
[    0.23221]
[     0.2319]
[    0.23159]
[    0.23128]
[    0.23097]
[    0.23067]
[    0.23036]
[    0.23005]
[    0.22975]
[    0.22944]
[    0.22914]
[    0.22884]
[    0.22853]
[    0.22823]
[    0.22793]
[    0.22763]
[    0.22733]
[    0.22703]
[    0.22674]
[    0.22644]
[    0.22614]
[    0.22585]
[    0.22555]
[    0.22526]
[    0.22497]
[    0.22468]
[    0.22438]
[    0.22409]
[     0.2238]
[    0.22351]
[    0.22323]
[    0.22294]
[    0.22265]
[    0.22237]
[    0.22208]
[    0.22179]
[    0.22151]
[    0.22123]
[    0.22095]
[    0.22066]
[    0.22038]
[     0.2201]
[    0.21982]
[    0.21954]
[    0.21926]
[    0.21899]
[    0.21871]
[    0.21843]
[    0.21816]
[    0.21788]
[    0.21761]
[    0.21734]
[    0.21706]
[    0.21679]
[    0.21652]
[    0.21625]
[    0.21598]
[    0.21571]
[    0.21544]
[    0.21517]
[    0.21491]
[    0.21464]
[    0.21437]
[    0.21411]
[    0.21384]
[    0.21358]
[    0.21332]
[    0.21305]
[    0.21279]
[    0.21253]
[    0.21227]
[    0.21201]
[    0.21175]
[    0.21149]
[    0.21123]
[    0.21098]
[    0.21072]
[    0.21046]
[    0.21021]
[    0.20995]
[     0.2097]
[    0.20944]
[    0.20919]
[    0.20894]
[    0.20869]
[    0.20843]
[    0.20818]
[    0.20793]
[    0.20768]
[    0.20743]
[    0.20719]
[    0.20694]
[    0.20669]
[    0.20644]
[     0.2062]
[    0.20595]
[    0.20571]
[    0.20546]
[    0.20522]
[    0.20498]
[    0.20473]
[    0.20449]
[    0.20425]
[    0.20401]
[    0.20377]
[    0.20353]
[    0.20329]
[    0.20305]
[    0.20281]
[    0.20258]
[    0.20234]
[     0.2021]
[    0.20187]
[    0.20163]
[     0.2014]
[    0.20116]
[    0.20093]
[     0.2007]
[    0.20046]
[    0.20023]
[        0.2]
[    0.19977]
[    0.19954]
[    0.19931]
[    0.19908]
[    0.19885]
[    0.19862]
[    0.19839]
[    0.19817]
[    0.19794]
[    0.19771]
[    0.19749]
[    0.19726]
[    0.19704]
[    0.19681]
[    0.19659]
[    0.19637]
[    0.19615]
[    0.19592]
[     0.1957]
[    0.19548]
[    0.19526]
[    0.19504]
[    0.19482]
[     0.1946]
[    0.19438]
[    0.19416]
[    0.19395]
[    0.19373]
[    0.19351]
[     0.1933]
[    0.19308]
[    0.19287]
[    0.19265]
[    0.19244]
[    0.19222]
[    0.19201]
[     0.1918]
[    0.19158]
[    0.19137]
[    0.19116]
[    0.19095]
[    0.19074]
[    0.19053]
[    0.19032]
[    0.19011]
[     0.1899]
[    0.18969]
[    0.18949]
[    0.18928]
[    0.18907]
[    0.18886]
[    0.18866]
[    0.18845]
[    0.18825]
[    0.18804]
[    0.18784]
[    0.18764]
[    0.18743]
[    0.18723]
[    0.18703]
[    0.18683]
[    0.18662]
[    0.18642]
[    0.18622]
[    0.18602]
[    0.18582]
[    0.18562]
[    0.18542]
[    0.18522]
[    0.18503]
[    0.18483]
[    0.18463]
[    0.18443]
[    0.18424]
[    0.18404]
[    0.18385]
[    0.18365]
[    0.18346]
[    0.18326]
[    0.18307]
[    0.18288]
[    0.18268]
[    0.18249]
[     0.1823]
[    0.18211]
[    0.18191]
[    0.18172]
[    0.18153]
[    0.18134]
[    0.18115]
[    0.18096]
[    0.18077]
[    0.18058]
[     0.1804]
[    0.18021]
[    0.18002]
[    0.17983]
[    0.17965]
[    0.17946]
[    0.17927]
[    0.17909]
[     0.1789]
[    0.17872]
[    0.17853]
[    0.17835]
[    0.17817]
[    0.17798]
[     0.1778]
[    0.17762]
[    0.17744]
[    0.17725]
[    0.17707]
[    0.17689]
