     0/299     7.81G      8.17      32.1         0      40.2        23       608         0         0    0.0128         0      7.07      2.16         0
     1/299     7.81G      6.65      2.82         0      9.47        27       608         0         0   0.00383         0      5.82      2.14         0
     2/299     7.81G      5.75      2.31         0      8.07         5       608         0         0    0.0211         0       5.3      1.78         0
     3/299     7.81G      5.29      1.99         0      7.28        29       608         0         0   0.00853         0      5.84      1.45         0
     4/299     7.81G      5.05      1.64         0      6.69        21       608    0.0625    0.0789    0.0234    0.0698      5.36      1.65         0
     5/299     7.81G      4.75      1.57         0      6.32         5       608     0.165    0.0871    0.0743     0.114      4.68      1.33         0
     6/299     7.81G      4.46      1.38         0      5.84        25       608     0.206     0.374     0.144     0.265      4.73      1.37         0
     7/299     7.81G      4.49      1.32         0      5.81        26       608     0.463    0.0421     0.191    0.0772      4.67         1         0
     8/299     7.81G      4.52      1.15         0      5.67         9       608     0.342     0.022     0.164    0.0413      4.88      0.92         0
     9/299     7.81G      4.19       1.2         0       5.4        22       608     0.643     0.199     0.349     0.304      4.36       0.9         0
    10/299     7.81G      4.55       1.1         0      5.65        21       608    0.0133    0.0158    0.0217    0.0145      5.69      1.11         0
    11/299     7.81G      4.16      1.16         0      5.32         8       608     0.212       0.4     0.213     0.277      5.06      1.13         0
    12/299     7.81G      4.06      1.07         0      5.13        24       608     0.264     0.226      0.16     0.244      4.72      1.08         0
    13/299     7.81G      4.07      1.05         0      5.12        20       608      0.21    0.0316     0.155    0.0549      4.51     0.852         0
    14/299     7.81G       4.2     0.933         0      5.13         9       608     0.492    0.0459     0.312     0.084      4.45     0.766         0
    15/299     7.81G      4.25     0.905         0      5.16        20       608     0.218    0.0294     0.123    0.0518      6.27     0.638         0
    16/299     7.81G      4.78       1.1         0      5.88        26       608    0.0474    0.0105    0.0951    0.0172      4.27     0.961         0
    17/299     7.81G      3.78      1.02         0       4.8         8       608     0.501     0.222      0.28     0.307      4.83     0.834         0
    18/299     7.81G      4.15     0.953         0      5.11        28       608     0.765    0.0211     0.386     0.041      4.42     0.778         0
    19/299     7.81G      4.24     0.917         0      5.16        23       608     0.828    0.0368     0.347    0.0705      5.01      0.69         0
    20/299     7.81G      3.91      0.84         0      4.75         8       608     0.799    0.0839     0.428     0.152      4.13     0.744         0
    21/299     7.81G      3.62     0.844         0      4.46        24       608     0.563     0.325     0.357     0.412      4.46     0.731         0
    22/299     7.81G      3.48     0.844         0      4.32        24       608     0.923      0.19     0.485     0.316      3.95     0.821         0
    23/299     7.81G      3.36     0.848         0      4.21        11       608     0.825     0.421      0.58     0.558         4     0.739         0
    24/299     7.81G      3.69     0.845         0      4.53        26       608     0.915     0.211     0.569     0.342      4.34     0.705         0
    25/299     7.81G      3.44     0.851         0      4.29        24       608      0.86     0.162     0.484     0.273      4.21      0.73         0
    26/299     7.81G      3.38     0.896         0      4.28         8       608     0.678     0.321     0.469     0.436      4.29     0.701         0
    27/299     7.81G      3.26     0.834         0       4.1        23       608     0.822     0.339     0.551      0.48      4.08     0.659         0
    28/299     7.81G      3.24     0.781         0      4.02        26       608     0.792       0.5      0.65     0.613      3.88     0.649         0
    29/299     7.81G      3.02      0.72         0      3.74        11       608      0.75     0.569      0.67     0.647      3.69      0.64         0
    30/299     7.81G      3.24     0.696         0      3.94        27       608     0.653     0.584     0.592     0.617      3.87     0.642         0
    31/299     7.81G      3.05      0.75         0       3.8        25       608     0.806     0.612     0.732     0.696       3.6     0.609         0
    32/299     7.81G      3.42     0.663         0      4.08        10       608     0.801     0.589     0.693     0.679      3.63     0.645         0
    33/299     7.81G      2.86     0.725         0      3.58        23       608     0.727     0.526     0.645     0.611      3.94     0.627         0
    34/299     7.81G      3.07     0.728         0      3.79        29       608     0.788     0.532     0.627     0.635      3.74     0.644         0
    35/299     7.81G      2.76     0.651         0      3.41         7       608     0.781     0.602     0.717      0.68      3.72     0.582         0
    36/299     7.81G      2.72     0.742         0      3.46        30       608     0.751     0.647     0.705     0.695      3.66     0.574         0
    37/299     7.81G       2.9     0.637         0      3.54        27       608     0.749     0.632     0.684     0.685      4.04     0.549         0
    38/299     7.81G      2.92     0.629         0      3.55        10       608     0.744     0.679     0.743      0.71      4.14     0.523         0
    39/299     7.81G      2.74      0.68         0      3.42        32       608     0.781     0.693     0.748     0.734      3.67     0.557         0
    40/299     7.81G      2.74      0.63         0      3.37        21       608     0.823     0.658     0.744     0.731      3.75     0.516         0
    41/299     7.81G      2.99     0.565         0      3.56         9       608     0.789     0.413     0.642     0.542      4.05       0.6         0
    42/299     7.81G      2.76     0.641         0       3.4        21       608     0.777     0.737     0.754     0.756      3.57     0.568         0
    43/299     7.81G      2.71     0.589         0       3.3        20       608     0.809     0.663     0.757     0.729      3.78     0.567         0
    44/299     7.81G      2.94     0.552         0       3.5         9       608     0.799     0.626     0.712     0.702      3.88     0.545         0
    45/299     7.81G      2.76     0.568         0      3.33        27       608     0.776     0.589     0.691      0.67      3.61     0.561         0
    46/299     7.81G      2.44     0.545         0      2.99        23       608     0.769     0.737     0.749     0.753      3.51     0.531         0
    47/299     7.81G      2.62     0.531         0      3.15         6       608     0.792     0.679     0.723     0.731      3.49     0.507         0
    48/299     7.81G       2.6     0.561         0      3.16        24       608     0.604     0.147     0.241     0.237       4.7     0.868         0
    49/299     7.81G      2.84     0.592         0      3.43        30       608     0.695     0.468     0.515      0.56      4.03     0.614         0
    50/299     7.81G      2.67     0.598         0      3.27        12       608     0.683     0.668      0.68     0.676       3.8     0.529         0
    51/299     7.81G       2.6     0.595         0       3.2        22       608     0.719     0.558     0.628     0.628      3.83     0.551         0
    52/299     7.81G      2.75     0.582         0      3.33        25       608     0.718     0.536     0.592     0.613      3.85     0.562         0
    53/299     7.81G      2.65     0.541         0      3.19         9       608     0.603     0.774     0.717     0.678      3.58     0.544         0
    54/299     7.81G      2.47     0.523         0         3        20       608     0.686     0.746     0.716     0.715      3.48      0.52         0
    55/299     7.81G      2.55     0.506         0      3.06        24       608     0.642     0.726     0.694     0.681       3.5      0.52         0
    56/299     7.81G      2.43     0.488         0      2.92         7       608     0.746      0.62     0.665     0.677      3.63     0.509         0
    57/299     7.81G       2.7     0.567         0      3.26        29       608     0.807     0.549     0.648     0.653      3.76      0.57         0
    58/299     7.81G      2.53     0.556         0      3.08        28       608     0.781     0.451     0.606     0.572      3.94      0.57         0
    59/299     7.81G      2.38     0.529         0      2.91         8       608     0.771     0.732     0.763     0.751      3.46     0.519         0
    60/299     7.81G       2.4      0.54         0      2.94        29       608     0.684     0.648     0.639     0.665      3.62     0.516         0
    61/299     7.81G       2.3     0.502         0       2.8        24       608     0.716     0.689     0.693     0.702       3.7     0.521         0
    62/299     7.81G      2.26     0.541         0       2.8        10       608     0.747     0.705      0.72     0.726      3.68     0.511         0
    63/299     7.81G      2.25      0.49         0      2.74        31       608     0.782     0.659     0.698     0.715      3.56     0.493         0
    64/299     7.81G       2.5      0.52         0      3.03        24       608     0.765     0.565     0.597      0.65       4.2      0.54         0
    65/299     7.81G      2.45     0.479         0      2.93         6       608     0.547     0.689     0.595      0.61      3.68     0.537         0
    66/299     7.81G      2.45     0.514         0      2.96        27       608     0.601     0.747     0.711     0.666      3.73     0.509         0
    67/299     7.81G      2.31     0.456         0      2.77        26       608      0.58     0.789     0.705     0.669      3.51     0.472         0
    68/299     7.81G      2.35     0.483         0      2.83         8       608     0.689     0.716     0.711     0.702      3.67     0.473         0
    69/299     7.81G      2.22     0.501         0      2.72        27       608     0.719       0.7     0.706     0.709      3.58     0.501         0
    70/299     7.81G       2.2      0.46         0      2.66        24       608     0.731     0.747     0.755     0.739      3.43     0.503         0
    71/299     7.81G      2.23      0.49         0      2.72         6       608     0.802     0.684     0.715     0.738      3.44      0.51         0
    72/299     7.81G      2.05     0.443         0      2.49        21       608     0.748     0.721      0.71     0.734      3.39     0.494         0
    73/299     7.81G      2.21     0.473         0      2.68        26       608     0.778     0.753     0.773     0.765      3.46     0.478         0
    74/299     7.81G      2.26     0.459         0      2.72         4       608     0.763     0.795     0.763     0.778      3.33     0.496         0
    75/299     7.81G      2.07     0.439         0      2.51        22       608     0.735     0.679     0.708     0.706      3.47     0.489         0
    76/299     7.81G      2.17     0.444         0      2.61        24       608     0.726     0.711     0.713     0.718      3.56     0.492         0
    77/299     7.81G      2.17     0.463         0      2.63         7       608     0.779     0.726     0.766     0.752      3.59     0.485         0
    78/299     7.81G      2.11     0.458         0      2.57        31       608     0.804     0.713      0.76     0.756      3.41      0.48         0
    79/299     7.81G      2.17      0.42         0      2.59        24       608     0.769     0.763     0.782     0.766      3.36     0.476         0
    80/299     7.81G      2.29     0.423         0      2.71        10       608     0.789     0.758     0.775     0.773       3.4     0.509         0
    81/299     7.81G      2.17     0.445         0      2.62        25       608      0.76     0.782     0.763     0.771      3.45     0.515         0
    82/299     7.81G         2     0.404         0      2.41        25       608     0.736     0.758     0.754     0.747      3.26     0.488         0
    83/299     7.81G      2.22     0.409         0      2.63         8       608     0.771     0.695       0.7     0.731       3.4     0.496         0
    84/299     7.81G      1.97     0.425         0      2.39        22       608      0.77     0.742     0.778     0.756      3.22     0.521         0
    85/299     7.81G      1.92     0.408         0      2.33        22       608     0.749     0.737      0.76     0.743      3.22     0.512         0
    86/299     7.81G       1.9     0.387         0      2.29         8       608     0.792     0.747      0.77     0.769      3.31     0.514         0
    87/299     7.81G      1.83     0.393         0      2.23        22       608     0.792     0.759     0.798     0.775      3.25     0.517         0
    88/299     7.81G      1.93     0.387         0      2.32        27       608      0.81     0.726     0.777     0.766      3.36     0.557         0
    89/299     7.81G      1.96     0.379         0      2.34         9       608     0.798     0.716      0.78     0.754      3.34     0.585         0
    90/299     7.81G      1.96     0.417         0      2.37        18       608     0.802     0.766      0.78     0.784      3.36     0.573         0
    91/299     7.81G      1.79     0.413         0       2.2        21       608     0.825     0.796     0.806      0.81      3.35     0.541         0
    92/299     7.81G      1.94     0.374         0      2.31         4       608     0.769     0.768     0.749     0.769      3.39     0.519         0
    93/299     7.81G      2.01     0.359         0      2.37        25       608     0.796     0.805     0.783     0.801      3.52     0.531         0
    94/299     7.81G      1.81     0.417         0      2.22        26       608     0.747     0.789     0.753     0.768      3.41     0.551         0
    95/299     7.81G      1.78      0.37         0      2.15         8       608     0.739     0.795     0.772     0.766      3.52     0.537         0
    96/299     7.81G         2     0.376         0      2.38        33       608     0.783     0.784     0.805     0.784      3.38     0.506         0
    97/299     7.81G      1.77     0.362         0      2.14        23       608     0.799     0.795     0.818     0.797      3.27     0.495         0
    98/299     7.81G       1.8     0.384         0      2.18        12       608     0.783     0.778     0.813      0.78      3.31     0.493         0
    99/299     7.81G       1.8     0.376         0      2.18        22       608     0.783     0.795     0.803     0.789      3.26     0.483         0
   100/299     7.81G      1.85     0.347         0       2.2        23       608     0.795     0.779     0.815     0.787      3.17     0.507         0
   101/299     7.81G      1.68     0.401         0      2.08        10       608     0.809     0.816     0.797     0.812      3.23     0.518         0
   102/299     7.81G      1.85     0.362         0      2.21        24       608     0.834       0.8     0.777     0.817      3.36     0.512         0
   103/299     7.81G      1.86     0.362         0      2.22        24       608     0.823     0.758     0.767     0.789      3.37     0.515         0
   104/299     7.81G      1.96      0.37         0      2.33         8       608     0.813     0.756     0.777     0.784      3.27     0.529         0
   105/299     7.81G      1.69     0.353         0      2.04        31       608     0.801     0.786     0.789     0.794      3.29     0.512         0
   106/299     7.81G      1.73     0.362         0      2.09        26       608     0.784     0.789     0.784     0.787      3.25     0.504         0
   107/299     7.81G      1.83      0.37         0       2.2         7       608     0.783     0.789     0.781     0.786      3.26     0.527         0
   108/299     7.81G      1.72     0.354         0      2.08        22       608     0.768     0.795     0.778     0.781      3.19     0.546         0
   109/299     7.81G      1.69      0.36         0      2.05        24       608     0.796     0.805     0.828     0.801      3.19     0.534         0
   110/299     7.81G      1.57     0.319         0      1.89         7       608     0.791       0.8     0.803     0.795      3.08     0.504         0
   111/299     7.81G      1.55     0.364         0      1.91        26       608     0.798     0.805     0.822     0.802      3.05     0.489         0
   112/299     7.81G      1.66     0.314         0      1.97        24       608     0.814     0.784     0.795     0.799      3.19     0.496         0
   113/299     7.81G      1.69     0.351         0      2.04         9       608     0.816     0.768     0.772     0.791      3.28     0.515         0
   114/299     7.81G      1.59     0.339         0      1.93        24       608     0.809     0.804     0.802     0.807      3.22     0.508         0
   115/299     7.81G      1.61     0.315         0      1.92        22       608     0.779     0.795     0.785     0.787      3.23     0.502         0
   116/299     7.81G      1.57       0.3         0      1.87         6       608     0.764     0.817     0.817     0.789      3.16     0.481         0
   117/299     7.81G      1.57     0.332         0      1.91        19       608     0.797     0.816      0.81     0.806      3.12     0.499         0
   118/299     7.81G      1.56     0.339         0       1.9        26       608     0.791     0.805     0.815     0.798      3.23     0.502         0
   119/299     7.81G       1.6     0.364         0      1.96         9       608     0.814     0.832     0.827     0.823      3.17      0.52         0
   120/299     7.81G      1.55      0.33         0      1.88        22       608     0.773     0.784      0.77     0.778      3.25     0.541         0
   121/299     7.81G      1.57     0.317         0      1.88        21       608     0.804     0.784     0.798     0.794      3.28      0.54         0
   122/299     7.81G      1.56     0.326         0      1.89         8       608     0.769     0.753      0.75     0.761      3.33     0.532         0
   123/299     7.81G      1.62     0.325         0      1.95        25       608     0.796      0.74     0.768     0.767      3.26     0.557         0
   124/299     7.81G      1.56     0.309         0      1.86        25       608     0.809     0.737     0.765     0.771      3.28     0.565         0
   125/299     7.81G      1.56     0.347         0      1.91        10       608     0.836     0.725     0.763     0.777      3.23     0.567         0
   126/299     7.81G      1.53     0.315         0      1.85        24       608     0.814     0.816     0.793     0.815      3.12     0.548         0
   127/299     7.81G      1.55     0.316         0      1.87        23       608     0.802     0.811     0.807     0.806      3.21     0.536         0
   128/299     7.81G      1.44     0.321         0      1.76         8       608       0.8     0.842     0.818      0.82       3.2     0.516         0
   129/299     7.81G      1.38      0.31         0      1.69        26       608      0.81     0.832     0.795      0.82       3.2     0.516         0
   130/299     7.81G      1.42      0.31         0      1.73        27       608     0.791     0.805     0.779     0.798      3.19     0.507         0
   131/299     7.81G      1.54     0.301         0      1.84         8       608     0.772     0.784     0.762     0.778      3.22     0.504         0
   132/299     7.81G      1.43     0.292         0      1.72        23       608     0.775     0.832     0.803     0.802       3.2     0.495         0
   133/299     7.81G      1.62     0.323         0      1.94        17       608     0.825     0.819       0.8     0.822      3.18     0.517         0
   134/299     7.81G      1.49     0.315         0       1.8         6       608     0.804     0.798     0.791     0.801      3.15     0.534         0
   135/299     7.81G      1.47     0.306         0      1.78        27       608     0.776     0.789      0.78     0.783      3.14     0.546         0
   136/299     7.81G      1.37     0.317         0      1.69        21       608     0.768       0.8     0.786     0.784      3.14     0.537         0
   137/299     7.81G       1.5      0.29         0      1.79         7       608     0.779     0.784     0.769     0.782      3.13     0.538         0
   138/299     7.81G      1.44     0.289         0      1.73        25       608     0.785     0.768     0.761     0.777       3.2     0.546         0
   139/299     7.81G      1.37     0.296         0      1.67        21       608     0.772     0.805     0.781     0.789      3.15     0.537         0
   140/299     7.81G      1.33     0.292         0      1.62        10       608     0.754     0.795      0.78     0.774       3.1     0.527         0
   141/299     7.81G      1.34     0.276         0      1.62        23       608     0.814     0.806     0.817      0.81      3.05     0.532         0
   142/299     7.81G      1.38      0.28         0      1.66        18       608     0.816     0.769     0.778     0.792      3.12     0.537         0
   143/299     7.81G      1.33      0.29         0      1.62         7       608     0.793     0.758      0.77     0.775      3.11     0.538         0
   144/299     7.81G      1.33     0.312         0      1.64        27       608     0.768     0.765     0.786     0.767      3.05     0.532         0
   145/299     7.81G      1.41     0.261         0      1.67        26       608     0.801     0.768     0.789     0.784       3.1     0.553         0
   146/299     7.81G       1.3      0.29         0      1.59         5       608      0.81     0.741     0.772     0.774      3.12     0.568         0
   147/299     7.81G      1.26     0.269         0      1.53        21       608     0.791     0.732     0.754      0.76      3.19     0.573         0
   148/299     7.81G       1.2     0.274         0      1.48        29       608     0.773     0.779      0.76     0.776      3.17     0.558         0
   149/299     7.81G      1.22      0.28         0       1.5         8       608      0.74     0.794     0.785     0.766      3.15      0.57         0
   150/299     7.81G      1.32     0.277         0       1.6        19       608     0.758     0.795     0.776     0.776      3.18     0.559         0
   151/299     7.81G      1.28     0.277         0      1.56        26       608     0.731      0.77     0.731      0.75      3.18     0.554         0
   152/299     7.81G      1.39     0.275         0      1.67         7       608     0.777     0.758     0.747     0.767      3.12      0.58         0
   153/299     7.81G      1.18      0.27         0      1.45        25       608     0.777     0.789     0.781     0.783       3.1     0.592         0
   154/299     7.81G      1.26      0.27         0      1.53        23       608     0.793     0.807     0.787       0.8      3.06     0.582         0
   155/299     7.81G      1.29     0.256         0      1.55         8       608     0.813     0.784     0.761     0.799      3.07     0.573         0
   156/299     7.81G      1.26     0.267         0      1.53        28       608     0.816     0.774     0.784     0.794      2.98     0.567         0
   157/299     7.81G      1.27     0.284         0      1.55        29       608     0.802     0.769     0.793     0.786      3.03     0.564         0
   158/299     7.81G      1.32     0.259         0      1.58        10       608     0.776     0.765     0.782      0.77      3.01     0.561         0
   159/299     7.81G      1.27     0.286         0      1.56        15       608     0.795     0.779     0.791     0.787      3.02     0.564         0
   160/299     7.81G      1.16     0.282         0      1.44        21       608     0.779     0.795     0.799     0.787      3.02     0.555         0
   161/299     7.81G      1.13     0.253         0      1.38         5       608     0.774       0.8      0.78     0.787      3.05     0.556         0
   162/299     7.81G      1.19     0.253         0      1.44        24       608     0.794     0.795     0.775     0.794      3.07     0.546         0
   163/299     7.81G      1.18      0.27         0      1.45        24       608     0.807     0.792     0.791     0.799      3.07     0.533         0
   164/299     7.81G      1.18     0.257         0      1.43         8       608     0.784     0.784     0.784     0.784      3.06     0.537         0
   165/299     7.81G      1.13     0.259         0      1.39        20       608     0.751     0.789     0.775      0.77         3     0.543         0
   166/299     7.81G      1.17      0.28         0      1.45        27       608     0.772     0.784     0.778     0.778      3.09     0.553         0
   167/299     7.81G      1.26     0.258         0      1.52         8       608     0.793     0.779     0.783     0.786      3.09     0.552         0
   168/299     7.81G      1.25     0.262         0      1.51        22       608     0.789     0.769      0.77     0.779      3.11     0.566         0
   169/299     7.81G      1.08     0.292         0      1.37        22       608     0.776     0.784     0.774      0.78       3.1     0.575         0
   170/299     7.81G       1.1     0.227         0      1.33         6       608     0.787       0.8     0.788     0.794       3.1     0.578         0
   171/299     7.81G      1.17     0.253         0      1.42        25       608     0.803     0.793     0.776     0.798       3.1     0.585         0
   172/299     7.81G      1.17     0.252         0      1.42        22       608     0.823     0.806     0.794     0.814       3.1     0.579         0
   173/299     7.81G      1.08     0.233         0      1.32         6       608     0.807     0.789     0.796     0.798       3.1     0.575         0
   174/299     7.81G       1.1     0.249         0      1.35        22       608     0.786     0.795     0.794     0.791      3.12     0.574         0
   175/299     7.81G      1.13     0.236         0      1.36        19       608     0.783     0.784     0.786     0.784      3.05     0.575         0
   176/299     7.81G      1.07     0.231         0       1.3         6       608     0.777     0.805     0.782     0.791      3.06     0.566         0
   177/299     7.81G      1.07     0.225         0       1.3        24       608     0.776     0.801      0.78     0.788      3.06      0.56         0
   178/299     7.81G      1.09     0.232         0      1.33        24       608     0.783     0.805     0.784     0.794       3.1     0.556         0
   179/299     7.81G      1.05     0.263         0      1.32        11       608     0.765     0.821     0.791     0.792      3.06     0.553         0
   180/299     7.81G      1.03      0.25         0      1.28        24       608     0.746       0.8     0.777     0.772      3.09     0.565         0
   181/299     7.81G      0.99     0.233         0      1.22        25       608     0.727     0.816     0.793     0.769      3.11     0.574         0
   182/299     7.81G      1.06     0.218         0      1.28         8       608     0.739     0.821     0.809     0.778       3.1     0.574         0
   183/299     7.81G      1.02     0.226         0      1.25        31       608     0.756     0.805     0.793      0.78      3.13     0.578         0
   184/299     7.81G     0.968      0.24         0      1.21        21       608     0.777     0.806     0.802     0.791      3.12      0.59         0
   185/299     7.81G      1.06     0.236         0       1.3         7       608     0.804     0.821      0.82     0.812      3.09      0.59         0
   186/299     7.81G      1.02     0.224         0      1.25        19       608     0.806     0.809     0.812     0.807      3.07     0.591         0
   187/299     7.81G     0.968     0.239         0      1.21        26       608     0.772     0.784     0.775     0.778      3.05      0.58         0
   188/299     7.81G      1.06     0.224         0      1.28         8       608     0.759       0.8     0.768     0.779      3.01     0.573         0
   189/299     7.81G         1     0.233         0      1.23        24       608     0.751     0.795     0.764     0.772      3.04      0.58         0
   190/299     7.81G     0.998     0.229         0      1.23        28       608     0.762     0.816     0.789     0.788         3     0.582         0
   191/299     7.81G     0.969     0.224         0      1.19         8       608      0.76     0.821     0.787     0.789      3.03     0.593         0
   192/299     7.81G     0.958     0.223         0      1.18        31       608     0.764     0.817     0.783      0.79      3.04     0.596         0
   193/299     7.81G      1.05     0.215         0      1.26        25       608     0.761     0.826       0.8     0.793      3.06     0.594         0
   194/299     7.81G     0.955     0.223         0      1.18         6       608     0.753     0.816     0.798     0.783      3.05     0.606         0
   195/299     7.81G     0.954     0.219         0      1.17        22       608     0.751     0.811     0.783      0.78      3.01     0.616         0
   196/299     7.81G     0.892     0.237         0      1.13        24       608     0.759     0.826     0.809     0.791      3.02     0.628         0
   197/299     7.81G     0.868     0.215         0      1.08         8       608     0.763     0.816     0.798     0.789      3.07     0.622         0
   198/299     7.81G      0.97     0.216         0      1.19        29       608     0.769     0.816     0.809     0.791      3.09     0.615         0
   199/299     7.81G     0.845     0.228         0      1.07        24       608     0.776     0.811     0.799     0.793      3.09     0.616         0
   200/299     7.81G     0.864     0.207         0      1.07         9       608      0.77     0.826      0.81     0.797      3.06     0.611         0
   201/299     7.81G     0.939     0.203         0      1.14        24       608     0.759     0.826     0.814     0.791      3.05     0.615         0
   202/299     7.81G     0.891     0.206         0       1.1        22       608     0.758     0.832     0.806     0.793      3.07     0.623         0
   203/299     7.81G     0.841     0.194         0      1.04         6       608     0.768     0.821     0.798     0.794      3.08     0.629         0
   204/299     7.81G     0.969     0.232         0       1.2        22       608     0.776     0.802     0.788     0.789      3.08     0.636         0
   205/299     7.81G     0.934      0.21         0      1.14        25       608      0.79     0.792     0.798     0.791      3.12     0.645         0
   206/299     7.81G     0.869     0.204         0      1.07         8       608     0.779      0.78     0.777      0.78      3.12     0.659         0
   207/299     7.81G     0.859     0.228         0      1.09        18       608      0.78     0.784     0.774     0.782      3.11     0.662         0
   208/299     7.81G     0.885     0.215         0       1.1        24       608     0.775     0.789     0.771     0.782      3.13     0.656         0
   209/299     7.81G     0.835     0.198         0      1.03         9       608     0.766     0.795     0.777      0.78      3.13     0.649         0
   210/299     7.81G     0.857     0.198         0      1.05        29       608     0.786     0.805     0.781     0.795      3.12     0.645         0
   211/299     7.81G     0.946     0.217         0      1.16        23       608      0.79     0.805     0.782     0.797      3.11     0.643         0
   212/299     7.81G     0.836     0.227         0      1.06        10       608     0.772       0.8     0.782     0.786       3.1     0.645         0
   213/299     7.81G      0.82     0.219         0      1.04        24       608     0.767     0.805     0.782     0.785      3.09     0.642         0
   214/299     7.81G     0.858      0.19         0      1.05        24       608     0.773     0.805      0.78     0.789       3.1     0.644         0
   215/299     7.81G     0.803     0.213         0      1.02         7       608     0.803     0.821     0.795     0.812      3.09     0.647         0
   216/299     7.81G     0.839     0.199         0      1.04        23       608     0.796     0.821     0.812     0.808      3.13     0.633         0
   217/299     7.81G     0.828     0.216         0      1.04        29       608     0.799     0.816     0.796     0.807      3.09     0.623         0
   218/299     7.81G     0.774      0.19         0     0.963         9       608       0.8     0.811     0.806     0.805      3.06     0.616         0
   219/299     7.81G     0.809     0.176         0     0.985        21       608     0.804     0.826     0.824     0.815      3.05      0.61         0
   220/299     7.81G     0.812     0.197         0      1.01        22       608     0.789     0.816     0.801     0.802      3.05     0.612         0
   221/299     7.81G     0.816     0.195         0      1.01         7       608     0.782     0.812     0.798     0.797      3.07     0.623         0
   222/299     7.81G     0.815     0.234         0      1.05        25       608     0.759     0.805     0.786     0.781      3.04     0.637         0
   223/299     7.81G     0.808     0.172         0      0.98        28       608     0.774     0.821     0.795     0.797      3.07     0.637         0
   224/299     7.81G     0.787     0.193         0      0.98         8       608     0.773     0.826       0.8     0.799      3.04     0.638         0
   225/299     7.81G     0.793     0.207         0         1        25       608     0.779     0.821     0.786     0.799      3.04     0.633         0
   226/299     7.81G     0.782     0.195         0     0.977        24       608     0.751       0.8     0.763     0.775      3.01     0.633         0
   227/299     7.81G     0.721     0.187         0     0.909         7       608     0.763     0.812     0.775     0.786         3     0.636         0
   228/299     7.81G     0.831     0.205         0      1.04        27       608     0.771     0.811     0.785      0.79      3.01      0.64         0
   229/299     7.81G     0.783     0.202         0     0.986        22       608      0.78      0.82     0.789       0.8      3.03     0.644         0
   230/299     7.81G     0.794     0.205         0     0.999         9       608     0.788     0.826     0.801     0.807      3.04     0.645         0
   231/299     7.81G     0.789       0.2         0     0.989        27       608      0.79     0.832     0.813      0.81      3.03     0.643         0
   232/299     7.81G     0.821     0.199         0      1.02        25       608       0.8     0.841     0.823      0.82      3.04     0.644         0
   233/299     7.81G     0.723     0.179         0     0.903         7       608     0.783     0.832     0.817     0.807      3.04      0.65         0
   234/299     7.81G     0.734     0.177         0     0.911        28       608     0.796     0.826     0.808     0.811      3.04      0.65         0
   235/299     7.81G     0.735     0.206         0     0.941        23       608       0.8     0.816     0.804     0.808      3.04     0.653         0
   236/299     7.81G     0.752     0.185         0     0.938         9       608     0.795     0.811     0.801     0.803      3.05     0.656         0
   237/299     7.81G     0.726     0.178         0     0.904        28       608     0.776     0.805     0.794      0.79      3.06     0.657         0
   238/299     7.81G      0.73     0.201         0     0.931        24       608     0.774       0.8     0.788     0.787      3.04     0.652         0
   239/299     7.81G     0.708     0.197         0     0.904         6       608     0.785     0.816     0.803       0.8      3.03     0.647         0
   240/299     7.81G     0.691     0.184         0     0.875        20       608      0.79     0.821     0.822     0.805      3.02     0.643         0
   241/299     7.81G     0.734     0.195         0     0.929        27       608     0.785     0.811     0.803     0.797      3.02     0.644         0
   242/299     7.81G     0.775     0.195         0     0.971         6       608      0.79     0.821     0.805     0.805      3.04     0.643         0
   243/299     7.81G     0.712     0.168         0      0.88        28       608     0.788     0.822     0.798     0.805      3.04     0.643         0
   244/299     7.81G     0.723     0.203         0     0.926        26       608     0.786     0.816     0.787       0.8      3.03     0.643         0
   245/299     7.81G     0.709     0.178         0     0.887         9       608     0.787     0.817     0.795     0.802      3.01     0.639         0
   246/299     7.81G     0.759     0.181         0     0.941        21       608     0.785     0.805     0.791     0.795      3.04     0.643         0
   247/299     7.81G     0.721     0.198         0     0.919        35       608     0.797     0.811     0.798     0.804      3.05     0.642         0
   248/299     7.81G     0.669     0.189         0     0.858         9       608     0.795     0.805     0.792       0.8      3.03     0.645         0
   249/299     7.81G     0.762     0.195         0     0.956        24       608     0.796     0.811     0.798     0.803      3.03     0.649         0
   250/299     7.81G     0.692     0.183         0     0.875        28       608     0.795     0.805     0.797       0.8      3.03     0.652         0
   251/299     7.81G     0.666     0.172         0     0.837         8       608     0.789     0.805     0.796     0.797      3.04     0.651         0
   252/299     7.81G      0.72     0.165         0     0.885        25       608     0.797     0.811     0.805     0.803      3.04     0.654         0
   253/299     7.81G     0.709     0.172         0     0.881        28       608     0.795     0.811     0.807     0.803      3.05     0.657         0
   254/299     7.81G     0.648     0.163         0     0.812         6       608     0.793     0.816     0.812     0.804      3.06     0.662         0
   255/299     7.81G     0.705      0.18         0     0.884        24       608     0.791     0.811     0.814     0.801      3.05     0.662         0
   256/299     7.81G     0.659     0.168         0     0.827        26       608     0.769     0.805     0.798     0.786      3.05     0.666         0
   257/299     7.81G     0.723     0.183         0     0.905         9       608      0.77     0.805     0.791     0.787      3.03     0.664         0
   258/299     7.81G      0.69     0.192         0     0.882        21       608     0.762     0.795     0.787     0.778      3.04     0.667         0
   259/299     7.81G     0.696     0.198         0     0.894        27       608     0.773     0.805     0.798     0.789      3.04     0.671         0
   260/299     7.81G     0.693     0.179         0     0.872         6       608      0.77     0.805     0.798     0.787      3.03     0.664         0
   261/299     7.81G      0.67     0.168         0     0.838        22       608     0.769     0.805     0.797     0.787      3.04     0.663         0
   262/299     7.81G      0.71     0.179         0     0.889        27       608     0.773     0.805     0.799     0.789      3.05     0.665         0
   263/299     7.81G     0.686     0.174         0      0.86        11       608     0.779     0.816     0.806     0.797      3.05     0.667         0
   264/299     7.81G     0.688     0.187         0     0.875        27       608     0.782     0.811     0.804     0.796      3.05     0.666         0
   265/299     7.81G      0.66     0.161         0     0.821        24       608      0.79     0.811     0.813       0.8      3.05     0.663         0
   266/299     7.81G     0.713     0.156         0     0.869         8       608     0.781     0.805     0.803     0.793      3.04     0.663         0
   267/299     7.81G     0.673     0.171         0     0.845        27       608      0.78     0.811     0.804     0.795      3.04     0.665         0
   268/299     7.81G     0.676     0.165         0     0.841        32       608     0.776     0.811     0.809     0.793      3.03     0.662         0
   269/299     7.81G     0.631     0.156         0     0.787         9       608     0.778     0.811     0.809     0.794      3.03     0.661         0
   270/299     7.81G     0.648      0.17         0     0.818        28       608     0.783     0.817      0.81       0.8      3.03     0.658         0
   271/299     7.81G     0.641     0.167         0     0.808        29       608     0.791     0.821     0.814     0.806      3.03     0.653         0
   272/299     7.81G      0.67     0.174         0     0.845        11       608      0.78     0.805     0.804     0.792      3.03     0.651         0
   273/299     7.81G     0.656     0.179         0     0.835        27       608     0.785     0.808     0.806     0.796      3.04      0.65         0
   274/299     7.81G     0.671     0.174         0     0.844        26       608     0.783     0.805     0.799     0.794      3.03      0.65         0
   275/299     7.81G     0.676     0.201         0     0.878        10       608     0.782     0.805     0.799     0.794      3.04     0.651         0
   276/299     7.81G     0.608     0.154         0     0.762        24       608     0.785     0.816     0.805       0.8      3.04     0.655         0
   277/299     7.81G     0.623     0.168         0     0.791        30       608     0.794     0.826      0.82      0.81      3.03     0.657         0
   278/299     7.81G     0.683     0.164         0     0.847        10       608     0.791     0.826     0.819     0.808      3.03      0.66         0
   279/299     7.81G     0.672     0.185         0     0.857        29       608     0.787     0.821     0.814     0.804      3.01     0.666         0
   280/299     7.81G     0.639     0.163         0     0.802        23       608     0.785     0.811     0.808     0.797      3.01     0.668         0
   281/299     7.81G     0.635     0.157         0     0.792        10       608     0.783     0.818     0.811       0.8      2.99     0.669         0
   282/299     7.81G     0.649     0.173         0     0.822        19       608     0.769     0.807     0.794     0.787      2.99     0.671         0
   283/299     7.81G     0.605     0.147         0     0.753        23       608      0.77     0.805     0.796     0.787      2.99     0.672         0
   284/299     7.81G     0.657     0.174         0     0.831        10       608     0.776     0.811     0.805     0.793      2.99     0.671         0
   285/299     7.81G     0.653      0.18         0     0.833        22       608     0.767     0.796     0.792     0.781         3     0.675         0
   286/299     7.81G     0.603     0.172         0     0.775        29       608      0.78     0.804     0.804     0.792         3     0.676         0
   287/299     7.81G      0.65     0.152         0     0.802         7       608     0.779     0.799     0.797     0.789      3.01     0.676         0
   288/299     7.81G     0.619     0.159         0     0.778        23       608     0.782       0.8     0.794     0.791      3.02     0.679         0
   289/299     7.81G     0.652     0.166         0     0.818        26       608     0.798     0.811     0.808     0.804      3.02     0.679         0
   290/299     7.81G     0.634     0.153         0     0.787         7       608     0.796     0.811     0.809     0.803      3.03     0.681         0
   291/299     7.81G     0.637     0.154         0     0.791        23       608     0.802     0.805     0.798     0.804      3.03     0.681         0
   292/299     7.81G     0.645     0.186         0     0.831        24       608     0.806     0.811      0.81     0.808      3.02     0.679         0
   293/299     7.81G     0.634     0.168         0     0.802         7       608     0.801     0.805     0.802     0.803      3.02     0.678         0
   294/299     7.81G     0.674     0.177         0     0.851        24       608     0.807     0.811     0.813     0.809         3     0.677         0
   295/299     7.81G     0.656     0.153         0     0.809        25       608     0.798     0.805     0.805     0.802      3.01     0.678         0
   296/299     7.81G     0.618     0.147         0     0.765        10       608     0.794     0.811     0.811     0.802      3.01     0.678         0
   297/299     7.81G     0.621     0.181         0     0.802        30       608       0.8     0.811     0.813     0.805      3.01     0.681         0
   298/299     7.81G     0.648     0.175         0     0.823        20       608     0.791     0.805     0.803     0.798      3.01     0.681         0
   299/299     7.81G     0.688     0.189         0     0.877         9       608     0.786     0.805     0.802     0.796         3     0.683         0
