[          1]
[          1]
[          1]
[          1]
[          1]
[          1]
[          1]
[          1]
[    0.88889]
[        0.9]
[    0.90909]
[    0.91667]
[    0.92308]
[    0.92857]
[    0.93333]
[     0.9375]
[    0.94118]
[    0.94444]
[    0.94737]
[       0.95]
[    0.95238]
[    0.95455]
[    0.95652]
[    0.95833]
[       0.96]
[    0.96154]
[    0.96296]
[    0.96429]
[    0.96552]
[    0.96667]
[    0.96774]
[    0.96875]
[     0.9697]
[    0.97059]
[    0.97143]
[    0.97222]
[    0.97297]
[    0.97368]
[    0.97436]
[      0.975]
[    0.97561]
[    0.97619]
[    0.97674]
[    0.97727]
[    0.97778]
[    0.97826]
[    0.97872]
[    0.97917]
[    0.97959]
[       0.98]
[    0.98039]
[    0.98077]
[    0.98113]
[    0.98148]
[    0.98182]
[    0.98214]
[    0.98246]
[    0.98276]
[    0.98305]
[    0.98333]
[    0.98361]
[    0.98387]
[    0.98413]
[    0.98438]
[    0.98462]
[    0.98485]
[    0.98507]
[    0.98529]
[    0.98551]
[    0.98571]
[    0.98592]
[    0.98611]
[     0.9863]
[    0.98649]
[    0.98667]
[    0.98684]
[    0.98701]
[    0.98718]
[    0.98734]
[     0.9875]
[    0.98765]
[    0.97561]
[     0.9759]
[    0.97619]
[    0.97647]
[    0.97674]
[    0.97701]
[    0.97727]
[    0.97753]
[    0.97778]
[    0.97802]
[    0.97826]
[    0.96774]
[    0.96809]
[    0.96842]
[    0.96875]
[    0.96907]
[    0.96939]
[     0.9596]
[       0.96]
[     0.9604]
[    0.95098]
[    0.94175]
[    0.94231]
[    0.94286]
[     0.9434]
[    0.94393]
[    0.94444]
[    0.94495]
[    0.94545]
[    0.94595]
[    0.94643]
[     0.9469]
[    0.94737]
[    0.94783]
[    0.94828]
[    0.94872]
[    0.94915]
[    0.94958]
[       0.95]
[    0.95041]
[    0.95082]
[    0.95122]
[    0.95161]
[      0.952]
[    0.95238]
[    0.95276]
[    0.95312]
[    0.95349]
[    0.95385]
[     0.9542]
[    0.94697]
[    0.94737]
[    0.94776]
[    0.94815]
[    0.94853]
[    0.94891]
[    0.94928]
[    0.94964]
[    0.94286]
[    0.94326]
[    0.94366]
[    0.94406]
[    0.94444]
[    0.94483]
[    0.94521]
[    0.93878]
[    0.93919]
[     0.9396]
[       0.94]
[     0.9404]
[    0.93421]
[    0.93464]
[    0.93506]
[    0.93548]
[     0.9359]
[    0.93631]
[    0.93038]
[    0.93082]
[    0.93125]
[    0.93168]
[    0.92593]
[    0.92025]
[    0.92073]
[    0.92121]
[    0.92169]
[    0.92216]
[    0.92262]
[    0.92308]
[    0.92353]
[    0.92398]
[    0.92442]
[    0.92486]
[    0.92529]
[    0.92571]
[    0.92614]
[     0.9209]
[    0.92135]
[    0.92179]
[    0.92222]
[    0.92265]
[    0.92308]
[     0.9235]
[    0.92391]
[    0.92432]
[    0.91935]
[    0.91979]
[    0.92021]
[    0.92063]
[    0.92105]
[    0.92147]
[    0.92188]
[    0.92228]
[    0.91753]
[    0.91795]
[    0.91327]
[    0.91371]
[    0.91414]
[    0.90955]
[       0.91]
[    0.91045]
[    0.91089]
[    0.91133]
[    0.91176]
[     0.9122]
[    0.91262]
[    0.91304]
[    0.90865]
[    0.90909]
[    0.90952]
[    0.90521]
[    0.90566]
[     0.9061]
[    0.90187]
[    0.89767]
[    0.89352]
[    0.89401]
[     0.8945]
[    0.89498]
[    0.89091]
[     0.8914]
[    0.88739]
[    0.88789]
[    0.88393]
[       0.88]
[    0.88053]
[    0.88106]
[    0.87719]
[    0.87773]
[    0.87391]
[    0.87446]
[    0.87069]
[    0.86695]
[    0.86325]
[    0.85957]
[    0.86017]
[    0.85654]
[    0.85294]
[    0.85356]
[    0.85417]
[    0.85062]
[    0.84711]
[    0.84774]
[    0.84836]
[     0.8449]
[    0.84553]
[    0.84211]
[    0.83871]
[    0.83936]
[      0.836]
[    0.83665]
[    0.83333]
[    0.83004]
[    0.82677]
[    0.82353]
[    0.82422]
[    0.82101]
[    0.82171]
[    0.82239]
[    0.81923]
[    0.81992]
[    0.81679]
[    0.81369]
[    0.81061]
[    0.80755]
[    0.80827]
[    0.80524]
[    0.80224]
[    0.79926]
[     0.7963]
[    0.79336]
[    0.79412]
[    0.79121]
[    0.79197]
[    0.78909]
[    0.78623]
[    0.78339]
[    0.78058]
[    0.77778]
[      0.775]
[     0.7758]
[    0.77305]
[    0.77032]
[    0.76761]
[    0.76491]
[    0.76224]
[    0.75958]
[    0.75694]
[    0.75433]
[    0.75172]
[    0.74914]
[    0.74658]
[    0.74403]
[     0.7415]
[    0.73898]
[    0.73649]
[    0.73401]
[     0.7349]
[    0.73244]
[    0.73333]
[     0.7309]
[    0.72848]
[    0.72607]
[    0.72368]
[    0.72131]
[    0.71895]
[    0.71661]
[    0.71753]
[    0.71521]
[     0.7129]
[    0.71061]
[    0.70833]
[    0.70607]
[    0.70382]
[    0.70159]
[    0.69937]
[    0.69716]
[    0.69497]
[    0.69279]
[    0.69063]
[    0.68847]
[    0.68944]
[     0.6904]
[    0.69136]
[    0.68923]
[    0.69018]
[    0.68807]
[    0.68598]
[    0.68693]
[    0.68485]
[    0.68278]
[    0.68072]
[    0.67868]
[    0.67665]
[    0.67761]
[     0.6756]
[    0.67359]
[     0.6716]
[    0.67257]
[    0.67353]
[    0.67155]
[    0.66959]
[    0.67055]
[     0.6686]
[    0.66667]
[    0.66763]
[    0.66571]
[    0.66379]
[    0.66189]
[       0.66]
[    0.65812]
[    0.65625]
[    0.65439]
[    0.65254]
[     0.6507]
[    0.64888]
[    0.64706]
[    0.64525]
[    0.64345]
[    0.64167]
[    0.63989]
[    0.63812]
[    0.63636]
[    0.63462]
[    0.63288]
[    0.63115]
[    0.62943]
[    0.62772]
[    0.62602]
[    0.62432]
[    0.62264]
[    0.62097]
[     0.6193]
[    0.61765]
[      0.616]
[    0.61436]
[    0.61273]
[    0.61376]
[    0.61478]
[    0.61316]
[    0.61155]
[    0.60995]
[    0.60836]
[    0.60677]
[    0.60519]
[    0.60363]
[    0.60207]
[    0.60052]
[    0.59897]
[    0.59744]
[    0.59591]
[    0.59439]
[    0.59288]
[    0.59137]
[    0.58987]
[    0.58838]
[     0.5869]
[    0.58794]
[    0.58647]
[      0.585]
[    0.58603]
[    0.58458]
[    0.58313]
[    0.58168]
[    0.58025]
[    0.57882]
[     0.5774]
[    0.57598]
[    0.57457]
[    0.57317]
[    0.57178]
[    0.57039]
[    0.56901]
[    0.56763]
[    0.56627]
[     0.5649]
[    0.56355]
[     0.5622]
[    0.56325]
[     0.5619]
[    0.56057]
[    0.55924]
[    0.55792]
[     0.5566]
[    0.55529]
[    0.55399]
[    0.55269]
[     0.5514]
[    0.55012]
[    0.54884]
[    0.54756]
[     0.5463]
[    0.54503]
[    0.54378]
[    0.54253]
[    0.54128]
[    0.54005]
[    0.53881]
[    0.53986]
[    0.53864]
[    0.53741]
[     0.5362]
[    0.53499]
[    0.53378]
[    0.53483]
[    0.53363]
[    0.53244]
[    0.53125]
[    0.53007]
[    0.52889]
[    0.52772]
[    0.52655]
[    0.52539]
[    0.52423]
[    0.52308]
[    0.52412]
[    0.52298]
[    0.52183]
[     0.5207]
[    0.51957]
[    0.51844]
[    0.51732]
[    0.51836]
[    0.51724]
[    0.51613]
[    0.51502]
[    0.51392]
[    0.51282]
[    0.51173]
[    0.51277]
[    0.51168]
[    0.51059]
[    0.50951]
[    0.50844]
[    0.50737]
[     0.5063]
[    0.50524]
[    0.50418]
[    0.50313]
[    0.50208]
[    0.50104]
[        0.5]
[    0.49896]
[    0.49793]
[    0.49691]
[    0.49588]
[    0.49487]
[    0.49385]
[    0.49284]
[    0.49184]
[    0.49084]
[    0.48984]
[    0.48884]
[    0.48785]
[    0.48687]
[    0.48589]
[    0.48491]
[    0.48394]
[    0.48297]
[      0.482]
[    0.48104]
[    0.48008]
[    0.47913]
[    0.47817]
[    0.47723]
[    0.47628]
[    0.47535]
[    0.47441]
[    0.47348]
[    0.47255]
[    0.47162]
[     0.4707]
[    0.46979]
[    0.46887]
[    0.46796]
[    0.46705]
[    0.46615]
[    0.46525]
[    0.46435]
[    0.46346]
[    0.46449]
[     0.4636]
[    0.46272]
[    0.46374]
[    0.46286]
[    0.46198]
[     0.4611]
[    0.46023]
[    0.45936]
[    0.45849]
[    0.45763]
[    0.45677]
[    0.45591]
[    0.45506]
[    0.45421]
[    0.45336]
[    0.45251]
[    0.45167]
[    0.45083]
[       0.45]
[    0.44917]
[    0.44834]
[    0.44751]
[    0.44669]
[    0.44587]
[    0.44505]
[    0.44424]
[    0.44343]
[    0.44262]
[    0.44364]
[    0.44283]
[    0.44203]
[    0.44123]
[    0.44043]
[    0.43964]
[    0.43885]
[    0.43806]
[    0.43728]
[    0.43828]
[     0.4375]
[    0.43672]
[    0.43594]
[    0.43517]
[     0.4344]
[    0.43363]
[    0.43286]
[     0.4321]
[    0.43134]
[    0.43058]
[    0.42982]
[    0.42907]
[    0.42832]
[    0.42757]
[    0.42683]
[    0.42609]
[    0.42535]
[    0.42461]
[    0.42388]
[    0.42314]
[    0.42241]
[    0.42169]
[    0.42096]
[    0.42024]
[    0.41952]
[     0.4188]
[     0.4198]
[    0.41908]
[    0.41837]
[    0.41766]
[    0.41695]
[    0.41624]
[    0.41554]
[    0.41484]
[    0.41414]
[    0.41345]
[    0.41275]
[    0.41374]
[    0.41304]
[    0.41235]
[    0.41167]
[    0.41098]
[     0.4103]
[    0.40962]
[    0.40894]
[    0.40826]
[    0.40759]
[    0.40692]
[    0.40625]
[    0.40558]
[    0.40492]
[    0.40426]
[    0.40359]
[    0.40294]
[    0.40228]
[    0.40163]
[    0.40097]
[    0.40032]
[    0.39968]
[    0.39903]
[    0.39839]
[    0.39775]
[    0.39711]
[    0.39647]
[    0.39583]
[     0.3952]
[    0.39457]
[    0.39394]
[    0.39331]
[    0.39269]
[    0.39206]
[    0.39144]
[    0.39082]
[    0.39021]
[    0.38959]
[    0.38898]
[    0.38836]
[    0.38776]
[    0.38715]
[    0.38654]
[    0.38594]
[    0.38534]
[    0.38474]
[    0.38414]
[    0.38354]
[    0.38295]
[    0.38235]
[    0.38176]
[    0.38117]
[    0.38059]
[       0.38]
[    0.37942]
[    0.37883]
[    0.37825]
[    0.37768]
[     0.3771]
[    0.37652]
[    0.37595]
[    0.37538]
[    0.37481]
[    0.37424]
[    0.37368]
[    0.37311]
[    0.37255]
[    0.37199]
[    0.37143]
[    0.37087]
[    0.37031]
[    0.36976]
[    0.36921]
[    0.36866]
[    0.36811]
[    0.36756]
[    0.36701]
[    0.36647]
[    0.36593]
[    0.36538]
[    0.36484]
[    0.36431]
[    0.36377]
[    0.36324]
[     0.3627]
[    0.36217]
[    0.36164]
[    0.36111]
[    0.36058]
[    0.36006]
[    0.35953]
[    0.35901]
[    0.35849]
[    0.35797]
[    0.35745]
[    0.35694]
[    0.35786]
[    0.35735]
[    0.35683]
[    0.35632]
[    0.35581]
[     0.3553]
[    0.35479]
[    0.35429]
[    0.35378]
[    0.35328]
[    0.35277]
[    0.35227]
[    0.35177]
[    0.35127]
[    0.35078]
[    0.35028]
[    0.34979]
[     0.3493]
[     0.3488]
[    0.34972]
[    0.34923]
[    0.34874]
[    0.34825]
[    0.34777]
[    0.34728]
[     0.3468]
[    0.34631]
[    0.34583]
[    0.34535]
[    0.34488]
[     0.3444]
[    0.34392]
[    0.34345]
[    0.34298]
[     0.3425]
[    0.34203]
[    0.34156]
[     0.3411]
[    0.34063]
[    0.34016]
[    0.34106]
[     0.3406]
[    0.34014]
[    0.33967]
[    0.33921]
[    0.33875]
[    0.33829]
[    0.33784]
[    0.33738]
[    0.33693]
[    0.33647]
[    0.33602]
[    0.33557]
[    0.33512]
[    0.33467]
[    0.33422]
[    0.33378]
[    0.33333]
[    0.33289]
[    0.33245]
[    0.33201]
[    0.33156]
[    0.33113]
[    0.33069]
[    0.33025]
[    0.32982]
[    0.32938]
[    0.32895]
[    0.32852]
[    0.32808]
[    0.32765]
[    0.32723]
[     0.3268]
[    0.32637]
[    0.32595]
[    0.32552]
[     0.3251]
[    0.32468]
[    0.32425]
[    0.32383]
[    0.32342]
[    0.32429]
[    0.32387]
[    0.32345]
[    0.32304]
[    0.32262]
[    0.32221]
[    0.32179]
[    0.32138]
[    0.32097]
[    0.32056]
[    0.32015]
[    0.31975]
[    0.31934]
[    0.31893]
[    0.31853]
[    0.31812]
[    0.31772]
[    0.31732]
[    0.31692]
[    0.31652]
[    0.31612]
[    0.31572]
[    0.31533]
[    0.31493]
[    0.31454]
[    0.31414]
[    0.31375]
[    0.31336]
[    0.31297]
[    0.31258]
[    0.31219]
[     0.3118]
[    0.31141]
[    0.31103]
[    0.31064]
[    0.31026]
[    0.30988]
[    0.30949]
[    0.30911]
[    0.30873]
[    0.30835]
[    0.30798]
[     0.3076]
[    0.30722]
[    0.30685]
[    0.30647]
[     0.3061]
[    0.30572]
[    0.30535]
[    0.30498]
[    0.30461]
[    0.30424]
[    0.30387]
[    0.30351]
[    0.30314]
[    0.30277]
[    0.30241]
[    0.30205]
[    0.30168]
[    0.30132]
[    0.30096]
[     0.3006]
[    0.30024]
[    0.29988]
[    0.29952]
[    0.29917]
[    0.29881]
[    0.29845]
[     0.2981]
[    0.29775]
[    0.29739]
[    0.29704]
[    0.29669]
[    0.29634]
[    0.29599]
[    0.29564]
[    0.29529]
[    0.29495]
[     0.2946]
[    0.29426]
[    0.29391]
[    0.29474]
[    0.29439]
[    0.29405]
[    0.29371]
[    0.29336]
[    0.29302]
[    0.29268]
[    0.29234]
[      0.292]
[    0.29167]
[    0.29133]
[    0.29099]
[    0.29066]
[    0.29032]
[    0.28999]
[    0.28966]
[    0.28932]
[    0.28899]
[    0.28866]
[    0.28833]
[      0.288]
[    0.28767]
[    0.28734]
[    0.28702]
[    0.28669]
[    0.28636]
[    0.28604]
[    0.28571]
[    0.28539]
[    0.28507]
[    0.28475]
[    0.28442]
[     0.2841]
[    0.28378]
[    0.28346]
[    0.28315]
[    0.28395]
[    0.28363]
[    0.28331]
[      0.283]
[    0.28268]
[    0.28237]
[    0.28205]
[    0.28174]
[    0.28142]
[    0.28111]
[     0.2808]
[    0.28049]
[    0.28018]
[    0.27987]
[    0.27956]
[    0.27925]
[    0.27894]
[    0.27863]
[    0.27833]
[    0.27802]
[    0.27772]
[    0.27741]
[    0.27711]
[    0.27681]
[     0.2765]
[     0.2762]
[     0.2759]
[     0.2756]
[     0.2753]
[      0.275]
[     0.2747]
[     0.2744]
[    0.27411]
[    0.27381]
[    0.27351]
[    0.27322]
[    0.27292]
[    0.27263]
[    0.27234]
[    0.27204]
[    0.27175]
[    0.27146]
[    0.27117]
[    0.27088]
[    0.27059]
[     0.2703]
[    0.27001]
[    0.26972]
[    0.26944]
[    0.26915]
[    0.26886]
[    0.26858]
[    0.26829]
[    0.26801]
[    0.26772]
[    0.26744]
[    0.26716]
[    0.26688]
[     0.2666]
[    0.26632]
[    0.26604]
[    0.26576]
[    0.26548]
[     0.2652]
[    0.26492]
[    0.26464]
[    0.26437]
[    0.26409]
[    0.26382]
[    0.26354]
[    0.26327]
[    0.26299]
[    0.26272]
[    0.26245]
[    0.26218]
[     0.2619]
[    0.26163]
[    0.26136]
[    0.26109]
[    0.26082]
[    0.26056]
[    0.26029]
[    0.26002]
[    0.25975]
[    0.25949]
[    0.25922]
[    0.25896]
[    0.25869]
[    0.25843]
[    0.25816]
[     0.2579]
[    0.25764]
[    0.25738]
[    0.25711]
[    0.25685]
[    0.25659]
[    0.25633]
[    0.25607]
[    0.25581]
[    0.25556]
[     0.2553]
[    0.25504]
[    0.25478]
[    0.25453]
[    0.25427]
[    0.25402]
[    0.25376]
[    0.25351]
[    0.25325]
[      0.253]
[    0.25275]
[     0.2525]
[    0.25224]
[    0.25199]
[    0.25174]
[    0.25149]
[    0.25124]
[    0.25099]
[    0.25074]
[     0.2505]
[    0.25025]
[       0.25]
[    0.24975]
[    0.24951]
[    0.24926]
[    0.24902]
[    0.24877]
[    0.24853]
[    0.24828]
[    0.24804]
[     0.2478]
[    0.24755]
[    0.24731]
[    0.24707]
[    0.24683]
[    0.24659]
[    0.24635]
[    0.24611]
[    0.24587]
[    0.24563]
[    0.24539]
[    0.24516]
[    0.24492]
[    0.24468]
[    0.24444]
[    0.24421]
[    0.24397]
[    0.24374]
[     0.2435]
[    0.24327]
[    0.24304]
[     0.2428]
[    0.24257]
[    0.24234]
[    0.24211]
[    0.24187]
[    0.24164]
[    0.24141]
[    0.24118]
[    0.24095]
[    0.24072]
[    0.24049]
[    0.24027]
[    0.24004]
[    0.24076]
[    0.24053]
[     0.2403]
[    0.24008]
[    0.23985]
[    0.23962]
[     0.2394]
[    0.23917]
[    0.23895]
[    0.23872]
[     0.2385]
[    0.23827]
[    0.23805]
[    0.23783]
[    0.23761]
[    0.23738]
[    0.23716]
[    0.23694]
[    0.23672]
[     0.2365]
[    0.23628]
[    0.23606]
[    0.23584]
[    0.23562]
[     0.2354]
[    0.23519]
[    0.23497]
[    0.23475]
[    0.23453]
[    0.23432]
[     0.2341]
[    0.23389]
[    0.23367]
[    0.23346]
[    0.23324]
[    0.23303]
[    0.23281]
[     0.2326]
[    0.23239]
[    0.23218]
[    0.23196]
[    0.23175]
[    0.23245]
[    0.23224]
[    0.23203]
[    0.23182]
[    0.23161]
[     0.2314]
[    0.23119]
[    0.23098]
[    0.23077]
[    0.23056]
[    0.23035]
[    0.23014]
[    0.22994]
[    0.22973]
[    0.22952]
[    0.22932]
[    0.22911]
[     0.2289]
[     0.2287]
[    0.22849]
[    0.22829]
[    0.22809]
[    0.22788]
[    0.22768]
[    0.22748]
[    0.22727]
[    0.22707]
[    0.22687]
[    0.22667]
[    0.22647]
[    0.22626]
[    0.22606]
[    0.22586]
[    0.22566]
[    0.22546]
[    0.22527]
[    0.22507]
[    0.22487]
[    0.22467]
[    0.22535]
[    0.22515]
[    0.22496]
[    0.22476]
[    0.22456]
[    0.22436]
[    0.22417]
[    0.22397]
[    0.22378]
[    0.22358]
[    0.22339]
[    0.22319]
[      0.223]
[     0.2228]
[    0.22261]
[    0.22242]
[    0.22222]
[    0.22203]
[    0.22184]
[    0.22165]
[    0.22145]
[    0.22126]
[    0.22107]
[    0.22088]
[    0.22069]
[     0.2205]
[    0.22031]
[    0.22012]
[    0.21993]
[    0.21974]
[    0.21955]
[    0.21937]
[    0.21918]
[    0.21899]
[     0.2188]
[    0.21862]
[    0.21843]
[    0.21824]
[    0.21806]
[    0.21787]
[    0.21769]
[     0.2175]
[    0.21732]
[    0.21713]
[    0.21695]
[    0.21677]
[    0.21658]
[     0.2164]
[    0.21622]
[    0.21603]
[    0.21585]
[    0.21567]
[    0.21549]
[    0.21531]
[    0.21513]
[    0.21495]
[    0.21477]
[    0.21459]
[    0.21441]
[    0.21423]
[    0.21405]
[    0.21387]
[    0.21369]
[    0.21351]
[    0.21333]
[    0.21316]
[    0.21298]
[     0.2128]
[    0.21262]
[    0.21245]
[    0.21227]
[     0.2121]
[    0.21192]
[    0.21175]
[    0.21157]
[     0.2114]
[    0.21122]
[    0.21105]
[    0.21087]
[     0.2107]
[    0.21053]
[    0.21035]
[    0.21018]
[    0.21001]
[    0.20984]
[    0.20966]
[    0.20949]
[    0.20932]
[    0.20915]
[    0.20898]
[    0.20881]
[    0.20864]
[    0.20847]
[     0.2083]
[    0.20813]
[    0.20796]
[    0.20779]
[    0.20762]
[    0.20746]
[    0.20729]
[    0.20712]
[    0.20695]
[    0.20679]
[    0.20662]
[    0.20645]
[    0.20629]
[    0.20612]
[    0.20595]
[    0.20579]
[    0.20562]
[    0.20546]
[    0.20529]
[    0.20513]
[    0.20496]
[     0.2048]
[    0.20464]
[    0.20447]
[    0.20431]
[    0.20415]
[    0.20398]
[    0.20382]
[    0.20366]
[     0.2035]
[    0.20334]
[    0.20317]
[    0.20301]
[    0.20285]
[    0.20269]
[    0.20253]
[    0.20237]
[    0.20221]
[    0.20205]
[    0.20189]
[    0.20173]
[    0.20157]
[    0.20142]
[    0.20126]
[     0.2011]
[    0.20094]
[    0.20078]
[    0.20063]
[    0.20047]
[    0.20031]
[    0.20016]
[        0.2]
[    0.19984]
[    0.19969]
[    0.19953]
[    0.19938]
[    0.19922]
[    0.19907]
[    0.19891]
[    0.19876]
[     0.1986]
[    0.19845]
[     0.1983]
[    0.19814]
[    0.19799]
[    0.19784]
[    0.19768]
[    0.19753]
[    0.19738]
[    0.19723]
[    0.19707]
[    0.19692]
[    0.19677]
[    0.19662]
[    0.19647]
[    0.19632]
[    0.19617]
[    0.19602]
[    0.19587]
[    0.19572]
[    0.19557]
[    0.19542]
[    0.19527]
[    0.19512]
[    0.19497]
[    0.19482]
[    0.19468]
[    0.19453]
[    0.19438]
[    0.19423]
[    0.19409]
[    0.19394]
[    0.19379]
[    0.19365]
[     0.1935]
[    0.19335]
[    0.19321]
[    0.19306]
[    0.19292]
[    0.19277]
[    0.19263]
[    0.19248]
[    0.19234]
[    0.19219]
[    0.19205]
[     0.1919]
[    0.19176]
[    0.19162]
[    0.19147]
[    0.19133]
[    0.19119]
[    0.19104]
[     0.1909]
[    0.19076]
[    0.19062]
[    0.19048]
[    0.19033]
[    0.19019]
[    0.19005]
[    0.18991]
[    0.18977]
[    0.18963]
[    0.18949]
[    0.18935]
[    0.18921]
[    0.18907]
[    0.18893]
[    0.18879]
[    0.18865]
[    0.18851]
[    0.18837]
[    0.18824]
[     0.1881]
[    0.18796]
[    0.18782]
[    0.18768]
[    0.18755]
[    0.18741]
[    0.18727]
[    0.18713]
[      0.187]
[    0.18686]
[    0.18673]
[    0.18659]
[    0.18645]
[    0.18632]
[    0.18618]
[    0.18605]
[    0.18591]
[    0.18578]
[    0.18564]
[    0.18551]
[    0.18537]
[    0.18524]
[     0.1851]
[    0.18497]
[    0.18484]
[     0.1847]
[    0.18457]
[    0.18444]
[    0.18431]
[    0.18417]
[    0.18404]
[    0.18391]
[    0.18378]
[    0.18364]
[    0.18351]
[    0.18338]
[    0.18325]
[    0.18312]
[    0.18299]
[    0.18286]
[    0.18273]
[     0.1826]
[    0.18247]
[    0.18234]
[    0.18221]
[    0.18208]
[    0.18195]
[    0.18182]
[    0.18169]
[    0.18156]
[    0.18143]
[     0.1813]
[    0.18117]
[    0.18105]
[    0.18092]
[    0.18079]
[    0.18066]
[    0.18054]
[    0.18041]
[    0.18028]
[    0.18015]
[    0.18003]
[     0.1799]
[    0.17978]
[    0.17965]
[    0.17952]
[     0.1794]
[    0.17927]
[    0.17915]
[    0.17902]
[     0.1789]
[    0.17877]
[    0.17865]
[    0.17852]
[     0.1784]
[    0.17827]
[    0.17815]
[    0.17803]
[     0.1779]
[    0.17778]
[    0.17765]
[    0.17753]
[    0.17741]
[    0.17729]
[    0.17716]
[    0.17704]
[    0.17692]
[     0.1768]
[    0.17667]
[    0.17655]
[    0.17643]
[    0.17631]
[    0.17619]
[    0.17607]
[    0.17595]
[    0.17582]
[     0.1757]
[    0.17558]
[    0.17546]
[    0.17534]
[    0.17522]
[     0.1751]
[    0.17498]
[    0.17486]
[    0.17474]
[    0.17462]
[    0.17451]
[    0.17439]
[    0.17427]
[    0.17415]
[    0.17403]
[    0.17391]
[    0.17379]
[    0.17368]
[    0.17356]
[    0.17344]
[    0.17332]
[    0.17388]
[    0.17377]
[    0.17432]
[    0.17421]
[    0.17409]
[    0.17397]
[    0.17385]
[    0.17374]
[    0.17362]
[     0.1735]
[    0.17339]
[    0.17327]
[    0.17315]
[    0.17304]
[    0.17359]
[    0.17348]
[    0.17336]
[    0.17324]
[    0.17313]
[    0.17301]
[     0.1729]
[    0.17278]
[    0.17267]
[    0.17255]
[    0.17244]
[    0.17232]
[    0.17221]
[    0.17209]
[    0.17198]
[    0.17186]
[    0.17175]
[    0.17164]
[    0.17152]
[    0.17141]
[     0.1713]
[    0.17118]
[    0.17107]
[    0.17096]
[    0.17084]
[    0.17073]
[    0.17062]
[    0.17051]
[    0.17039]
[    0.17028]
[    0.17017]
[    0.17006]
[    0.16995]
[    0.16984]
[    0.16972]
[    0.16961]
[     0.1695]
[    0.16939]
[    0.16928]
[    0.16917]
[    0.16906]
[    0.16895]
[    0.16884]
[    0.16873]
[    0.16862]
[    0.16851]
[     0.1684]
[    0.16829]
[    0.16818]
[    0.16807]
[    0.16796]
[    0.16785]
[    0.16775]
[    0.16764]
[    0.16753]
[    0.16742]
[    0.16731]
[     0.1672]
[     0.1671]
[    0.16699]
[    0.16688]
[    0.16677]
[    0.16667]
[    0.16656]
[    0.16645]
[    0.16635]
[    0.16624]
[    0.16613]
[    0.16603]
[    0.16592]
[    0.16581]
[    0.16571]
[     0.1656]
[     0.1655]
[    0.16539]
[    0.16528]
[    0.16518]
[    0.16507]
[    0.16497]
[    0.16486]
[    0.16476]
[    0.16465]
[    0.16455]
[    0.16444]
[    0.16434]
[    0.16424]
[    0.16413]
[    0.16403]
[    0.16392]
[    0.16382]
[    0.16372]
[    0.16361]
[    0.16351]
[    0.16341]
[     0.1633]
[     0.1632]
[     0.1631]
[      0.163]
[    0.16289]
[    0.16279]
[    0.16269]
[    0.16259]
[    0.16248]
[    0.16238]
[    0.16228]
[    0.16218]
[    0.16208]
[    0.16198]
[    0.16187]
[    0.16177]
[    0.16167]
[    0.16157]
[    0.16147]
[    0.16137]
[    0.16127]
[    0.16117]
[    0.16107]
[    0.16097]
[    0.16087]
[    0.16077]
[    0.16067]
[    0.16057]
[    0.16047]
[    0.16037]
[    0.16027]
[    0.16017]
[    0.16007]
[    0.15998]
[    0.15988]
[    0.15978]
[    0.15968]
[    0.15958]
[    0.15948]
[    0.15938]
[    0.15929]
[    0.15919]
[    0.15909]
[    0.15899]
[     0.1589]
[     0.1588]
[     0.1587]
[     0.1586]
[    0.15851]
