     0/299     7.81G      7.74      31.6         0      39.3        12       608         0         0      0.02         0      6.75      1.66         0
     1/299     7.81G      5.84      2.12         0      7.96        14       608         0         0         0         0      5.85      1.61         0
     2/299     7.81G      5.28       1.8         0      7.09         5       608         0         0  0.000385         0      5.35       1.4         0
     3/299     7.81G       4.8      1.64         0      6.43        13       608         0         0    0.0914         0      4.67      1.19         0
     4/299     7.81G      4.35       1.4         0      5.75        14       608         0         0      0.25         0       4.1      1.04         0
     5/299     7.81G      4.19      1.29         0      5.48         6       608         0         0     0.332         0      4.19     0.899         0
     6/299     7.81G      4.24      1.05         0       5.3        11       608         0         0    0.0521         0      4.69      1.84         0
     7/299     7.81G      4.26     0.924         0      5.18        10       608         0         0    0.0144         0      4.08      6.92         0
     8/299     7.81G      4.33     0.868         0       5.2         5       608         0         0    0.0378         0      3.84      1.11         0
     9/299     7.81G      3.82     0.881         0       4.7        10       608     0.516     0.217     0.373     0.306      4.01     0.653         0
    10/299     7.81G       4.8     0.803         0      5.61        11       608         0         0    0.0573         0      4.19     0.813         0
    11/299     7.81G      3.88     0.866         0      4.75         4       608     0.771     0.119      0.44     0.207      3.81     0.663         0
    12/299     7.81G      3.87     0.694         0      4.57        11       608      0.77     0.168     0.543     0.276      3.54     0.626         0
    13/299     7.81G      4.24     0.706         0      4.94        10       608         1    0.0118     0.424    0.0233      3.86     0.668         0
    14/299     7.81G      3.76     0.836         0      4.59         4       608         1   0.00885     0.534    0.0175      3.53     0.705         0
    15/299     7.81G      3.81     0.762         0      4.57        12       608         0         0     0.233         0      4.98     0.568         0
    16/299     7.81G      3.97     0.802         0      4.78        12       608         1   0.00885      0.62    0.0175      3.65     0.652         0
    17/299     7.81G       3.7     0.726         0      4.43         5       608         1    0.0159     0.451    0.0313      3.86     0.646         0
    18/299     7.81G      3.21      0.73         0      3.94        14       608     0.679     0.019     0.428     0.037      4.21       0.6         0
    19/299     7.81G      4.12     0.656         0      4.78        10       608         1   0.00885     0.534    0.0175         4     0.606         0
    20/299     7.81G      3.49     0.771         0      4.26         4       608  0.000488    0.0265   0.00313  0.000958       5.4      40.8         0
    21/299     7.81G      3.86     0.721         0      4.58        12       608    0.0305   0.00885    0.0227    0.0137      4.47     0.605         0
    22/299     7.81G      3.63      0.62         0      4.25         9       608     0.138    0.0973      0.11     0.114      4.27     0.539         0
    23/299     7.81G      3.59     0.604         0      4.19         5       608      0.76     0.168     0.488     0.275      4.36     0.512         0
    24/299     7.81G      3.45     0.622         0      4.07        11       608     0.561     0.215     0.362     0.311      3.89     0.811         0
    25/299     7.81G       3.6     0.586         0      4.19        14       608     0.657     0.177      0.42     0.279      3.82     0.502         0
    26/299     7.81G      3.39     0.572         0      3.96         6       608     0.848     0.198     0.599     0.321      4.12     0.458         0
    27/299     7.81G      3.73     0.583         0      4.31        10       608     0.798     0.384     0.554     0.519      3.67     0.502         0
    28/299     7.81G      3.18     0.569         0      3.74        10       608      0.64     0.504     0.482     0.564      3.99     0.487         0
    29/299     7.81G      3.23     0.548         0      3.77         2       608       0.5     0.221     0.406     0.306      3.62      0.52         0
    30/299     7.81G      3.09     0.527         0      3.62        12       608     0.813     0.309     0.621     0.448      3.27     0.467         0
    31/299     7.81G      3.09     0.496         0      3.58        15       608     0.936     0.259     0.688     0.405      3.64     0.453         0
    32/299     7.81G      2.87      0.49         0      3.36         5       608     0.623     0.558      0.59     0.588      3.55     0.413         0
    33/299     7.81G      3.28     0.491         0      3.77        11       608       0.9     0.477     0.743     0.623      3.23     0.411         0
    34/299     7.81G      3.14     0.501         0      3.64        13       608      0.89     0.573     0.732     0.697      3.49     0.382         0
    35/299     7.81G      2.91     0.472         0      3.38         6       608     0.963      0.46     0.785     0.623      3.27       0.4         0
    36/299     7.81G         3       0.5         0       3.5        12       608     0.976     0.364     0.768     0.531       3.2     0.443         0
    37/299     7.81G      2.81      0.48         0      3.28        12       608     0.839     0.504     0.729      0.63      3.11     0.416         0
    38/299     7.81G      2.97     0.447         0      3.41         3       608     0.946     0.372     0.776     0.534      3.04      0.45         0
    39/299     7.81G      2.86     0.495         0      3.36        10       608      0.93     0.353     0.766     0.511      3.27     0.441         0
    40/299     7.81G      2.56     0.495         0      3.05        14       608     0.788      0.56     0.677     0.655      3.22     0.435         0
    41/299     7.81G      2.69     0.425         0      3.11         4       608     0.769     0.566     0.687     0.652      3.39     0.398         0
    42/299     7.81G      2.65     0.434         0      3.08        13       608     0.884     0.504     0.782     0.642      3.09     0.397         0
    43/299     7.81G      2.71     0.426         0      3.14        14       608     0.964      0.48     0.826     0.641      3.06     0.397         0
    44/299     7.81G      2.56     0.431         0      2.99         4       608      0.92     0.608     0.858     0.732      3.08     0.356         0
    45/299     7.81G      2.76     0.427         0      3.19        14       608     0.938     0.671     0.873     0.782      3.36     0.345         0
    46/299     7.81G      2.63     0.438         0      3.07        10       608         1     0.588     0.888     0.741      3.08     0.381         0
    47/299     7.81G      2.36     0.394         0      2.75         3       608     0.959     0.614     0.911     0.748       2.8     0.372         0
    48/299     7.81G      2.55     0.403         0      2.95        11       608     0.955     0.646     0.874     0.771      2.92      0.36         0
    49/299     7.81G      2.44     0.414         0      2.86        10       608     0.972      0.61     0.875     0.749      2.75     0.372         0
    50/299     7.81G      2.44     0.387         0      2.83         4       608     0.932      0.61      0.82     0.738      2.92     0.381         0
    51/299     7.81G      2.51     0.382         0       2.9        13       608     0.926     0.637     0.814     0.755      2.93     0.392         0
    52/299     7.81G      2.48     0.379         0      2.86        10       608     0.967     0.655     0.837     0.781      2.86     0.402         0
    53/299     7.81G      2.28     0.394         0      2.67         3       608     0.875     0.752      0.86     0.809      2.91     0.356         0
    54/299     7.81G      2.57     0.414         0      2.99        10       608     0.894     0.745     0.866     0.813      2.86     0.362         0
    55/299     7.81G      2.41      0.39         0       2.8        11       608     0.965     0.734     0.877     0.834      3.11     0.352         0
    56/299     7.81G      2.58     0.342         0      2.93         3       608     0.946     0.625     0.864     0.753      2.79     0.373         0
    57/299     7.81G      2.25     0.386         0      2.63        10       608     0.914     0.753     0.859     0.826      2.63     0.345         0
    58/299     7.81G      2.22     0.395         0      2.62        13       608     0.911     0.743      0.87     0.819      2.75     0.335         0
    59/299     7.81G      2.21      0.37         0      2.58         4       608     0.948     0.643     0.857     0.767      2.68      0.37         0
    60/299     7.81G      2.23     0.382         0      2.61        11       608     0.928     0.686     0.858     0.789      2.61     0.353         0
    61/299     7.81G      2.22      0.33         0      2.55        12       608     0.722     0.796     0.795     0.757      2.99     0.337         0
    62/299     7.81G      2.47     0.384         0      2.86         3       608     0.908     0.717     0.852     0.801      2.56     0.358         0
    63/299     7.81G      2.08     0.372         0      2.45        11       608     0.838     0.777     0.869     0.807      2.59     0.328         0
    64/299     7.81G       2.4     0.358         0      2.76        10       608     0.919     0.705     0.886     0.798       2.8     0.343         0
    65/299     7.81G      2.23     0.414         0      2.64         6       608     0.941     0.704     0.863     0.806      2.77     0.358         0
    66/299     7.81G      2.44     0.384         0      2.83        10       608     0.827    0.0426     0.113     0.081      5.58     0.718         0
    67/299     7.81G      2.22     0.393         0      2.62        10       608     0.897     0.384     0.541     0.538      3.66     0.467         0
    68/299     7.81G      2.27     0.371         0      2.64         3       608     0.864      0.54     0.715     0.665      3.28     0.409         0
    69/299     7.81G      2.13     0.345         0      2.48        10       608     0.883     0.558     0.694     0.684      3.25     0.426         0
    70/299     7.81G      2.08     0.366         0      2.45         8       608     0.809     0.646     0.741     0.718      3.06     0.392         0
    71/299     7.81G      2.15      0.39         0      2.54         5       608     0.793      0.69      0.78     0.738      2.85     0.378         0
    72/299     7.81G      2.08      0.36         0      2.44        11       608     0.761     0.735     0.761     0.747      3.03     0.356         0
    73/299     7.81G      2.15     0.379         0      2.53        12       608     0.849     0.749     0.815     0.796      2.77     0.344         0
    74/299     7.81G      2.07     0.351         0      2.42         5       608      0.85     0.754     0.849       0.8      2.86     0.333         0
    75/299     7.81G      2.16     0.346         0       2.5        11       608     0.904     0.673     0.805     0.771      2.97     0.376         0
    76/299     7.81G      2.18     0.383         0      2.56        12       608     0.861     0.735     0.848     0.793      2.72     0.356         0
    77/299     7.81G      1.95     0.354         0      2.31         7       608     0.831      0.77     0.821     0.799      2.65     0.344         0
    78/299     7.81G      1.92     0.318         0      2.24        10       608     0.889      0.77     0.854     0.825      2.67     0.328         0
    79/299     7.81G      1.95     0.358         0      2.31        11       608     0.942     0.718     0.828     0.815      2.52     0.338         0
    80/299     7.81G      1.85     0.317         0      2.17         4       608     0.924     0.796     0.882     0.856      2.56     0.314         0
    81/299     7.81G      1.97     0.326         0      2.29        11       608     0.927     0.805     0.898     0.862      2.54     0.307         0
    82/299     7.81G      1.96     0.318         0      2.28        11       608     0.978     0.802     0.934     0.881      2.59     0.322         0
    83/299     7.81G      2.06     0.309         0      2.37         4       608     0.977     0.763     0.901     0.857      2.42     0.331         0
    84/299     7.81G      1.91     0.317         0      2.22         9       608     0.977     0.768     0.879      0.86      2.62     0.316         0
    85/299     7.81G      2.12     0.343         0      2.46        12       608     0.964     0.714     0.885     0.821      2.48      0.34         0
    86/299     7.81G      1.89     0.367         0      2.26         3       608     0.932     0.731     0.883      0.82      2.51      0.32         0
    87/299     7.81G      2.01     0.304         0      2.32        12       608     0.895     0.751     0.882     0.816      2.77     0.325         0
    88/299     7.81G      1.82     0.326         0      2.15        10       608     0.917     0.778     0.897     0.842      2.56     0.324         0
    89/299     7.81G      1.91     0.295         0       2.2         1       608      0.89     0.789     0.887     0.836      2.52      0.31         0
    90/299     7.81G      1.79     0.319         0      2.11         8       608     0.842     0.823     0.901     0.832      2.48     0.303         0
    91/299     7.81G      1.92     0.299         0      2.22        10       608     0.896     0.835     0.912     0.864      2.39     0.304         0
    92/299     7.81G      1.83     0.286         0      2.12         4       608     0.867     0.805     0.908     0.835      2.37     0.326         0
    93/299     7.81G      1.82     0.301         0      2.12         6       608     0.878      0.77     0.889      0.82      2.43     0.344         0
    94/299     7.81G      1.79     0.294         0      2.09        11       608     0.876     0.747      0.88     0.806      2.56     0.347         0
    95/299     7.81G      1.86     0.318         0      2.18         3       608     0.903     0.735     0.869      0.81      2.52     0.346         0
    96/299     7.81G       1.7     0.303         0      2.01         7       608     0.864     0.785     0.894     0.823      2.56     0.316         0
    97/299     7.81G      1.72     0.292         0      2.01        13       608     0.887     0.832     0.896     0.859      2.52     0.314         0
    98/299     7.81G       1.7     0.274         0      1.97         4       608     0.867     0.807     0.883     0.836      2.44     0.317         0
    99/299     7.81G      1.71     0.319         0      2.03         9       608     0.896     0.814     0.888     0.853      2.44     0.316         0
   100/299     7.81G       1.7     0.293         0         2         9       608     0.891     0.796     0.878     0.841      2.51     0.323         0
   101/299     7.81G      1.68     0.296         0      1.97         3       608     0.896     0.766     0.878     0.826      2.42     0.331         0
   102/299     7.81G      1.65      0.29         0      1.94         9       608     0.915     0.758     0.882     0.829      2.38     0.338         0
   103/299     7.81G      1.77     0.272         0      2.04        14       608     0.902     0.737     0.889     0.811      2.34     0.333         0
   104/299     7.81G      1.48     0.296         0      1.78         4       608     0.895     0.833     0.907     0.863      2.28      0.32         0
   105/299     7.81G      1.57     0.307         0      1.88        13       608     0.876     0.805     0.886     0.839      2.27     0.316         0
   106/299     7.81G      1.55     0.253         0       1.8        13       608     0.892     0.832     0.899     0.861      2.35     0.318         0
   107/299     7.81G       1.7     0.272         0      1.98         3       608     0.926     0.771       0.9     0.841      2.33     0.327         0
   108/299     7.81G      1.68      0.28         0      1.96         9       608     0.941     0.711     0.906      0.81      2.34     0.345         0
   109/299     7.81G      1.53     0.276         0      1.81         8       608     0.937      0.77     0.927     0.845      2.28     0.313         0
   110/299     7.81G      1.66     0.267         0      1.93         4       608     0.928     0.802     0.926     0.861      2.32     0.312         0
   111/299     7.81G      1.66     0.272         0      1.94        12       608      0.92     0.814     0.927     0.864      2.28     0.311         0
   112/299     7.81G      1.59     0.286         0      1.87        11       608      0.92     0.811     0.927     0.862      2.26     0.301         0
   113/299     7.81G      1.58     0.272         0      1.85         5       608     0.912     0.867     0.928     0.889      2.39      0.29         0
   114/299     7.81G       1.6      0.28         0      1.88        12       608     0.933     0.861      0.93     0.895      2.32     0.293         0
   115/299     7.81G      1.49     0.265         0      1.75         7       608     0.921     0.841     0.896     0.879      2.43     0.289         0
   116/299     7.81G      1.59     0.268         0      1.86         3       608     0.939     0.811     0.908      0.87      2.27     0.295         0
   117/299     7.81G      1.46     0.268         0      1.73        14       608     0.939     0.823     0.903     0.877       2.3     0.299         0
   118/299     7.81G       1.6     0.251         0      1.85         9       608     0.926     0.823     0.916     0.872      2.34     0.305         0
   119/299     7.81G      1.46     0.271         0      1.73         4       608     0.948     0.809     0.905     0.873       2.3     0.313         0
   120/299     7.81G      1.37     0.259         0      1.63        10       608     0.925     0.765     0.891     0.838      2.36     0.328         0
   121/299     7.81G       1.5     0.302         0      1.81        13       608     0.915     0.796     0.895     0.851      2.32     0.301         0
   122/299     7.81G      1.57     0.237         0      1.81         6       608     0.881     0.743     0.884     0.806      2.33     0.312         0
   123/299     7.81G      1.34     0.261         0       1.6         9       608     0.917      0.77     0.905     0.837      2.29     0.308         0
   124/299     7.81G      1.45     0.242         0       1.7        12       608     0.909     0.805     0.904     0.854      2.34       0.3         0
   125/299     7.81G      1.55     0.247         0       1.8         3       608     0.928     0.801     0.908      0.86      2.28     0.314         0
   126/299     7.81G      1.38     0.267         0      1.65        13       608     0.911     0.805      0.91     0.855      2.28     0.313         0
   127/299     7.81G      1.46     0.235         0      1.69        11       608      0.94     0.833      0.93     0.883      2.23     0.306         0
   128/299     7.81G      1.46     0.234         0       1.7         5       608      0.94     0.826      0.93     0.879      2.38     0.308         0
   129/299     7.81G      1.32     0.244         0      1.56        12       608     0.939     0.832     0.911     0.882      2.34     0.303         0
   130/299     7.81G      1.28     0.272         0      1.55        13       608     0.894     0.832     0.901     0.862      2.27     0.292         0
   131/299     7.81G      1.38      0.25         0      1.64         3       608     0.891     0.799     0.896     0.843      2.24     0.292         0
   132/299     7.81G       1.3     0.239         0      1.54        13       608     0.866     0.797     0.873      0.83      2.32      0.29         0
   133/299     7.81G      1.39     0.244         0      1.64        10       608     0.904     0.841     0.884     0.871      2.25     0.284         0
   134/299     7.81G      1.48     0.242         0      1.72         4       608     0.897     0.844     0.896     0.869       2.3     0.286         0
   135/299     7.81G      1.36     0.252         0      1.61         9       608     0.912      0.83     0.906     0.869      2.24     0.296         0
   136/299     7.81G      1.28     0.237         0      1.52        13       608     0.906     0.852     0.911     0.878       2.2     0.293         0
   137/299     7.81G      1.38     0.243         0      1.62         5       608     0.887     0.834     0.908      0.86      2.22     0.295         0
   138/299     7.81G      1.34     0.252         0       1.6        12       608     0.892     0.807      0.91     0.847      2.18     0.308         0
   139/299     7.81G      1.31     0.247         0      1.56        13       608     0.919     0.803     0.915     0.857      2.15     0.317         0
   140/299     7.81G      1.25     0.248         0       1.5         4       608     0.932     0.841     0.929     0.884       2.1     0.302         0
   141/299     7.81G      1.34     0.233         0      1.58        12       608     0.916     0.876     0.927     0.896      2.17     0.296         0
   142/299     7.81G      1.35     0.227         0      1.58        11       608     0.935     0.841     0.928     0.885      2.17     0.295         0
   143/299     7.81G      1.31     0.222         0      1.53         5       608     0.906     0.832     0.911     0.867      2.17      0.29         0
   144/299     7.81G      1.19     0.244         0      1.44        12       608     0.898     0.859     0.924     0.878      2.18     0.277         0
   145/299     7.81G      1.35     0.232         0      1.58        13       608     0.904     0.837     0.927     0.869      2.22     0.282         0
   146/299     7.81G      1.24     0.213         0      1.45         5       608      0.93     0.821     0.931     0.872      2.19      0.29         0
   147/299     7.81G      1.25     0.208         0      1.46         7       608     0.932     0.844     0.929     0.885      2.23     0.289         0
   148/299     7.81G      1.27     0.221         0      1.49        12       608     0.932     0.843     0.927     0.885      2.18     0.286         0
   149/299     7.81G      1.16     0.234         0      1.39         2       608     0.898      0.86     0.929     0.879      2.23     0.282         0
   150/299     7.81G       1.2     0.221         0      1.42        12       608     0.884      0.88     0.923     0.882      2.17     0.285         0
   151/299     7.81G       1.2      0.22         0      1.42        11       608       0.9     0.872     0.936     0.886      2.15     0.286         0
   152/299     7.81G      1.26      0.25         0      1.51         6       608     0.913     0.876     0.924     0.894      2.12     0.283         0
   153/299     7.81G      1.21     0.213         0      1.42         9       608     0.875     0.867     0.917     0.871      2.15     0.279         0
   154/299     7.81G      1.25     0.209         0      1.46         7       608     0.884      0.88     0.906     0.882      2.12     0.278         0
   155/299     7.81G      1.13     0.206         0      1.33         4       608     0.897     0.841     0.905     0.868      2.11     0.283         0
   156/299     7.81G      1.09     0.199         0      1.29        14       608     0.881     0.854     0.913     0.867      2.12     0.283         0
   157/299     7.81G       1.1     0.229         0      1.33        10       608     0.891     0.872     0.918     0.882      2.11      0.28         0
   158/299     7.81G      1.14     0.217         0      1.35         4       608     0.899     0.867     0.934     0.883       2.1     0.278         0
   159/299     7.81G      1.08     0.198         0      1.28        11       608     0.903     0.867     0.933     0.885      2.08      0.27         0
   160/299     7.81G      1.14     0.196         0      1.33        12       608     0.903     0.858     0.925      0.88      2.07     0.269         0
   161/299     7.81G      1.14     0.214         0      1.35         4       608     0.906     0.848     0.921     0.876      2.09     0.274         0
   162/299     7.81G      1.14     0.206         0      1.35         7       608     0.908      0.85      0.92     0.878      2.07     0.284         0
   163/299     7.81G       1.1     0.203         0       1.3        11       608     0.904      0.83     0.913     0.865      2.11     0.299         0
   164/299     7.81G      1.19     0.226         0      1.42         3       608     0.894      0.85     0.916     0.871       2.1     0.282         0
   165/299     7.81G      1.18     0.205         0      1.39        12       608     0.886     0.827     0.924     0.855      2.14     0.279         0
   166/299     7.81G      1.17     0.194         0      1.37        12       608     0.889     0.847      0.92     0.867      2.11     0.279         0
   167/299     7.81G      1.11     0.213         0      1.32         4       608     0.883     0.832     0.904     0.857      2.05     0.288         0
   168/299     7.81G      1.15     0.201         0      1.35         8       608     0.891     0.858     0.927     0.874      2.02     0.288         0
   169/299     7.81G      1.09     0.198         0      1.29         7       608     0.887     0.876      0.93     0.882      2.04     0.288         0
   170/299     7.81G      1.08     0.228         0      1.31         5       608     0.861     0.876     0.925     0.868      2.08     0.287         0
   171/299     7.81G      1.03     0.206         0      1.24        10       608     0.874     0.862     0.911     0.868      2.13     0.285         0
   172/299     7.81G      1.07     0.201         0      1.28         8       608     0.911     0.858     0.922     0.884      2.13     0.282         0
   173/299     7.81G      1.05     0.203         0      1.26         4       608     0.915     0.856      0.92     0.884      2.14     0.281         0
   174/299     7.81G      1.12     0.189         0      1.31        13       608     0.914      0.85     0.925     0.881      2.17     0.286         0
   175/299     7.81G      1.03     0.197         0      1.23        13       608     0.906      0.85      0.92     0.877      2.13     0.285         0
   176/299     7.81G      0.93     0.202         0      1.13         4       608     0.917     0.867     0.919     0.891      2.13     0.277         0
   177/299     7.81G      1.04     0.193         0      1.23         9       608       0.9     0.878     0.922     0.889      2.13     0.277         0
   178/299     7.81G     0.941     0.196         0      1.14        13       608     0.894       0.9     0.934     0.897      2.09     0.271         0
   179/299     7.81G      1.03     0.213         0      1.25         4       608      0.89     0.912     0.933     0.901      2.07     0.273         0
   180/299     7.81G     0.986     0.193         0      1.18        13       608     0.881     0.917     0.918     0.899      2.06     0.277         0
   181/299     7.81G      1.01      0.21         0      1.22        10       608     0.872      0.92     0.909     0.895      2.03     0.276         0
   182/299     7.81G     0.969     0.196         0      1.16         3       608     0.904     0.947     0.934     0.925      2.04     0.277         0
   183/299     7.81G     0.982     0.183         0      1.16        11       608     0.899     0.929     0.933     0.914      2.04     0.284         0
   184/299     7.81G     0.949     0.195         0      1.14        10       608      0.91     0.876     0.932     0.893      2.09     0.285         0
   185/299     7.81G     0.928     0.176         0       1.1         5       608     0.912      0.85     0.941      0.88      2.07      0.28         0
   186/299     7.81G     0.947     0.189         0      1.14         9       608     0.905     0.845      0.93     0.874      2.04     0.281         0
   187/299     7.81G     0.891     0.187         0      1.08        10       608     0.886     0.876     0.931     0.881      2.01     0.276         0
   188/299     7.81G         1     0.194         0      1.19         6       608      0.91     0.885     0.943     0.898      2.02     0.269         0
   189/299     7.81G      1.01     0.197         0      1.21        11       608     0.917     0.884     0.944     0.901         2     0.267         0
   190/299     7.81G     0.984     0.188         0      1.17        11       608      0.91      0.89      0.94     0.899         2     0.268         0
   191/299     7.81G     0.854     0.187         0      1.04         4       608       0.9     0.874      0.93     0.887      1.98      0.27         0
   192/299     7.81G       0.9     0.188         0      1.09        12       608     0.907     0.885     0.945     0.896      1.99     0.273         0
   193/299     7.81G     0.938     0.181         0      1.12        12       608     0.908     0.876     0.944     0.892      1.99     0.277         0
   194/299     7.81G     0.853     0.165         0      1.02         3       608     0.899     0.864     0.943     0.881      2.01     0.278         0
   195/299     7.81G     0.874     0.176         0      1.05         9       608     0.916     0.873     0.944     0.894         2      0.28         0
   196/299     7.81G     0.873     0.168         0      1.04        17       608     0.902     0.876     0.929     0.889      2.06     0.281         0
   197/299     7.81G      0.91      0.16         0      1.07         4       608     0.897     0.867     0.925     0.882      2.04     0.275         0
   198/299     7.81G     0.823     0.169         0     0.993        10       608     0.898      0.86     0.926     0.879      2.03     0.278         0
   199/299     7.81G     0.914     0.179         0      1.09         7       608     0.922     0.876     0.945     0.898      2.05     0.276         0
   200/299     7.81G     0.908     0.188         0       1.1         3       608     0.918     0.876     0.938     0.897      2.07     0.283         0
   201/299     7.81G     0.845      0.17         0      1.01        15       608     0.926      0.88     0.932     0.902      2.05     0.285         0
   202/299     7.81G     0.861     0.173         0      1.03        13       608     0.922     0.885     0.933     0.903      2.05     0.283         0
   203/299     7.81G     0.784     0.159         0     0.944         4       608     0.912     0.885     0.924     0.898      2.07     0.283         0
   204/299     7.81G     0.856     0.164         0      1.02        10       608     0.916     0.885     0.918       0.9      2.08     0.282         0
   205/299     7.81G     0.792     0.171         0     0.963        10       608     0.925     0.873     0.918     0.898      2.05     0.283         0
   206/299     7.81G     0.867     0.158         0      1.02         2       608     0.916     0.868      0.92     0.891      2.07     0.282         0
   207/299     7.81G     0.907     0.165         0      1.07        12       608     0.916     0.865     0.922      0.89      2.09     0.282         0
   208/299     7.81G     0.895     0.162         0      1.06         9       608     0.917     0.876     0.928     0.896      2.05     0.282         0
   209/299     7.81G     0.869     0.188         0      1.06         4       608     0.916     0.873     0.931     0.894      2.04     0.283         0
   210/299     7.81G     0.831      0.19         0      1.02        11       608     0.917     0.884     0.938       0.9      2.05      0.28         0
   211/299     7.81G     0.796     0.189         0     0.986        13       608     0.902     0.897     0.931     0.899      2.05     0.279         0
   212/299     7.81G     0.798     0.176         0     0.974         4       608     0.908     0.874     0.938     0.891      2.06      0.28         0
   213/299     7.81G      0.71     0.161         0     0.871         9       608     0.908     0.878     0.939     0.893      2.04     0.279         0
   214/299     7.81G      0.78     0.153         0     0.933         9       608       0.9     0.875      0.93     0.887      2.05     0.277         0
   215/299     7.81G     0.801     0.157         0     0.958         4       608     0.908     0.875     0.928     0.891      2.03     0.277         0
   216/299     7.81G     0.762     0.155         0     0.917        12       608     0.917     0.881      0.94     0.899      2.02     0.283         0
   217/299     7.81G     0.856     0.165         0      1.02         9       608     0.925     0.878     0.939     0.901      2.01     0.287         0
   218/299     7.81G      0.74     0.177         0     0.917         4       608     0.918     0.893     0.943     0.906      2.02     0.289         0
   219/299     7.81G     0.719     0.158         0     0.877         8       608     0.913     0.894     0.941     0.903      2.03     0.289         0
   220/299     7.81G     0.775     0.174         0     0.949         8       608     0.902     0.897     0.944     0.899      2.04     0.286         0
   221/299     7.81G     0.702     0.145         0     0.846         6       608     0.893     0.888     0.933      0.89      2.01     0.279         0
   222/299     7.81G     0.807     0.155         0     0.962         9       608      0.91       0.9     0.945     0.905      2.02     0.281         0
   223/299     7.81G     0.759     0.164         0     0.923         8       608     0.902     0.885     0.943     0.894         2     0.285         0
   224/299     7.81G     0.748     0.165         0     0.913         5       608     0.917     0.875      0.94     0.895      1.99     0.289         0
   225/299     7.81G     0.766     0.151         0     0.916        11       608     0.916     0.868      0.94     0.891      1.99     0.292         0
   226/299     7.81G       0.7     0.172         0     0.872        12       608     0.916     0.863     0.944     0.888      2.01     0.293         0
   227/299     7.81G     0.676     0.145         0     0.821         4       608     0.924     0.862     0.938     0.892      1.99     0.293         0
   228/299     7.81G     0.731     0.156         0     0.887        10       608     0.916      0.85     0.939     0.881         2     0.292         0
   229/299     7.81G     0.737     0.151         0     0.889        10       608     0.916     0.858      0.94     0.886      2.01     0.292         0
   230/299     7.81G     0.752     0.162         0     0.914         6       608     0.909     0.858      0.94     0.883      2.02     0.291         0
   231/299     7.81G     0.732     0.166         0     0.897        10       608     0.901     0.858     0.943     0.879      2.03      0.29         0
   232/299     7.81G     0.715     0.159         0     0.875        13       608     0.873     0.876      0.92     0.874      2.03     0.287         0
   233/299     7.81G     0.639     0.131         0     0.771         2       608     0.875     0.885     0.922      0.88      2.01     0.284         0
   234/299     7.81G     0.684     0.159         0     0.843        11       608     0.881     0.885      0.93     0.883         2     0.283         0
   235/299     7.81G     0.664     0.141         0     0.806        11       608     0.892      0.88      0.93     0.886      1.99     0.284         0
   236/299     7.81G      0.76     0.152         0     0.913         4       608     0.899     0.869     0.929     0.884      1.98     0.285         0
   237/299     7.81G     0.633     0.149         0     0.782        13       608       0.9     0.876      0.93     0.888      1.97     0.285         0
   238/299     7.81G     0.637     0.145         0     0.782        12       608     0.903     0.876     0.923     0.889      1.97     0.285         0
   239/299     7.81G      0.65     0.155         0     0.805         4       608     0.906     0.876      0.93     0.891      1.97     0.284         0
   240/299     7.81G     0.662     0.141         0     0.803        11       608      0.86     0.868     0.929     0.864      1.95     0.281         0
   241/299     7.81G     0.623     0.134         0     0.757        13       608     0.876     0.873     0.914     0.875      1.95      0.28         0
   242/299     7.81G     0.647     0.139         0     0.786         3       608     0.877      0.88     0.927     0.878      1.96     0.282         0
   243/299     7.81G     0.731     0.144         0     0.875        12       608     0.884     0.867     0.935     0.876      1.97     0.282         0
   244/299     7.81G     0.673      0.15         0     0.823         9       608     0.901     0.884     0.948     0.892      1.98     0.282         0
   245/299     7.81G     0.588     0.132         0      0.72         3       608     0.897     0.885     0.947     0.891      1.98     0.284         0
   246/299     7.81G     0.734      0.14         0     0.874        10       608     0.893     0.888     0.947      0.89      1.99     0.286         0
   247/299     7.81G     0.674     0.143         0     0.817        11       608     0.891     0.885     0.949     0.888         2     0.288         0
   248/299     7.81G     0.637     0.132         0     0.769         3       608     0.875     0.876     0.926     0.876      1.99     0.291         0
   249/299     7.81G     0.648     0.167         0     0.815        11       608     0.884     0.885     0.943     0.885      1.99     0.295         0
   250/299     7.81G     0.645     0.125         0      0.77         8       608     0.884     0.873     0.943     0.878      1.99     0.295         0
   251/299     7.81G     0.602     0.121         0     0.723         2       608     0.874     0.858     0.931     0.866         2     0.295         0
   252/299     7.81G      0.63      0.14         0      0.77         9       608     0.875     0.866     0.931      0.87         2     0.295         0
   253/299     7.81G     0.604     0.135         0     0.739         7       608      0.87     0.867     0.938     0.868      1.99     0.295         0
   254/299     7.81G     0.636     0.143         0     0.779         5       608     0.869     0.876      0.94     0.872      1.97     0.294         0
   255/299     7.81G     0.617     0.136         0     0.753        10       608     0.876     0.876     0.932     0.876      1.98     0.296         0
   256/299     7.81G     0.615     0.136         0     0.751        11       608     0.885     0.883      0.93     0.884      1.98     0.297         0
   257/299     7.81G     0.637     0.138         0     0.775         4       608     0.886     0.892     0.932     0.889      1.98     0.296         0
   258/299     7.81G     0.627      0.15         0     0.778        11       608     0.875     0.894     0.932     0.884         2     0.293         0
   259/299     7.81G     0.637     0.145         0     0.783        13       608     0.869     0.876     0.933     0.873      1.99      0.29         0
   260/299     7.81G     0.617     0.137         0     0.754         3       608     0.873     0.885     0.942     0.879         2     0.287         0
   261/299     7.81G     0.592      0.14         0     0.731         9       608     0.874     0.885      0.95     0.879         2     0.286         0
   262/299     7.81G     0.603     0.143         0     0.746        11       608      0.88     0.885     0.951     0.882      1.98     0.285         0
   263/299     7.81G     0.589     0.151         0      0.74         3       608     0.893     0.888     0.951     0.891      1.97     0.284         0
   264/299     7.81G     0.635     0.136         0      0.77        11       608     0.893     0.884     0.944     0.888      1.95     0.281         0
   265/299     7.81G     0.605     0.139         0     0.744         8       608     0.884     0.879     0.944     0.882      1.97     0.282         0
   266/299     7.81G     0.608     0.134         0     0.742         3       608     0.885     0.886     0.944     0.885      1.96      0.28         0
   267/299     7.81G     0.597     0.137         0     0.733        15       608     0.884     0.876     0.935      0.88      1.96     0.281         0
   268/299     7.81G     0.592     0.127         0     0.719        11       608      0.89     0.876     0.934     0.883      1.96     0.282         0
   269/299     7.81G      0.63     0.135         0     0.764         6       608     0.901     0.876     0.942     0.888      1.96     0.285         0
   270/299     7.81G     0.552     0.121         0     0.673        13       608     0.909     0.884     0.942     0.896      1.97     0.287         0
   271/299     7.81G     0.557     0.133         0      0.69        11       608     0.917     0.885     0.942     0.901      1.98     0.289         0
   272/299     7.81G     0.608     0.141         0     0.749         5       608     0.903     0.894     0.941     0.899      1.98      0.29         0
   273/299     7.81G     0.544     0.115         0     0.659        11       608     0.916     0.894     0.942     0.905      1.98     0.289         0
   274/299     7.81G     0.564     0.128         0     0.692        10       608     0.914     0.894     0.942     0.904         2     0.291         0
   275/299     7.81G     0.626     0.112         0     0.737         5       608     0.915     0.894     0.943     0.904      2.01     0.291         0
   276/299     7.81G     0.599     0.126         0     0.725        15       608     0.923     0.885     0.943     0.904      2.01     0.295         0
   277/299     7.81G     0.637     0.135         0     0.773         8       608     0.935     0.885     0.944     0.909         2     0.294         0
   278/299     7.81G     0.586     0.134         0      0.72         3       608     0.935     0.897     0.945     0.916         2     0.292         0
   279/299     7.81G     0.546     0.109         0     0.654         8       608     0.939     0.903     0.954      0.92      2.01     0.292         0
   280/299     7.81G     0.543     0.116         0      0.66        12       608     0.923     0.912     0.954     0.917      2.01     0.291         0
   281/299     7.81G      0.56     0.121         0     0.681         3       608     0.919     0.906      0.96     0.912         2     0.291         0
   282/299     7.81G     0.553     0.134         0     0.687         9       608     0.914     0.903     0.954     0.908         2     0.292         0
   283/299     7.81G     0.616     0.132         0     0.748        10       608     0.907     0.912     0.953     0.909      1.99     0.292         0
   284/299     7.81G     0.541     0.127         0     0.668         5       608     0.903     0.912     0.958     0.907      1.99     0.291         0
   285/299     7.81G     0.616     0.128         0     0.744         7       608     0.908     0.912     0.958      0.91      1.99     0.291         0
   286/299     7.81G     0.679      0.12         0     0.799         7       608     0.903     0.912     0.958     0.907      1.98      0.29         0
   287/299     7.81G     0.577      0.13         0     0.707         4       608     0.908     0.912     0.958      0.91      1.98      0.29         0
   288/299     7.81G     0.546     0.121         0     0.667        11       608     0.908     0.912     0.957      0.91      1.99     0.287         0
   289/299     7.81G     0.568     0.149         0     0.717        13       608     0.902     0.903     0.944     0.903      1.99     0.288         0
   290/299     7.81G       0.6     0.148         0     0.748         6       608     0.902     0.903     0.943     0.902         2     0.289         0
   291/299     7.81G     0.579     0.118         0     0.697         7       608     0.901     0.903     0.943     0.902         2     0.289         0
   292/299     7.81G     0.536     0.118         0     0.654        11       608     0.901     0.903     0.944     0.902         2      0.29         0
   293/299     7.81G     0.576     0.122         0     0.699         5       608     0.901     0.903     0.943     0.902         2     0.289         0
   294/299     7.81G     0.555     0.137         0     0.692        15       608     0.911     0.903     0.958     0.907         2     0.289         0
   295/299     7.81G     0.554     0.128         0     0.682         7       608     0.911     0.903     0.957     0.907      1.99     0.289         0
   296/299     7.81G      0.53     0.109         0      0.64         2       608     0.911     0.912     0.957     0.911      1.99     0.289         0
   297/299     7.81G     0.546     0.114         0      0.66        14       608     0.904     0.903     0.943     0.903      1.98     0.287         0
   298/299     7.81G     0.529     0.122         0     0.651        13       608     0.901     0.884     0.944     0.893      1.98     0.288         0
   299/299     7.81G     0.593      0.13         0     0.723         4       608       0.9      0.88     0.943      0.89      1.97      0.29         0
