[    0.44997     0.40992     0.74275     0.79601     0.70442     0.32875     0.35307]
[    0.80658     0.52573     0.65861           0]
[    0.78947     0.72166     0.72968           0     0.44228     0.82256     0.71732     0.68689      0.6314     0.55406           0     0.46396           0      0.8868           0           0      0.5031     0.45853           0           0           0     0.73458    0.019511           0           0     0.30931
           0           0     0.37732           0           0     0.32106           0]
[    0.85867     0.51894     0.50148           0           0           0           0           0           0]
[    0.77936     0.63716     0.11208     0.60614     0.62834     0.03054           0     0.14552]
[    0.58506     0.54512     0.80266     0.28518     0.53468           0           0     0.39031           0]
[    0.94161           0           0           0]
[    0.50047     0.72078     0.59149           0           0           0           0           0      0.2398           0]
[    0.89064     0.90444           0           0           0     0.40109           0     0.37881]
[    0.61397     0.33237     0.19233           0           0           0           0           0     0.65172           0]
[    0.65918           0           0           0     0.69787           0           0     0.60875           0           0           0           0]
[    0.54417      0.4807     0.49869     0.52895           0           0     0.50201]
[    0.81832     0.90589     0.68233     0.78062     0.57167           0           0    0.097552           0           0     0.70051     0.45754           0]
[    0.51472     0.46087     0.35425     0.45903           0           0           0     0.42216     0.57377           0]
[    0.33982     0.30229     0.17622     0.25317     0.26968]
[    0.69411     0.70267     0.59867     0.63302           0           0           0           0           0           0           0           0           0     0.35324           0           0           0           0           0           0           0           0           0]
[    0.68986     0.66797     0.16248           0     0.35256           0     0.29149    0.092832     0.39022           0    0.071335           0           0]
[    0.92041     0.72597     0.63575     0.07717           0           0     0.34062           0           0   0.0065818           0]
[    0.78075      0.5458      0.5779      0.6904     0.77273     0.66907     0.60143     0.11887           0     0.83751     0.71109     0.26558      0.7059     0.37216     0.90536     0.89771      0.1395     0.56083     0.15789     0.49745    0.043118]
[    0.75928           0           0     0.57801           0     0.25356     0.48157           0           0]
[     0.3392           0           0           0           0           0     0.68311]
[    0.77333     0.80936     0.53273           0           0]
[    0.76601     0.71781     0.79968           0           0           0           0           0           0           0           0           0     0.35521           0           0           0           0]
[    0.96941           0           0           0           0           0]
[    0.82058     0.82506           0     0.59117     0.75288           0           0     0.81302           0           0]
[    0.92792           0           0           0]
[    0.93711     0.90701     0.90155           0     0.56263           0           0]
[    0.21612     0.69835           0]
[    0.70758     0.42825     0.45729     0.26692     0.39339     0.54745           0           0     0.27114           0           0           0           0           0     0.33227           0]
[    0.83717     0.89173     0.84226           0     0.54251     0.84096           0           0           0]
[    0.68588           0]
[    0.85847           0     0.46758]
[    0.59806     0.45747     0.22664     0.75383     0.32785     0.22838     0.83716     0.75804     0.30843    0.084335     0.26138      0.2646     0.64724           0           0           0           0     0.30971     0.40982           0           0           0           0     0.32263     0.45329]
[    0.79075     0.74993     0.82169           0           0           0    0.019688           0     0.79632           0           0           0     0.47319           0           0     0.28405           0     0.24841           0     0.42711           0           0]
[    0.86366     0.92261           0           0           0           0]
[    0.26369     0.46919           0]
[    0.84554     0.59421     0.61256     0.53391           0           0           0]
[    0.72424     0.56236     0.83409     0.65805     0.35226     0.13716     0.34895     0.13901     0.38015           0]
[     0.6218     0.66536     0.32793     0.55745     0.65836           0           0]
[    0.78589     0.77079           0           0]
[    0.79927     0.81592     0.53778           0     0.77903           0     0.76965           0           0]
[     0.6602     0.58463     0.64912     0.35948           0           0           0           0     0.44313           0     0.44309           0           0     0.28581     0.45003           0           0      0.6361           0           0           0           0]
[    0.58871     0.85421           0           0           0           0           0           0]
[     0.8394     0.74369     0.71032     0.65569     0.74125           0     0.39344           0           0           0     0.61753           0     0.39392      0.4264     0.79534           0]
[    0.65906     0.61987     0.63575     0.69045     0.63178     0.59825      0.5236     0.59992     0.30349     0.35014     0.58671     0.35561     0.56013     0.52718     0.39112      0.2909]
[    0.60396     0.67389     0.78853      0.4812     0.31404           0           0           0           0           0     0.70202           0           0           0           0]
[    0.74979     0.74328     0.83195           0     0.14678           0]
[    0.75563     0.67717     0.70811     0.43387           0      0.7332           0           0           0           0    0.093343           0           0]
[    0.72933     0.85491     0.89078           0           0     0.53644           0           0           0           0           0           0           0           0]
[    0.56978      0.5023     0.69232     0.48423     0.71202           0     0.46596     0.19936           0           0           0]
[    0.62467     0.52952           0           0           0           0     0.27679     0.34444           0           0]
[    0.64972     0.87093      0.6181     0.50094           0     0.41317     0.46181]
[    0.79257     0.84435           0           0     0.56159           0     0.55559]
[    0.70344     0.75627     0.81129           0           0           0]
[    0.79553     0.65493       0.659           0           0           0     0.74952           0           0           0           0           0           0]
[    0.38573     0.47458     0.70793           0     0.61601      0.3575     0.37636     0.42163     0.47696           0           0     0.57382]
[    0.39944     0.31275     0.54342     0.34593           0           0           0     0.32974           0           0           0           0           0     0.32892           0]
[    0.77086     0.85211           0           0           0           0           0           0           0           0           0           0           0           0           0           0]
[    0.49625     0.81453     0.49789     0.53126           0]
[    0.77855     0.72158     0.72522     0.64553     0.51099           0     0.53705]
[    0.79184     0.68409     0.76981     0.76061     0.50091     0.61832     0.18216     0.66715     0.49886           0           0           0           0     0.22547           0           0           0     0.89693]
[    0.55814     0.76936     0.73702     0.48776           0           0           0           0    0.027536           0           0           0           0           0           0           0           0           0]
[    0.68208     0.67305     0.84446     0.83097     0.51676     0.35736     0.33453     0.46931     0.61448           0     0.66126     0.59973]
[    0.50377           0           0           0     0.18866     0.34572     0.44599     0.28216     0.24723     0.21105     0.13163           0           0    0.081624     0.26404           0           0    0.067171           0           0    0.083836           0           0           0           0]
[    0.70662           0     0.73467           0           0           0           0           0]
[    0.80887           0           0           0]
[    0.56869           0     0.64529     0.59408           0           0     0.81791           0           0           0           0     0.67761           0           0           0           0           0           0      0.5274           0           0]
[    0.62592     0.68073     0.73776           0           0           0           0           0           0     0.54485           0     0.78598           0           0           0     0.24913           0     0.45132           0    0.010413           0     0.37238           0           0           0           0]
[    0.61878     0.77761           0           0     0.60905           0           0           0           0           0     0.81616           0           0           0      0.4429           0           0           0           0]
[    0.69286      0.5473           0           0           0           0           0]
[    0.87278     0.71449     0.52216     0.66698     0.48315           0           0           0           0           0]
[     0.6492     0.74931     0.58926     0.39887           0           0           0     0.70301           0           0           0     0.30751]
[    0.79339     0.66094     0.79466    0.075897      0.1101     0.44484     0.65302     0.09203     0.19372     0.75423       0.793           0     0.41479           0     0.12036           0]
[    0.67939     0.88382     0.73676     0.78595     0.62562     0.60047      0.6762     0.50795     0.59618     0.56306      0.7356     0.53491     0.67043     0.30188     0.37344     0.70339     0.32199     0.56772]
[      0.777           0           0           0           0           0]
[    0.41757     0.46202     0.71099      0.5701           0           0           0]
[    0.83592     0.84739     0.83625     0.53422]
[    0.74588     0.60838     0.60929     0.60559     0.70839     0.53032]
[    0.61747     0.91766           0           0     0.82284           0           0]
[    0.72314     0.63682     0.78282           0           0           0     0.70812           0     0.71845           0      0.8875           0           0           0           0     0.64304           0           0           0           0]
[    0.80315     0.76366     0.76328     0.52149     0.43956           0           0           0           0           0           0]
[    0.55638           0     0.34938     0.60272     0.20289     0.29945           0           0           0           0           0    0.031963           0           0]
[    0.91602     0.87365       0.668     0.41013           0           0           0           0     0.55147     0.40173     0.92509           0]
[    0.80078     0.40454     0.29102     0.67246     0.41644     0.37916           0           0     0.28391           0           0           0           0     0.19516     0.27121           0           0]
[    0.81302           0           0           0]
[    0.70359     0.90075     0.77914     0.75317     0.65962           0     0.52308           0           0     0.69172           0           0           0     0.26814     0.80302           0]
[    0.79222     0.57074     0.19424      0.1296     0.45889      0.4599           0  6.5989e-05     0.82918]
[    0.74493     0.50003           0       0.103           0     0.12951           0           0           0           0     0.17972    0.056409      0.1998     0.41102     0.59351           0           0]
[    0.62896    0.074699     0.21409     0.37802     0.11719           0     0.54524           0]
[    0.91347     0.69008      0.3939     0.68259     0.37599           0           0]
[    0.62543           0]
[    0.87251     0.63146     0.89716           0           0           0           0           0           0           0     0.92392]
[    0.84922     0.86304     0.89416     0.51183     0.84967           0     0.49986           0     0.60693]
[    0.56893     0.73081           0     0.33589]
[    0.89461     0.80974      0.9489     0.80348     0.87529     0.63092     0.50127     0.66091     0.65084     0.55375     0.39208     0.65845           0     0.27927           0           0           0     0.30206           0           0           0     0.56659           0           0           0           0
           0           0]
[    0.80806     0.93624     0.79076     0.87861           0           0]
[    0.71958     0.40849           0           0           0           0           0           0]
[     0.8587      0.7608     0.49127     0.29593     0.45245           0           0           0           0]
[    0.71044     0.80605     0.76867           0           0     0.79659]
[    0.87615     0.68091           0           0           0     0.68437           0     0.69222]
