     0/299     7.81G      7.92      32.8         0      40.7        26       608         0         0   0.00934         0      6.74      3.67         0
     1/299     7.81G      6.17      3.88         0      10.1        25       608         0         0    0.0178         0      5.44      3.46         0
     2/299     7.81G      5.16      3.13         0      8.29        17       608         0         0     0.124         0      5.41      2.25         0
     3/299     7.81G      4.88      1.92         0       6.8        23       608    0.0328     0.874     0.184    0.0632      5.58      3.92         0
     4/299     7.81G      5.54      1.32         0      6.86        25       608    0.0463   0.00361     0.159    0.0067      4.71      1.88         0
     5/299     7.81G      4.18      1.56         0      5.73        24       608     0.238     0.838     0.544     0.371      4.09      1.16         0
     6/299     7.81G      4.68      1.07         0      5.75        22       608     0.635      0.48      0.58     0.547      3.78      1.05         0
     7/299     7.81G      4.31       1.1         0      5.41        26       608     0.442     0.498     0.386     0.468      4.72     0.953         0
     8/299     7.81G      4.58      1.09         0      5.67        27       608     0.623     0.617     0.625      0.62      3.72         1         0
     9/299     7.81G      4.15      1.07         0      5.22        25       608     0.599     0.718     0.628     0.653      4.23      0.84         0
    10/299     7.81G      4.66      1.04         0      5.69        27       608         1     0.051     0.823     0.097      3.16      1.11         0
    11/299     7.81G       4.1     0.964         0      5.07        26       608     0.625     0.726     0.667     0.672      3.91     0.817         0
    12/299     7.81G      3.99     0.886         0      4.88        22       608     0.911     0.593     0.826     0.719      3.28     0.901         0
    13/299     7.81G      4.26     0.895         0      5.16        23       608         1    0.0285     0.768    0.0553      3.64       1.1         0
    14/299     7.81G      3.77      1.09         0      4.86        24       608     0.566     0.733     0.644     0.639      4.06     0.806         0
    15/299     7.81G      3.96     0.821         0      4.78        25       608     0.413     0.462     0.358     0.436      5.22     0.794         0
    16/299     7.81G      4.39     0.932         0      5.32        31       608     0.742      0.56     0.688     0.638      3.96     0.997         0
    17/299     7.81G      3.68     0.855         0      4.54        18       608     0.607     0.653     0.589     0.629      3.87     0.805         0
    18/299     7.81G      3.51      0.87         0      4.38        28       608     0.515     0.791     0.547     0.624      3.82     0.782         0
    19/299     7.81G       3.8      0.95         0      4.75        21       608     0.937     0.162     0.713     0.277      3.32      1.01         0
    20/299     7.81G      3.49     0.879         0      4.37        26       608      0.81     0.555     0.676     0.659       3.9     0.818         0
    21/299     7.81G      3.71     0.996         0      4.71        32       608         1      0.11     0.815     0.198       3.2     0.981         0
    22/299     7.81G      3.32     0.818         0      4.14        21       608      0.77      0.82      0.87     0.794       3.4     0.728         0
    23/299     7.81G      3.41     0.736         0      4.15        20       608     0.938      0.49     0.765     0.644      3.87      0.81         0
    24/299     7.81G       3.4     0.791         0      4.19        28       608     0.873     0.721     0.802      0.79      3.36     0.763         0
    25/299     7.81G      3.14     0.754         0      3.89        25       608     0.831      0.78     0.837     0.805      3.58     0.711         0
    26/299     7.81G      2.93     0.755         0      3.69        28       608     0.793     0.773     0.815     0.783      3.45     0.686         0
    27/299     7.81G      3.23     0.658         0      3.89        26       608     0.897     0.751     0.865     0.817       2.8      0.79         0
    28/299     7.81G      2.81     0.748         0      3.55        27       608     0.872     0.836     0.899     0.854      3.13      0.66         0
    29/299     7.81G      2.89     0.709         0       3.6        21       608     0.867      0.87     0.917     0.868      2.85     0.669         0
    30/299     7.81G       2.8     0.647         0      3.44        30       608     0.849     0.899      0.93     0.874      3.07     0.651         0
    31/299     7.81G      3.04     0.661         0       3.7        26       608     0.915     0.815     0.904     0.862       3.1     0.747         0
    32/299     7.81G       2.6     0.646         0      3.25        22       608     0.891     0.892     0.919     0.891      2.89     0.667         0
    33/299     7.81G      2.56       0.7         0      3.26        18       608      0.88     0.875     0.898     0.878       3.1     0.656         0
    34/299     7.81G       2.7     0.653         0      3.35        26       608     0.902     0.903     0.941     0.902      2.62     0.633         0
    35/299     7.81G      2.67     0.643         0      3.31        25       608     0.894      0.85     0.924     0.872      2.83     0.637         0
    36/299     7.81G      2.56     0.589         0      3.15        22       608     0.917     0.874     0.925     0.895      2.73     0.666         0
    37/299     7.81G      2.49     0.583         0      3.07        21       608     0.871     0.866     0.891     0.869      2.87     0.668         0
    38/299     7.81G      2.38       0.6         0      2.98        22       608     0.884     0.906     0.921     0.895      2.64     0.609         0
    39/299     7.81G      2.65     0.592         0      3.24        21       608       0.9     0.856      0.91     0.877      3.31     0.616         0
    40/299     7.81G      2.29     0.549         0      2.84        21       608     0.906     0.834     0.899     0.868      3.13     0.645         0
    41/299     7.81G      2.48     0.621         0       3.1        28       608     0.906      0.87     0.932     0.888      2.91     0.605         0
    42/299     7.81G      2.48     0.594         0      3.08        21       608     0.917     0.931     0.939     0.924      2.48     0.609         0
    43/299     7.81G      2.44      0.56         0         3        24       608     0.917     0.921     0.911     0.919      2.67     0.594         0
    44/299     7.81G      2.47     0.553         0      3.02        23       608     0.927     0.913     0.936      0.92      2.74       0.6         0
    45/299     7.81G      2.34     0.588         0      2.93        25       608     0.916     0.917     0.937     0.916      2.82     0.603         0
    46/299     7.81G      2.38     0.567         0      2.95        29       608     0.912     0.921     0.948     0.916      2.59     0.589         0
    47/299     7.81G      2.28     0.523         0       2.8        25       608     0.887     0.906     0.898     0.896      2.64     0.584         0
    48/299     7.81G      2.18     0.564         0      2.75        22       608     0.909     0.906     0.928     0.908      2.54     0.591         0
    49/299     7.81G      2.12     0.576         0       2.7        29       608     0.859     0.903     0.931      0.88      2.87     0.606         0
    50/299     7.81G      2.42     0.593         0      3.02        25       608     0.921     0.924      0.94     0.922      2.47     0.607         0
    51/299     7.81G      1.99     0.552         0      2.54        21       608     0.902     0.917     0.943     0.909      2.56     0.619         0
    52/299     7.81G       2.2     0.522         0      2.73        22       608      0.93     0.918     0.927     0.924      2.67     0.632         0
    53/299     7.81G      2.12      0.58         0       2.7        22       608     0.919     0.899     0.928     0.909      2.72     0.614         0
    54/299     7.81G      2.12     0.493         0      2.62        20       608     0.882     0.892     0.906     0.887      2.84     0.595         0
    55/299     7.81G      2.13     0.495         0      2.63        22       608     0.918     0.931     0.954     0.925      2.42     0.596         0
    56/299     7.81G      2.19     0.507         0       2.7        26       608     0.927     0.953      0.96      0.94      2.44      0.58         0
    57/299     7.81G      1.95     0.504         0      2.46        22       608     0.909     0.931     0.932      0.92      2.49     0.582         0
    58/299     7.81G      2.03     0.497         0      2.53        21       608     0.928     0.946     0.963     0.937      2.48     0.596         0
    59/299     7.81G         2     0.474         0      2.47        23       608     0.895     0.906     0.927       0.9      2.42     0.604         0
    60/299     7.81G      2.05     0.521         0      2.57        32       608     0.907     0.911     0.933     0.909      2.66     0.631         0
    61/299     7.81G      2.11     0.484         0      2.59        28       608     0.871     0.888     0.911      0.88      2.58      0.63         0
    62/299     7.81G      1.94     0.489         0      2.43        23       608     0.891      0.91     0.933       0.9      2.55     0.618         0
    63/299     7.81G      2.09     0.507         0       2.6        26       608     0.915     0.913     0.922     0.914      2.65     0.603         0
    64/299     7.81G      2.02     0.493         0      2.52        27       608     0.927     0.935     0.952     0.931      2.54     0.592         0
    65/299     7.81G      1.89     0.469         0      2.36        28       608     0.918     0.933     0.951     0.926      2.54     0.583         0
    66/299     7.81G      2.07     0.471         0      2.54        28       608     0.935      0.91      0.95     0.922      2.56     0.594         0
    67/299     7.81G      2.02     0.485         0       2.5        14       608     0.921     0.925     0.954     0.923      2.57     0.587         0
    68/299     7.81G      1.92     0.461         0      2.39        22       608     0.923     0.924     0.959     0.924      2.54     0.594         0
    69/299     7.81G       1.8     0.486         0      2.29        27       608     0.899     0.931     0.948     0.915      2.44     0.596         0
    70/299     7.81G      1.93     0.463         0      2.39        34       608     0.927     0.921     0.959     0.924      2.49     0.591         0
    71/299     7.81G      1.76     0.473         0      2.24        33       608     0.929     0.935     0.954     0.932      2.37     0.578         0
    72/299     7.81G      1.93     0.434         0      2.36        25       608     0.918     0.913     0.942     0.916      2.57     0.601         0
    73/299     7.81G      1.78     0.449         0      2.22        17       608     0.935     0.931     0.948     0.933       2.4     0.581         0
    74/299     7.81G      1.95     0.431         0      2.38        20       608     0.931     0.917     0.957     0.924      2.58     0.627         0
    75/299     7.81G      1.82     0.458         0      2.27        26       608     0.932      0.91     0.949     0.921      2.55     0.617         0
    76/299     7.81G      1.88      0.47         0      2.35        23       608     0.925     0.931     0.938     0.928       2.6     0.621         0
    77/299     7.81G      1.87     0.448         0      2.32        20       608     0.917     0.935     0.945     0.926      2.45     0.585         0
    78/299     7.81G      1.72     0.448         0      2.17        22       608       0.9     0.931     0.934     0.916       2.5     0.571         0
    79/299     7.81G      1.87     0.431         0       2.3        29       608     0.935     0.934     0.948     0.934      2.59     0.589         0
    80/299     7.81G      1.78     0.459         0      2.24        24       608     0.939     0.924     0.948     0.932      2.45     0.599         0
    81/299     7.81G      1.79     0.413         0       2.2        25       608     0.918     0.926     0.939     0.922      2.41     0.594         0
    82/299     7.81G      1.81     0.438         0      2.25        23       608     0.915     0.921     0.935     0.918      2.38     0.606         0
    83/299     7.81G      1.66     0.445         0       2.1        24       608     0.873      0.91     0.927     0.891      2.42     0.591         0
    84/299     7.81G      1.63     0.399         0      2.03        32       608     0.899     0.903     0.934     0.901      2.51     0.608         0
    85/299     7.81G      1.73      0.44         0      2.17        23       608     0.915     0.895     0.931     0.905      2.38     0.584         0
    86/299     7.81G      1.77     0.426         0       2.2        27       608     0.933     0.906     0.949      0.92      2.49     0.625         0
    87/299     7.81G      1.73     0.412         0      2.14        27       608     0.924     0.915     0.945     0.919      2.43     0.621         0
    88/299     7.81G      1.64      0.42         0      2.06        30       608     0.921     0.924     0.935     0.922      2.41     0.611         0
    89/299     7.81G      1.73     0.416         0      2.15        24       608     0.926     0.905     0.933     0.915      2.52     0.621         0
    90/299     7.81G      1.69     0.408         0       2.1        21       608     0.922     0.917     0.936     0.919      2.36      0.62         0
    91/299     7.81G      1.71     0.419         0      2.13        23       608     0.907     0.915     0.936     0.911       2.6     0.637         0
    92/299     7.81G      1.67     0.407         0      2.07        21       608     0.927      0.92     0.943     0.924      2.36     0.619         0
    93/299     7.81G       1.6     0.414         0      2.02        24       608     0.905     0.925     0.932     0.914      2.39     0.609         0
    94/299     7.81G      1.64     0.387         0      2.03        23       608     0.927     0.946     0.962     0.936      2.37     0.607         0
    95/299     7.81G       1.6     0.407         0         2        26       608     0.923     0.907     0.914     0.915      2.42     0.615         0
    96/299     7.81G      1.52      0.41         0      1.93        26       608     0.901      0.91     0.909     0.905      2.52     0.604         0
    97/299     7.81G      1.62     0.416         0      2.03        20       608     0.913     0.906     0.923      0.91      2.37      0.59         0
    98/299     7.81G      1.54     0.415         0      1.96        18       608     0.907     0.913     0.935      0.91       2.5     0.611         0
    99/299     7.81G      1.53     0.395         0      1.92        24       608     0.915     0.921     0.924     0.918       2.4     0.627         0
   100/299     7.81G      1.53     0.388         0      1.92        23       608     0.895      0.91     0.925     0.902      2.48     0.616         0
   101/299     7.81G      1.58     0.402         0      1.98        16       608     0.898     0.889     0.919     0.894      2.35     0.623         0
   102/299     7.81G      1.66     0.415         0      2.07        27       608     0.909     0.897     0.928     0.903      2.53     0.627         0
   103/299     7.81G      1.55     0.362         0      1.91        24       608     0.911     0.913     0.925     0.912      2.35     0.615         0
   104/299     7.81G      1.56     0.402         0      1.96        28       608     0.907     0.939     0.954     0.922      2.33     0.603         0
   105/299     7.81G      1.59     0.387         0      1.97        23       608     0.916      0.91      0.93     0.913      2.43     0.632         0
   106/299     7.81G      1.49      0.36         0      1.85        36       608     0.929     0.917     0.953     0.923      2.31      0.65         0
   107/299     7.81G      1.52     0.379         0      1.89        28       608     0.919      0.91     0.938     0.915      2.49     0.672         0
   108/299     7.81G      1.54     0.404         0      1.95        17       608     0.919     0.906     0.936     0.913      2.38     0.656         0
   109/299     7.81G      1.49      0.37         0      1.86        23       608     0.922     0.891     0.917     0.906      2.33     0.647         0
   110/299     7.81G      1.39     0.355         0      1.74        16       608     0.914     0.916     0.935     0.915      2.34     0.634         0
   111/299     7.81G      1.46       0.4         0      1.86        19       608      0.91     0.928     0.939     0.919       2.3     0.614         0
   112/299     7.81G      1.47     0.352         0      1.82        22       608     0.874     0.928     0.928       0.9      2.34     0.604         0
   113/299     7.81G      1.42     0.393         0      1.81        29       608     0.896     0.924     0.924      0.91      2.32     0.621         0
   114/299     7.81G      1.34     0.361         0      1.71        20       608      0.91     0.928     0.931     0.919      2.32     0.629         0
   115/299     7.81G       1.4     0.384         0      1.78        25       608     0.914     0.917     0.935     0.915      2.46     0.661         0
   116/299     7.81G       1.5      0.34         0      1.84        26       608      0.92     0.875     0.908     0.897      2.36     0.687         0
   117/299     7.81G      1.42     0.365         0      1.78        26       608     0.937     0.907     0.939     0.922       2.4     0.657         0
   118/299     7.81G      1.38     0.365         0      1.75        35       608     0.915      0.91     0.917     0.912       2.3     0.635         0
   119/299     7.81G      1.41     0.344         0      1.76        27       608     0.915     0.928     0.932     0.921      2.45     0.632         0
   120/299     7.81G       1.5     0.348         0      1.85        28       608     0.905     0.924     0.938     0.915      2.46     0.636         0
   121/299     7.81G      1.45     0.391         0      1.84        24       608     0.912     0.936     0.943     0.924      2.28     0.639         0
   122/299     7.81G      1.36     0.372         0      1.73        26       608     0.902     0.935     0.942     0.918      2.46     0.651         0
   123/299     7.81G      1.47     0.357         0      1.83        23       608     0.906     0.942     0.942     0.924      2.29     0.625         0
   124/299     7.81G      1.28     0.358         0      1.64        27       608     0.891     0.931     0.931     0.911      2.37     0.613         0
   125/299     7.81G      1.36      0.34         0       1.7        20       608     0.908     0.939     0.947     0.923      2.23     0.602         0
   126/299     7.81G      1.36     0.347         0      1.71        16       608       0.9     0.924     0.929     0.912      2.34     0.631         0
   127/299     7.81G      1.23      0.34         0      1.57        19       608     0.906     0.939     0.943     0.922       2.3     0.629         0
   128/299     7.81G      1.25     0.327         0      1.58        22       608     0.898     0.942     0.947     0.919      2.35     0.642         0
   129/299     7.81G      1.54     0.333         0      1.87        29       608     0.911     0.942     0.955     0.926      2.37      0.67         0
   130/299     7.81G      1.29     0.341         0      1.63        25       608     0.927     0.935     0.957     0.931      2.34     0.679         0
   131/299     7.81G      1.31      0.36         0      1.67        25       608     0.912     0.939     0.945     0.925       2.3     0.659         0
   132/299     7.81G      1.33     0.343         0      1.67        25       608     0.919     0.935     0.955     0.927      2.34     0.639         0
   133/299     7.81G      1.27     0.355         0      1.63        25       608     0.913     0.939     0.951     0.926      2.31     0.642         0
   134/299     7.81G       1.3      0.32         0      1.62        25       608     0.929     0.928     0.941     0.928      2.35     0.631         0
   135/299     7.81G       1.4     0.346         0      1.75        18       608     0.927     0.917     0.923     0.922      2.41     0.633         0
   136/299     7.81G      1.16     0.316         0      1.48        25       608     0.911     0.931     0.947     0.921      2.31     0.642         0
   137/299     7.81G      1.24     0.332         0      1.57        24       608     0.911     0.931     0.931     0.921      2.34     0.642         0
   138/299     7.81G      1.22     0.319         0      1.54        28       608     0.895     0.913     0.924     0.904      2.34     0.641         0
   139/299     7.81G      1.26     0.315         0      1.58        31       608     0.903     0.906     0.924     0.905      2.26      0.64         0
   140/299     7.81G      1.19     0.323         0      1.52        22       608       0.9     0.903     0.923     0.901      2.27     0.646         0
   141/299     7.81G      1.21     0.291         0       1.5        22       608     0.897     0.924     0.936      0.91      2.26     0.643         0
   142/299     7.81G      1.18     0.344         0      1.53        26       608     0.913     0.931     0.942     0.922      2.28     0.642         0
   143/299     7.81G      1.17     0.305         0      1.48        26       608     0.902     0.931      0.94     0.916      2.21     0.634         0
   144/299     7.81G      1.21     0.302         0      1.51        28       608     0.891     0.928     0.938     0.909      2.23     0.646         0
   145/299     7.81G      1.29     0.314         0      1.61        28       608     0.902     0.928     0.938     0.915       2.3     0.663         0
   146/299     7.81G      1.13     0.329         0      1.46        21       608     0.902     0.929      0.94     0.915      2.22     0.633         0
   147/299     7.81G       1.1     0.322         0      1.42        28       608     0.911     0.928     0.934      0.92      2.31     0.641         0
   148/299     7.81G      1.11     0.322         0      1.43        27       608     0.911     0.928     0.944      0.92      2.27     0.637         0
   149/299     7.81G      1.18     0.311         0      1.49        28       608     0.912     0.931     0.939     0.921      2.38     0.668         0
   150/299     7.81G      1.14     0.295         0      1.44        22       608     0.919     0.931     0.946     0.925      2.29     0.662         0
   151/299     7.81G      1.06     0.303         0      1.36        29       608     0.908     0.906      0.93     0.907      2.35     0.659         0
   152/299     7.81G      1.07     0.308         0      1.38        23       608     0.914     0.903     0.928     0.908      2.37     0.645         0
   153/299     7.81G      1.14     0.301         0      1.44        29       608     0.928     0.924     0.949     0.926      2.32     0.646         0
   154/299     7.81G      1.14     0.288         0      1.42        20       608     0.924     0.924     0.946     0.924      2.33     0.668         0
   155/299     7.81G      1.14     0.306         0      1.45        23       608     0.924     0.919     0.949     0.921      2.32     0.672         0
   156/299     7.81G      1.11     0.302         0      1.42        31       608      0.92     0.931     0.945     0.926      2.28     0.674         0
   157/299     7.81G      1.03     0.291         0      1.32        27       608     0.927     0.949      0.95     0.938      2.24     0.653         0
   158/299     7.81G      1.04     0.311         0      1.35        19       608     0.921     0.949     0.949     0.935      2.26     0.654         0
   159/299     7.81G      1.02     0.295         0      1.32        24       608     0.914     0.942      0.94     0.928       2.3     0.658         0
   160/299     7.81G      1.07     0.269         0      1.33        20       608     0.916     0.942     0.946     0.929      2.29     0.662         0
   161/299     7.81G      1.06     0.281         0      1.35        29       608     0.914     0.946      0.95     0.929      2.24     0.656         0
   162/299     7.81G      1.04     0.271         0      1.32        19       608     0.916     0.942     0.946     0.929      2.27     0.663         0
   163/299     7.81G      1.05     0.282         0      1.33        23       608      0.92     0.951     0.951     0.935      2.26     0.674         0
   164/299     7.81G     0.963       0.3         0      1.26        21       608      0.92     0.949     0.948     0.934      2.24     0.676         0
   165/299     7.81G      1.02     0.281         0      1.31        23       608     0.925     0.957     0.962      0.94      2.23     0.665         0
   166/299     7.81G     0.976     0.282         0      1.26        22       608      0.92     0.949     0.955     0.935      2.26     0.665         0
   167/299     7.81G      1.02     0.245         0      1.27        23       608     0.912     0.942     0.962     0.927      2.21     0.662         0
   168/299     7.81G      1.04     0.276         0      1.31        23       608     0.915     0.935      0.96     0.925      2.21     0.666         0
   169/299     7.81G      1.02     0.271         0      1.29        30       608     0.924     0.942     0.956     0.933      2.25      0.66         0
   170/299     7.81G      0.93     0.254         0      1.18        17       608     0.912     0.931      0.95     0.922      2.26     0.651         0
   171/299     7.81G         1     0.277         0      1.28        16       608     0.924     0.935      0.95      0.93      2.26     0.653         0
   172/299     7.81G      1.01     0.272         0      1.28        22       608     0.921     0.932      0.95     0.927      2.22     0.664         0
   173/299     7.81G     0.922     0.272         0      1.19        24       608      0.93     0.928     0.956     0.929      2.24     0.677         0
   174/299     7.81G     0.922     0.276         0       1.2        20       608     0.928     0.949      0.96     0.938      2.24     0.664         0
   175/299     7.81G     0.903      0.27         0      1.17        17       608     0.921     0.949     0.955     0.935      2.23     0.676         0
   176/299     7.81G     0.969     0.248         0      1.22        27       608     0.923     0.939     0.952     0.931      2.23     0.683         0
   177/299     7.81G     0.965     0.274         0      1.24        24       608     0.913     0.931      0.94     0.922      2.22     0.689         0
   178/299     7.81G     0.954     0.259         0      1.21        35       608      0.91     0.935     0.943     0.922      2.31     0.696         0
   179/299     7.81G     0.936     0.284         0      1.22        30       608     0.917     0.942     0.953     0.929      2.27     0.699         0
   180/299     7.81G         1     0.254         0      1.26        25       608     0.918     0.942      0.95      0.93      2.26     0.692         0
   181/299     7.81G     0.972     0.253         0      1.23        26       608     0.933      0.95     0.953     0.941      2.23     0.693         0
   182/299     7.81G     0.877     0.257         0      1.13        24       608     0.932     0.953     0.951     0.942      2.21     0.683         0
   183/299     7.81G     0.902     0.258         0      1.16        26       608     0.933     0.957     0.957     0.945      2.24     0.687         0
   184/299     7.81G      0.92     0.257         0      1.18        26       608     0.929      0.96     0.957     0.944      2.21     0.695         0
   185/299     7.81G     0.904     0.242         0      1.15        23       608     0.923     0.955     0.958     0.939      2.19     0.698         0
   186/299     7.81G     0.905     0.252         0      1.16        21       608     0.919     0.944     0.948     0.931      2.24     0.701         0
   187/299     7.81G     0.928     0.257         0      1.19        30       608      0.93     0.953     0.964     0.941      2.21     0.689         0
   188/299     7.81G     0.824     0.252         0      1.08        25       608     0.923     0.951     0.956     0.937      2.23     0.695         0
   189/299     7.81G     0.841     0.246         0      1.09        20       608      0.92      0.96     0.967      0.94      2.19     0.692         0
   190/299     7.81G     0.902     0.259         0      1.16        28       608     0.919     0.957     0.964     0.938      2.24     0.699         0
   191/299     7.81G     0.865     0.253         0      1.12        21       608     0.935     0.968     0.973     0.951      2.19     0.691         0
   192/299     7.81G     0.873     0.253         0      1.13        32       608     0.939     0.968     0.969     0.953       2.2     0.688         0
   193/299     7.81G     0.846     0.248         0      1.09        29       608     0.929     0.968     0.965     0.948       2.2      0.69         0
   194/299     7.81G     0.872      0.25         0      1.12        26       608     0.927     0.967     0.971     0.947      2.25     0.691         0
   195/299     7.81G     0.847     0.236         0      1.08        31       608     0.926     0.954      0.96      0.94       2.2     0.682         0
   196/299     7.81G     0.864     0.258         0      1.12        26       608     0.924     0.946     0.957     0.935      2.25     0.676         0
   197/299     7.81G     0.813     0.235         0      1.05        28       608     0.905     0.931     0.944     0.918      2.24     0.667         0
   198/299     7.81G     0.766     0.223         0      0.99        23       608     0.927     0.942     0.962     0.934      2.25     0.679         0
   199/299     7.81G     0.796     0.223         0      1.02        27       608     0.916     0.939     0.957     0.927      2.24     0.689         0
   200/299     7.81G     0.824     0.242         0      1.07        21       608     0.912     0.931     0.946     0.922      2.29     0.698         0
   201/299     7.81G     0.763      0.23         0     0.993        27       608     0.916     0.935     0.945     0.926      2.26     0.694         0
   202/299     7.81G     0.799     0.236         0      1.03        24       608     0.922      0.94     0.953     0.931      2.22     0.689         0
   203/299     7.81G     0.802     0.243         0      1.05        29       608     0.919     0.946     0.947     0.932      2.21     0.692         0
   204/299     7.81G      0.78     0.251         0      1.03        27       608     0.916     0.946     0.947     0.931      2.19     0.691         0
   205/299     7.81G     0.786     0.222         0      1.01        24       608     0.904     0.942      0.95     0.923      2.24     0.695         0
   206/299     7.81G      0.79     0.222         0      1.01        30       608      0.91     0.946     0.952     0.927      2.19     0.686         0
   207/299     7.81G     0.759     0.228         0     0.987        23       608     0.896     0.937     0.942     0.916      2.21     0.692         0
   208/299     7.81G     0.771     0.227         0     0.998        20       608     0.916     0.949     0.964     0.932      2.21       0.7         0
   209/299     7.81G     0.754     0.243         0     0.998        22       608     0.915     0.953     0.963     0.934      2.22       0.7         0
   210/299     7.81G     0.765      0.25         0      1.01        36       608     0.904     0.949     0.952     0.926      2.19     0.688         0
   211/299     7.81G     0.733     0.222         0     0.954        27       608     0.907     0.957     0.957     0.931       2.2     0.686         0
   212/299     7.81G      0.77      0.25         0      1.02        22       608     0.918      0.96     0.963     0.939      2.19     0.685         0
   213/299     7.81G     0.778     0.229         0      1.01        19       608     0.915     0.953     0.964     0.934      2.21     0.693         0
   214/299     7.81G     0.729     0.218         0     0.947        30       608     0.914     0.957     0.964     0.935      2.21       0.7         0
   215/299     7.81G     0.705     0.215         0     0.919        25       608     0.921      0.96     0.964      0.94      2.21     0.704         0
   216/299     7.81G     0.712     0.217         0     0.929        24       608     0.924      0.96     0.964     0.942      2.23     0.709         0
   217/299     7.81G     0.685     0.211         0     0.896        23       608      0.92     0.964     0.963     0.942      2.22     0.706         0
   218/299     7.81G     0.708     0.218         0     0.926        25       608     0.923      0.96      0.96     0.941      2.21     0.705         0
   219/299     7.81G     0.705     0.243         0     0.948        29       608     0.925      0.96     0.959     0.942      2.22      0.71         0
   220/299     7.81G     0.696     0.222         0     0.918        28       608     0.921     0.949      0.96     0.935      2.22     0.714         0
   221/299     7.81G     0.714     0.247         0     0.961        29       608     0.924     0.949     0.959     0.936      2.22     0.716         0
   222/299     7.81G     0.698      0.21         0     0.908        29       608     0.928      0.96     0.971     0.944      2.22     0.717         0
   223/299     7.81G     0.724     0.215         0      0.94        22       608     0.921     0.949     0.955     0.935      2.21      0.71         0
   224/299     7.81G     0.662     0.193         0     0.855        26       608     0.915     0.949     0.956     0.932      2.22     0.708         0
   225/299     7.81G      0.73     0.212         0     0.941        23       608     0.923      0.96     0.962     0.942       2.2     0.704         0
   226/299     7.81G     0.689     0.205         0     0.894        27       608     0.925      0.96     0.961     0.942      2.21       0.7         0
   227/299     7.81G     0.687     0.202         0     0.889        26       608     0.926     0.968     0.972     0.947       2.2     0.704         0
   228/299     7.81G     0.709     0.208         0     0.917        25       608     0.927     0.961     0.964     0.944      2.21     0.716         0
   229/299     7.81G     0.721     0.208         0     0.929        23       608     0.926      0.96     0.965     0.943      2.21     0.724         0
   230/299     7.81G     0.693     0.195         0     0.889        18       608     0.929     0.964     0.966     0.946      2.21     0.732         0
   231/299     7.81G     0.672     0.199         0     0.871        18       608     0.927     0.964     0.966     0.945       2.2     0.741         0
   232/299     7.81G      0.67     0.212         0     0.882        29       608     0.927     0.962     0.965     0.944       2.2     0.742         0
   233/299     7.81G     0.682     0.207         0     0.888        25       608     0.927      0.96     0.965     0.943      2.19     0.737         0
   234/299     7.81G     0.667     0.211         0     0.878        23       608     0.921     0.957     0.961     0.939      2.19      0.73         0
   235/299     7.81G     0.652     0.181         0     0.833        26       608      0.92     0.958     0.961     0.939      2.19     0.728         0
   236/299     7.81G     0.645     0.196         0     0.842        26       608     0.921     0.957     0.961     0.939       2.2     0.734         0
   237/299     7.81G     0.677     0.198         0     0.875        17       608     0.916     0.953     0.961     0.934       2.2     0.737         0
   238/299     7.81G     0.673     0.233         0     0.906        36       608     0.921     0.957     0.961     0.939       2.2     0.738         0
   239/299     7.81G     0.655      0.21         0     0.865        23       608     0.912     0.949      0.95      0.93       2.2     0.732         0
   240/299     7.81G     0.652       0.2         0     0.852        24       608     0.909     0.946     0.949     0.927       2.2     0.738         0
   241/299     7.81G      0.65     0.193         0     0.843        25       608     0.908     0.946      0.95     0.926      2.22     0.743         0
   242/299     7.81G     0.666     0.215         0     0.881        21       608     0.923     0.946     0.951     0.934      2.22     0.747         0
   243/299     7.81G     0.649     0.205         0     0.854        20       608     0.919     0.946     0.948     0.932      2.22     0.751         0
   244/299     7.81G     0.662     0.201         0     0.862        28       608     0.921     0.953     0.959     0.937      2.21     0.757         0
   245/299     7.81G     0.632     0.194         0     0.827        30       608     0.914     0.957     0.963     0.935      2.22     0.762         0
   246/299     7.81G     0.659     0.195         0     0.853        20       608     0.919     0.957     0.964     0.937      2.21     0.753         0
   247/299     7.81G     0.631     0.209         0      0.84        37       608     0.919      0.96     0.964     0.939       2.2     0.751         0
   248/299     7.81G     0.648     0.228         0     0.876        24       608     0.925     0.949     0.963     0.937      2.22     0.753         0
   249/299     7.81G      0.61     0.199         0      0.81        29       608     0.919     0.957     0.964     0.937      2.21     0.752         0
   250/299     7.81G     0.645     0.197         0     0.842        36       608     0.922     0.957     0.964     0.939      2.23     0.749         0
   251/299     7.81G     0.678     0.203         0     0.881        24       608     0.923     0.957     0.961     0.939      2.22     0.748         0
   252/299     7.81G     0.608     0.182         0      0.79        23       608     0.919     0.953     0.957     0.936      2.21     0.741         0
   253/299     7.81G     0.648       0.2         0     0.848        20       608     0.921     0.957     0.961     0.939      2.21     0.739         0
   254/299     7.81G     0.634     0.189         0     0.823        27       608      0.92     0.953     0.961     0.936      2.21     0.738         0
   255/299     7.81G     0.611     0.196         0     0.807        26       608     0.915     0.953     0.959     0.934       2.2     0.736         0
   256/299     7.81G     0.627     0.195         0     0.822        31       608     0.919     0.957     0.961     0.937      2.21     0.741         0
   257/299     7.81G     0.619       0.2         0     0.818        19       608      0.92     0.959     0.961     0.939      2.21     0.744         0
   258/299     7.81G     0.641      0.21         0      0.85        28       608     0.922     0.957     0.961     0.939       2.2     0.744         0
   259/299     7.81G     0.621     0.192         0     0.813        29       608      0.92     0.955     0.959     0.937      2.22      0.75         0
   260/299     7.81G     0.646     0.218         0     0.864        33       608     0.923     0.957     0.962      0.94      2.22     0.754         0
   261/299     7.81G      0.59     0.187         0     0.778        24       608     0.929     0.957     0.962     0.943      2.23     0.758         0
   262/299     7.81G     0.616      0.18         0     0.796        19       608     0.925     0.957     0.961      0.94      2.23     0.757         0
   263/299     7.81G     0.591     0.206         0     0.797        27       608     0.927     0.957     0.961     0.942      2.22     0.758         0
   264/299     7.81G     0.583     0.177         0     0.761        35       608     0.923     0.953     0.958     0.938      2.22     0.758         0
   265/299     7.81G     0.615     0.198         0     0.813        24       608     0.926     0.951     0.958     0.938      2.21     0.764         0
   266/299     7.81G     0.598       0.2         0     0.798        24       608     0.928     0.957     0.961     0.942      2.21     0.767         0
   267/299     7.81G     0.606      0.19         0     0.796        24       608     0.927     0.953     0.961      0.94      2.22     0.769         0
   268/299     7.81G     0.606       0.2         0     0.805        27       608     0.927     0.953     0.961      0.94      2.21     0.769         0
   269/299     7.81G     0.579     0.207         0     0.785        35       608     0.925     0.957     0.961      0.94      2.21     0.775         0
   270/299     7.81G      0.65     0.199         0     0.849        27       608     0.926     0.957     0.961     0.941      2.22     0.777         0
   271/299     7.81G     0.608     0.181         0     0.789        15       608     0.926     0.955     0.961     0.941      2.22     0.778         0
   272/299     7.81G     0.545     0.174         0     0.719        33       608      0.93     0.957     0.961     0.943      2.22      0.78         0
   273/299     7.81G     0.593     0.188         0      0.78        15       608      0.93     0.956     0.961     0.943      2.23      0.78         0
   274/299     7.81G     0.621     0.198         0     0.819        30       608     0.922     0.949     0.961     0.936      2.22     0.779         0
   275/299     7.81G     0.612     0.212         0     0.824        24       608      0.92     0.949     0.961     0.934      2.22     0.778         0
   276/299     7.81G     0.602     0.196         0     0.798        25       608     0.925     0.953     0.962     0.939      2.21     0.776         0
   277/299     7.81G     0.581     0.195         0     0.777        23       608     0.927     0.957     0.962     0.941      2.21     0.774         0
   278/299     7.81G     0.589     0.191         0     0.779        25       608     0.925     0.957     0.961      0.94      2.21     0.774         0
   279/299     7.81G     0.583     0.212         0     0.795        28       608     0.927     0.959     0.962     0.942      2.21     0.772         0
   280/299     7.81G     0.554     0.191         0     0.745        28       608     0.927     0.958     0.961     0.942      2.21     0.774         0
   281/299     7.81G     0.575     0.183         0     0.757        20       608     0.927     0.957     0.961     0.941      2.22     0.772         0
   282/299     7.81G     0.599     0.172         0     0.771        30       608     0.922     0.953      0.96     0.937      2.22     0.774         0
   283/299     7.81G     0.551     0.162         0     0.713        25       608     0.915     0.949     0.959     0.932      2.22     0.773         0
   284/299     7.81G     0.582     0.181         0     0.763        22       608     0.913     0.953      0.96     0.932      2.22     0.772         0
   285/299     7.81G     0.573     0.163         0     0.736        25       608     0.917     0.953     0.959     0.935      2.23     0.772         0
   286/299     7.81G     0.588     0.189         0     0.777        17       608     0.911     0.946     0.946     0.928      2.22     0.773         0
   287/299     7.81G     0.577     0.186         0     0.762        29       608      0.91     0.946     0.946     0.927      2.22     0.777         0
   288/299     7.81G     0.582     0.189         0      0.77        26       608     0.917     0.949     0.958     0.933      2.21     0.778         0
   289/299     7.81G     0.599     0.193         0     0.792        24       608     0.923     0.956     0.959     0.939       2.2     0.781         0
   290/299     7.81G     0.599     0.165         0     0.764        17       608     0.923     0.953     0.959     0.938      2.21     0.781         0
   291/299     7.81G     0.589     0.171         0      0.76        27       608     0.925     0.957      0.96     0.941      2.21     0.783         0
   292/299     7.81G     0.588     0.199         0     0.788        18       608     0.931      0.96     0.964     0.945       2.2     0.781         0
   293/299     7.81G     0.549     0.177         0     0.726        15       608     0.928      0.96     0.964     0.944      2.21      0.78         0
   294/299     7.81G     0.572     0.181         0     0.753        30       608     0.927      0.96     0.964     0.943      2.21      0.78         0
   295/299     7.81G      0.56     0.182         0     0.742        23       608     0.928     0.957     0.958     0.942      2.21      0.78         0
   296/299     7.81G     0.561     0.177         0     0.738        20       608     0.927     0.957     0.959     0.942      2.21     0.781         0
   297/299     7.81G     0.571     0.183         0     0.755        20       608     0.922     0.957     0.958     0.939      2.22     0.782         0
   298/299     7.81G     0.577     0.182         0     0.759        21       608      0.92     0.953     0.954     0.936      2.22     0.785         0
   299/299     7.81G     0.578     0.165         0     0.743        22       608     0.925     0.957      0.96     0.941      2.22     0.785         0
