[    0.68112     0.75728     0.39328     0.72251           0           0           0     0.53848     0.68746           0           0     0.43116           0     0.53217]
[    0.90448     0.61946           0           0           0           0     0.69769           0     0.67517           0]
[    0.81837     0.64223     0.71503           0     0.81875     0.71867     0.62682           0     0.10706           0     0.22329     0.15055           0     0.47624     0.36878     0.55805     0.10276     0.46598     0.41619     0.61882      0.8524     0.31777]
[    0.90788           0     0.66867           0     0.40973           0]
[    0.92928     0.76972           0    0.062869           0           0]
[    0.77391     0.48882      0.5499     0.54031     0.58005     0.43865     0.26495           0     0.30358           0]
[    0.83085           0           0           0           0           0           0           0           0]
[    0.81425     0.70021      0.5774           0           0]
[    0.90397     0.93026           0           0           0     0.38794]
[    0.78556     0.48575     0.48629           0     0.38857]
[    0.59065           0     0.69059           0           0     0.68398           0           0           0      0.5541           0           0]
[    0.63447       0.685     0.55645     0.49967     0.64722      0.0308]
[    0.84781     0.83608     0.87896     0.94783     0.83903]
[    0.33991     0.31453     0.51433     0.75975     0.28259           0           0     0.56022           0           0     0.48157]
[    0.63391           0     0.76273       0.646     0.53781      0.7614     0.52247     0.41741      0.3061           0     0.39845           0           0           0]
[    0.79094      0.8676     0.78846      0.7278     0.61079       0.393     0.36863]
[    0.69314     0.64111     0.71315     0.68158     0.64696           0     0.13484     0.51808     0.57648     0.26414]
[    0.55458      0.9324      0.6235     0.66873           0     0.69293]
[    0.61631     0.83248     0.77111     0.75152     0.54092     0.64352     0.76229           0     0.28603     0.27357           0     0.58104     0.78653     0.58751     0.71328     0.18291     0.88901     0.35602     0.46372     0.79316     0.89499           0           0]
[    0.92293           0           0           0           0           0]
[    0.60802           0           0           0     0.31643           0]
[    0.74211     0.74382           0]
[    0.82224     0.84368     0.79837           0     0.66897           0           0           0]
[    0.91016           0           0           0           0           0]
[    0.90728     0.91765     0.81333     0.58826     0.54564]
[    0.86959           0]
[    0.87389     0.80112     0.93229     0.79412           0           0]
[    0.60604     0.81428           0           0           0     0.80567]
[    0.78603     0.78601     0.60997     0.42999           0           0     0.19578     0.29841]
[    0.82953     0.94916     0.98188           0           0      0.5542]
[    0.82343           0]
[     0.8507    0.090536     0.43197]
[    0.49516     0.56747     0.37151           0           0]
[    0.86514     0.87339     0.75747           0           0           0     0.76546           0           0     0.40956     0.36021     0.58254           0     0.79421     0.74172     0.91062           0]
[    0.78411     0.86918           0           0           0           0           0           0           0     0.84773]
[     0.2162     0.56837           0           0           0           0           0           0           0           0]
[    0.75612     0.81696     0.71335     0.66262     0.72885           0           0     0.50532     0.38166]
[     0.8433     0.85226      0.7825     0.35182           0     0.51446]
[    0.90593     0.69932     0.59168     0.51898           0           0     0.35276]
[    0.53799     0.55972     0.50947]
[    0.81144     0.87788     0.71774   0.0058516           0     0.74012]
[    0.79073     0.82041     0.55069           0           0           0           0      0.7131]
[     0.7673           0           0           0           0           0]
[    0.92818     0.81153     0.72973           0           0           0           0]
[    0.93617     0.89607     0.93727     0.91213     0.85628     0.82597           0           0     0.86869           0     0.86431]
[    0.68932     0.89075     0.63919     0.55181     0.49994           0     0.68811           0      0.5451     0.34182     0.39504           0     0.58967]
[    0.75024     0.78574     0.83962           0]
[    0.71722     0.83216]
[    0.86521      0.8989     0.86792     0.85266     0.39558]
[    0.80177     0.80987     0.45476           0]
[    0.71698     0.61381     0.16993     0.11183      0.2845     0.44129           0      0.2785]
[    0.88339     0.77339     0.86766           0           0           0]
[    0.89376     0.83403           0           0     0.55159     0.45041]
[    0.80087     0.85297     0.80867     0.68116    0.040786           0]
[    0.91506     0.68207     0.84482     0.79197           0     0.62793]
[    0.50768     0.59201     0.67221     0.67893     0.32311     0.74712     0.40722     0.72821     0.69872     0.53786     0.61142     0.30606     0.21464     0.48116     0.36631     0.54282     0.46288]
[    0.45139     0.72948]
[    0.84011     0.82536     0.81391     0.69799           0    0.028341     0.57502           0           0]
[    0.70359     0.85499     0.76336     0.76423     0.71585           0           0           0           0]
[    0.76048     0.59049     0.67852     0.77243]
[    0.85467     0.88087     0.74944     0.73891           0     0.65386]
[    0.78675     0.85389     0.55351           0           0           0           0]
[    0.88389     0.77781     0.88944     0.74056]
[    0.68629     0.86181           0           0     0.45308]
[    0.65819           0     0.52498     0.43602           0]
[    0.92533           0     0.66573           0]
[    0.64456     0.73208           0     0.81849      0.6483     0.54508       0.695     0.22473     0.48248           0     0.57177     0.51579     0.32425           0     0.77699     0.20041]
[    0.75425      0.7155           0      0.6761     0.43025     0.75926           0     0.25722           0           0           0]
[    0.80793     0.68146     0.65962     0.79596           0     0.03323     0.51567           0     0.41369           0]
[     0.6291     0.79615           0           0           0           0     0.68331     0.29593           0]
[    0.79951     0.87053    0.040598    0.010829     0.74745     0.38127     0.49359]
[     0.6389     0.76209           0]
[    0.74319     0.67611     0.81814     0.84101     0.43266     0.04549        0.92           0     0.80347     0.15565           0]
[    0.81051     0.58605     0.82166      0.6696     0.73377     0.87238     0.57819     0.67371      0.7534     0.27913     0.67063     0.56554     0.55331     0.47414     0.26364           0     0.76062]
[    0.71412           0           0           0           0           0]
[    0.79492     0.56799     0.62595           0     0.78226           0     0.58069           0]
[    0.93555     0.88133     0.85393     0.47124     0.67492     0.45003     0.17744     0.41209]
[     0.8393     0.79265     0.88444     0.68661     0.23182     0.48955     0.21284      0.7214           0     0.16973           0     0.58007]
[    0.75011     0.80458           0           0           0     0.58539     0.71161     0.22529           0]
[    0.79124     0.85391     0.62219      0.8583    0.021754           0     0.58845     0.51201]
[     0.9463     0.86859     0.86126     0.66267           0           0   0.0014824     0.48015           0]
[    0.39282     0.60744     0.82484     0.54157           0           0     0.50625      0.7166           0           0           0           0           0     0.17806     0.63545           0           0      0.8748     0.49198     0.64958]
[    0.82892     0.88008     0.89538     0.92153           0           0           0           0           0     0.38454]
[    0.70669     0.75491     0.85698     0.81648           0           0     0.75648     0.47843           0]
[    0.80813     0.83992     0.32042     0.60135]
[     0.6947      0.8018     0.81888     0.87837      0.6912     0.53205]
[    0.82451     0.54269           0      0.7352]
[    0.69725     0.87414     0.71341]
[    0.85899           0           0     0.63746     0.43462]
[    0.78261     0.71003     0.81566     0.89394           0     0.31389           0]
[    0.60479           0           0           0      0.1694     0.53473     0.59018           0]
[    0.79067     0.85805     0.62701    0.086547     0.77891     0.80459           0           0           0]
[    0.89725     0.92999     0.88449           0     0.87598]
[    0.51137     0.79486     0.83149     0.69385     0.28777           0]
[    0.91049     0.88683       0.892     0.81938      0.7605     0.85817     0.89078      0.6666     0.65198     0.80369     0.84686           0     0.82369           0     0.91741           0     0.90421     0.46745     0.32266]
[    0.82264      0.7695     0.83351           0           0           0]
[    0.79129           0           0     0.45833           0           0]
[    0.83348     0.90114     0.81552           0      0.3736     0.89264     0.37825     0.71528]
[     0.8619     0.77269     0.67339           0           0]
[    0.94478     0.94819           0           0]
