[    0.77889           0           0           0           0     0.81175           0           0           0           0     0.58879]
[    0.92109           0           0           0           0]
[    0.60542      0.4773     0.31196]
[          0     0.64686     0.54672           0     0.43096           0           0           0           0     0.66335           0           0           0     0.35734           0           0     0.40971           0           0           0           0]
[    0.21068     0.48797     0.18967           0]
[    0.72586     0.70729           0           0           0     0.55611     0.63759           0           0]
[    0.57057           0           0           0      0.3179     0.13672           0]
[    0.78965     0.37186     0.25833     0.66925      0.7687     0.17143]
[    0.80537           0           0     0.87516           0]
[          0           0           0           0      0.4237           0           0           0]
[     0.8613           0           0]
[    0.57352     0.59083]
[    0.60983           0     0.62559     0.27378           0]
[    0.81706      0.4466           0           0     0.54959           0           0           0           0           0]
[    0.85618           0           0           0           0           0           0           0]
[    0.85914           0           0           0           0           0           0           0           0           0     0.45527           0           0]
[    0.90806     0.28834     0.16444           0           0           0]
[          0     0.24175           0           0           0           0           0           0]
[    0.89428           0           0           0           0     0.63347           0]
[    0.77873           0     0.49921           0     0.78321]
[    0.92759     0.75004           0           0     0.97246           0           0           0           0           0           0     0.41632           0           0           0]
[    0.73809     0.44156           0     0.29635     0.60979           0           0           0           0           0           0           0]
[    0.57568     0.59198           0           0     0.23222]
[    0.77654           0     0.40466     0.89699     0.57805           0]
[    0.59795      0.5547           0           0           0]
[    0.66771     0.28055     0.14968           0     0.40761     0.39966           0           0           0     0.33013           0           0]
[    0.70927           0           0           0           0]
[    0.87378           0           0           0     0.82698           0           0     0.28846           0     0.48843           0]
[    0.86049     0.53071           0     0.72959     0.75129           0     0.80332     0.36104           0           0           0]
[    0.76845           0     0.68986]
[     0.5263           0           0      0.2353     0.55037           0           0     0.48876           0           0           0           0           0]
[    0.83341           0           0     0.19611     0.33397           0           0]
[    0.62765           0           0     0.57308           0           0           0]
[          0      0.7235     0.65639           0     0.53838           0     0.23696           0]
[    0.55917     0.54682      0.5387           0           0     0.54417           0     0.43616           0     0.35975     0.45744]
[    0.74856           0     0.62488]
[    0.75863    0.042274           0           0           0]
[    0.53073      0.4315           0           0           0           0           0           0           0     0.43006     0.49818           0           0]
[    0.85206           0           0           0           0           0           0]
[    0.42731           0           0     0.39095           0           0     0.46842           0]
[    0.73644     0.50064           0]
[    0.85436           0           0           0           0           0           0           0           0           0]
[    0.75849           0           0     0.66372           0           0           0     0.36485     0.13692           0           0           0           0           0]
[    0.88544     0.68796]
[    0.62299     0.63562           0           0     0.21973           0]
[    0.83322           0           0     0.78861     0.33645           0]
[    0.90442           0           0     0.51703           0           0           0           0     0.78139    0.027633           0]
[    0.50029           0     0.47172     0.39564           0     0.45077           0]
[    0.49848      0.4261     0.19779]
[    0.59546     0.86084     0.70339     0.34958           0     0.61547     0.27786      0.2424]
[    0.66098           0           0           0           0     0.38784     0.60246           0     0.23932           0]
[    0.59932     0.63777     0.28901     0.53531]
[    0.84576           0     0.48205           0]
[     0.4805    0.057845     0.40299     0.22172           0     0.37265     0.36699           0     0.19416           0           0]
[    0.84473           0           0           0           0           0]
[    0.84124           0           0]
[    0.89044     0.65629           0]
[    0.51032           0           0           0           0           0           0           0           0           0           0           0           0]
[    0.94929           0           0           0           0     0.40833           0           0           0           0           0           0           0]
[    0.50685     0.78996           0           0           0           0           0           0           0           0           0           0           0           0           0]
[    0.85196           0           0           0           0           0           0           0]
[    0.86845           0     0.19923           0           0     0.67532    0.049614           0     0.47559]
[    0.89657           0     0.56696           0     0.67605           0     0.48365           0           0]
[    0.81103           0           0           0     0.49778]
[    0.84676     0.86265     0.89265     0.64977     0.71461     0.31676           0     0.83396]
[    0.69129     0.37784     0.71691      0.3681           0           0           0           0           0           0]
[    0.91095      0.6875           0           0     0.59299     0.35453           0     0.47813]
[    0.85827     0.64693           0     0.42085           0]
[    0.86443     0.91294     0.45826]
[    0.76529           0     0.44556           0           0]
[    0.73121           0           0           0           0           0     0.65984           0           0           0           0           0]
[    0.87384     0.85156]
[    0.86957     0.63376]
[    0.76612           0           0     0.15724     0.37674           0           0           0           0           0           0]
[    0.67704           0     0.25573]
[    0.85065           0      0.7149     0.53985           0           0           0     0.37968           0           0           0]
[    0.88058           0           0     0.46183    0.053369           0           0           0           0]
[    0.62841           0     0.34701]
[    0.87427           0           0           0     0.44512           0           0           0     0.53422           0           0           0           0           0     0.50844     0.56396     0.36618]
[    0.53558     0.63161           0     0.38019           0     0.53734           0           0           0           0           0           0           0           0           0           0           0     0.46171]
[     0.6557           0           0           0     0.75937]
[    0.58984     0.48194           0           0           0           0           0           0           0           0           0]
[    0.94068           0     0.53314           0     0.23417           0           0           0]
[    0.45126     0.52049     0.49336     0.46735           0      0.4468           0           0           0]
[    0.84722           0           0     0.70917     0.51072       0.531           0           0]
[    0.79248           0      0.5667]
[    0.74041           0           0     0.60992           0           0           0           0           0]
[     0.8379           0]
[    0.87137     0.39712     0.24465           0]
[    0.72882           0     0.55657           0     0.86786]
[    0.62015           0     0.35298     0.52881]
[     0.6266     0.47638     0.43315           0           0           0     0.48503           0     0.31071     0.49186           0     0.39012]
[    0.80254     0.68292      0.5406           0]
[    0.63949     0.82926           0     0.61509     0.82825]
[    0.65301     0.73759           0     0.64035           0           0    0.029073           0           0]
[    0.85045           0     0.43711           0     0.38424      0.6109]
[    0.79097]
[    0.39491     0.81138     0.32158     0.33377           0           0           0     0.22877]
[    0.63124           0           0           0           0           0           0           0           0           0     0.61983]
[     0.6753           0           0           0]
