[          1]
[          1]
[          1]
[          1]
[          1]
[          1]
[          1]
[          1]
[          1]
[          1]
[          1]
[          1]
[          1]
[          1]
[          1]
[          1]
[          1]
[          1]
[          1]
[          1]
[          1]
[          1]
[          1]
[          1]
[          1]
[          1]
[          1]
[          1]
[          1]
[          1]
[          1]
[          1]
[          1]
[          1]
[          1]
[          1]
[          1]
[          1]
[          1]
[          1]
[          1]
[          1]
[          1]
[          1]
[          1]
[          1]
[          1]
[          1]
[          1]
[       0.98]
[    0.98039]
[    0.98077]
[    0.98113]
[    0.98148]
[    0.98182]
[    0.98214]
[    0.98246]
[    0.96552]
[     0.9661]
[    0.96667]
[    0.96721]
[    0.96774]
[    0.96825]
[    0.96875]
[    0.96923]
[    0.95455]
[    0.95522]
[    0.95588]
[    0.95652]
[    0.95714]
[    0.95775]
[    0.95833]
[     0.9589]
[    0.95946]
[       0.96]
[    0.96053]
[    0.96104]
[    0.96154]
[    0.96203]
[     0.9625]
[    0.96296]
[    0.96341]
[    0.96386]
[    0.96429]
[    0.96471]
[    0.96512]
[    0.96552]
[    0.95455]
[    0.95506]
[    0.95556]
[    0.94505]
[    0.94565]
[    0.93548]
[    0.93617]
[    0.92632]
[    0.91667]
[    0.91753]
[    0.91837]
[    0.90909]
[       0.91]
[    0.90099]
[    0.89216]
[     0.8932]
[    0.88462]
[    0.87619]
[    0.87736]
[     0.8785]
[    0.87037]
[    0.86239]
[    0.85455]
[    0.85586]
[    0.85714]
[    0.85841]
[    0.85965]
[    0.85217]
[    0.84483]
[    0.83761]
[    0.83051]
[    0.82353]
[      0.825]
[    0.81818]
[    0.81148]
[    0.80488]
[    0.79839]
[      0.792]
[    0.78571]
[     0.7874]
[    0.78125]
[    0.77519]
[    0.77692]
[    0.77099]
[    0.76515]
[     0.7594]
[    0.75373]
[    0.75556]
[       0.75]
[    0.75182]
[    0.74638]
[    0.74101]
[    0.73571]
[     0.7305]
[    0.72535]
[    0.72028]
[    0.72222]
[    0.71724]
[    0.71233]
[    0.70748]
[     0.7027]
[    0.69799]
[    0.69333]
[    0.68874]
[    0.68421]
[    0.67974]
[    0.67532]
[    0.67097]
[    0.66667]
[    0.66242]
[    0.65823]
[    0.65409]
[       0.65]
[    0.64596]
[    0.64198]
[    0.63804]
[    0.63415]
[     0.6303]
[    0.62651]
[    0.62275]
[    0.61905]
[    0.61538]
[    0.61176]
[    0.60819]
[    0.60465]
[    0.60116]
[     0.5977]
[    0.59429]
[    0.59091]
[    0.58757]
[    0.58427]
[    0.58101]
[    0.57778]
[    0.57459]
[    0.57143]
[    0.56831]
[    0.56522]
[    0.56216]
[    0.55914]
[    0.55615]
[    0.55319]
[    0.55026]
[    0.54737]
[     0.5445]
[    0.54167]
[    0.53886]
[    0.53608]
[    0.53333]
[    0.53061]
[    0.52792]
[    0.52525]
[    0.52261]
[       0.52]
[    0.51741]
[    0.51485]
[    0.51232]
[     0.5098]
[    0.50732]
[    0.50485]
[    0.50242]
[        0.5]
[    0.49761]
[    0.49524]
[    0.49289]
[    0.49057]
[    0.48826]
[    0.48598]
[    0.48372]
[    0.48148]
[    0.47926]
[    0.47706]
[    0.47489]
[    0.47273]
[    0.47059]
[    0.46847]
[    0.46637]
[    0.46429]
[    0.46222]
[    0.46018]
[    0.45815]
[    0.45614]
[    0.45415]
[    0.45217]
[    0.45022]
[    0.44828]
[    0.44635]
[    0.44444]
[    0.44255]
[    0.44068]
[    0.43882]
[    0.43697]
[    0.43515]
[    0.43333]
[    0.43154]
[    0.42975]
[    0.42798]
[    0.42623]
[    0.42449]
[    0.42276]
[    0.42105]
[    0.41935]
[    0.41767]
[      0.416]
[    0.41434]
[     0.4127]
[    0.41107]
[    0.40945]
[    0.40784]
[    0.40625]
[    0.40467]
[     0.4031]
[    0.40154]
[        0.4]
[    0.39847]
[    0.39695]
[    0.39544]
[    0.39394]
[    0.39245]
[    0.39098]
[    0.38951]
[    0.38806]
[    0.38662]
[    0.38519]
[    0.38376]
[    0.38235]
[    0.38095]
[    0.37956]
[    0.37818]
[    0.37681]
[    0.37545]
[     0.3741]
[    0.37276]
[    0.37143]
[    0.37011]
[    0.36879]
[    0.36749]
[     0.3662]
[    0.36491]
[    0.36364]
[    0.36237]
[    0.36111]
[    0.35986]
[    0.35862]
[    0.35739]
[    0.35616]
[    0.35495]
[    0.35374]
[    0.35254]
[    0.35135]
[    0.35017]
[    0.34899]
[    0.34783]
[    0.34667]
[    0.34551]
[    0.34437]
[    0.34323]
[    0.34211]
[    0.34098]
[    0.33987]
[    0.33876]
[    0.33766]
[    0.33657]
[    0.33548]
[    0.33441]
[    0.33333]
[    0.33227]
[    0.33121]
[    0.33016]
[    0.32911]
[    0.32808]
[    0.32704]
[    0.32602]
[      0.325]
[    0.32399]
[    0.32298]
[    0.32198]
[    0.32099]
[       0.32]
[    0.31902]
[    0.31804]
[    0.31707]
[    0.31611]
[    0.31515]
[     0.3142]
[    0.31325]
[    0.31231]
[    0.31138]
[    0.31045]
[    0.30952]
[    0.30861]
[    0.30769]
[    0.30678]
[    0.30588]
[    0.30499]
[    0.30409]
[    0.30321]
[    0.30233]
[    0.30145]
[    0.30058]
[    0.29971]
[    0.29885]
[    0.29799]
[    0.29714]
[     0.2963]
[    0.29545]
[    0.29462]
[    0.29379]
[    0.29296]
[    0.29213]
[    0.29132]
[     0.2905]
[    0.28969]
[    0.28889]
[    0.28809]
[    0.28729]
[     0.2865]
[    0.28571]
[    0.28493]
[    0.28415]
[    0.28338]
[    0.28261]
[    0.28184]
[    0.28108]
[    0.28032]
[    0.27957]
[    0.27882]
[    0.27807]
[    0.27733]
[     0.2766]
[    0.27586]
[    0.27513]
[    0.27441]
[    0.27368]
[    0.27297]
[    0.27225]
[    0.27154]
[    0.27083]
[    0.27013]
[    0.26943]
[    0.26873]
[    0.26804]
[    0.26735]
[    0.26667]
[    0.26598]
[    0.26531]
[    0.26463]
[    0.26396]
[    0.26329]
[    0.26263]
[    0.26196]
[    0.26131]
[    0.26065]
[       0.26]
[    0.25935]
[    0.25871]
[    0.25806]
[    0.25743]
[    0.25679]
[    0.25616]
[    0.25553]
[     0.2549]
[    0.25428]
[    0.25366]
[    0.25304]
[    0.25243]
[    0.25182]
[    0.25121]
[     0.2506]
[       0.25]
[     0.2494]
[     0.2488]
[    0.24821]
[    0.24762]
[    0.24703]
[    0.24645]
[    0.24586]
[    0.24528]
[    0.24471]
[    0.24413]
[    0.24356]
[    0.24299]
[    0.24242]
[    0.24186]
[     0.2413]
[    0.24074]
[    0.24018]
[    0.23963]
[    0.23908]
[    0.23853]
[    0.23799]
[    0.23744]
[     0.2369]
[    0.23636]
[    0.23583]
[    0.23529]
[    0.23476]
[    0.23423]
[    0.23371]
[    0.23318]
[    0.23266]
[    0.23214]
[    0.23163]
[    0.23111]
[     0.2306]
[    0.23009]
[    0.22958]
[    0.22907]
[    0.22857]
[    0.22807]
[    0.22757]
[    0.22707]
[    0.22658]
[    0.22609]
[     0.2256]
[    0.22511]
[    0.22462]
[    0.22414]
[    0.22366]
[    0.22318]
[     0.2227]
[    0.22222]
[    0.22175]
[    0.22128]
[    0.22081]
[    0.22034]
[    0.21987]
[    0.21941]
[    0.21895]
[    0.21849]
[    0.21803]
[    0.21757]
[    0.21712]
[    0.21667]
[    0.21622]
[    0.21577]
[    0.21532]
[    0.21488]
[    0.21443]
[    0.21399]
[    0.21355]
[    0.21311]
[    0.21268]
[    0.21224]
[    0.21181]
[    0.21138]
[    0.21095]
[    0.21053]
[     0.2101]
[    0.20968]
[    0.20926]
[    0.20884]
[    0.20842]
[      0.208]
[    0.20758]
[    0.20717]
[    0.20676]
[    0.20635]
[    0.20594]
[    0.20553]
[    0.20513]
[    0.20472]
[    0.20432]
[    0.20392]
[    0.20352]
[    0.20312]
[    0.20273]
[    0.20233]
[    0.20194]
[    0.20155]
[    0.20116]
[    0.20077]
[    0.20039]
[        0.2]
[    0.19962]
[    0.19923]
[    0.19885]
[    0.19847]
[     0.1981]
[    0.19772]
[    0.19734]
[    0.19697]
[     0.1966]
[    0.19623]
[    0.19586]
[    0.19549]
[    0.19512]
[    0.19476]
[    0.19439]
[    0.19403]
[    0.19367]
[    0.19331]
[    0.19295]
[    0.19259]
[    0.19224]
[    0.19188]
[    0.19153]
[    0.19118]
[    0.19083]
[    0.19048]
[    0.19013]
[    0.18978]
[    0.18944]
[    0.18909]
[    0.18875]
[    0.18841]
[    0.18807]
[    0.18773]
[    0.18739]
[    0.18705]
[    0.18671]
[    0.18638]
[    0.18605]
[    0.18571]
[    0.18538]
[    0.18505]
[    0.18472]
[     0.1844]
[    0.18407]
[    0.18375]
[    0.18342]
[     0.1831]
[    0.18278]
[    0.18246]
[    0.18214]
[    0.18182]
[     0.1815]
[    0.18118]
[    0.18087]
[    0.18056]
[    0.18024]
[    0.17993]
[    0.17962]
[    0.17931]
[      0.179]
[    0.17869]
[    0.17839]
[    0.17808]
[    0.17778]
[    0.17747]
[    0.17717]
[    0.17687]
[    0.17657]
[    0.17627]
[    0.17597]
[    0.17568]
[    0.17538]
[    0.17508]
[    0.17479]
[     0.1745]
[     0.1742]
[    0.17391]
[    0.17362]
[    0.17333]
[    0.17304]
[    0.17276]
[    0.17247]
[    0.17219]
[     0.1719]
[    0.17162]
[    0.17133]
[    0.17105]
[    0.17077]
[    0.17049]
[    0.17021]
[    0.16993]
[    0.16966]
[    0.16938]
[    0.16911]
[    0.16883]
[    0.16856]
[    0.16828]
[    0.16801]
[    0.16774]
[    0.16747]
[     0.1672]
[    0.16693]
[    0.16667]
[     0.1664]
[    0.16613]
[    0.16587]
[    0.16561]
[    0.16534]
[    0.16508]
[    0.16482]
[    0.16456]
[     0.1643]
[    0.16404]
[    0.16378]
[    0.16352]
[    0.16327]
[    0.16301]
[    0.16275]
[     0.1625]
[    0.16225]
[    0.16199]
[    0.16174]
[    0.16149]
[    0.16124]
[    0.16099]
[    0.16074]
[    0.16049]
[    0.16025]
[       0.16]
[    0.15975]
[    0.15951]
[    0.15926]
[    0.15902]
[    0.15878]
[    0.15854]
[     0.1583]
[    0.15805]
[    0.15781]
[    0.15758]
[    0.15734]
[     0.1571]
[    0.15686]
[    0.15663]
[    0.15639]
[    0.15616]
[    0.15592]
[    0.15569]
[    0.15546]
[    0.15522]
[    0.15499]
[    0.15476]
[    0.15453]
[     0.1543]
[    0.15407]
[    0.15385]
[    0.15362]
[    0.15339]
[    0.15317]
[    0.15294]
[    0.15272]
[    0.15249]
[    0.15227]
[    0.15205]
[    0.15182]
[     0.1516]
[    0.15138]
[    0.15116]
[    0.15094]
[    0.15072]
[    0.15051]
[    0.15029]
[    0.15007]
[    0.14986]
[    0.14964]
[    0.14943]
[    0.14921]
[      0.149]
[    0.14878]
[    0.14857]
[    0.14836]
[    0.14815]
[    0.14794]
[    0.14773]
[    0.14752]
[    0.14731]
[     0.1471]
[    0.14689]
[    0.14669]
[    0.14648]
[    0.14627]
[    0.14607]
[    0.14586]
[    0.14566]
[    0.14545]
[    0.14525]
[    0.14505]
[    0.14485]
[    0.14465]
[    0.14444]
[    0.14424]
[    0.14404]
[    0.14385]
[    0.14365]
[    0.14345]
[    0.14325]
[    0.14305]
[    0.14286]
[    0.14266]
[    0.14247]
[    0.14227]
[    0.14208]
[    0.14188]
[    0.14169]
[     0.1415]
[     0.1413]
[    0.14111]
[    0.14092]
[    0.14073]
[    0.14054]
[    0.14035]
[    0.14016]
[    0.13997]
[    0.13978]
[     0.1396]
[    0.13941]
[    0.13922]
[    0.13904]
[    0.13885]
[    0.13867]
[    0.13848]
