[    0.72813     0.65129     0.65008     0.43587     0.47447           0     0.25561      0.3621     0.44918           0]
[     0.9427      0.6073     0.59637     0.92884]
[    0.81061     0.75838     0.86826           0     0.81898      0.6266     0.71489     0.24759     0.53718           0     0.89448     0.81427           0     0.20827     0.30664     0.72098           0     0.72175     0.17001     0.80668     0.25407]
[    0.75126     0.64774           0      0.4134     0.24942           0     0.29875]
[    0.81127     0.67369           0           0     0.42782           0           0]
[    0.75555     0.65755     0.66799     0.65356     0.66808     0.32198           0     0.79088           0           0     0.75426           0]
[     0.9218           0           0           0           0           0]
[    0.69727     0.72588           0     0.68907     0.43171     0.74858           0     0.58267     0.68224]
[    0.87334     0.91076           0           0     0.87325     0.34971]
[    0.85239      0.7359     0.73934           0]
[    0.83725     0.66727           0           0           0     0.62316           0     0.73856           0           0           0           0           0           0           0]
[    0.52509     0.59873     0.40284     0.52239     0.49181           0           0           0     0.48226     0.65246           0]
[    0.83755     0.76561     0.91838     0.85421     0.84163     0.89103     0.76191     0.81341]
[    0.67614     0.42954     0.82289     0.59867     0.83905     0.67375     0.30854     0.48781     0.35768     0.55762     0.82134           0]
[    0.51417     0.65325     0.80486     0.61465     0.59972           0     0.45447     0.32941     0.49833     0.27602           0           0     0.34368           0     0.54406     0.72545           0           0           0     0.52504      0.7184     0.65828]
[    0.81543     0.81637     0.64539     0.71156           0           0           0           0     0.35675]
[    0.63436     0.76384     0.84107     0.45219     0.70308     0.84814     0.44026     0.66763     0.59487]
[     0.9294     0.60342     0.74266     0.65015     0.55449]
[    0.78155     0.73917      0.8038     0.68506     0.81677     0.27116     0.23501           0     0.79425]
[    0.78943     0.66045     0.63592           0           0     0.73784           0]
[     0.5966     0.29382      0.5792]
[    0.76521     0.93227     0.66535           0     0.33883]
[    0.84926     0.82715     0.77577           0           0]
[    0.89613     0.78261]
[    0.76419      0.7941     0.70914     0.77721           0           0]
[    0.87594]
[    0.82541     0.94913     0.83233     0.87989     0.97344     0.72034     0.84919]
[    0.67937     0.49413           0     0.78855           0     0.30875     0.20178     0.28716     0.29647           0]
[    0.65022     0.71017     0.66404     0.56802      0.7281]
[    0.83116     0.88441     0.93414     0.59869           0           0     0.73195]
[    0.71531           0           0           0           0           0           0           0           0           0           0]
[    0.71259           0           0           0]
[     0.5417     0.57239     0.81878           0     0.80858     0.43082]
[    0.82997     0.85645     0.77545      0.8309     0.68471     0.84778     0.42112           0     0.34477           0     0.73482           0]
[    0.85368     0.83798           0           0           0     0.81045           0           0]
[    0.26952      0.4919           0     0.32738           0           0           0           0     0.28494]
[    0.91993     0.81113       0.662           0           0           0           0     0.56281     0.55037     0.95974     0.68142     0.95373           0]
[    0.80142      0.7453     0.84553     0.64901     0.58413     0.49498     0.53807]
[    0.83788     0.86462     0.53116     0.83066     0.60443           0]
[    0.58519      0.5935      0.5692     0.56525     0.55788]
[     0.6884     0.74571     0.61688           0           0           0]
[    0.61112      0.5846     0.72263           0     0.45854     0.61616     0.69697           0           0      0.5758]
[    0.82339           0      0.8285           0]
[    0.75933     0.90893     0.91483     0.94624     0.41771           0      0.9302           0           0           0           0           0           0]
[    0.92085     0.79065     0.84275     0.84225      0.9271     0.78484           0     0.86141]
[    0.76859     0.85553     0.70527     0.69204     0.61729      0.5661      0.6007     0.35652      0.3831     0.62055     0.64442     0.49228]
[    0.70382     0.84068     0.76402     0.76304     0.64317]
[    0.63774     0.76219           0           0]
[    0.84461     0.85313     0.88059     0.56767     0.70285     0.84096     0.58645]
[    0.94354     0.87289     0.50633     0.73399     0.57429]
[    0.69449     0.61638     0.49296     0.32908      0.2704           0     0.28411]
[    0.86026     0.87133     0.86331     0.38828           0     0.34537           0]
[    0.83644     0.82745     0.56272           0     0.47268]
[    0.81426     0.86911     0.73815     0.66124     0.75457           0     0.83204]
[    0.90561      0.9032     0.69698     0.62623     0.66545]
[    0.51692     0.79925     0.80653     0.29076     0.88322      0.6162     0.67225      0.7397     0.34571     0.70655     0.17979     0.53443     0.76846]
[    0.86912     0.75391     0.77123     0.58186           0]
[    0.86654     0.89951     0.62856     0.57839           0     0.64919     0.55903           0           0           0]
[    0.59064     0.70282     0.62426     0.71864     0.44419       0.422    0.052265     0.71013     0.50399           0]
[    0.84048     0.56793     0.59717      0.6953     0.52378           0     0.31176]
[    0.86122     0.69979      0.8229       0.784     0.79403     0.65853     0.76601     0.77599]
[    0.60069     0.71882     0.84232           0           0     0.66281     0.84307     0.67789           0           0     0.57152           0      0.6943]
[    0.79927     0.77991     0.77114     0.85867     0.74119     0.79846      0.3458      0.2895]
[    0.73395     0.56675           0     0.51747     0.49075           0           0           0           0           0]
[      0.754     0.67365      0.5184           0]
[    0.93445           0           0     0.59348           0]
[    0.64291     0.78817     0.71726     0.74192           0           0     0.36654     0.67809]
[    0.70886     0.76121     0.66336           0           0     0.70203     0.65982     0.44332     0.78663       0.598           0     0.77674]
[    0.84175     0.66709     0.89593     0.86209     0.53556     0.54544     0.44404           0     0.66785     0.66819     0.57419    0.078933           0           0]
[    0.65187     0.87009     0.79633           0     0.22955]
[    0.81861     0.65937     0.78419     0.38336      0.4645           0     0.63094]
[    0.67794      0.6577     0.71313     0.30578]
[    0.95206     0.78432     0.78918     0.89078      0.6897      0.6598     0.45647     0.82571     0.74039]
[      0.744     0.85684     0.83302     0.88022     0.57263     0.91724     0.60444     0.75936     0.67596     0.52873     0.50105     0.84288     0.24653     0.56628     0.44739     0.20667    0.011227     0.63764     0.58676]
[    0.89406           0           0           0           0]
[    0.81959      0.8506     0.57023     0.74531     0.69826           0]
[    0.86499     0.88003     0.80766     0.90501     0.49808     0.49464     0.43503]
[      0.863     0.75185     0.68365     0.86455           0     0.11396     0.61243    0.088623           0     0.85333     0.22984           0]
[    0.77306     0.85384      0.5617           0     0.59929     0.73345]
[    0.74823     0.75698     0.73611     0.43171     0.52471     0.49845     0.70907     0.66469           0]
[    0.92876     0.83387     0.76803     0.85034           0     0.49876     0.39022           0]
[    0.59355     0.36727     0.77314           0     0.69045     0.52679     0.61147      0.5152           0     0.31737           0     0.47122      0.1923           0     0.34378           0     0.24219           0           0      0.4975           0]
[    0.87595     0.88908     0.85512     0.93834           0           0           0           0           0     0.86423     0.39922     0.42544]
[    0.86054     0.77273     0.78769      0.5549     0.50806     0.50176           0     0.79488       0.676     0.74821           0           0           0           0           0     0.37551]
[    0.80863           0     0.85242     0.84427      0.8538           0     0.32173           0           0]
[    0.69467     0.86183     0.91721      0.6514     0.71337     0.65319     0.74789]
[    0.75946     0.58088           0     0.56921     0.57309]
[     0.6343     0.90554     0.83727     0.68957]
[    0.64791      0.5101     0.31537     0.32357     0.59019     0.57931           0]
[    0.79459     0.79828     0.86673     0.58436           0           0     0.36164     0.33498      0.2495           0     0.72275]
[    0.64148           0]
[    0.81156     0.86452     0.55152           0     0.48705     0.81056     0.81215           0           0     0.78261           0           0           0]
[     0.9301     0.92652     0.93738     0.88317     0.91588           0     0.70511     0.92073]
[     0.6427       0.708     0.73537      0.6025     0.29274     0.72692]
[    0.91081     0.85654     0.79893     0.84006     0.86179     0.72444     0.75647      0.6819     0.67404     0.62118     0.20547     0.77024     0.72173     0.18509     0.19731     0.78101      0.8011     0.75667     0.18523     0.70419     0.43162     0.61104]
[    0.80058     0.94753     0.88874     0.85492]
[    0.78006           0           0     0.58918]
[    0.76768     0.79406     0.68907     0.38681     0.37394     0.71298           0]
[    0.94185     0.65295     0.73799     0.77497     0.92718    0.097378     0.78352]
[    0.91011     0.86808     0.84133     0.79339           0     0.88131]
