[    0.89006           0     0.79075           0           0]
[    0.80575           0           0           0]
[     0.4699     0.33114     0.69977     0.35917     0.53236           0     0.59573     0.83712     0.26631           0     0.23918      0.4871     0.37436]
[          0     0.80315     0.84209           0     0.79802     0.57403           0           0           0           0     0.38052]
[    0.54093      0.6123           0           0     0.54509     0.24544           0           0     0.30041]
[    0.83198     0.85323           0     0.47015           0           0]
[    0.72384     0.43717     0.62373     0.63103]
[    0.79437      0.8337     0.69344           0]
[    0.87684           0]
[    0.22705     0.58783           0           0     0.34253           0           0]
[    0.77501           0           0           0           0           0           0]
[    0.82194           0     0.76981      0.7183           0      0.8015     0.61529]
[    0.68828]
[    0.95496           0     0.87094           0           0]
[    0.93216           0           0           0           0           0]
[    0.89747           0           0           0           0           0           0           0]
[    0.87878     0.57333           0           0           0     0.28202           0     0.16245     0.46502           0]
[          0     0.51392           0           0           0]
[    0.93027           0           0           0]
[    0.79787     0.62129]
[    0.88222      0.9027           0           0]
[    0.82884           0           0           0           0]
[    0.68923           0           0           0           0           0]
[    0.95608           0           0     0.74637]
[    0.58184           0     0.60603     0.48418           0]
[    0.91078      0.7639           0           0           0      0.5625     0.81237           0     0.10477     0.66579]
[    0.66951           0           0     0.64903]
[    0.90822           0           0]
[    0.95687     0.70823           0           0           0     0.52905           0           0           0           0      0.7004     0.81673]
[    0.84243      0.8756]
[    0.89626           0     0.70787]
[    0.88609           0           0           0     0.71535]
[    0.66042           0           0     0.41582      0.6777           0           0           0]
[    0.92023           0           0     0.37527]
[    0.62953     0.66533    0.059675           0           0]
[    0.95869           0     0.59119]
[    0.83707           0           0           0     0.51814           0           0]
[      0.598           0           0           0    0.016893           0]
[    0.89666           0           0           0           0           0           0           0           0           0           0           0           0]
[     0.7699           0     0.53826     0.65889           0           0           0      0.3514           0]
[    0.93276     0.86073           0           0]
[    0.92273           0           0           0           0]
[    0.74819           0           0]
[    0.93902           0    0.079449]
[    0.87971     0.63144     0.54624           0     0.20511           0]
[    0.89507           0           0           0    0.039499     0.80373           0     0.38757           0     0.45187           0           0]
[    0.89411           0           0           0           0           0]
[    0.51895           0     0.49166     0.46818     0.48465     0.54082           0]
[    0.71088           0     0.68984           0           0]
[    0.36918     0.83488     0.34927       0.385     0.70271     0.20714      0.5455           0]
[    0.66514     0.26277           0           0     0.69946     0.50084           0           0           0           0]
[    0.78942     0.77097           0     0.83527     0.46307     0.65544           0     0.27696           0     0.39035]
[    0.86281           0]
[    0.82026           0     0.33017     0.72089           0           0           0           0]
[    0.88945           0           0           0           0           0           0]
[    0.88696     0.59173           0]
[    0.86927     0.54848           0           0           0           0           0           0           0]
[    0.74885           0           0           0           0           0     0.64867           0           0           0           0]
[    0.95671           0           0           0    0.033855           0]
[    0.55556           0     0.49538           0           0           0           0           0           0           0           0           0   0.0037474           0           0]
[     0.7693           0           0           0           0           0]
[    0.90612           0           0           0           0           0           0           0]
[    0.76029     0.64556           0           0           0]
[    0.82993           0           0           0           0]
[    0.90872     0.89182     0.84516     0.84417     0.40085           0     0.91311     0.54708     0.36522]
[    0.86097           0           0     0.41135     0.69573     0.96455      0.6518           0     0.75288]
[    0.91072     0.78828     0.68592]
[    0.86515     0.51196]
[    0.87297]
[    0.52251     0.30914           0           0     0.63492           0           0]
[    0.86399           0           0           0           0]
[    0.88989           0           0           0           0]
[    0.91593           0           0           0           0           0           0]
[    0.93543     0.49882           0     0.29753           0           0           0]
[    0.78361           0           0     0.62584           0     0.72152           0]
[    0.83372           0           0           0           0     0.46601]
[     0.8697           0      0.7015           0           0           0           0           0    0.015983           0]
[    0.74249     0.32953           0]
[    0.88038     0.64332     0.57477     0.82648           0]
[    0.74194     0.53483     0.27568           0           0           0           0     0.50992           0           0           0     0.58022           0]
[    0.69314           0           0]
[    0.71075           0           0     0.57737           0]
[     0.7878           0           0           0           0           0]
[    0.62489     0.72315     0.57711           0     0.66076           0]
[    0.88915           0           0           0           0]
[    0.69854           0           0]
[    0.71448           0           0     0.63656           0           0]
[    0.78763           0           0           0]
[    0.93329           0     0.46474    0.029696           0           0           0           0]
[     0.9088           0           0           0           0     0.93531]
[    0.80008     0.65957     0.71734           0           0     0.75098]
[    0.73948     0.54372     0.32485           0     0.57887           0           0           0     0.51042     0.41148           0           0           0           0           0           0]
[    0.68001     0.86666           0     0.10268           0     0.69553    0.019833           0]
[    0.62134     0.76972           0           0           0     0.74298           0           0           0]
[    0.79167     0.89129           0           0           0]
[    0.80424     0.48427           0           0           0]
[    0.83527           0           0           0           0           0           0           0]
[    0.79182           0      0.7579           0           0           0]
[    0.72753           0     0.72376           0]
[    0.88619           0           0           0           0           0           0           0]
