[    0.74805           0           0           0           0           0           0     0.70254           0           0           0]
[          0      0.4013           0     0.53495    0.051611     0.37367     0.77333           0           0     0.76093           0           0           0           0     0.25282           0           0     0.66987           0           0]
[    0.57842      0.4224           0           0     0.57111     0.47422           0           0]
[    0.53448           0     0.60125           0     0.53561           0]
[    0.83506           0           0           0           0           0           0           0           0]
[    0.10104     0.38494     0.31871           0     0.15646     0.39347]
[    0.62226     0.85658     0.51922     0.62547     0.75706     0.73027     0.46259     0.58759]
[     0.8638     0.69233     0.73005     0.65439           0           0    0.011049]
[    0.77267           0           0           0           0           0           0           0           0           0           0           0           0           0           0           0           0           0           0           0           0           0           0           0           0           0
           0           0           0           0           0           0           0           0           0           0           0           0           0           0           0           0           0           0           0           0           0           0           0           0           0           0
           0]
[          0     0.75942     0.60911           0           0           0           0           0     0.61494           0           0]
[          0     0.64364           0           0     0.48176           0           0     0.71249           0      0.5019           0           0           0           0           0           0     0.58924           0     0.38239]
[    0.87369           0           0           0]
[    0.69379     0.37673     0.64938           0]
[       0.49      0.4479     0.55883           0           0     0.45242     0.49288           0]
[    0.92189     0.52442           0]
[    0.75322     0.42337     0.72372     0.75913     0.12139       0.382]
[    0.81213     0.51287           0     0.62782     0.76799      0.5399     0.44037     0.55806           0]
[          0           0     0.38002      0.3966           0           0]
[    0.82469           0           0           0           0     0.13815           0           0           0           0           0           0]
[    0.47833     0.56664     0.56687     0.50685     0.49742           0           0      0.4322]
[    0.79323     0.53288      0.6012      0.8163     0.86973           0      0.5371           0           0           0    0.033663]
[    0.87173     0.87904           0           0           0]
[     0.7197     0.54607     0.61912           0      0.5867           0     0.67684     0.57541           0      0.5192]
[    0.51794     0.85236     0.25892     0.30187           0           0           0           0           0           0]
[    0.74199           0      0.5223     0.37962           0           0           0           0     0.80859     0.32838           0           0           0     0.51656]
[     0.8463     0.78528           0           0           0           0           0     0.86944           0           0           0]
[    0.49724           0           0     0.53559           0           0           0           0           0           0]
[          0           0           0     0.71506           0           0           0           0]
[    0.81865           0     0.76421     0.83017]
[    0.70771           0]
[    0.83162     0.10752     0.26722           0           0           0           0           0           0]
[     0.6872     0.77985           0           0     0.37778     0.73957           0           0           0           0]
[    0.86928     0.85343     0.26193     0.76484     0.26804]
[     0.9004     0.76266           0     0.78367           0           0]
[      0.753     0.66259           0           0           0     0.75047           0           0           0           0           0     0.36946           0           0           0]
[    0.82331           0           0           0           0           0     0.75689           0    0.030784]
[    0.74147     0.56218     0.76941           0     0.60124           0     0.71404           0     0.39076     0.69574           0           0]
[    0.66488     0.65385           0           0           0]
[     0.8652     0.89884     0.80388     0.61284     0.83418     0.78018      0.6975           0     0.78043     0.48402]
[    0.24943     0.63989     0.39406     0.21564           0     0.23948     0.22494     0.19134           0           0     0.34538      0.3068]
[    0.60888     0.47193     0.16198     0.21725    0.096572           0     0.61054]
[    0.83963           0           0           0]
[    0.64788           0           0           0           0           0           0     0.60982           0           0]
[    0.68498           0     0.63775           0           0           0           0    0.048203]
[    0.70198           0           0           0           0           0           0           0           0     0.62971           0           0           0           0           0           0]
[    0.80874     0.72882     0.82234     0.61059     0.30293      0.6083     0.78413           0           0      0.3145           0           0           0     0.60235]
[    0.70561     0.72923           0           0           0           0           0           0     0.74089           0     0.71437     0.63503           0           0           0]
[    0.54157      0.5624           0]
[    0.36696     0.26142    0.061336           0    0.090282     0.31586           0]
[    0.90892     0.73177     0.73642     0.29262           0           0     0.30472           0]
[    0.56587     0.74795     0.62858     0.84174     0.51004]
[    0.55919           0           0           0           0           0           0           0           0           0           0           0]
[    0.74516           0           0           0           0           0           0           0           0     0.71191           0           0           0           0           0           0]
[    0.55906     0.64764           0           0           0           0           0           0]
[    0.80293     0.65954     0.91235           0]
[    0.57883     0.60492     0.69288           0     0.51423     0.62451           0           0           0           0           0           0           0     0.53108     0.19888]
[    0.34893           0]
[    0.80444     0.78608           0           0     0.80317           0]
[    0.65817     0.75431     0.69982     0.71922     0.64759           0           0           0           0           0           0           0           0   0.0078297]
[     0.6959     0.63543     0.69648      0.6957           0           0           0]
[    0.70759     0.17411]
[    0.51114     0.63311     0.66177     0.77791     0.49833     0.45019     0.54552     0.52831]
[     0.6995           0           0           0     0.70797           0           0           0]
[    0.48045     0.76134     0.26231     0.17131     0.81437     0.21432     0.14326]
[    0.71203     0.49402           0           0           0]
[    0.55488     0.57444           0     0.50379     0.63096           0           0      0.6811           0     0.67821     0.74553           0           0]
[     0.6356           0     0.63549           0           0           0     0.16376           0           0     0.25441     0.20653           0           0     0.10933     0.52167]
[    0.56117     0.70197           0           0     0.45314           0           0           0           0           0           0           0           0]
[    0.38248       0.565           0     0.34443           0     0.38272     0.41592           0           0           0           0           0]
[    0.51469           0     0.48609           0]
[    0.66673     0.37984           0           0]
[    0.84842     0.51886     0.66985     0.74464     0.60321     0.64178     0.30519      0.4637     0.81392]
[    0.94297           0           0           0]
[    0.62221     0.60669     0.19257     0.20037     0.17382     0.56638     0.64429     0.19513           0]
[    0.69515           0           0]
[    0.58137     0.58478           0     0.48922]
[    0.72076    0.019457      0.6638           0]
[    0.68502     0.45685     0.91852     0.50757     0.73567     0.44009           0           0     0.57172           0     0.54436     0.49533     0.65922           0]
[    0.93144     0.64158     0.65288           0       0.835     0.63712     0.20779           0     0.18194     0.15262     0.66002     0.12569           0     0.79783           0           0           0     0.90231           0]
[    0.71372     0.83415     0.70796     0.44922           0]
[    0.33933           0     0.31267           0]
[    0.63337    0.037109           0    0.013625           0           0           0           0           0     0.48083           0      0.1934           0           0           0           0           0     0.54614           0           0           0    0.052218]
[    0.56527     0.68047     0.68036     0.43896     0.17211           0           0    0.097467     0.49435           0     0.25904           0     0.38312    0.086651      0.5983     0.74133           0    0.053808]
[    0.87511     0.85259           0           0           0           0           0]
[    0.67243     0.52234           0     0.45083       0.541           0           0]
[    0.74904     0.86559           0     0.61921    0.014203     0.83766           0           0]
[    0.77507     0.69938    0.087893           0     0.78387           0     0.11989     0.60106]
[    0.64005     0.72377           0     0.58333     0.64595]
[    0.78203     0.60031     0.63278     0.77442     0.69295     0.67963     0.63992           0]
[    0.49468     0.57814     0.57424     0.47196           0]
[    0.92102     0.90477      0.8219           0           0           0           0           0           0           0           0           0           0]
[    0.80043     0.65885      0.7233     0.65234     0.79718     0.53919     0.63046     0.74294           0     0.13381     0.35409     0.80166     0.17196     0.61265     0.36455           0]
[    0.47701     0.57807      0.6927       0.469     0.48404           0      0.5325     0.38752           0     0.28464           0     0.18726]
[    0.88235     0.68552           0     0.68116     0.81784           0]
[    0.76312           0           0           0           0           0           0           0           0           0           0           0]
[    0.71994     0.74365     0.70999     0.70312]
[    0.85754      0.7187     0.62547    0.013306           0     0.87181           0     0.61286           0    0.011478     0.69626           0]
[    0.78794     0.77336     0.70098     0.64821     0.71512]
[    0.68684     0.67805     0.64313           0           0           0           0           0     0.55506           0           0           0]
[    0.19648     0.56673    0.091965     0.24245     0.37243    0.060336           0     0.37683           0           0     0.30124     0.18632    0.063596    0.027348    0.078067]
