[     0.8289]
[    0.55518           0     0.79825     0.51058           0           0     0.59628           0]
[    0.77106     0.60807     0.62054           0           0           0]
[    0.80122           0           0           0   0.0066648]
[    0.78243     0.65771           0           0           0           0]
[    0.50514           0]
[     0.6641     0.54925     0.70685     0.64758     0.51713           0           0           0           0           0           0]
[    0.74562     0.61206     0.74261           0]
[    0.60212]
[    0.33463           0]
[    0.79183           0     0.30431]
[    0.73215           0           0]
[    0.72723           0           0           0]
[    0.52246     0.29217           0           0           0]
[    0.56078]
[    0.75116     0.35521           0           0]
[    0.62906     0.73459]
[    0.40391           0           0]
[    0.84319           0           0           0           0           0           0]
[    0.29038     0.29163           0     0.38853     0.37185     0.52342]
[    0.70359     0.46278     0.64672     0.35786     0.72792     0.60527           0]
[     0.7408  0.00039992           0]
[    0.56702           0           0           0]
[    0.52719     0.68281     0.26835           0     0.30221           0]
[    0.66858      0.4311     0.38757     0.36971           0     0.75461           0           0           0           0           0]
[    0.73488     0.66146           0]
[    0.41158           0           0]
[          0     0.66732           0           0           0           0           0           0           0           0           0]
[    0.85547           0           0]
[    0.69863           0]
[    0.80302           0]
[    0.74095     0.84128           0]
[    0.84088      0.8733     0.27224           0]
[    0.87388     0.75923]
[    0.81284      0.7206           0           0           0]
[     0.7935           0           0]
[    0.60687     0.57908     0.41347           0           0           0           0           0           0]
[    0.63039     0.59359           0           0           0           0           0           0]
[    0.82968     0.75162     0.72905           0           0           0     0.46791]
[          0           0]
[     0.7267           0]
[    0.57077           0           0           0           0           0]
[    0.51511           0]
[    0.77353           0]
[    0.49853           0           0]
[    0.84645     0.63539     0.83241]
[    0.57259       0.301           0     0.54019           0     0.71927           0]
[    0.49962]
[    0.37842           0           0]
[    0.78654     0.65583     0.70779      0.2777           0           0]
[    0.57373     0.73808           0           0           0]
[          0           0     0.10642           0           0           0]
[    0.79896           0           0           0           0           0]
[    0.53378     0.71033           0     0.53164]
[    0.73065     0.60042     0.59809           0           0           0]
[    0.52757     0.35424           0           0]
[          0]
[    0.82915]
[    0.77927     0.71732     0.65623      0.9101     0.71732           0]
[    0.80813]
[    0.58289           0           0]
[    0.78268     0.63145     0.43721           0     0.73486     0.79497     0.54541]
[    0.39169           0           0]
[    0.66487     0.67664           0           0           0           0           0           0           0           0           0]
[    0.68483]
[          0     0.54614     0.49733     0.60003           0           0           0           0           0           0           0           0           0]
[    0.79178           0]
[    0.69263]
[          0           0           0     0.43811           0           0           0           0]
[          0           0           0           0]
[    0.76891           0     0.49726]
[    0.59426     0.22049     0.34289     0.31965     0.33883           0     0.40975     0.42379    0.084205           0]
[    0.89212           0]
[    0.67005    0.079801           0           0]
[    0.71104           0           0           0]
[    0.36074     0.52016           0]
[    0.69112           0]
[    0.87766      0.8429     0.53652     0.45804]
[    0.84565      0.7874     0.78434           0    0.012596]
[    0.75306     0.57319     0.46898           0           0           0           0]
[          0           0           0]
[    0.50896           0           0     0.41006           0]
[    0.86113     0.44571     0.62779           0           0]
[     0.8947     0.68468           0           0     0.73718           0]
[    0.55931           0]
[    0.83982     0.80035           0      0.4815]
[    0.70579     0.61453     0.46968]
[     0.4964           0           0]
[    0.75128     0.58787     0.69541     0.51779     0.33729     0.66806     0.59442     0.69739           0]
[    0.70451           0           0     0.02339           0           0           0]
[    0.90521     0.95129     0.75024]
[    0.81707     0.80005     0.76704     0.85886     0.88904]
[     0.6395     0.62595      0.4373     0.58671     0.56136           0           0           0     0.60571]
[    0.45502     0.90143     0.47913           0]
[    0.67086           0]
[    0.76668     0.75099     0.53655           0           0           0]
[    0.89317     0.74015     0.49554           0           0           0           0           0           0           0           0           0           0           0]
[    0.80728     0.85483     0.68313     0.77959           0     0.81914           0           0]
[    0.76314     0.74573      0.5443           0           0           0           0           0           0           0]
[    0.58999     0.33207     0.20688     0.19928           0]
