[    0.62989           0           0           0      0.5177           0           0]
[    0.17824     0.29825     0.45034           0     0.45561     0.39492      0.7006           0      0.3207           0]
[    0.40916      0.6763           0     0.56072           0]
[     0.6359           0           0           0           0           0           0           0           0]
[    0.84524     0.60045           0           0]
[    0.39114     0.70697           0           0           0           0]
[    0.85837      0.8298      0.7669     0.51352     0.55365     0.81602      0.5115     0.60035]
[    0.74409     0.56293           0           0]
[    0.76886           0]
[    0.64313           0     0.59931           0           0]
[    0.77635     0.47339           0           0           0     0.58571]
[    0.91841           0           0]
[    0.58996     0.30641     0.82598     0.10425     0.29101]
[    0.55978           0      0.4101      0.5366           0]
[    0.55592     0.56942           0           0]
[    0.78398      0.7889     0.62188]
[    0.60151     0.66158     0.53328     0.62727           0           0]
[    0.48554     0.36073           0       0.329]
[    0.83747           0           0]
[    0.61424     0.38478     0.47883     0.44766     0.40575     0.36559           0     0.50578]
[     0.7963     0.68933     0.76405     0.63252           0]
[    0.76985     0.80509           0           0           0]
[    0.60762     0.59839     0.60996]
[     0.7565     0.42967           0           0           0           0]
[    0.67687     0.56452           0     0.48577           0           0           0]
[    0.82469     0.83126     0.82948           0           0]
[    0.41823     0.59527           0]
[          0     0.52565     0.33312           0]
[    0.92455           0           0     0.86505           0           0     0.79527           0]
[    0.76806           0           0           0]
[    0.71401     0.81473           0           0           0]
[    0.69899     0.77718           0     0.44084]
[    0.84388     0.69985     0.35896           0]
[    0.77726     0.80258           0           0           0           0     0.94021           0           0           0           0           0           0           0           0           0]
[    0.75514     0.66808           0           0           0     0.47362           0     0.53197           0]
[    0.77888           0           0           0           0           0           0           0           0           0           0]
[    0.42942     0.60432           0           0      0.2929     0.65215           0     0.53008           0           0]
[    0.76964     0.65425     0.54201           0           0           0     0.52693]
[    0.82381     0.80403     0.82291     0.53961     0.76106     0.44177           0     0.62484           0]
[     0.3623     0.21437      0.6123     0.27016           0           0           0      0.3496     0.62017           0]
[    0.86793           0           0           0]
[    0.62053     0.55194   0.0023441]
[    0.66853           0           0           0           0           0           0           0     0.65789]
[    0.62122           0     0.19376     0.41478           0     0.44468]
[    0.57831           0           0]
[    0.87425     0.69662      0.5091     0.55984     0.43434           0           0]
[    0.75955     0.57401           0           0           0           0           0           0           0           0           0           0]
[    0.59288     0.30144     0.66471     0.54817]
[    0.34682    0.096164     0.12927]
[    0.76276     0.69136     0.91769     0.67638     0.46268     0.55867     0.26931]
[    0.93829      0.6056     0.61176           0     0.48211]
[          0     0.62392           0           0           0           0           0           0     0.52605           0]
[    0.64228           0           0           0           0           0           0           0           0     0.54817           0           0           0           0]
[    0.54245     0.68416           0           0           0           0           0           0]
[     0.9091      0.7558      0.8795           0]
[    0.53484     0.51748           0     0.22626           0           0           0           0           0           0           0       0.476           0           0     0.64243           0           0]
[     0.5842           0           0     0.21635     0.19865]
[    0.74659           0]
[     0.6954     0.75628     0.65671     0.63391     0.75699           0           0           0]
[    0.70841     0.58825     0.54139           0           0           0]
[    0.67801           0]
[    0.82849     0.66651     0.43448           0           0     0.33561           0           0     0.44997]
[    0.70548           0           0           0           0           0           0           0           0           0           0           0           0           0           0           0           0]
[    0.52535     0.59157     0.31212     0.21173     0.47606     0.56231    0.029629     0.42532]
[    0.59336]
[    0.53982           0     0.40275       0.476     0.29964     0.56208           0]
[    0.67952           0           0           0      0.2831           0           0]
[    0.60408           0           0           0]
[          0           0    0.055906]
[    0.57693           0]
[    0.83606     0.82129     0.60357]
[    0.76308     0.58665     0.78371     0.56039     0.88895     0.56612           0     0.20935     0.39925]
[    0.93439           0           0           0           0]
[    0.61864      0.6219     0.34028]
[    0.71298           0           0           0]
[    0.58065           0]
[    0.86998           0           0           0]
[    0.54116     0.82797     0.94043           0     0.55029        0.76     0.16364           0           0           0     0.66057           0           0           0]
[     0.8198      0.6809     0.72896      0.6534     0.62146           0           0           0     0.63228           0           0           0           0]
[     0.6893     0.89327     0.79813     0.50333           0           0]
[          0      0.4676           0           0]
[    0.51833     0.35184           0           0           0           0     0.51913           0]
[      0.695     0.79925     0.69992     0.92726    0.080235           0     0.40188           0           0           0     0.83149     0.60106           0           0]
[    0.81439     0.74001           0           0           0           0           0]
[    0.69239     0.56862     0.68178           0     0.53396           0           0]
[    0.81487     0.94163           0]
[    0.74004     0.72974     0.54702     0.74265     0.59251           0     0.75578]
[    0.58564           0      0.6955]
[    0.76153     0.64202      0.5831     0.86112           0     0.71713           0           0     0.70026           0]
[    0.56547           0           0           0           0]
[    0.85791     0.78402     0.89864           0      0.8521]
[    0.83923     0.61934     0.72745     0.86884     0.73075     0.48779     0.49677           0      0.4474]
[    0.42697     0.43429     0.29104     0.59059     0.52842     0.60887           0]
[    0.79096     0.80682           0     0.58657           0           0]
[    0.57214    0.065167           0     0.39157           0           0]
[    0.75871     0.84355     0.66366           0]
[    0.57197     0.59365]
[    0.69122     0.53346     0.79963     0.62671]
[    0.71969     0.86882     0.71037           0     0.73448]
[    0.52266     0.20536     0.20699           0           0]
