[    0.80589           0           0]
[    0.68757     0.24664           0           0     0.37105     0.58305           0     0.29373]
[    0.57177           0           0           0           0           0]
[    0.66576           0           0           0     0.46581]
[    0.70189           0]
[     0.2783     0.40867           0           0]
[    0.65187     0.65107     0.68196     0.67119     0.75727    0.099313     0.69413     0.66372       0.898     0.28984]
[     0.7374     0.72902     0.34573     0.37317]
[    0.75204]
[    0.68781           0           0]
[    0.70968           0           0           0]
[    0.88887           0]
[    0.70604           0           0           0           0           0           0           0]
[    0.51837           0           0]
[    0.65466           0]
[    0.66583     0.84055           0]
[    0.58226     0.74874           0           0]
[    0.37753     0.36831]
[    0.86333     0.10939           0           0     0.34254]
[    0.43896     0.65949     0.45201      0.4384     0.41247     0.41628]
[    0.56756     0.86959     0.38128     0.68075           0       0.768     0.50025           0           0]
[    0.83757]
[     0.5156     0.62947     0.78302           0]
[    0.50567     0.35557     0.74392           0     0.68999           0           0]
[    0.69548           0     0.25131           0           0     0.65287           0]
[    0.84199     0.77652           0           0           0           0           0           0     0.32813     0.42983]
[    0.45635           0           0           0           0           0           0       0.436]
[          0     0.53047           0           0           0]
[    0.78965]
[    0.63107]
[    0.73652     0.30208           0]
[    0.75093     0.75597     0.64665           0]
[    0.86003     0.78667     0.31637     0.35407]
[    0.90968     0.69252     0.42439]
[    0.72412     0.69286           0           0     0.30818           0]
[    0.82503           0]
[    0.77459     0.51409     0.43305           0           0]
[    0.64845     0.69304           0           0     0.57728]
[    0.90308     0.80112     0.83306     0.27583]
[    0.24908     0.40981     0.65067     0.26921]
[    0.68535     0.52818           0]
[    0.87263           0           0]
[    0.57087           0     0.28757]
[    0.70024]
[    0.58503]
[     0.8635     0.69962     0.64923     0.55095           0           0]
[     0.6644     0.65479           0           0           0     0.32849           0]
[    0.58304     0.35524]
[    0.23943    0.046463     0.21414     0.14668     0.24624]
[    0.70052     0.76839       0.306      0.6062           0]
[    0.87012     0.62092     0.58847     0.66299     0.68005]
[    0.69613           0           0]
[    0.69449           0           0           0           0           0           0           0]
[    0.49544     0.62064     0.28622]
[    0.81395     0.85205     0.61821           0     0.38723      0.3522      0.3545           0]
[    0.56102     0.68666     0.58898     0.77458     0.58161     0.40409           0     0.33808           0           0]
[    0.52194           0           0           0           0           0]
[    0.86913     0.81547]
[     0.7869     0.66918     0.75699     0.68077     0.59485           0           0     0.45314     0.69815     0.41007     0.42862     0.61432]
[    0.75377]
[    0.72845           0]
[    0.69124     0.50615      0.5927     0.56082           0]
[     0.5122           0           0           0           0           0     0.33917]
[    0.51288     0.48475     0.14023     0.24744     0.43438     0.31947     0.47802]
[    0.85752]
[    0.47785     0.75376           0           0     0.14951]
[     0.7015           0           0           0]
[    0.55208           0           0]
[    0.50027           0     0.31743           0           0           0     0.35357]
[    0.61314           0      0.5676           0]
[    0.75579           0]
[    0.72924      0.5639     0.50446     0.66771      0.6583      0.3733   0.0053139     0.35595           0]
[    0.91321           0]
[    0.59344     0.60392     0.58994]
[    0.68445           0      0.3013           0           0]
[    0.67273]
[    0.76325     0.37499]
[    0.69864     0.82854     0.57843]
[    0.75835      0.7033     0.70032           0     0.11696           0     0.13982           0           0]
[     0.7249     0.84301     0.75554     0.48002]
[    0.29222           0           0           0]
[          0     0.46223     0.41616           0]
[    0.58709     0.73341     0.70412     0.10376     0.35967           0     0.67722     0.66045           0     0.19294           0           0]
[    0.85807     0.83334           0           0           0]
[    0.58479       0.695           0]
[    0.85287     0.84205           0]
[    0.84329     0.87079           0     0.69995     0.77693]
[    0.60848     0.59418]
[    0.54142     0.66377     0.72452     0.68736           0     0.31274     0.74478]
[    0.65676     0.14565]
[    0.87862     0.90779     0.71928      0.4664           0           0     0.33941           0]
[    0.60919     0.86348     0.82738     0.83545     0.77604     0.79891           0     0.53392     0.60179     0.52587     0.55823]
[    0.59694     0.32656     0.39629     0.39858     0.45721           0]
[    0.86829     0.73608           0]
[    0.63357     0.59589           0]
[     0.7272     0.82032     0.65431           0     0.50755           0           0           0           0]
[    0.69561     0.51023     0.90213           0           0           0]
[    0.78572      0.6637     0.86191     0.82879           0]
[    0.67589      0.7476     0.61266           0           0]
[    0.54955     0.25935     0.26891      0.5591]
