[          1]
[          1]
[          1]
[          1]
[          1]
[          1]
[          1]
[          1]
[          1]
[          1]
[          1]
[          1]
[          1]
[          1]
[          1]
[          1]
[          1]
[          1]
[          1]
[          1]
[          1]
[          1]
[          1]
[          1]
[          1]
[          1]
[          1]
[          1]
[          1]
[          1]
[          1]
[          1]
[          1]
[          1]
[          1]
[          1]
[          1]
[          1]
[          1]
[          1]
[          1]
[          1]
[          1]
[          1]
[          1]
[          1]
[          1]
[          1]
[          1]
[          1]
[          1]
[          1]
[          1]
[          1]
[          1]
[          1]
[          1]
[          1]
[          1]
[          1]
[    0.98361]
[    0.98387]
[    0.98413]
[    0.98438]
[    0.98462]
[    0.98485]
[    0.98507]
[    0.98529]
[    0.98551]
[    0.98571]
[    0.98592]
[    0.98611]
[     0.9863]
[    0.98649]
[    0.98667]
[    0.98684]
[    0.98701]
[    0.98718]
[    0.98734]
[     0.9875]
[    0.98765]
[     0.9878]
[    0.98795]
[     0.9881]
[    0.97647]
[    0.97674]
[    0.97701]
[    0.97727]
[    0.97753]
[    0.97778]
[    0.97802]
[    0.97826]
[    0.96774]
[    0.95745]
[    0.95789]
[    0.95833]
[    0.95876]
[    0.94898]
[    0.93939]
[       0.94]
[    0.93069]
[    0.93137]
[    0.93204]
[    0.93269]
[    0.93333]
[    0.92453]
[    0.91589]
[    0.90741]
[    0.89908]
[    0.89091]
[    0.88288]
[      0.875]
[    0.86726]
[    0.85965]
[    0.85217]
[    0.84483]
[    0.84615]
[    0.83898]
[    0.84034]
[    0.84167]
[    0.83471]
[    0.83607]
[     0.8374]
[    0.83065]
[      0.824]
[    0.81746]
[    0.81102]
[     0.8125]
[     0.8062]
[        0.8]
[    0.80153]
[    0.79545]
[    0.78947]
[    0.78358]
[    0.77778]
[    0.77206]
[    0.76642]
[    0.76087]
[     0.7554]
[       0.75]
[    0.74468]
[    0.73944]
[    0.73427]
[    0.72917]
[    0.72414]
[    0.71918]
[    0.71429]
[    0.70946]
[     0.7047]
[        0.7]
[    0.69536]
[    0.69079]
[    0.68627]
[    0.68182]
[    0.67742]
[    0.67308]
[    0.67516]
[    0.67089]
[    0.66667]
[     0.6625]
[    0.65839]
[    0.65432]
[    0.65031]
[    0.64634]
[    0.64242]
[    0.63855]
[    0.63473]
[    0.63095]
[    0.62722]
[    0.62353]
[    0.61988]
[    0.61628]
[    0.61272]
[     0.6092]
[    0.60571]
[    0.60227]
[    0.59887]
[    0.59551]
[    0.59218]
[    0.58889]
[    0.58564]
[    0.58242]
[    0.57923]
[    0.57609]
[    0.57297]
[    0.56989]
[    0.56684]
[    0.56383]
[    0.56085]
[    0.55789]
[    0.55497]
[    0.55208]
[    0.54922]
[    0.54639]
[    0.54359]
[    0.54082]
[    0.53807]
[    0.53535]
[    0.53266]
[       0.53]
[    0.52736]
[    0.52475]
[    0.52217]
[    0.51961]
[    0.51707]
[    0.51456]
[    0.51208]
[    0.50962]
[    0.50718]
[    0.50476]
[    0.50237]
[        0.5]
[    0.49765]
[    0.49533]
[    0.49302]
[    0.49074]
[    0.48848]
[    0.48624]
[    0.48402]
[    0.48182]
[    0.47964]
[    0.47748]
[    0.47534]
[    0.47321]
[    0.47111]
[    0.46903]
[    0.46696]
[    0.46491]
[    0.46288]
[    0.46087]
[    0.45887]
[     0.4569]
[    0.45494]
[    0.45299]
[    0.45106]
[    0.44915]
[    0.44726]
[    0.44538]
[    0.44351]
[    0.44167]
[    0.43983]
[    0.43802]
[    0.43621]
[    0.43443]
[    0.43265]
[    0.43089]
[    0.42915]
[    0.42742]
[     0.4257]
[      0.424]
[    0.42231]
[    0.42063]
[    0.41897]
[    0.41732]
[    0.41569]
[    0.41406]
[    0.41245]
[    0.41085]
[    0.40927]
[    0.40769]
[    0.40613]
[    0.40458]
[    0.40304]
[    0.40152]
[        0.4]
[     0.3985]
[      0.397]
[    0.39552]
[    0.39405]
[    0.39259]
[    0.39114]
[    0.38971]
[    0.38828]
[    0.38686]
[    0.38545]
[    0.38406]
[    0.38267]
[    0.38129]
[    0.37993]
[    0.37857]
[    0.37722]
[    0.37589]
[    0.37456]
[    0.37324]
[    0.37193]
[    0.37063]
[    0.36934]
[    0.36806]
[    0.36678]
[    0.36552]
[    0.36426]
[    0.36301]
[    0.36177]
[    0.36054]
[    0.35932]
[    0.35811]
[     0.3569]
[     0.3557]
[    0.35452]
[    0.35333]
[    0.35216]
[    0.35099]
[    0.34983]
[    0.34868]
[    0.34754]
[    0.34641]
[    0.34528]
[    0.34416]
[    0.34304]
[    0.34194]
[    0.34084]
[    0.33974]
[    0.33866]
[    0.33758]
[    0.33651]
[    0.33544]
[    0.33438]
[    0.33333]
[    0.33229]
[    0.33125]
[    0.33022]
[    0.32919]
[    0.32817]
[    0.32716]
[    0.32615]
[    0.32515]
[    0.32416]
[    0.32317]
[    0.32219]
[    0.32121]
[    0.32024]
[    0.31928]
[    0.31832]
[    0.31737]
[    0.31642]
[    0.31548]
[    0.31454]
[    0.31361]
[    0.31268]
[    0.31176]
[    0.31085]
[    0.30994]
[    0.30904]
[    0.30814]
[    0.30725]
[    0.30636]
[    0.30548]
[     0.3046]
[    0.30372]
[    0.30286]
[    0.30199]
[    0.30398]
[    0.30312]
[    0.30226]
[    0.30141]
[    0.30056]
[    0.29972]
[    0.29888]
[    0.29805]
[    0.29722]
[     0.2964]
[    0.29558]
[    0.29477]
[    0.29396]
[    0.29315]
[    0.29235]
[    0.29155]
[    0.29076]
[    0.28997]
[    0.28919]
[    0.28841]
[    0.28763]
[    0.28686]
[     0.2861]
[    0.28533]
[    0.28457]
[    0.28382]
[    0.28307]
[    0.28232]
[    0.28158]
[    0.28084]
[     0.2801]
[    0.27937]
[    0.27865]
[    0.27792]
[     0.2772]
[    0.27649]
[    0.27577]
[    0.27506]
[    0.27436]
[    0.27366]
[    0.27296]
[    0.27226]
[    0.27157]
[    0.27089]
[     0.2702]
[    0.26952]
[    0.26884]
[    0.26817]
[     0.2675]
[    0.26683]
[    0.26617]
[    0.26551]
[    0.26485]
[     0.2642]
[    0.26355]
[     0.2629]
[    0.26225]
[    0.26161]
[    0.26098]
[    0.26034]
[    0.25971]
[    0.25908]
[    0.25845]
[    0.25783]
[    0.25721]
[    0.25659]
