[    0.54858     0.47297     0.70079     0.56393    0.015858     0.79429           0           0]
[    0.58609     0.74118           0]
[    0.58104      0.7551     0.81734       0.724           0     0.76744     0.76468     0.62177     0.34472     0.84963     0.30458           0     0.15974           0           0]
[    0.80921     0.60816           0]
[    0.68667     0.69087           0           0           0           0]
[    0.52771     0.42499     0.48926     0.77139           0           0           0           0           0]
[    0.88938           0           0           0           0           0           0           0           0]
[    0.53538     0.47525           0           0]
[    0.82084     0.75539           0           0]
[    0.73046     0.63127           0           0           0           0           0]
[    0.62695     0.64597     0.50437           0]
[    0.63143     0.75893     0.45761     0.61338           0           0           0     0.54763     0.68121]
[    0.69328     0.85345     0.72218     0.65469     0.33836     0.63042           0     0.74368]
[    0.41332     0.24635     0.26356           0           0     0.33939     0.38111           0]
[    0.38901     0.44046     0.27092     0.33836       0.227           0           0           0]
[    0.86392     0.94903     0.68092     0.56663           0           0           0]
[    0.71086     0.48329     0.19594     0.30647     0.18435     0.20524]
[    0.82706     0.73341     0.66875     0.71316           0]
[     0.7873     0.76964     0.69815     0.60876     0.71388      0.4902           0     0.32697     0.25836     0.63022     0.44891     0.29471     0.85555     0.74916     0.77088     0.17501]
[          0     0.41871           0     0.23395     0.50024     0.39563]
[          0     0.77914           0           0           0]
[    0.65268     0.88985]
[     0.5988     0.39506           0     0.46028     0.51236     0.47355           0     0.24332]
[    0.76758           0           0           0           0           0]
[    0.64758     0.82644     0.60846           0]
[    0.91861]
[    0.89225     0.77922     0.85249           0           0]
[    0.66935           0           0           0]
[     0.6175     0.49927     0.64326           0     0.39032]
[    0.85889     0.77591     0.79228           0           0           0           0           0           0   0.0013297           0]
[    0.74669           0    0.034012    0.030423     0.77582    0.027308     0.69229           0]
[    0.69753           0]
[     0.6917     0.54511     0.50315           0]
[     0.4832     0.91997     0.72802      0.7678     0.17617           0     0.73877           0           0           0]
[    0.71146     0.87375           0           0           0]
[          0     0.62724     0.43071           0           0           0           0           0           0]
[    0.83585     0.60626     0.79849           0           0           0     0.54514           0]
[     0.4398     0.45231     0.46138     0.52899           0    0.037462     0.62876     0.51908           0     0.66267]
[    0.77521     0.79507           0]
[    0.60448     0.55567     0.48542]
[    0.82239     0.55427           0           0]
[    0.70574     0.66031      0.6916     0.71258]
[    0.63398           0           0           0           0]
[    0.84159     0.70609     0.72132           0           0           0           0           0]
[    0.78045      0.7829     0.90311     0.70178     0.76491     0.73172           0     0.78114           0           0           0]
[    0.57081      0.5808     0.64606     0.63201        0.58           0           0           0      0.6208]
[    0.66581     0.53098     0.54024     0.51678]
[    0.60446     0.41734           0           0]
[    0.81037     0.72683     0.58849           0     0.73306           0     0.65604    0.011398           0     0.40189]
[    0.51985     0.51304     0.58988           0]
[    0.86978     0.63638     0.36721           0           0           0]
[    0.87464     0.97135     0.91588           0           0           0           0]
[    0.82053     0.82226           0           0           0           0]
[    0.65102     0.51052      0.8587     0.53653           0]
[    0.75015     0.67507     0.88479           0           0           0]
[    0.57707      0.8456     0.74384     0.33091     0.43434     0.74639]
[    0.48274     0.52451           0           0]
[    0.76937     0.73667     0.58718     0.37946     0.23748]
[    0.57321     0.85111     0.71233     0.54228           0]
[    0.87192     0.56981     0.64814     0.93241           0           0           0           0]
[    0.81035     0.68281     0.77168     0.77813           0]
[    0.67639     0.65165     0.68306           0           0     0.66475           0     0.12178           0     0.11997           0]
[    0.83766     0.69664      0.8616     0.75152           0]
[    0.52076     0.59082           0     0.64259           0]
[    0.60051           0           0           0     0.14071           0           0           0]
[    0.82161           0           0           0           0           0]
[    0.72121     0.70995     0.79208           0   0.0048873     0.52978           0           0]
[    0.61537           0     0.72335     0.68298     0.52969     0.49349           0     0.68893]
[    0.61613     0.49577           0     0.12752     0.54389     0.23748]
[    0.84821     0.62914           0     0.64397           0           0]
[    0.80211      0.7426           0           0           0]
[    0.75828     0.61898           0           0           0]
[     0.8244     0.84752     0.86253     0.75912      0.3917     0.04766           0     0.42223           0           0]
[    0.58642     0.69286     0.82656     0.86267     0.43423      0.4888     0.38854     0.70406     0.48926           0]
[    0.43962           0           0           0           0           0]
[    0.44054     0.52351     0.75823           0           0]
[    0.43536     0.46106     0.52968    0.093781      0.0788     0.18801    0.017515     0.14615     0.11608     0.72654     0.14122           0]
[    0.83824     0.78708      0.7167     0.57549           0           0           0    0.095687           0           0           0           0           0           0]
[    0.65051     0.79711           0     0.37232     0.48272           0]
[     0.7382     0.84183     0.73698     0.76986     0.72577      0.6031]
[    0.79792     0.87377     0.81444           0           0]
[    0.71837     0.28224     0.54524     0.84284     0.75807           0     0.36812     0.38985           0           0           0           0           0           0]
[    0.89854     0.88582     0.77449     0.79117           0           0      0.5375]
[    0.85231     0.75054     0.72169     0.82161           0           0     0.51666           0]
[    0.76755     0.74207     0.65913           0]
[    0.76412     0.70464     0.73698     0.64078     0.54454   0.0027905]
[    0.82128      0.7568           0           0           0     0.58226]
[    0.54225     0.61163           0           0     0.40136           0     0.32383           0]
[    0.59586           0           0]
[    0.57546     0.85631     0.65357     0.94266           0]
[    0.47657           0           0           0           0           0           0]
[    0.80839     0.56284     0.86497     0.85509]
[    0.73574     0.77905     0.71087     0.72211     0.56469     0.52571           0]
[    0.68083     0.55543     0.39454           0     0.66746           0           0           0]
[    0.79285      0.8115      0.8217     0.78767     0.76918     0.71407     0.60039     0.69793     0.71793     0.72442     0.22323]
[    0.88164     0.80194     0.82736           0]
[    0.67994           0           0           0]
[    0.71798     0.70607           0           0           0     0.74242]
[    0.66958     0.90459     0.71474           0           0           0           0]
[    0.72392     0.78815     0.60024]
