     0/299     7.81G      7.98      32.8         0      40.7        24       608         0         0   0.00514         0      7.02      2.17         0
     1/299      7.8G      6.38      3.88         0      10.3        24       608         0         0   0.00199         0      5.97      2.11         0
     2/299     7.81G      5.56      3.32         0      8.88         9       608         0         0    0.0159         0       5.3      1.71         0
     3/299     7.81G      5.01      2.51         0      7.52        26       608         0         0    0.0267         0      6.01      1.15         0
     4/299     7.81G         5      1.67         0      6.67        24       608    0.0382     0.416    0.0402    0.0699      5.47      1.77         0
     5/299     7.81G      5.18       1.4         0      6.59         7       608     0.248    0.0886     0.115     0.131      4.84     0.937         0
     6/299     7.81G      4.59      1.29         0      5.88        27       608     0.395     0.227     0.201     0.288       4.9     0.945         0
     7/299     7.81G      4.42      1.23         0      5.65        28       608     0.928    0.0678     0.348     0.126      4.65     0.878         0
     8/299     7.81G      4.49      1.16         0      5.66         8       608    0.0238     0.226    0.0354    0.0431       4.2      17.5         0
     9/299     7.81G      4.24      1.08         0      5.32        23       608     0.184     0.326      0.12     0.235      4.45      2.29         0
    10/299     7.81G      4.43       1.1         0      5.53        23       608     0.205     0.226     0.172     0.215      4.13      1.35         0
    11/299     7.81G      4.24      0.95         0      5.19         7       608     0.495     0.189     0.331     0.274      5.19     0.682         0
    12/299     7.81G      3.79     0.979         0      4.77        25       608     0.513     0.144     0.322     0.225       4.3     0.789         0
    13/299     7.81G         4     0.915         0      4.92        25       608     0.382     0.216     0.189     0.276       5.4     0.609         0
    14/299     7.81G      3.92      1.08         0      4.99        10       608     0.347     0.337     0.186     0.342       4.9     0.649         0
    15/299     7.81G      3.79     0.924         0      4.71        26       608     0.142     0.221    0.0973     0.173       5.3     0.747         0
    16/299     7.81G      4.04     0.828         0      4.87        29       608     0.232     0.237     0.111     0.234      5.42     0.832         0
    17/299     7.81G      3.62     0.979         0       4.6         9       608   0.00679     0.205    0.0035    0.0131      6.52      51.3         0
    18/299     7.81G      3.85     0.837         0      4.69        22       608    0.0297    0.0947    0.0537    0.0452      4.45      3.73         0
    19/299     7.81G      3.55     0.856         0       4.4        26       608     0.783     0.171     0.428     0.281       4.4     0.593         0
    20/299     7.81G      3.72     0.818         0      4.54         9       608     0.663     0.237     0.297     0.349      5.22     0.591         0
    21/299     7.81G      3.53     0.792         0      4.32        29       608     0.738     0.282     0.413     0.408      4.19     0.599         0
    22/299     7.81G      3.59      0.79         0      4.38        21       608     0.176     0.258    0.0845     0.209      4.53     0.839         0
    23/299     7.81G      3.18     0.798         0      3.98         8       608     0.354     0.405     0.226     0.378       4.3     0.965         0
    24/299     7.81G      3.44     0.811         0      4.26        30       608     0.746     0.395     0.539     0.516      3.85     0.586         0
    25/299     7.81G       3.2     0.771         0      3.97        29       608     0.645     0.542     0.546     0.589      3.88      0.58         0
    26/299     7.81G      2.92     0.792         0      3.71        10       608       0.6     0.537     0.473     0.567      4.18     0.563         0
    27/299     7.81G      2.98     0.693         0      3.68        27       608     0.853      0.52     0.683     0.646      3.98      0.54         0
    28/299     7.81G      3.06     0.708         0      3.77        28       608     0.845     0.453     0.609     0.589      4.57     0.539         0
    29/299     7.81G      2.84     0.692         0      3.53        10       608     0.845     0.405     0.582     0.548      4.16     0.566         0
    30/299     7.81G      2.79     0.721         0      3.51        21       608     0.755     0.341     0.504      0.47      4.06     0.539         0
    31/299     7.81G      2.78     0.706         0      3.48        26       608      0.69     0.542     0.609     0.607      4.03     0.526         0
    32/299     7.81G      2.88     0.686         0      3.57        13       608     0.824     0.516      0.63     0.634      3.55     0.562         0
    33/299     7.81G      2.66     0.688         0      3.35        29       608     0.716     0.537     0.567     0.614      3.79     0.547         0
    34/299     7.81G      2.53     0.643         0      3.17        28       608     0.711     0.623     0.625     0.664      3.69     0.515         0
    35/299     7.81G       2.7     0.635         0      3.34        10       608     0.762     0.588     0.592     0.664      3.91     0.514         0
    36/299     7.81G      2.49      0.67         0      3.16        32       608      0.68     0.537     0.534       0.6      3.81     0.516         0
    37/299     7.81G      2.74     0.615         0      3.35        27       608      0.73     0.412     0.527     0.527      3.99     0.581         0
    38/299     7.81G      2.38      0.67         0      3.05         6       608     0.674     0.554     0.584     0.608      3.87     0.547         0
    39/299     7.81G      2.67     0.666         0      3.34        21       608     0.794     0.589     0.645     0.677      3.61     0.525         0
    40/299     7.81G       2.5     0.606         0      3.11        26       608     0.809     0.446     0.571     0.575      3.76     0.569         0
    41/299     7.81G      2.52      0.55         0      3.07         9       608     0.793     0.426     0.565     0.555      3.79     0.586         0
    42/299     7.81G       2.3     0.622         0      2.92        28       608     0.809     0.479     0.631     0.602      3.72     0.584         0
    43/299     7.81G      2.28     0.552         0      2.83        26       608     0.834     0.449     0.585     0.583      4.03     0.586         0
    44/299     7.81G      2.35     0.602         0      2.96        12       608      0.79     0.547     0.645     0.647      3.55     0.538         0
    45/299     7.81G      2.32     0.555         0      2.88        33       608     0.775     0.563     0.655     0.652      3.61     0.506         0
    46/299     7.81G      2.21     0.585         0       2.8        24       608     0.753     0.563     0.633     0.645      3.63      0.52         0
    47/299     7.81G      2.25     0.548         0       2.8         9       608     0.817     0.495     0.605     0.616      3.61     0.597         0
    48/299     7.81G      2.41      0.53         0      2.94        22       608     0.722      0.52     0.547     0.605      3.77     0.557         0
    49/299     7.81G      2.21     0.624         0      2.83        27       608     0.731     0.563     0.569     0.636       3.7     0.574         0
    50/299     7.81G      2.38     0.531         0      2.91         7       608     0.779     0.557      0.63     0.649      3.56     0.576         0
    51/299     7.81G      2.21     0.541         0      2.75        26       608     0.778     0.642      0.68     0.704      3.62     0.542         0
    52/299     7.81G      2.12     0.564         0      2.69        30       608     0.814     0.658     0.698     0.728      3.46     0.527         0
    53/299     7.81G      2.02     0.528         0      2.55        10       608     0.785     0.711     0.724     0.746      3.51     0.488         0
    54/299     7.81G      2.14     0.536         0      2.67        21       608     0.773     0.642      0.66     0.702      3.65       0.5         0
    55/299     7.81G      2.03     0.542         0      2.57        26       608     0.777     0.616     0.665     0.687      3.82     0.517         0
    56/299     7.81G      2.21     0.538         0      2.75         9       608     0.827     0.668     0.751     0.739      3.36     0.479         0
    57/299     7.81G      2.06     0.523         0      2.58        26       608     0.799     0.721      0.77     0.758      3.33     0.467         0
    58/299     7.81G      1.95     0.536         0      2.49        23       608     0.718     0.747     0.741     0.732      3.33     0.467         0
    59/299     7.81G       2.1     0.549         0      2.65        11       608     0.782       0.7     0.723     0.739      3.43     0.468         0
    60/299     7.81G      2.07     0.534         0       2.6        33       608     0.747     0.726     0.728     0.736      3.45     0.479         0
    61/299     7.81G      2.02     0.504         0      2.52        22       608     0.795     0.692     0.733      0.74      3.38     0.499         0
    62/299     7.81G      2.09     0.513         0       2.6         8       608     0.842     0.673     0.729     0.748      3.52     0.507         0
    63/299     7.81G         2     0.488         0      2.49        28       608      0.79     0.695     0.727     0.739      3.45     0.488         0
    64/299     7.81G      1.81     0.489         0       2.3        23       608     0.787     0.663     0.725      0.72      3.49     0.524         0
    65/299     7.81G      2.04     0.456         0       2.5         7       608     0.814     0.637     0.715     0.714      3.59     0.532         0
    66/299     7.81G      1.89     0.518         0       2.4        31       608     0.814     0.689      0.75     0.746      3.58     0.496         0
    67/299     7.81G       1.8     0.506         0       2.3        21       608      0.81     0.668      0.72     0.733      3.42     0.485         0
    68/299     7.81G      1.92     0.499         0      2.42        10       608     0.754     0.632     0.666     0.687      3.46     0.491         0
    69/299     7.81G      1.95     0.473         0      2.42        28       608     0.819     0.689     0.743     0.749      3.53     0.482         0
    70/299     7.81G      1.84     0.479         0      2.32        24       608     0.801     0.637     0.712      0.71      3.49     0.504         0
    71/299     7.81G       1.8     0.484         0      2.28        11       608     0.793     0.663     0.718     0.722      3.38     0.489         0
    72/299     7.81G      1.83     0.474         0       2.3        27       608     0.805     0.658     0.715     0.724      3.46     0.502         0
    73/299     7.81G      1.81     0.482         0      2.29        34       608      0.81     0.675     0.728     0.736      3.35     0.499         0
    74/299     7.81G      1.86     0.448         0       2.3         6       608     0.817     0.653     0.701     0.726      3.28     0.508         0
    75/299     7.81G      1.79     0.472         0      2.27        28       608     0.789     0.668     0.702     0.724      3.27      0.51         0
    76/299     7.81G      1.87     0.461         0      2.33        22       608     0.791     0.663     0.686     0.721      3.35      0.51         0
    77/299     7.81G      1.83     0.486         0      2.31         9       608      0.82     0.673     0.703     0.739      3.34     0.514         0
    78/299     7.81G      1.65     0.446         0       2.1        32       608     0.804     0.726      0.76     0.763       3.3     0.493         0
    79/299     7.81G      1.86      0.44         0       2.3        19       608     0.828     0.684     0.731     0.749      3.48     0.517         0
    80/299     7.81G      1.69     0.486         0      2.17         7       608     0.777      0.68     0.725     0.725      3.33     0.536         0
    81/299     7.81G      1.76     0.471         0      2.23        27       608     0.831     0.671     0.738     0.742      3.29     0.523         0
    82/299     7.81G       1.8     0.442         0      2.24        26       608     0.858     0.666     0.761      0.75      3.26     0.527         0
    83/299     7.81G       1.7     0.431         0      2.13        10       608     0.875     0.624     0.738     0.729      3.25     0.539         0
    84/299     7.81G      1.67     0.436         0      2.11        28       608     0.836     0.689      0.76     0.756      3.31     0.508         0
    85/299     7.81G       1.7     0.443         0      2.14        28       608     0.812     0.668     0.723     0.733      3.25     0.551         0
    86/299     7.81G      1.75     0.442         0      2.19         8       608     0.834     0.658     0.718     0.736      3.27     0.537         0
    87/299     7.81G      1.64     0.436         0      2.07        20       608     0.843     0.532     0.609     0.652      3.44     0.637         0
    88/299     7.81G      1.69     0.421         0      2.11        32       608     0.784     0.612     0.667     0.688      3.21     0.577         0
    89/299     7.81G      1.64     0.397         0      2.03         6       608     0.743     0.432     0.509     0.546      3.78     0.702         0
    90/299     7.81G      1.68     0.431         0      2.11        22       608     0.747     0.689     0.702     0.717      3.26     0.549         0
    91/299     7.81G      1.64     0.422         0      2.06        32       608      0.79     0.593     0.621     0.678      3.46     0.653         0
    92/299     7.81G       1.6     0.401         0         2         3       608     0.746     0.621     0.653     0.678      3.44      0.62         0
    93/299     7.81G      1.67     0.406         0      2.08        28       608     0.759     0.679      0.71     0.717      3.29     0.541         0
    94/299     7.81G      1.59     0.438         0      2.03        17       608     0.773     0.726     0.744     0.749      3.21     0.502         0
    95/299     7.81G       1.6     0.394         0         2         8       608     0.781     0.658     0.711     0.714      3.25     0.503         0
    96/299     7.81G      1.69     0.404         0      2.09        26       608     0.792      0.72     0.724     0.754      3.14     0.496         0
    97/299     7.81G      1.64     0.386         0      2.02        22       608     0.771     0.679     0.719     0.722      3.23     0.518         0
    98/299     7.81G      1.49     0.411         0       1.9        11       608     0.801     0.699     0.725     0.746      3.17     0.499         0
    99/299     7.81G      1.48     0.414         0       1.9        24       608     0.807     0.703     0.737     0.751       3.2     0.502         0
   100/299     7.81G      1.58     0.368         0      1.95        25       608     0.788     0.679     0.724      0.73      3.24     0.523         0
   101/299     7.81G      1.66     0.399         0      2.06         9       608     0.769     0.647     0.702     0.703      3.24     0.548         0
   102/299     7.81G      1.42     0.391         0      1.82        27       608     0.805     0.672     0.698     0.732      3.25     0.541         0
   103/299     7.81G      1.54     0.407         0      1.95        24       608     0.827     0.727     0.745     0.774      3.22     0.524         0
   104/299     7.81G      1.43     0.373         0       1.8         8       608     0.852     0.668     0.736     0.749      3.26     0.532         0
   105/299     7.81G      1.51     0.374         0      1.89        30       608     0.818     0.637     0.729     0.716      3.36      0.55         0
   106/299     7.81G      1.39      0.38         0      1.77        27       608     0.818     0.684     0.731     0.745      3.26     0.542         0
   107/299     7.81G       1.5     0.351         0      1.85         6       608     0.819     0.669     0.749     0.737      3.23     0.555         0
   108/299     7.81G      1.46     0.376         0      1.83        23       608     0.855     0.681     0.764     0.758      3.17     0.559         0
   109/299     7.81G      1.49     0.402         0       1.9        24       608     0.844     0.656     0.745     0.739      3.11     0.561         0
   110/299     7.81G      1.46     0.359         0      1.82        10       608     0.833     0.684      0.72     0.751      3.12     0.535         0
   111/299     7.81G      1.55     0.396         0      1.95        28       608     0.831     0.697     0.733     0.758      3.05     0.543         0
   112/299     7.81G      1.41      0.38         0      1.79        24       608     0.803     0.632     0.688     0.707      3.32     0.621         0
   113/299     7.81G      1.42     0.385         0      1.81        10       608     0.812     0.679     0.728      0.74      3.21     0.579         0
   114/299     7.81G      1.38      0.35         0      1.73        20       608     0.863       0.7     0.757     0.773      3.17      0.58         0
   115/299     7.81G      1.47     0.349         0      1.82        25       608     0.837     0.674      0.74     0.746      3.19     0.542         0
   116/299     7.81G       1.3     0.366         0      1.67         7       608     0.828     0.711     0.759     0.765      3.21     0.541         0
   117/299     7.81G      1.45     0.376         0      1.82        23       608     0.846     0.694     0.751     0.763      3.18      0.54         0
   118/299     7.81G      1.32     0.356         0      1.68        26       608     0.833     0.726     0.759     0.776      3.13     0.528         0
   119/299     7.81G      1.53     0.392         0      1.92         9       608     0.829     0.695     0.736     0.756      3.16     0.528         0
   120/299     7.81G      1.29     0.345         0      1.63        20       608     0.834     0.715     0.731      0.77      3.18     0.513         0
   121/299     7.81G      1.34     0.337         0      1.68        24       608     0.834     0.686      0.76     0.753      3.14      0.53         0
   122/299     7.81G      1.36     0.396         0      1.76        13       608     0.834     0.687     0.736     0.754      3.16     0.523         0
   123/299     7.81G      1.31     0.343         0      1.65        27       608     0.826     0.689     0.753     0.752      3.33     0.529         0
   124/299     7.81G      1.34     0.369         0      1.71        23       608     0.831     0.697     0.747     0.758       3.2     0.517         0
   125/299     7.81G      1.34     0.334         0      1.68         9       608     0.823      0.71     0.762     0.763      3.26     0.518         0
   126/299     7.81G      1.26     0.353         0      1.61        26       608     0.817     0.707     0.761     0.758      3.25     0.509         0
   127/299     7.81G      1.21     0.345         0      1.55        26       608     0.829     0.716     0.764     0.768      3.26     0.515         0
   128/299     7.81G      1.26      0.35         0      1.61         8       608     0.817       0.7     0.757     0.754      3.25     0.505         0
   129/299     7.81G      1.34      0.32         0      1.66        28       608     0.846     0.665     0.747     0.745      3.23      0.52         0
   130/299     7.81G      1.33     0.364         0      1.69        26       608      0.85     0.663     0.733     0.745       3.2     0.534         0
   131/299     7.81G       1.3     0.335         0      1.64        12       608     0.814     0.669     0.718     0.735      3.19     0.538         0
   132/299     7.81G      1.26     0.317         0      1.58        22       608     0.813     0.687     0.729     0.744      3.16     0.544         0
   133/299     7.81G      1.25     0.335         0      1.59        28       608     0.832     0.684     0.738     0.751       3.2     0.553         0
   134/299     7.81G      1.31     0.337         0      1.65        11       608     0.858     0.705     0.747     0.774      3.19     0.545         0
   135/299     7.81G      1.23      0.33         0      1.56        24       608     0.832     0.677     0.742     0.746      3.28     0.556         0
   136/299     7.81G      1.15     0.333         0      1.49        23       608     0.802     0.682     0.702     0.737      3.21     0.531         0
   137/299     7.81G      1.32     0.341         0      1.66        11       608     0.797     0.684     0.699     0.736      3.19     0.546         0
   138/299     7.81G      1.21     0.332         0      1.54        27       608     0.807     0.683     0.696      0.74      3.19     0.547         0
   139/299     7.81G      1.15     0.312         0      1.46        21       608     0.791     0.732     0.732      0.76      3.31     0.535         0
   140/299     7.81G       1.2      0.32         0      1.52        13       608     0.766     0.726     0.738     0.746      3.36     0.534         0
   141/299     7.81G      1.24     0.295         0      1.54        23       608     0.808     0.695     0.715     0.747      3.38     0.562         0
   142/299     7.81G      1.12     0.315         0      1.43        22       608     0.802     0.702     0.732     0.748      3.19     0.554         0
   143/299     7.81G      1.16     0.324         0      1.49         6       608      0.83     0.719     0.754     0.771      3.22     0.535         0
   144/299     7.81G      1.14     0.313         0      1.45        31       608     0.831     0.701     0.749      0.76       3.2     0.537         0
   145/299     7.81G      1.21     0.306         0      1.52        25       608     0.848     0.684     0.752     0.757      3.24      0.55         0
   146/299     7.81G      1.18     0.278         0      1.46         5       608     0.815     0.689     0.746     0.747      3.18     0.535         0
   147/299     7.81G      1.21     0.302         0      1.51        25       608     0.816     0.699     0.731     0.753      3.17     0.527         0
   148/299     7.81G      1.05     0.277         0      1.33        28       608     0.779     0.689     0.706     0.731      3.19     0.548         0
   149/299     7.81G      1.14     0.307         0      1.45        11       608      0.82     0.671     0.738     0.738      3.25     0.579         0
   150/299     7.81G      1.13     0.293         0      1.42        23       608       0.8     0.676     0.676     0.733      3.26     0.565         0
   151/299     7.81G      1.09     0.316         0      1.41        29       608     0.792     0.723     0.745     0.756      3.15      0.54         0
   152/299     7.81G      1.04     0.309         0      1.35        12       608     0.795     0.711     0.747     0.751      3.18     0.532         0
   153/299     7.81G      1.07     0.283         0      1.35        22       608      0.82     0.721      0.75     0.768       3.2     0.539         0
   154/299     7.81G      1.14     0.298         0      1.44        25       608     0.829     0.732     0.767     0.777      3.22     0.546         0
   155/299     7.81G      1.12     0.265         0      1.38        10       608     0.839     0.732     0.771     0.782       3.2     0.544         0
   156/299     7.81G      1.06      0.31         0      1.37        26       608     0.831     0.727     0.779     0.775      3.13     0.533         0
   157/299     7.81G      1.06     0.299         0      1.35        28       608     0.837     0.737     0.771     0.784      3.17     0.523         0
   158/299     7.81G      1.08     0.278         0      1.36         9       608     0.833     0.747     0.776     0.788      3.14     0.522         0
   159/299     7.81G      1.05      0.27         0      1.32        23       608     0.834     0.732     0.744     0.779      3.12     0.532         0
   160/299     7.81G      1.07      0.33         0       1.4        24       608     0.828     0.708     0.744     0.763      3.12     0.539         0
   161/299     7.81G      1.03      0.29         0      1.31        12       608     0.865     0.716     0.791     0.783      3.15     0.536         0
   162/299     7.81G         1     0.276         0      1.28        21       608     0.869     0.699     0.752     0.775      3.11      0.55         0
   163/299     7.81G     0.963     0.286         0      1.25        32       608     0.852     0.697     0.757     0.767       3.1     0.561         0
   164/299     7.81G      1.05     0.295         0      1.35        13       608     0.848     0.737     0.762     0.789      3.11     0.557         0
   165/299     7.81G      1.05     0.277         0      1.33        24       608     0.829     0.716     0.739     0.768      3.18     0.575         0
   166/299     7.81G     0.942     0.277         0      1.22        30       608     0.818     0.711     0.752     0.761      3.17     0.567         0
   167/299     7.81G     0.965     0.268         0      1.23         8       608     0.857     0.721     0.791     0.783      3.21     0.551         0
   168/299     7.81G     0.933     0.259         0      1.19        29       608     0.825     0.695      0.75     0.754      3.14     0.556         0
   169/299     7.81G     0.971      0.27         0      1.24        26       608     0.792     0.679     0.736     0.731      3.16     0.556         0
   170/299     7.81G      1.06     0.266         0      1.32        11       608     0.841     0.723     0.765     0.778      3.12      0.56         0
   171/299     7.81G         1     0.285         0      1.29        28       608     0.795     0.689     0.727     0.738      3.14     0.571         0
   172/299     7.81G      1.03     0.299         0      1.33        25       608     0.828     0.653     0.719      0.73       3.2     0.621         0
   173/299     7.81G     0.984      0.28         0      1.26         7       608     0.823       0.7     0.749     0.757       3.1     0.565         0
   174/299     7.81G     0.921     0.267         0      1.19        23       608     0.838     0.721     0.768     0.775      3.11     0.556         0
   175/299     7.81G     0.946      0.27         0      1.22        28       608     0.851     0.721     0.752      0.78      3.09     0.552         0
   176/299     7.81G     0.941     0.249         0      1.19         7       608     0.857     0.726     0.761     0.786      3.09     0.543         0
   177/299     7.81G     0.932     0.298         0      1.23        26       608      0.85     0.726     0.785     0.783      3.08     0.547         0
   178/299     7.81G     0.916     0.263         0      1.18        23       608     0.853     0.716     0.776     0.778      3.15     0.564         0
   179/299     7.81G     0.928     0.253         0      1.18        14       608      0.85     0.705      0.76     0.771      3.12     0.577         0
   180/299     7.81G     0.947     0.291         0      1.24        23       608     0.831     0.724      0.77     0.774      3.18     0.552         0
   181/299     7.81G     0.952     0.259         0      1.21        25       608     0.837     0.755     0.798     0.794      3.15     0.541         0
   182/299     7.81G     0.894     0.265         0      1.16        13       608     0.834     0.721     0.765     0.773      3.13     0.537         0
   183/299     7.81G      0.93     0.271         0       1.2        30       608     0.835     0.719     0.786     0.772      3.09     0.535         0
   184/299     7.81G     0.917     0.247         0      1.16        21       608     0.847     0.779     0.807     0.812      3.06     0.527         0
   185/299     7.81G     0.915     0.248         0      1.16         8       608     0.814     0.747     0.773     0.779      3.11     0.538         0
   186/299     7.81G     0.858     0.232         0      1.09        20       608     0.818     0.734     0.761     0.774      3.19     0.561         0
   187/299     7.81G     0.905     0.257         0      1.16        26       608     0.819     0.738     0.764     0.776      3.13     0.563         0
   188/299     7.81G     0.903     0.265         0      1.17         9       608      0.86     0.726     0.749     0.788      3.09      0.58         0
   189/299     7.81G     0.844     0.278         0      1.12        27       608     0.839     0.721     0.759     0.776      3.08     0.569         0
   190/299     7.81G      0.82     0.265         0      1.09        25       608     0.841     0.732     0.752     0.783      3.05      0.55         0
   191/299     7.81G     0.818     0.235         0      1.05         9       608     0.817     0.753      0.77     0.784      3.01     0.538         0
   192/299     7.81G     0.888     0.244         0      1.13        27       608     0.824     0.738     0.787     0.778      3.05     0.553         0
   193/299     7.81G     0.887     0.244         0      1.13        27       608     0.826     0.748     0.788     0.785      3.04     0.568         0
   194/299     7.81G     0.821     0.254         0      1.08         9       608     0.823     0.753     0.791     0.786      3.04     0.567         0
   195/299     7.81G     0.847     0.233         0      1.08        28       608     0.825     0.763     0.781     0.793      3.03     0.564         0
   196/299     7.81G     0.803     0.256         0      1.06        25       608     0.845     0.774     0.779     0.808         3     0.572         0
   197/299     7.81G     0.768     0.264         0      1.03         9       608     0.844     0.768      0.78     0.805      3.01     0.577         0
   198/299     7.81G     0.744     0.235         0     0.979        38       608     0.818     0.756      0.76     0.786      3.03     0.583         0
   199/299     7.81G     0.745     0.238         0     0.983        27       608     0.821     0.763     0.767     0.791      3.05     0.578         0
   200/299     7.81G     0.751     0.241         0     0.991         5       608     0.815     0.767     0.786      0.79      3.05      0.59         0
   201/299     7.81G     0.767     0.232         0         1        24       608     0.808     0.753     0.785      0.78      3.04     0.576         0
   202/299     7.81G     0.752     0.226         0     0.978        25       608     0.829     0.764     0.788     0.795      3.02      0.57         0
   203/299     7.81G     0.784     0.244         0      1.03         5       608     0.819     0.747     0.782     0.781      3.04     0.583         0
   204/299     7.81G     0.764     0.216         0      0.98        23       608     0.825     0.753     0.782     0.787      3.04      0.58         0
   205/299     7.81G     0.788     0.231         0      1.02        30       608     0.824     0.763     0.787     0.792      3.03      0.57         0
   206/299     7.81G     0.731     0.224         0     0.955        10       608     0.817     0.747     0.773     0.781      3.04     0.583         0
   207/299     7.81G     0.715      0.21         0     0.925        22       608     0.826     0.747      0.77     0.785      3.07     0.594         0
   208/299     7.81G     0.779     0.235         0      1.01        34       608     0.834     0.753     0.778     0.791      3.07     0.597         0
   209/299     7.81G     0.733     0.212         0     0.945        11       608     0.823     0.753     0.784     0.786      3.06     0.583         0
   210/299     7.81G     0.757     0.225         0     0.982        29       608     0.841     0.732     0.786     0.782      3.07     0.583         0
   211/299     7.81G     0.767     0.219         0     0.986        26       608     0.819     0.717     0.772     0.765      3.08     0.583         0
   212/299     7.81G     0.711     0.225         0     0.936         9       608     0.839     0.732      0.77     0.782      3.09     0.597         0
   213/299     7.81G     0.719     0.213         0     0.932        26       608      0.83     0.711     0.758     0.766      3.11     0.603         0
   214/299     7.81G     0.753      0.23         0     0.983        26       608     0.828     0.695      0.75     0.755      3.13     0.603         0
   215/299     7.81G     0.726     0.254         0      0.98        12       608     0.811     0.699     0.753     0.751      3.11     0.591         0
   216/299     7.81G     0.739     0.234         0     0.973        29       608     0.802     0.747     0.769     0.774      3.06     0.574         0
   217/299     7.81G     0.701     0.211         0     0.912        23       608     0.797     0.737     0.755     0.766      3.07     0.582         0
   218/299     7.81G     0.731     0.249         0      0.98        14       608     0.818     0.737     0.756     0.775      3.09     0.584         0
   219/299     7.81G      0.73     0.219         0     0.949        22       608      0.84      0.72     0.733     0.776      3.13     0.605         0
   220/299     7.81G     0.672     0.206         0     0.878        23       608     0.821     0.701     0.722     0.756      3.11     0.618         0
   221/299     7.81G     0.706     0.217         0     0.923        15       608     0.828     0.716     0.749     0.768      3.09     0.606         0
   222/299     7.81G     0.671     0.229         0     0.901        33       608     0.812     0.726     0.767     0.767      3.09     0.609         0
   223/299     7.81G     0.716     0.218         0     0.935        32       608     0.816     0.746     0.771     0.779      3.09       0.6         0
   224/299     7.81G     0.685     0.217         0     0.902         8       608     0.821     0.758     0.771     0.788      3.11      0.59         0
   225/299     7.81G      0.72     0.242         0     0.962        28       608     0.819     0.768     0.774     0.793      3.09     0.581         0
   226/299     7.81G     0.659      0.19         0     0.849        24       608     0.824     0.758     0.777     0.789      3.06     0.581         0
   227/299     7.81G     0.686     0.226         0     0.912         6       608     0.828     0.758     0.785     0.791      3.04     0.587         0
   228/299     7.81G     0.661      0.21         0     0.871        26       608     0.842     0.755     0.786     0.796      3.04     0.592         0
   229/299     7.81G     0.688     0.221         0     0.909        28       608     0.848     0.747     0.783     0.794      3.03     0.601         0
   230/299     7.81G     0.665     0.203         0     0.868         7       608     0.835     0.748     0.782     0.789      3.03     0.609         0
   231/299     7.81G     0.674     0.236         0     0.911        25       608     0.825     0.722     0.769      0.77      3.04     0.612         0
   232/299     7.81G      0.65     0.215         0     0.865        22       608     0.812     0.727     0.762     0.767      3.06     0.617         0
   233/299     7.81G     0.665     0.209         0     0.874         8       608     0.816     0.742     0.769     0.777      3.05     0.615         0
   234/299     7.81G     0.647     0.215         0     0.862        34       608     0.814     0.747     0.767     0.779      3.06     0.608         0
   235/299     7.81G     0.675      0.22         0     0.895        24       608     0.811     0.747      0.77     0.778      3.05     0.601         0
   236/299     7.81G     0.643     0.224         0     0.867         9       608     0.817     0.753     0.771     0.783      3.06     0.596         0
   237/299     7.81G     0.659     0.201         0      0.86        27       608     0.831     0.758     0.775     0.793      3.05     0.596         0
   238/299     7.81G     0.659       0.2         0     0.859        28       608     0.821     0.742     0.758     0.779      3.06     0.598         0
   239/299     7.81G     0.641     0.206         0     0.847         7       608     0.824     0.732     0.762     0.775      3.05     0.602         0
   240/299     7.81G     0.663     0.202         0     0.866        20       608     0.827     0.732     0.772     0.777      3.07     0.606         0
   241/299     7.81G     0.687     0.224         0     0.912        35       608     0.836     0.723     0.756     0.775      3.08      0.61         0
   242/299     7.81G      0.64     0.208         0     0.848         8       608     0.812     0.726     0.753     0.767      3.07     0.611         0
   243/299     7.81G     0.642     0.218         0      0.86        26       608     0.811     0.724     0.757     0.765      3.08     0.618         0
   244/299     7.81G     0.642     0.206         0     0.849        38       608     0.791     0.721     0.757     0.755      3.08     0.623         0
   245/299     7.81G     0.624     0.194         0     0.818         6       608     0.785     0.711     0.752     0.746      3.07     0.623         0
   246/299     7.81G     0.635     0.209         0     0.844        23       608     0.795     0.735     0.754     0.764      3.05     0.619         0
   247/299     7.81G     0.624     0.209         0     0.833        34       608     0.817     0.747      0.77     0.781      3.03     0.611         0
   248/299     7.81G     0.624     0.206         0     0.831         7       608     0.827     0.737     0.774     0.779      3.04     0.608         0
   249/299     7.81G     0.635     0.185         0      0.82        23       608     0.833     0.753     0.779     0.791      3.02     0.606         0
   250/299     7.81G     0.614     0.203         0     0.817        28       608     0.832      0.73     0.778     0.778      3.02     0.607         0
   251/299     7.81G     0.612     0.186         0     0.798         9       608      0.84     0.749     0.782     0.792      3.01     0.604         0
   252/299     7.81G     0.641     0.192         0     0.833        20       608     0.837     0.732     0.783     0.781      3.01     0.603         0
   253/299     7.81G     0.593     0.204         0     0.797        29       608     0.838     0.733     0.776     0.782      3.03     0.602         0
   254/299     7.81G     0.603     0.183         0     0.786         6       608     0.841     0.742     0.779     0.789      3.03     0.602         0
   255/299     7.81G     0.603     0.209         0     0.812        29       608     0.808     0.732     0.774     0.768      3.04     0.603         0
   256/299     7.81G     0.599     0.199         0     0.798        31       608     0.784     0.727     0.775     0.755      3.04     0.607         0
   257/299     7.81G     0.607     0.198         0     0.804        12       608     0.813     0.742     0.796     0.776      3.03     0.606         0
   258/299     7.81G      0.57       0.2         0      0.77        29       608     0.822     0.753     0.804     0.786      3.02     0.606         0
   259/299     7.81G     0.588     0.199         0     0.787        26       608     0.817     0.753     0.794     0.784      3.02     0.603         0
   260/299     7.81G     0.634     0.207         0     0.841         9       608     0.824     0.765     0.804     0.794      3.02       0.6         0
   261/299     7.81G     0.572     0.184         0     0.756        29       608     0.819     0.761     0.794     0.789      3.02       0.6         0
   262/299     7.81G     0.596     0.193         0     0.789        23       608     0.827     0.758     0.805     0.791      3.02     0.598         0
   263/299     7.81G     0.588     0.185         0     0.773         9       608     0.834     0.742     0.798     0.786      3.03     0.601         0
   264/299     7.81G     0.603     0.184         0     0.788        29       608     0.835     0.748     0.791     0.789      3.03     0.605         0
   265/299     7.81G     0.589     0.181         0      0.77        23       608     0.839     0.758     0.789     0.796      3.03     0.605         0
   266/299     7.81G     0.648     0.196         0     0.843         9       608     0.835     0.753     0.793     0.792      3.03     0.607         0
   267/299     7.81G     0.595     0.215         0      0.81        27       608     0.826     0.751     0.799     0.787      3.03     0.608         0
   268/299     7.81G     0.585     0.178         0     0.763        26       608     0.826     0.751     0.799     0.787      3.03     0.612         0
   269/299     7.81G     0.578     0.199         0     0.776        10       608     0.823     0.757     0.787     0.789      3.03     0.612         0
   270/299     7.81G     0.596     0.186         0     0.782        28       608     0.823     0.757     0.779     0.788      3.04     0.613         0
   271/299     7.81G     0.586     0.172         0     0.758        25       608     0.823     0.761     0.778     0.791      3.05     0.614         0
   272/299     7.81G     0.626     0.189         0     0.814         8       608     0.808     0.753     0.775      0.78      3.05     0.614         0
   273/299     7.81G     0.601     0.195         0     0.796        29       608     0.809     0.758     0.786     0.782      3.05     0.615         0
   274/299     7.81G     0.616     0.213         0     0.829        24       608     0.829     0.766     0.801     0.796      3.04     0.618         0
   275/299     7.81G     0.574      0.19         0     0.764         7       608     0.818     0.755      0.79     0.785      3.02     0.616         0
   276/299     7.81G     0.574     0.182         0     0.756        28       608     0.812      0.75     0.792      0.78      3.02     0.618         0
   277/299     7.81G     0.599     0.184         0     0.783        27       608     0.815     0.764     0.786     0.789      3.02     0.618         0
   278/299     7.81G     0.591      0.19         0     0.781        12       608     0.818     0.758     0.795     0.787      3.02      0.62         0
   279/299     7.81G     0.587     0.203         0      0.79        29       608     0.812     0.751      0.78      0.78      3.02      0.62         0
   280/299     7.81G     0.601     0.186         0     0.788        17       608     0.835     0.758     0.791     0.795      3.01     0.618         0
   281/299     7.81G      0.59     0.191         0      0.78         8       608     0.834     0.758     0.791     0.794      3.01     0.621         0
   282/299     7.81G     0.575     0.177         0     0.752        27       608     0.848     0.763     0.786     0.803      3.02     0.624         0
   283/299     7.81G     0.577      0.19         0     0.767        20       608     0.838     0.762     0.785     0.798      3.02     0.624         0
   284/299     7.81G     0.599      0.19         0      0.79         8       608     0.838     0.763     0.794     0.799      3.02     0.625         0
   285/299     7.81G     0.571      0.17         0     0.742        30       608     0.835     0.768     0.799       0.8      3.02     0.627         0
   286/299     7.81G     0.568     0.199         0     0.768        31       608     0.837     0.774     0.791     0.804      3.01     0.627         0
   287/299     7.81G     0.568     0.185         0     0.753        10       608     0.834     0.768     0.791       0.8      3.01     0.626         0
   288/299     7.81G     0.585     0.179         0     0.764        27       608     0.824     0.766     0.792     0.794      3.01     0.623         0
   289/299     7.81G     0.548      0.18         0     0.728        29       608     0.834     0.768     0.796       0.8         3     0.622         0
   290/299     7.81G     0.532     0.194         0     0.726         9       608     0.823     0.763     0.794     0.792         3      0.62         0
   291/299     7.81G     0.566     0.173         0     0.739        29       608     0.814     0.758     0.777     0.785      3.01     0.618         0
   292/299     7.81G     0.559     0.188         0     0.747        25       608     0.811     0.763     0.784     0.786      3.01     0.617         0
   293/299     7.81G     0.538     0.174         0     0.711         9       608     0.808     0.758     0.787     0.782      3.01     0.618         0
   294/299     7.81G     0.528     0.185         0     0.713        26       608     0.794     0.742     0.781     0.767      3.01      0.62         0
   295/299     7.81G     0.547     0.173         0     0.719        30       608     0.804     0.755     0.778     0.779      3.02      0.62         0
   296/299     7.81G     0.557     0.168         0     0.726         9       608     0.813     0.756     0.783     0.784      3.02     0.623         0
   297/299     7.81G     0.552     0.176         0     0.727        28       608     0.809     0.742     0.779     0.774      3.03     0.629         0
   298/299     7.81G     0.547      0.17         0     0.717        27       608     0.813     0.732     0.782      0.77      3.04     0.631         0
   299/299     7.81G     0.564     0.189         0     0.753        11       608     0.817     0.729     0.781     0.771      3.04     0.636         0
