[          1]
[          1]
[          1]
[          1]
[          1]
[          1]
[          1]
[          1]
[          1]
[          1]
[          1]
[          1]
[          1]
[          1]
[          1]
[          1]
[          1]
[          1]
[          1]
[          1]
[          1]
[          1]
[          1]
[          1]
[          1]
[          1]
[          1]
[          1]
[          1]
[          1]
[          1]
[          1]
[          1]
[          1]
[          1]
[          1]
[          1]
[          1]
[          1]
[          1]
[          1]
[          1]
[          1]
[          1]
[          1]
[          1]
[          1]
[          1]
[          1]
[          1]
[          1]
[          1]
[          1]
[          1]
[          1]
[          1]
[          1]
[          1]
[          1]
[          1]
[          1]
[          1]
[          1]
[          1]
[          1]
[          1]
[          1]
[          1]
[          1]
[          1]
[          1]
[          1]
[          1]
[          1]
[          1]
[          1]
[          1]
[          1]
[          1]
[          1]
[          1]
[          1]
[          1]
[          1]
[    0.98824]
[    0.98837]
[    0.98851]
[    0.98864]
[    0.98876]
[    0.98889]
[    0.98901]
[    0.98913]
[    0.98925]
[    0.98936]
[    0.98947]
[    0.98958]
[    0.98969]
[     0.9898]
[     0.9899]
[       0.99]
[     0.9901]
[    0.98039]
[    0.98058]
[    0.98077]
[    0.98095]
[    0.98113]
[    0.98131]
[    0.98148]
[    0.98165]
[    0.98182]
[    0.98198]
[    0.98214]
[     0.9823]
[    0.98246]
[    0.98261]
[    0.98276]
[    0.98291]
[    0.98305]
[    0.98319]
[    0.98333]
[    0.98347]
[    0.98361]
[    0.98374]
[    0.98387]
[      0.984]
[    0.98413]
[    0.98425]
[    0.98438]
[     0.9845]
[    0.98462]
[    0.98473]
[    0.98485]
[    0.97744]
[    0.97761]
[    0.97778]
[    0.97794]
[     0.9781]
[    0.97826]
[    0.97842]
[    0.97857]
[    0.97872]
[    0.97887]
[    0.97902]
[    0.97917]
[    0.97931]
[    0.97945]
[    0.97959]
[    0.97973]
[    0.97987]
[       0.98]
[    0.98013]
[    0.98026]
[    0.98039]
[    0.98052]
[    0.98065]
[    0.98077]
[    0.98089]
[    0.98101]
[    0.98113]
[    0.98125]
[    0.98137]
[    0.98148]
[     0.9816]
[    0.98171]
[    0.98182]
[    0.98193]
[    0.98204]
[    0.98214]
[    0.98225]
[    0.98235]
[    0.98246]
[    0.98256]
[    0.98266]
[    0.98276]
[    0.98286]
[    0.98295]
[    0.98305]
[    0.98315]
[    0.98324]
[    0.98333]
[    0.98343]
[    0.98352]
[    0.98361]
[     0.9837]
[    0.98378]
[    0.98387]
[    0.98396]
[    0.98404]
[    0.98413]
[    0.98421]
[    0.98429]
[    0.98438]
[    0.98446]
[    0.98454]
[    0.98462]
[    0.98469]
[    0.98477]
[    0.98485]
[    0.98492]
[      0.985]
[     0.9801]
[     0.9802]
[     0.9803]
[    0.98039]
[    0.98049]
[    0.98058]
[    0.98068]
[    0.98077]
[    0.98086]
[    0.98095]
[    0.98104]
[    0.98113]
[    0.98122]
[    0.98131]
[     0.9814]
[    0.98148]
[    0.98157]
[    0.98165]
[    0.98174]
[    0.98182]
[     0.9819]
[    0.98198]
[    0.98206]
[    0.98214]
[    0.98222]
[     0.9823]
[    0.98238]
[    0.98246]
[    0.98253]
[    0.98261]
[    0.98268]
[    0.98276]
[    0.98283]
[    0.98291]
[    0.98298]
[    0.98305]
[    0.98312]
[    0.97899]
[     0.9749]
[      0.975]
[     0.9751]
[    0.97521]
[    0.97119]
[    0.97131]
[    0.97143]
[    0.97154]
[    0.97166]
[    0.97177]
[    0.96787]
[      0.964]
[    0.96414]
[    0.96429]
[    0.96047]
[    0.95669]
[    0.95294]
[    0.95312]
[    0.94942]
[    0.94574]
[    0.94208]
[    0.93846]
[    0.93487]
[     0.9313]
[    0.92776]
[    0.92424]
[    0.92453]
[    0.92481]
[    0.92135]
[    0.91791]
[     0.9145]
[    0.91111]
[    0.90775]
[    0.90441]
[     0.9011]
[    0.90146]
[    0.89818]
[    0.89493]
[    0.89531]
[    0.89568]
[    0.89606]
[    0.89643]
[    0.89324]
[    0.89007]
[    0.88693]
[    0.88732]
[    0.88421]
[    0.88112]
[    0.87805]
[      0.875]
[    0.87197]
[    0.86897]
[    0.86598]
[    0.86301]
[    0.86007]
[    0.85714]
[    0.85424]
[    0.85135]
[    0.84848]
[    0.84564]
[    0.84615]
[    0.84333]
[    0.84053]
[    0.83775]
[    0.83498]
[    0.83224]
[    0.82951]
[     0.8268]
[     0.8241]
[    0.82143]
[    0.81877]
[    0.81613]
[     0.8135]
[     0.8141]
[     0.8147]
[     0.8121]
[    0.80952]
[    0.80696]
[    0.80442]
[    0.80189]
[    0.79937]
[    0.79688]
[    0.79439]
[    0.79193]
[    0.78947]
[    0.78704]
[    0.78769]
[    0.78528]
[    0.78593]
[    0.78354]
[    0.78116]
[    0.77879]
[    0.77644]
[     0.7741]
[    0.77177]
[    0.76946]
[    0.76716]
[    0.76488]
[    0.76261]
[    0.76036]
[    0.76106]
[    0.75882]
[     0.7566]
[    0.75439]
[    0.75219]
[       0.75]
[    0.74783]
[    0.74566]
[    0.74352]
[    0.74138]
[    0.73926]
[    0.73714]
[    0.73504]
[    0.73295]
[    0.73088]
[    0.73164]
[    0.72958]
[    0.72753]
[    0.72549]
[    0.72346]
[    0.72145]
[    0.71944]
[    0.71745]
[    0.71547]
[     0.7135]
[    0.71154]
[    0.71233]
[    0.71038]
[    0.70845]
[    0.70924]
[    0.70732]
[    0.70541]
[     0.7035]
[    0.70161]
[    0.69973]
[    0.69786]
[      0.696]
[    0.69415]
[    0.69231]
[    0.69048]
[    0.68865]
[    0.68684]
[    0.68504]
[    0.68325]
[    0.68146]
[    0.67969]
[    0.67792]
[    0.67617]
[    0.67442]
[    0.67268]
[    0.67095]
[    0.66923]
[    0.66752]
[    0.66582]
[    0.66412]
[    0.66244]
[    0.66076]
[    0.65909]
[    0.65743]
[    0.65578]
[    0.65414]
[     0.6525]
[    0.65087]
[    0.64925]
[    0.64764]
[    0.64604]
[    0.64444]
[    0.64286]
[    0.64128]
[    0.63971]
[    0.63814]
[    0.63659]
[    0.63504]
[     0.6335]
[    0.63196]
[    0.63043]
[    0.62892]
[     0.6274]
[     0.6259]
[     0.6244]
[    0.62291]
[    0.62143]
[    0.61995]
[    0.61848]
[    0.61702]
[    0.61557]
[    0.61412]
[    0.61268]
[    0.61124]
[    0.60981]
[    0.60839]
[    0.60698]
[    0.60557]
[    0.60417]
[    0.60277]
[    0.60138]
[        0.6]
[    0.59862]
[    0.59725]
[    0.59817]
[    0.59681]
[    0.59545]
[     0.5941]
[    0.59276]
[    0.59142]
[    0.59009]
[    0.58876]
[    0.58744]
[    0.58613]
[    0.58482]
[    0.58352]
[    0.58222]
[    0.58093]
[    0.57965]
[    0.57837]
[    0.57709]
[    0.57582]
[    0.57456]
[     0.5733]
[    0.57205]
[    0.57081]
[    0.56957]
[    0.56833]
[     0.5671]
[    0.56587]
[    0.56466]
[    0.56344]
[    0.56223]
[    0.56103]
[    0.55983]
[    0.55864]
[    0.55745]
[    0.55626]
[    0.55508]
[    0.55391]
[    0.55274]
[    0.55158]
[    0.55042]
