[          1]
[          1]
[          1]
[          1]
[          1]
[          1]
[          1]
[          1]
[          1]
[          1]
[          1]
[          1]
[          1]
[          1]
[          1]
[          1]
[          1]
[          1]
[          1]
[          1]
[          1]
[          1]
[          1]
[          1]
[          1]
[          1]
[          1]
[          1]
[          1]
[          1]
[          1]
[          1]
[          1]
[          1]
[          1]
[          1]
[          1]
[          1]
[          1]
[          1]
[          1]
[          1]
[          1]
[          1]
[          1]
[          1]
[          1]
[          1]
[          1]
[          1]
[          1]
[          1]
[          1]
[          1]
[          1]
[          1]
[          1]
[          1]
[    0.98305]
[    0.98333]
[    0.98361]
[    0.98387]
[    0.98413]
[    0.98438]
[    0.98462]
[    0.98485]
[    0.98507]
[    0.98529]
[    0.98551]
[    0.98571]
[    0.98592]
[    0.98611]
[     0.9863]
[    0.98649]
[    0.98667]
[    0.98684]
[    0.98701]
[    0.98718]
[    0.98734]
[     0.9875]
[    0.98765]
[     0.9878]
[     0.9759]
[    0.97619]
[    0.97647]
[    0.97674]
[    0.97701]
[    0.97727]
[    0.97753]
[    0.97778]
[    0.97802]
[    0.96739]
[    0.96774]
[    0.96809]
[    0.96842]
[    0.96875]
[    0.96907]
[    0.96939]
[     0.9697]
[       0.96]
[     0.9604]
[    0.96078]
[    0.96117]
[    0.96154]
[     0.9619]
[    0.95283]
[    0.95327]
[     0.9537]
[    0.95413]
[    0.95455]
[    0.94595]
[     0.9375]
[    0.93805]
[    0.92982]
[    0.93043]
[    0.93103]
[    0.93162]
[     0.9322]
[    0.93277]
[    0.93333]
[    0.93388]
[    0.92623]
[    0.92683]
[    0.92742]
[      0.928]
[    0.92063]
[    0.92126]
[    0.92188]
[    0.92248]
[    0.91538]
[    0.91603]
[    0.90909]
[    0.90226]
[    0.89552]
[    0.88889]
[    0.88235]
[    0.88321]
[    0.88406]
[    0.88489]
[    0.87857]
[    0.87943]
[    0.88028]
[    0.88112]
[      0.875]
[    0.87586]
[    0.87671]
[    0.87075]
[    0.87162]
[    0.86577]
[    0.86667]
[    0.86093]
[    0.86184]
[    0.86275]
[    0.85714]
[    0.85161]
[    0.85256]
[    0.84713]
[     0.8481]
[    0.84277]
[     0.8375]
[     0.8323]
[    0.82716]
[    0.82822]
[    0.82317]
[    0.81818]
[    0.81325]
[    0.81437]
[    0.80952]
[    0.81065]
[    0.80588]
[    0.80702]
[    0.80814]
[    0.80347]
[    0.79885]
[    0.79429]
[    0.78977]
[    0.78531]
[    0.78652]
[    0.78212]
[    0.77778]
[    0.77901]
[    0.77473]
[    0.77049]
[     0.7663]
[    0.76216]
[    0.75806]
[    0.75401]
[       0.75]
[    0.74603]
[    0.74737]
[    0.74346]
[    0.73958]
[    0.73575]
[    0.73196]
[    0.72821]
[    0.72449]
[    0.72081]
[    0.71717]
[    0.71859]
[      0.715]
[    0.71144]
[    0.70792]
[    0.70443]
[    0.70098]
[    0.69756]
[    0.69903]
[    0.69565]
[    0.69712]
[    0.69378]
[    0.69524]
[    0.69194]
[    0.68868]
[    0.68545]
[    0.68224]
[    0.67907]
[    0.67593]
[    0.67281]
[    0.66972]
[    0.66667]
[    0.66364]
[    0.66063]
[    0.65766]
[    0.65471]
[    0.65179]
[    0.64889]
[    0.64602]
[    0.64317]
[    0.64035]
[    0.63755]
[    0.63478]
[    0.63203]
[    0.63362]
[    0.63519]
[    0.63248]
[    0.62979]
[    0.62712]
[    0.62447]
[    0.62185]
[    0.61925]
[    0.61667]
[    0.61411]
[    0.61157]
[    0.60905]
[    0.60656]
[    0.60408]
[    0.60163]
[    0.60324]
[    0.60081]
[    0.59839]
[      0.596]
[    0.59761]
[    0.59524]
[    0.59289]
[    0.59449]
[    0.59216]
[    0.58984]
[    0.58755]
[    0.58527]
[    0.58301]
[    0.58077]
[    0.57854]
[    0.57634]
[    0.57414]
[    0.57197]
[    0.56981]
[    0.56767]
[    0.56554]
[    0.56716]
[    0.56506]
[    0.56296]
[    0.56458]
[     0.5625]
[    0.56044]
[    0.55839]
[    0.55636]
[    0.55435]
[    0.55235]
[    0.55036]
[    0.54839]
[    0.54643]
[    0.54448]
[    0.54255]
[    0.54064]
[    0.53873]
[    0.53684]
[    0.53497]
[     0.5331]
[    0.53125]
[    0.53287]
[    0.53103]
[    0.52921]
[     0.5274]
[     0.5256]
[    0.52381]
[    0.52542]
[    0.52365]
[    0.52189]
[    0.52013]
[    0.51839]
[    0.51667]
[    0.51495]
[    0.51325]
[    0.51155]
[    0.50987]
[     0.5082]
[    0.50654]
[    0.50489]
[    0.50325]
[    0.50485]
[    0.50323]
[    0.50161]
[    0.50321]
[     0.5016]
[    0.50318]
[    0.50159]
[        0.5]
[    0.49842]
[    0.49686]
[     0.4953]
[    0.49375]
[    0.49221]
[    0.49068]
[    0.48916]
[    0.48765]
[    0.48615]
[    0.48466]
[    0.48318]
[    0.48171]
[    0.48024]
[    0.47879]
[    0.47734]
[     0.4759]
[    0.47748]
[    0.47605]
[    0.47463]
[    0.47321]
[    0.47181]
[    0.47041]
[    0.46903]
[    0.46765]
[    0.46628]
[    0.46491]
[    0.46356]
[    0.46221]
[    0.46087]
[    0.45954]
[    0.45821]
[     0.4569]
[    0.45559]
[    0.45429]
[    0.45299]
[    0.45455]
[    0.45326]
[    0.45198]
[     0.4507]
[    0.44944]
[    0.45098]
[    0.44972]
[    0.44847]
[    0.44722]
[    0.44875]
[    0.44751]
[    0.44628]
[    0.44505]
[    0.44384]
[    0.44262]
[    0.44142]
[    0.44022]
[    0.43902]
[    0.43784]
[    0.43666]
[    0.43548]
[    0.43432]
[    0.43316]
[      0.432]
[    0.43085]
[    0.42971]
[    0.42857]
[    0.42744]
[    0.42632]
[     0.4252]
[    0.42408]
[    0.42298]
[    0.42188]
[    0.42078]
[    0.41969]
[     0.4186]
[    0.41753]
[    0.41645]
[    0.41538]
[    0.41432]
[    0.41327]
[    0.41221]
[    0.41117]
[    0.41013]
[    0.41162]
[    0.41058]
[    0.40955]
[    0.40852]
[     0.4075]
[    0.40648]
[    0.40547]
[    0.40447]
[    0.40347]
[    0.40247]
[    0.40148]
[    0.40049]
[    0.39951]
[    0.39853]
[        0.4]
[    0.39903]
[    0.39806]
[    0.39709]
[    0.39614]
[    0.39518]
[    0.39423]
[    0.39329]
[    0.39234]
[    0.39141]
[    0.39048]
[    0.38955]
[    0.38863]
[    0.38771]
[    0.38679]
[    0.38588]
[    0.38498]
[    0.38407]
[    0.38318]
[    0.38228]
[     0.3814]
[    0.38051]
[    0.37963]
[    0.37875]
[    0.37788]
[    0.37701]
[    0.37615]
[    0.37529]
[    0.37443]
[    0.37358]
[    0.37273]
[    0.37188]
[    0.37104]
[     0.3702]
[    0.36937]
[    0.36854]
[    0.36771]
[    0.36689]
[    0.36607]
[    0.36526]
[    0.36444]
[    0.36364]
[    0.36283]
[    0.36203]
[    0.36123]
[    0.36044]
[    0.35965]
[    0.35886]
[    0.35808]
[     0.3573]
[    0.35652]
[    0.35575]
[    0.35498]
[    0.35421]
[    0.35345]
[    0.35269]
[    0.35193]
[    0.35118]
[    0.35043]
[    0.34968]
[    0.34894]
[     0.3482]
[    0.34746]
[    0.34672]
[    0.34599]
[    0.34526]
[    0.34454]
[    0.34382]
[     0.3431]
[    0.34238]
[    0.34167]
[    0.34096]
[    0.34025]
[    0.33954]
[    0.33884]
[    0.33814]
[    0.33745]
[    0.33676]
[    0.33607]
[    0.33538]
[    0.33469]
[    0.33401]
[    0.33333]
[    0.33266]
[    0.33198]
[    0.33131]
[    0.33065]
[    0.32998]
[    0.32932]
[    0.32866]
[      0.328]
[    0.32735]
[    0.32669]
[    0.32604]
[     0.3254]
[    0.32475]
[    0.32411]
[    0.32347]
[    0.32283]
[    0.32417]
[    0.32353]
[     0.3229]
[    0.32227]
[    0.32164]
[    0.32101]
[    0.32039]
[    0.31977]
[    0.31915]
[    0.31853]
[    0.31792]
[    0.31731]
[     0.3167]
[    0.31609]
[    0.31549]
[    0.31489]
[    0.31429]
[    0.31369]
[    0.31309]
[     0.3125]
[    0.31191]
[    0.31132]
[    0.31073]
[    0.31015]
[    0.30957]
[    0.30899]
[    0.30841]
[    0.30784]
[    0.30726]
[    0.30669]
[    0.30612]
[    0.30556]
[    0.30499]
[    0.30443]
[    0.30387]
[    0.30331]
[    0.30275]
[     0.3022]
[    0.30165]
[    0.30109]
[    0.30055]
[        0.3]
[    0.29946]
[    0.29891]
[    0.29837]
[    0.29783]
[     0.2973]
[    0.29676]
[    0.29623]
[     0.2957]
[    0.29696]
[    0.29643]
[     0.2959]
[    0.29537]
[    0.29485]
