[          1]
[          1]
[          1]
[          1]
[          1]
[          1]
[          1]
[          1]
[          1]
[          1]
[          1]
[          1]
[          1]
[          1]
[          1]
[          1]
[          1]
[          1]
[          1]
[          1]
[          1]
[          1]
[          1]
[          1]
[          1]
[          1]
[          1]
[          1]
[          1]
[          1]
[          1]
[          1]
[          1]
[          1]
[          1]
[    0.97222]
[    0.97297]
[    0.97368]
[    0.97436]
[      0.975]
[    0.97561]
[    0.97619]
[    0.97674]
[    0.97727]
[    0.97778]
[    0.97826]
[    0.97872]
[    0.97917]
[    0.97959]
[       0.98]
[    0.98039]
[    0.98077]
[    0.98113]
[    0.98148]
[    0.98182]
[    0.98214]
[    0.98246]
[    0.96552]
[     0.9661]
[    0.96667]
[    0.96721]
[    0.96774]
[    0.96825]
[    0.96875]
[    0.96923]
[     0.9697]
[    0.97015]
[    0.97059]
[    0.97101]
[    0.97143]
[    0.97183]
[    0.95833]
[    0.94521]
[    0.94595]
[    0.94667]
[    0.94737]
[    0.94805]
[    0.94872]
[    0.94937]
[       0.95]
[    0.95062]
[    0.95122]
[    0.95181]
[    0.94048]
[    0.94118]
[    0.94186]
[    0.94253]
[    0.94318]
[    0.94382]
[    0.94444]
[    0.94505]
[    0.94565]
[    0.94624]
[    0.94681]
[    0.94737]
[    0.94792]
[    0.94845]
[    0.94898]
[    0.94949]
[       0.95]
[     0.9505]
[    0.95098]
[    0.95146]
[    0.94231]
[    0.94286]
[     0.9434]
[    0.94393]
[    0.94444]
[    0.94495]
[    0.94545]
[    0.94595]
[    0.94643]
[     0.9469]
[    0.94737]
[    0.94783]
[    0.93966]
[    0.94017]
[     0.9322]
[    0.93277]
[    0.93333]
[    0.92562]
[    0.91803]
[    0.91057]
[    0.91129]
[      0.904]
[    0.90476]
[    0.89764]
[    0.89062]
[    0.89147]
[    0.89231]
[     0.8855]
[    0.88636]
[    0.88722]
[     0.8806]
[    0.88148]
[    0.88235]
[    0.88321]
[    0.88406]
[    0.88489]
[    0.88571]
[    0.88652]
[    0.88732]
[    0.88112]
[    0.88194]
[    0.88276]
[    0.87671]
[    0.87755]
[    0.87162]
[    0.87248]
[    0.87333]
[    0.87417]
[      0.875]
[    0.87582]
[    0.87662]
[    0.87097]
[    0.86538]
[    0.85987]
[    0.85443]
[    0.84906]
[    0.84375]
[    0.83851]
[    0.83951]
[    0.83436]
[    0.82927]
[    0.82424]
[    0.81928]
[    0.81437]
[    0.80952]
[    0.81065]
[    0.80588]
[    0.80117]
[    0.79651]
[    0.79191]
[    0.78736]
[    0.78286]
[    0.77841]
[    0.77401]
[    0.76966]
[    0.76536]
[    0.76111]
[    0.75691]
[    0.75275]
[     0.7541]
[       0.75]
[    0.74595]
[    0.74194]
[    0.73797]
[    0.73936]
[    0.74074]
[    0.73684]
[    0.73298]
[    0.72917]
[    0.72539]
[    0.72165]
[    0.71795]
[    0.71429]
[    0.71066]
[    0.70707]
[    0.70352]
[        0.7]
[    0.70149]
[    0.69802]
[    0.69458]
[    0.69118]
[    0.69268]
[    0.68932]
[    0.68599]
[    0.68269]
[    0.67943]
[    0.67619]
[    0.67299]
[    0.66981]
[    0.66667]
[    0.66355]
[    0.66047]
[    0.65741]
[    0.65438]
[    0.65138]
[     0.6484]
[    0.64545]
[    0.64706]
[    0.64414]
[    0.64126]
[    0.64286]
[       0.64]
[    0.63717]
[    0.63436]
[    0.63158]
[    0.62882]
[    0.62609]
[    0.62338]
[    0.62069]
[    0.61803]
[    0.61538]
[    0.61277]
[    0.61017]
[    0.60759]
[    0.60504]
[    0.60251]
[        0.6]
[    0.59751]
[    0.59917]
[    0.59671]
[    0.59426]
[    0.59592]
[    0.59756]
[    0.59514]
[    0.59274]
[    0.59036]
[      0.588]
[    0.58566]
[    0.58333]
[    0.58103]
[    0.57874]
[    0.57647]
[    0.57422]
[    0.57198]
[    0.56977]
[    0.56757]
[    0.56538]
[    0.56322]
[    0.56107]
[    0.55894]
[    0.55682]
[    0.55472]
[    0.55263]
[    0.55056]
[    0.54851]
[    0.54647]
[    0.54444]
[    0.54244]
[    0.54044]
[    0.54212]
[    0.54015]
[    0.53818]
[    0.53623]
[     0.5343]
[    0.53237]
[    0.53047]
[    0.52857]
[    0.52669]
[    0.52482]
[    0.52297]
[    0.52113]
[     0.5193]
[    0.51748]
[    0.51568]
[    0.51389]
[    0.51211]
[    0.51034]
[    0.51203]
[    0.51027]
[    0.50853]
[     0.5068]
[    0.50508]
[    0.50338]
[    0.50168]
[        0.5]
[    0.49833]
[    0.49667]
[    0.49834]
[    0.49669]
[    0.49505]
[    0.49671]
[    0.49508]
[    0.49346]
[    0.49186]
[    0.49026]
[    0.48867]
[    0.49032]
[    0.48875]
[    0.48718]
[    0.48562]
[    0.48408]
[    0.48254]
[    0.48101]
[     0.4795]
[    0.47799]
[    0.47649]
[      0.475]
[    0.47352]
[    0.47205]
[    0.47059]
[    0.46914]
[    0.46769]
[    0.46626]
[    0.46483]
[    0.46341]
[    0.46201]
[    0.46061]
[    0.45921]
[    0.45783]
[    0.45646]
[    0.45509]
[    0.45373]
[    0.45536]
[    0.45401]
[    0.45266]
[    0.45133]
[       0.45]
[    0.44868]
[    0.44737]
[    0.44606]
[    0.44477]
[    0.44348]
[     0.4422]
[    0.44092]
[    0.43966]
[     0.4384]
[    0.43714]
[     0.4359]
[    0.43466]
[    0.43343]
[     0.4322]
[     0.4338]
[    0.43258]
[    0.43137]
[    0.43017]
[    0.42897]
[    0.42778]
[    0.42659]
[    0.42541]
[    0.42424]
[    0.42308]
[    0.42466]
[     0.4235]
[    0.42234]
[     0.4212]
[    0.42005]
[    0.41892]
[    0.41779]
[    0.41667]
[    0.41823]
[    0.41711]
[      0.416]
[    0.41489]
[    0.41379]
[     0.4127]
[    0.41161]
[    0.41053]
[    0.40945]
[    0.40838]
[    0.40731]
[    0.40625]
[    0.40519]
[    0.40415]
[     0.4031]
[    0.40206]
[    0.40103]
[        0.4]
[    0.39898]
[    0.39796]
[    0.39695]
[    0.39594]
[    0.39494]
[    0.39394]
[    0.39295]
[    0.39196]
[    0.39098]
[       0.39]
[    0.38903]
[    0.38806]
[     0.3871]
[    0.38614]
[    0.38519]
[    0.38424]
[    0.38329]
[    0.38235]
[    0.38142]
[    0.38049]
[    0.37956]
[    0.37864]
[    0.37772]
[    0.37681]
[     0.3759]
[      0.375]
[     0.3741]
[    0.37321]
[    0.37232]
[    0.37143]
[    0.37055]
[    0.36967]
[    0.36879]
[    0.36792]
[    0.36706]
[     0.3662]
[    0.36534]
[    0.36449]
[    0.36364]
[    0.36279]
[    0.36195]
[    0.36111]
[    0.36028]
[    0.35945]
[    0.35862]
[     0.3578]
[    0.35698]
[    0.35616]
[    0.35535]
[    0.35455]
[    0.35374]
[    0.35294]
[    0.35214]
[    0.35135]
[    0.35056]
[    0.34978]
[    0.34899]
[    0.34821]
[    0.34744]
[    0.34667]
[     0.3459]
[    0.34513]
[    0.34437]
[    0.34361]
[    0.34286]
[    0.34211]
[    0.34136]
[    0.34061]
[    0.33987]
[    0.33913]
[    0.33839]
[    0.33766]
[    0.33693]
[    0.33621]
[    0.33548]
[    0.33476]
[    0.33405]
[    0.33333]
[    0.33262]
[    0.33191]
[    0.33121]
[    0.33051]
[    0.32981]
[    0.32911]
[    0.32842]
[    0.32773]
[    0.32704]
[    0.32636]
[    0.32568]
[      0.325]
[    0.32432]
[    0.32365]
[    0.32298]
[    0.32231]
[    0.32165]
[    0.32099]
[    0.32033]
[    0.31967]
[    0.31902]
[    0.31837]
[    0.31772]
[    0.31707]
[    0.31643]
[    0.31579]
[    0.31515]
[    0.31452]
[    0.31388]
[    0.31325]
[    0.31263]
[      0.312]
[    0.31138]
[    0.31076]
[    0.31014]
[    0.30952]
[    0.30891]
[     0.3083]
[    0.30769]
[    0.30709]
[    0.30648]
[    0.30588]
[    0.30528]
[    0.30469]
[    0.30409]
[     0.3035]
[    0.30291]
[    0.30233]
[    0.30174]
[    0.30116]
[    0.30058]
[        0.3]
[    0.29942]
[    0.29885]
[    0.29828]
[    0.29771]
[    0.29714]
[    0.29658]
[    0.29602]
[    0.29545]
[     0.2949]
[    0.29434]
[    0.29379]
[    0.29323]
[    0.29268]
[    0.29213]
[    0.29159]
[    0.29104]
[     0.2905]
[    0.28996]
[    0.28942]
[    0.28889]
[    0.28835]
[    0.28782]
[    0.28729]
[    0.28676]
[    0.28624]
[    0.28571]
[    0.28519]
[    0.28467]
[    0.28415]
[    0.28364]
[    0.28312]
[    0.28442]
[    0.28391]
[    0.28339]
[    0.28288]
[    0.28237]
[    0.28187]
[    0.28136]
[    0.28086]
[    0.28036]
[    0.27986]
[    0.27936]
[    0.27886]
[    0.27837]
[    0.27788]
[    0.27739]
[     0.2769]
[    0.27641]
[    0.27592]
[    0.27544]
[    0.27496]
[    0.27448]
[      0.274]
[    0.27352]
[    0.27304]
[    0.27257]
[     0.2721]
[    0.27163]
[    0.27116]
[    0.27069]
[    0.27022]
[    0.26976]
[     0.2693]
[    0.26884]
[    0.26838]
[    0.26792]
[    0.26746]
[    0.26701]
[    0.26655]
[     0.2661]
[    0.26565]
[     0.2652]
[    0.26476]
[    0.26431]
[    0.26387]
[    0.26342]
[    0.26298]
[    0.26254]
[     0.2621]
[    0.26167]
[    0.26123]
[     0.2608]
[    0.26036]
[    0.25993]
[     0.2595]
