[    0.88021           0      0.8782           0]
[    0.79876           0           0           0           0           0           0]
[    0.57345     0.59056      0.4487           0           0           0]
[    0.62104      0.7588           0           0           0]
[     0.4691     0.25042           0           0           0           0     0.32567           0           0]
[    0.75969     0.69514     0.61573]
[    0.53352           0           0           0           0           0           0           0           0           0]
[    0.71755     0.39389]
[     0.9227           0           0]
[    0.39012     0.62154     0.49796     0.48796]
[    0.85148           0           0]
[    0.69402           0]
[    0.63631     0.51678     0.29402]
[    0.91679           0           0     0.52563           0]
[    0.92549           0]
[    0.84809           0           0           0           0           0           0           0]
[    0.80392           0      0.7152           0     0.77503]
[          0     0.30812           0]
[    0.91282      0.8626           0     0.10786]
[    0.89803           0     0.72754]
[    0.97046     0.80702           0]
[    0.79788           0    0.099088           0           0]
[    0.62221           0           0           0     0.25555]
[    0.86995           0           0           0           0           0           0     0.47272           0]
[    0.69476     0.71334     0.74775]
[    0.83202           0           0           0           0      0.7991]
[          0     0.60643           0           0           0     0.53922           0     0.28486           0           0           0]
[    0.89237]
[    0.86446     0.42167]
[    0.73925]
[    0.55201           0     0.42534           0           0]
[    0.86356     0.67923           0]
[    0.71296           0           0]
[    0.91546           0      0.2972]
[      0.648     0.57527     0.67487           0           0           0]
[    0.80719           0           0]
[    0.85244           0     0.46929     0.48323           0           0    0.077188           0           0]
[          0     0.49333     0.56924      0.4788]
[    0.75382           0           0           0           0]
[    0.53271           0           0           0     0.49058           0           0           0           0           0           0           0]
[    0.71197           0]
[    0.91501           0]
[    0.77198           0     0.75527           0      0.7083           0]
[     0.9682     0.83657]
[     0.6651           0           0           0]
[     0.8354           0      0.3805           0]
[    0.82854           0           0           0]
[    0.50884           0           0     0.57224           0]
[    0.60484           0           0           0           0           0]
[     0.6868     0.71737     0.18623           0     0.42542     0.68634           0]
[    0.87769           0     0.52468]
[    0.69513           0     0.69124           0           0     0.32225      0.7174]
[    0.89717     0.89234           0           0]
[    0.69279    0.041922     0.58935     0.55406]
[    0.90912      0.7678           0]
[    0.90464     0.82962           0]
[    0.82481           0]
[    0.58042           0           0           0           0]
[    0.71326     0.45828]
[    0.43622           0           0           0           0           0           0     0.58848]
[    0.94392           0]
[    0.88769]
[    0.79316           0]
[          0      0.2432     0.82429     0.42941           0           0     0.22929           0           0           0           0           0           0]
[    0.92096     0.79073     0.85205      0.7236]
[    0.82532           0     0.42601      0.7968]
[    0.76618     0.92661      0.5704           0     0.40328]
[    0.88755           0     0.48515           0]
[    0.91694]
[    0.51542           0      0.2664           0           0]
[    0.74783           0           0           0           0]
[    0.89261           0      0.8907]
[    0.87823]
[     0.8908    0.066489           0           0]
[    0.66719           0           0           0     0.30428]
[    0.87087     0.43604     0.79282]
[    0.89877           0           0]
[     0.5761     0.48433     0.51215           0]
[    0.81288           0           0     0.63038]
[    0.95848           0           0     0.70697           0           0           0           0     0.53866           0           0]
[    0.72655           0           0           0]
[    0.63866           0     0.60292           0           0]
[    0.84088]
[     0.5754     0.60703     0.58377     0.57872]
[    0.83123     0.82632           0]
[    0.74214           0           0           0     0.61961]
[    0.55322     0.49908           0]
[    0.68535     0.66657]
[    0.86193           0    0.030261     0.84483]
[    0.82354           0           0           0]
[    0.62478]
[    0.73547     0.85619      0.5349           0           0           0     0.60454]
[    0.77472     0.62703     0.44479     0.31573     0.74406]
[    0.68074     0.86703           0]
[    0.83863     0.89667           0           0]
[    0.77378           0     0.74425           0]
[    0.65764           0     0.33125]
[    0.88862           0]
[    0.78571           0           0           0           0]
[    0.77417           0           0           0           0           0]
