[    0.53804           0      0.3267     0.39258     0.51837           0     0.33003     0.41138]
[    0.81772     0.58162     0.28192           0]
[    0.81463     0.75012     0.74398     0.64576           0     0.83009     0.86713      0.5132     0.82692     0.50841           0     0.48991     0.78587           0           0]
[    0.83027     0.57478     0.79748     0.34672           0]
[    0.63751           0           0     0.74708]
[    0.80072     0.66281      0.6043     0.86084     0.44515     0.35664           0           0     0.31769]
[    0.89789           0           0           0           0]
[    0.39774     0.59406     0.29472           0           0]
[    0.86899     0.78949           0     0.64705           0           0     0.40329]
[    0.76349     0.83371      0.5119     0.63499           0           0           0]
[    0.74408           0     0.60817           0           0           0           0]
[    0.54065     0.54149     0.65487     0.68207     0.78251           0           0           0      0.5407]
[    0.83654     0.86604     0.90341     0.68818     0.37502           0           0]
[    0.60482      0.5868     0.38622     0.76926     0.71284           0           0           0           0           0]
[    0.39804           0     0.55364     0.49559     0.59672     0.32246           0     0.52608     0.47464]
[     0.8117     0.82422     0.48583     0.70258     0.64231     0.70257           0           0           0]
[    0.76707     0.59114     0.41799     0.32173     0.35373     0.75538           0           0           0           0           0           0]
[    0.79286      0.5959      0.6508     0.72252     0.74655           0           0     0.56089           0]
[    0.67016     0.60559     0.64253      0.7018     0.56168      0.4811     0.49135     0.37087     0.68606     0.42382     0.35668]
[    0.64002           0     0.60312           0           0           0     0.54819           0]
[      0.642           0]
[    0.84504     0.84292     0.46707]
[    0.76655     0.74416     0.68179           0     0.33155           0]
[    0.83346           0]
[    0.83348     0.68176     0.53016     0.69759           0]
[    0.82017           0           0]
[    0.86215      0.9487     0.82727     0.51346           0]
[    0.81905      0.8814           0     0.46028           0           0           0]
[    0.70606     0.82092     0.40352     0.47237     0.62432     0.33684     0.52613           0           0]
[    0.84483     0.80031     0.85415     0.69962     0.88335           0]
[    0.72738]
[    0.77862           0           0           0           0           0]
[    0.70455     0.37317     0.65713      0.5826           0           0           0           0           0]
[    0.70623     0.72876      0.6398     0.59044      0.3728     0.63293     0.40536           0     0.52042      0.7369     0.69948     0.20883           0     0.82919     0.12832]
[    0.78727     0.81199           0           0     0.58616           0]
[    0.57988     0.25346      0.3591           0           0           0           0]
[    0.92283     0.61576     0.88085           0           0           0           0           0           0     0.83376           0           0]
[    0.75279     0.75128     0.75067     0.47278           0           0           0     0.43848           0           0]
[    0.75719     0.80909     0.80129     0.41793           0     0.36156           0     0.34722           0      0.6446]
[    0.57493      0.6643      0.5356]
[    0.79849     0.79441     0.68387     0.69385           0     0.50026]
[    0.72875     0.60577     0.77117     0.49802]
[     0.8066           0]
[    0.85226     0.77046     0.83127      0.8158           0           0      0.3918           0]
[     0.8514     0.79192     0.78028      0.5871     0.66946      0.6923     0.69355     0.81929     0.61377           0     0.74065]
[    0.64863     0.62374     0.81348     0.43129     0.59165     0.53395           0      0.4842     0.59937     0.57038      0.5919     0.50194     0.45068]
[    0.75819     0.81422     0.84979           0           0           0     0.87408           0]
[     0.8672     0.78551     0.80446     0.82032]
[    0.65441     0.62977     0.77274     0.74595]
[     0.6536     0.71021           0           0           0           0           0     0.45149           0]
[    0.67877      0.8237     0.78541     0.37298     0.49899           0     0.59913]
[    0.83915     0.79044     0.70883      0.5593           0]
[    0.71901      0.7558     0.87098           0           0     0.60301]
[    0.91099      0.8067     0.75829           0]
[    0.71044      0.7675     0.59673     0.43937]
[      0.469     0.68644     0.73109]
[    0.82545     0.79557           0           0           0           0     0.78896           0     0.59044     0.79921     0.74451           0]
[    0.55405     0.61151     0.67529     0.51947     0.29615     0.46177]
[     0.7716     0.73769     0.76623     0.86667     0.80062           0           0           0]
[    0.68227     0.61246     0.56681      0.8276     0.64355     0.66109     0.58672     0.74816]
[    0.73305     0.83642     0.63296           0           0     0.72473           0           0      0.5747]
[    0.53754     0.82436      0.6263     0.68181     0.70876     0.67039           0           0           0           0]
[    0.67061     0.63098           0     0.40063           0     0.29276           0]
[    0.65005           0           0]
[    0.79175           0           0           0           0]
[    0.66243     0.57096     0.70647     0.63945           0           0]
[          0      0.6917     0.69551     0.48476     0.39661     0.36693     0.78589]
[    0.89534      0.6593     0.35304     0.38283     0.54314           0           0           0     0.60403     0.88138     0.64839     0.32553]
[     0.6359     0.59792     0.68164     0.73181     0.64443     0.66269]
[    0.77126     0.81046     0.80663     0.68581     0.47886]
[    0.85592     0.59851     0.35817     0.73951           0     0.87121]
[    0.80816     0.63311     0.81871     0.89565     0.41905           0           0]
[    0.72168       0.834     0.63815     0.81139     0.70693     0.72333     0.60132     0.50239     0.74246     0.74894     0.77525           0]
[    0.83854           0           0           0           0           0           0]
[    0.59292     0.67376     0.57174     0.70969]
[    0.79302     0.87186     0.83356     0.82847     0.84346           0           0]
[    0.87247     0.79565     0.86321     0.53769      0.4252           0           0       0.802     0.34728     0.54147           0           0           0]
[    0.69305     0.79925           0           0     0.52791]
[    0.70843     0.58323     0.78826     0.74606           0           0           0     0.61034           0]
[    0.77522     0.69833     0.77708       0.748     0.68378           0]
[    0.53726     0.50977     0.68037      0.5991     0.68756     0.73312     0.29549     0.22196]
[    0.84421     0.80474     0.88043     0.68792           0           0           0     0.43525     0.77173           0]
[    0.68175     0.73293     0.79333     0.70194     0.50545     0.64725     0.79391           0           0]
[    0.89446           0           0     0.52946     0.83537     0.91103     0.39863]
[    0.83443     0.74356     0.77933     0.85936     0.88108     0.52323     0.74574           0      0.8098     0.81271     0.65932]
[    0.77518     0.63702     0.51298    0.078879     0.26277     0.10306           0     0.49029           0           0           0           0]
[    0.77185     0.40703           0     0.29722           0]
[    0.65679           0       0.482     0.64035]
[    0.82159     0.85163     0.74407     0.50212           0     0.34345     0.40067           0     0.34896           0]
[    0.41317     0.46565      0.3554           0           0           0]
[    0.76386     0.88356     0.62366     0.50062           0           0]
[    0.84853     0.88244      0.8731     0.79601     0.57943           0     0.86163           0           0           0]
[    0.67584     0.74446     0.57952     0.78239]
[    0.81295      0.5278      0.8145     0.69632     0.85595       0.874     0.72831     0.85819     0.71998     0.63846     0.52623     0.59417     0.33737     0.83963     0.83914     0.60658           0]
[    0.75368     0.67299     0.83183     0.77203     0.50825           0           0]
[    0.61376           0           0     0.53331]
[    0.83213     0.73936           0           0     0.54071     0.73997      0.5431     0.73528      0.7167]
[    0.89158     0.82228     0.88221     0.90476           0           0           0           0]
[    0.83095      0.8092     0.52915     0.83207           0           0           0           0           0]
