[          1]
[          1]
[          1]
[          1]
[          1]
[          1]
[          1]
[          1]
[          1]
[          1]
[          1]
[          1]
[          1]
[          1]
[          1]
[          1]
[          1]
[          1]
[          1]
[          1]
[          1]
[          1]
[          1]
[          1]
[          1]
[          1]
[          1]
[          1]
[          1]
[          1]
[          1]
[          1]
[          1]
[          1]
[          1]
[          1]
[          1]
[          1]
[          1]
[          1]
[          1]
[          1]
[          1]
[          1]
[          1]
[          1]
[          1]
[          1]
[          1]
[          1]
[          1]
[    0.98077]
[    0.98113]
[    0.98148]
[    0.98182]
[    0.98214]
[    0.98246]
[    0.98276]
[    0.98305]
[    0.98333]
[    0.98361]
[    0.98387]
[    0.98413]
[    0.98438]
[    0.98462]
[    0.98485]
[    0.98507]
[    0.98529]
[    0.98551]
[    0.98571]
[    0.98592]
[    0.98611]
[     0.9863]
[    0.98649]
[    0.98667]
[    0.98684]
[    0.98701]
[    0.98718]
[    0.98734]
[     0.9875]
[    0.98765]
[     0.9878]
[    0.98795]
[     0.9881]
[    0.98824]
[    0.98837]
[    0.98851]
[    0.98864]
[    0.98876]
[    0.98889]
[    0.97802]
[    0.97826]
[    0.97849]
[    0.97872]
[    0.97895]
[    0.97917]
[    0.97938]
[    0.97959]
[     0.9798]
[       0.98]
[     0.9802]
[    0.98039]
[    0.98058]
[    0.98077]
[    0.98095]
[    0.98113]
[    0.98131]
[    0.97222]
[    0.97248]
[    0.97273]
[    0.97297]
[    0.97321]
[    0.97345]
[    0.97368]
[    0.97391]
[    0.96552]
[    0.96581]
[     0.9661]
[    0.96639]
[    0.96667]
[    0.95868]
[    0.95902]
[    0.95935]
[    0.95161]
[      0.952]
[    0.95238]
[    0.95276]
[    0.95312]
[    0.95349]
[    0.95385]
[     0.9542]
[    0.95455]
[    0.95489]
[    0.95522]
[    0.94815]
[    0.94118]
[    0.94161]
[    0.94203]
[    0.94245]
[    0.94286]
[    0.94326]
[    0.94366]
[    0.93706]
[     0.9375]
[    0.93793]
[    0.93151]
[    0.93197]
[    0.93243]
[    0.92617]
[       0.92]
[    0.92053]
[    0.92105]
[    0.92157]
[    0.92208]
[    0.91613]
[    0.91026]
[    0.91083]
[    0.91139]
[    0.90566]
[        0.9]
[    0.90062]
[    0.89506]
[    0.89571]
[    0.89634]
[    0.89091]
[    0.88554]
[    0.88024]
[    0.88095]
[    0.87574]
[    0.87059]
[     0.8655]
[    0.86628]
[    0.86705]
[    0.86782]
[    0.86857]
[    0.86932]
[    0.86441]
[    0.85955]
[    0.86034]
[    0.86111]
[    0.85635]
[    0.85165]
[    0.84699]
[    0.84239]
[    0.83784]
[    0.83871]
[    0.83957]
[    0.83511]
[    0.83069]
[    0.82632]
[    0.82723]
[    0.82292]
[    0.81865]
[    0.81443]
[    0.81026]
[    0.80612]
[    0.80203]
[    0.79798]
[    0.79397]
[       0.79]
[    0.78607]
[    0.78218]
[    0.77833]
[    0.77451]
[    0.77073]
[    0.76699]
[    0.76329]
[    0.75962]
[    0.75598]
[    0.75238]
[    0.74882]
[    0.74528]
[    0.74178]
[    0.73832]
[    0.73953]
[    0.73611]
[    0.73272]
[    0.72936]
[    0.72603]
[    0.72273]
[    0.71946]
[    0.71622]
[      0.713]
[    0.70982]
[    0.70667]
[    0.70354]
[    0.70044]
[    0.69737]
[    0.69432]
[     0.6913]
[    0.68831]
[    0.68534]
[     0.6824]
[    0.67949]
[     0.6766]
[    0.67373]
[    0.67089]
[    0.66807]
[    0.66527]
[     0.6625]
[    0.65975]
[    0.65702]
[    0.65432]
[    0.65164]
[    0.64898]
[    0.64634]
[    0.64372]
[    0.64113]
[    0.63855]
[      0.636]
[    0.63347]
[    0.63095]
[    0.62846]
[    0.62598]
[    0.62353]
[      0.625]
[    0.62646]
[    0.62403]
[    0.62162]
[    0.61923]
[    0.61686]
[     0.6145]
[    0.61217]
[    0.60985]
[    0.60755]
[    0.60526]
[      0.603]
[    0.60075]
[    0.59851]
[     0.5963]
[     0.5941]
[    0.59191]
[    0.58974]
[    0.59124]
[    0.58909]
[    0.58696]
[    0.58484]
[    0.58273]
[    0.58065]
[    0.57857]
[    0.58007]
[    0.57801]
[    0.57597]
[    0.57394]
[    0.57193]
[    0.56993]
[    0.56794]
[    0.56597]
[    0.56401]
[    0.56207]
[    0.56014]
[    0.55822]
[    0.55631]
[    0.55442]
[    0.55254]
[    0.55068]
[    0.54882]
[    0.54698]
[    0.54515]
[    0.54333]
[    0.54153]
[    0.53974]
[    0.53795]
[    0.53618]
[    0.53443]
[    0.53268]
[    0.53094]
[    0.52922]
[    0.52751]
[    0.52581]
[    0.52412]
[    0.52244]
[    0.52077]
[    0.51911]
[    0.51746]
[    0.51582]
[     0.5142]
[    0.51258]
[    0.51097]
[    0.50938]
[    0.50779]
[    0.50621]
[    0.50464]
[    0.50309]
[    0.50154]
[        0.5]
[    0.49847]
[    0.49695]
[    0.49544]
[    0.49394]
[    0.49245]
[    0.49096]
[    0.48949]
[    0.48802]
[    0.48657]
[    0.48512]
[    0.48368]
[    0.48225]
[    0.48083]
[    0.47941]
[    0.47801]
[    0.47661]
[    0.47522]
[    0.47384]
[    0.47246]
[     0.4711]
[    0.46974]
[    0.46839]
[    0.46705]
[    0.46571]
[    0.46439]
[    0.46307]
[    0.46176]
[    0.46045]
[    0.45915]
[    0.45787]
[    0.45658]
[    0.45531]
[    0.45404]
[    0.45278]
[    0.45152]
[    0.45028]
[    0.44904]
[     0.4478]
[    0.44658]
[    0.44536]
[    0.44414]
[    0.44293]
[    0.44173]
[    0.44054]
[    0.43935]
[    0.43817]
[      0.437]
[    0.43583]
[    0.43467]
[    0.43351]
[    0.43236]
[    0.43122]
[    0.43008]
[    0.42895]
[    0.42782]
[     0.4267]
[    0.42559]
[    0.42448]
[    0.42338]
[    0.42228]
[    0.42119]
[     0.4201]
[    0.41902]
[    0.41795]
[    0.41688]
[    0.41582]
[    0.41476]
[    0.41371]
[    0.41266]
[    0.41162]
[    0.41058]
[    0.40955]
[    0.41103]
[       0.41]
[    0.40898]
[    0.40796]
[    0.40695]
[    0.40594]
[    0.40494]
[    0.40394]
[    0.40295]
[    0.40196]
[    0.40098]
[        0.4]
[    0.39903]
[    0.39806]
[    0.39709]
[    0.39614]
[    0.39518]
[    0.39423]
[    0.39329]
[    0.39234]
[    0.39141]
[    0.39048]
[    0.38955]
[    0.38863]
[    0.38771]
[    0.38679]
[    0.38588]
[    0.38498]
[    0.38407]
[    0.38318]
[    0.38228]
[     0.3814]
[    0.38051]
[    0.37963]
[    0.37875]
[    0.37788]
[    0.37701]
[    0.37615]
[    0.37529]
[    0.37443]
[    0.37358]
[    0.37273]
[    0.37188]
[    0.37104]
[     0.3702]
[    0.36937]
[    0.36854]
[    0.36771]
[    0.36689]
[    0.36607]
[    0.36526]
[    0.36444]
[    0.36364]
[    0.36283]
[    0.36203]
[    0.36123]
[    0.36044]
[    0.35965]
[    0.35886]
[    0.35808]
[     0.3573]
[    0.35652]
[    0.35575]
[    0.35498]
[    0.35421]
[    0.35345]
[    0.35269]
[    0.35193]
[    0.35118]
[    0.35043]
[    0.34968]
[    0.34894]
[     0.3482]
[    0.34746]
[    0.34672]
[    0.34599]
[    0.34526]
[    0.34454]
[    0.34382]
[     0.3431]
[    0.34238]
[    0.34167]
[    0.34096]
[    0.34025]
[    0.33954]
[    0.33884]
[    0.33814]
[    0.33745]
[    0.33676]
[    0.33607]
[    0.33538]
[    0.33469]
[    0.33401]
[    0.33333]
[    0.33266]
[    0.33198]
[    0.33131]
[    0.33266]
[    0.33199]
[    0.33133]
[    0.33066]
[      0.332]
[    0.33134]
[    0.33068]
[    0.33002]
[    0.32937]
[    0.32871]
[    0.32806]
[    0.32742]
[    0.32677]
[    0.32613]
[    0.32549]
[    0.32485]
[    0.32422]
[    0.32359]
[    0.32296]
[    0.32233]
[    0.32171]
[    0.32108]
[    0.32046]
[    0.31985]
[    0.31923]
[    0.31862]
[    0.31801]
[     0.3174]
[    0.31679]
[    0.31619]
[    0.31559]
[    0.31499]
[    0.31439]
[     0.3138]
[    0.31321]
[    0.31262]
[    0.31203]
[    0.31144]
[    0.31086]
[    0.31028]
[     0.3097]
[    0.30912]
[    0.30855]
[    0.30798]
[    0.30741]
[    0.30684]
[    0.30627]
[    0.30571]
[    0.30515]
[    0.30459]
[    0.30403]
[    0.30347]
[    0.30292]
[    0.30237]
[    0.30182]
[    0.30127]
[    0.30072]
[    0.30018]
[    0.29964]
[     0.2991]
[    0.29856]
[    0.29803]
[    0.29749]
[    0.29696]
