[    0.68171           0           0           0           0           0]
[     0.8004           0     0.56003     0.36381     0.65642           0      0.5609           0           0           0           0           0           0      0.4197     0.41647           0     0.74144           0           0           0           0           0]
[    0.66121           0     0.59264           0           0           0           0           0           0           0           0           0]
[    0.58867           0           0           0           0           0           0           0           0           0           0           0           0]
[     0.7362           0     0.80902     0.57354     0.81506           0           0]
[    0.50748           0      0.4501    0.043571           0           0     0.50564           0           0           0           0           0           0           0           0           0           0           0           0           0           0           0           0]
[      0.619      0.9026     0.79133     0.71254     0.55745     0.56788     0.87755     0.88335     0.49483     0.72966     0.32173           0           0           0           0     0.65254     0.06208     0.57087           0           0]
[    0.75412     0.62695   0.0098962           0           0           0           0           0           0           0           0   0.0061362           0           0]
[    0.76001           0           0           0]
[    0.64032           0     0.38554           0           0      0.6203           0           0           0           0           0           0           0           0           0]
[    0.50057           0           0      0.5193     0.48685           0           0           0           0           0           0           0           0           0           0           0]
[    0.90439           0           0           0           0           0           0           0           0           0           0           0           0           0           0           0           0           0           0           0           0           0]
[    0.70208     0.51695     0.46392           0           0           0           0           0           0           0           0]
[    0.55918      0.5518     0.47136           0     0.42692           0           0           0           0     0.65764           0           0           0           0     0.48427           0           0           0           0           0     0.39811]
[    0.83287     0.83265           0           0           0           0           0           0           0           0           0           0]
[     0.7194     0.32279           0           0           0           0           0           0           0           0           0    0.031584           0           0           0           0           0           0           0]
[    0.84998     0.52754           0     0.52652     0.38592      0.6417           0      0.6435           0           0           0     0.57962           0           0           0           0     0.76503     0.59896           0     0.47062           0]
[    0.41966           0           0           0           0]
[    0.76151           0           0     0.81161           0     0.74924           0           0           0           0           0           0           0]
[    0.40831     0.59786     0.53515           0           0     0.35795     0.48491           0     0.53369           0     0.39984           0           0           0           0     0.56167           0           0           0           0           0           0           0           0           0           0]
[    0.91078     0.62323     0.66117     0.50764           0     0.57731           0           0           0           0]
[    0.77772           0     0.75293           0           0           0           0     0.75163           0           0           0]
[    0.73988     0.60424     0.43511      0.6843           0     0.49345      0.5198           0     0.47053]
[    0.54588     0.21136     0.72413     0.26364     0.46671     0.11655           0     0.72696           0           0           0           0           0     0.45825]
[    0.62947     0.40284     0.54438           0           0     0.41811           0           0           0           0           0           0           0           0           0           0     0.60169]
[     0.8628      0.7075           0           0           0           0           0           0           0           0]
[    0.59589           0     0.59281           0           0     0.52629           0           0           0           0     0.61234           0     0.44176           0]
[          0           0           0     0.39732      0.5639           0           0           0           0           0           0           0           0     0.47059           0           0           0]
[    0.68414           0           0     0.67179           0           0           0           0           0           0           0           0           0           0           0]
[    0.65874           0           0           0           0           0           0           0]
[    0.87521           0     0.46508           0           0           0           0           0]
[    0.85194     0.89611     0.54935           0           0           0           0           0           0           0           0           0           0           0           0]
[    0.81269     0.69096     0.29406           0     0.76207      0.7896     0.36669      0.4253     0.31257           0           0           0           0           0           0           0     0.11865           0]
[    0.75071     0.80592           0           0           0           0           0           0           0           0           0           0]
[    0.71138     0.71684           0           0           0           0           0           0           0           0           0           0           0           0           0           0           0           0]
[    0.82973           0           0           0           0           0           0           0           0           0           0           0           0     0.78778           0           0]
[    0.71377     0.57702           0           0           0           0           0           0           0     0.59122           0           0           0           0           0           0     0.43102           0           0           0    0.040752           0           0           0           0           0
           0           0]
[    0.57801     0.64044           0           0           0           0           0           0           0           0           0           0           0           0           0]
[    0.86293     0.73041     0.82345      0.7552     0.54702     0.65776     0.60666           0      0.6773     0.62314           0     0.39168     0.75111     0.76415           0           0     0.47119           0           0           0           0           0           0           0           0           0
           0           0           0           0           0           0]
[    0.61751     0.30819     0.38647     0.36629           0           0           0           0     0.41369     0.30856     0.59821           0     0.27967           0           0           0           0           0           0           0           0           0     0.27451]
[    0.72357           0           0           0           0           0           0           0           0]
[    0.66256     0.58651           0           0           0           0           0           0           0           0           0           0           0           0           0           0           0           0           0           0           0           0           0           0           0           0
           0           0]
[    0.76631           0           0           0           0     0.60514           0           0           0           0           0           0     0.53994           0           0           0           0           0]
[    0.65801           0           0      0.5284           0     0.62525           0           0           0     0.62547]
[    0.50618           0           0           0           0           0           0           0           0           0           0           0           0           0           0           0           0           0           0           0           0           0           0           0           0           0
           0           0           0           0           0           0]
[    0.86783     0.82049     0.80531     0.46323     0.31563      0.4594           0           0           0           0           0           0           0           0     0.84151           0           0]
[    0.64783           0     0.78825           0           0           0           0           0           0     0.58843           0           0           0           0           0           0           0           0           0           0]
[    0.65237           0     0.64863           0           0           0           0           0]
[    0.34748     0.26097     0.12129     0.28269     0.43944     0.03584           0           0           0           0     0.38596           0     0.27665           0           0           0           0           0           0]
[     0.7315     0.79161     0.73357     0.41201           0           0           0           0           0           0           0           0           0           0           0           0           0           0           0           0           0           0]
[    0.76654     0.59773     0.56009     0.67994     0.53532           0      0.7982     0.34851     0.64015      0.5195           0           0           0]
[    0.51109           0           0           0     0.41329           0     0.60187           0           0           0           0           0           0           0           0           0           0           0]
[    0.72863           0           0           0           0           0     0.61199           0           0           0           0           0           0           0           0           0           0           0           0           0           0           0]
[    0.52229     0.75813           0           0           0     0.57689           0           0     0.56018           0           0           0]
[    0.94094     0.70505     0.85865     0.72766           0           0           0           0           0           0           0           0           0           0           0           0           0           0           0           0           0]
[    0.82753     0.47642           0           0           0     0.52497           0           0           0           0           0]
[    0.64112           0     0.43357           0     0.54659           0           0           0           0           0           0     0.53631           0           0           0           0           0           0]
[    0.91988           0     0.53312      0.7539           0           0]
[    0.64982     0.72899     0.76573     0.73344     0.65539           0           0     0.43849           0           0           0           0     0.73015     0.47239           0           0           0           0           0           0     0.56952     0.70576           0           0           0           0
           0           0]
[    0.52949     0.64355           0     0.43665           0           0     0.61482           0           0           0           0           0   0.0067008           0]
[    0.68006           0           0           0           0           0           0           0           0           0           0           0           0]
[    0.63703      0.7347     0.50995           0     0.47309     0.72254           0           0           0           0     0.46718           0           0           0     0.68554     0.54491           0     0.46867           0           0]
[    0.70102           0           0           0           0           0           0           0           0           0     0.71374           0           0           0           0           0           0           0           0           0           0           0           0]
[     0.6467     0.57161      0.2662     0.60478     0.60668     0.60571     0.59191     0.10205           0]
[    0.83157           0           0           0]
[    0.50088     0.59538           0     0.63794     0.61671           0           0           0           0]
[    0.72257           0     0.38081           0           0           0           0           0           0     0.68441     0.81705           0           0           0           0           0]
[    0.36023           0           0     0.45621           0           0           0           0     0.25128           0           0           0           0           0           0           0           0           0           0]
[     0.3857           0           0     0.26394           0           0     0.42444           0     0.43565           0           0           0           0           0           0     0.26766           0           0           0           0           0]
[     0.5609           0     0.34199           0           0     0.50799           0           0           0           0           0           0           0           0           0           0           0           0]
[    0.72197           0           0           0           0           0           0           0           0           0           0           0           0]
[    0.38379     0.58323     0.73197       0.311     0.77875     0.72113     0.56935     0.61031     0.72468     0.59607     0.68555           0     0.24305     0.62906           0           0           0           0     0.61945           0     0.30066           0           0           0           0           0
           0           0     0.74864           0           0           0           0           0     0.38252           0           0]
[    0.92394           0           0           0]
[    0.64601     0.64302           0           0           0           0           0     0.15702           0           0           0           0           0     0.63661           0           0           0           0      0.2575           0           0]
[    0.76589           0           0           0     0.64298           0           0           0           0           0]
[    0.58091           0           0     0.48111     0.51715           0           0           0           0           0           0           0           0           0]
[    0.83062           0    0.019507           0     0.83468           0    0.037699     0.81975           0           0           0           0           0           0           0           0           0           0           0           0           0           0           0]
[    0.69479     0.63257     0.90838           0     0.58672      0.6401           0           0     0.59022           0           0           0           0           0]
[    0.74019     0.65472     0.69432           0      0.6777     0.59569           0     0.45648           0     0.58158     0.62349     0.57283           0     0.64679           0           0           0           0           0     0.71118           0           0     0.66306           0           0           0
           0           0           0]
[    0.93535     0.75747     0.68628           0     0.68091           0           0           0           0]
[     0.3033           0     0.28173           0           0     0.27889           0           0           0     0.43462]
[    0.42679     0.50658           0           0           0           0           0           0     0.42848           0           0           0           0           0           0           0           0           0           0]
[    0.67386      0.6819     0.49242      0.1944     0.65688     0.48132    0.085538           0     0.23042           0           0     0.67375           0     0.10711           0           0      0.8132           0     0.69668           0]
[    0.81937     0.80762           0           0           0           0           0           0           0           0           0           0           0           0           0           0           0           0           0           0           0           0           0           0           0           0
           0           0           0           0           0     0.88901           0           0           0]
[    0.54581     0.84039           0           0     0.42766           0     0.65853     0.41454           0     0.72293           0           0           0           0           0           0           0           0           0           0           0           0           0           0           0           0
           0           0           0           0]
[    0.78301     0.83974           0           0           0           0           0           0     0.78552]
[    0.79129     0.75357      0.6838     0.66415           0      0.5963           0           0           0           0           0     0.58586           0           0           0           0     0.65548           0           0           0           0     0.77525           0           0           0           0]
[    0.64346           0           0           0           0     0.71848           0           0           0           0           0           0           0           0           0           0           0           0]
[    0.85039     0.59492     0.70995     0.88109     0.72567     0.54653           0           0           0           0           0           0]
[    0.62772           0     0.67679           0           0           0           0           0           0           0           0           0           0           0           0           0           0           0           0           0]
[    0.83259     0.76501     0.85351           0           0           0           0           0           0     0.41226           0           0           0           0     0.23697           0           0           0           0           0           0           0           0           0           0]
[    0.57677     0.55935     0.54379     0.57047      0.8901     0.38898     0.54094     0.79009           0     0.42956      0.4475     0.72148           0     0.61176           0           0           0           0           0     0.73104           0           0           0]
[    0.54479     0.43854     0.52767     0.50301     0.53912     0.45041     0.48009     0.58203     0.42865           0     0.67026           0     0.25658           0     0.50951     0.57069           0           0           0     0.49156     0.47833           0]
[    0.74967     0.69844           0           0     0.72245     0.61149           0           0           0           0           0           0           0           0           0           0           0           0]
[     0.5799           0           0           0           0           0           0           0]
[    0.83584     0.62412     0.64747           0     0.61867           0           0           0           0           0           0           0           0           0           0     0.87712           0           0           0           0]
[    0.86218     0.78193           0     0.60152           0           0           0           0           0           0           0           0           0           0       0.768           0           0           0           0     0.73525           0]
[    0.79733     0.70296     0.74742           0           0           0           0           0           0           0           0           0           0     0.67836           0           0           0]
[    0.74678      0.6932           0           0     0.56137           0     0.42508           0     0.54093           0   0.0053949     0.36616     0.45009           0           0           0           0           0           0           0           0     0.51406     0.25861     0.43861           0           0]
[    0.23012     0.50215     0.36339     0.49305           0     0.25086           0           0           0           0           0           0           0           0     0.24682           0]
