[          1]
[          1]
[          1]
[          1]
[          1]
[          1]
[          1]
[          1]
[          1]
[          1]
[          1]
[          1]
[          1]
[          1]
[          1]
[          1]
[          1]
[          1]
[          1]
[          1]
[          1]
[          1]
[          1]
[          1]
[          1]
[          1]
[          1]
[          1]
[          1]
[          1]
[          1]
[          1]
[          1]
[          1]
[          1]
[          1]
[    0.97297]
[    0.97368]
[    0.97436]
[      0.975]
[    0.97561]
[    0.97619]
[    0.95349]
[    0.93182]
[    0.93333]
[    0.93478]
[    0.93617]
[     0.9375]
[    0.93878]
[       0.94]
[    0.94118]
[    0.94231]
[     0.9434]
[    0.92593]
[    0.90909]
[    0.91071]
[    0.91228]
[    0.91379]
[    0.91525]
[    0.91667]
[    0.91803]
[    0.91935]
[    0.92063]
[    0.92188]
[    0.92308]
[    0.92424]
[    0.91045]
[    0.91176]
[    0.91304]
[    0.91429]
[    0.91549]
[    0.91667]
[    0.91781]
[    0.91892]
[       0.92]
[    0.92105]
[    0.92208]
[    0.91026]
[    0.91139]
[     0.9125]
[    0.91358]
[    0.91463]
[    0.91566]
[    0.91667]
[    0.91765]
[     0.9186]
[    0.91954]
[    0.92045]
[    0.91011]
[    0.91111]
[    0.91209]
[    0.91304]
[    0.91398]
[    0.91489]
[    0.91579]
[    0.90625]
[    0.90722]
[    0.90816]
[    0.90909]
[       0.91]
[    0.91089]
[    0.91176]
[    0.91262]
[    0.91346]
[    0.91429]
[    0.91509]
[    0.91589]
[    0.91667]
[    0.90826]
[    0.90909]
[    0.90991]
[    0.91071]
[     0.9115]
[    0.91228]
[    0.90435]
[    0.90517]
[    0.90598]
[    0.90678]
[    0.90756]
[    0.90833]
[    0.90909]
[    0.90164]
[    0.89431]
[    0.89516]
[      0.896]
[    0.89683]
[    0.88976]
[    0.89062]
[    0.88372]
[    0.88462]
[    0.87786]
[    0.87879]
[     0.8797]
[     0.8806]
[    0.88148]
[      0.875]
[    0.86861]
[    0.86957]
[     0.8705]
[    0.87143]
[    0.86525]
[     0.8662]
[    0.86713]
[    0.86806]
[    0.86207]
[    0.86301]
[    0.85714]
[    0.85135]
[    0.85235]
[    0.85333]
[     0.8543]
[    0.84868]
[    0.84967]
[    0.84416]
[    0.83871]
[    0.83333]
[    0.83439]
[    0.83544]
[    0.83019]
[      0.825]
[    0.81988]
[    0.82099]
[    0.82209]
[    0.81707]
[    0.81212]
[    0.80723]
[     0.8024]
[    0.80357]
[    0.79882]
[    0.79412]
[    0.78947]
[     0.7907]
[    0.79191]
[     0.7931]
[    0.79429]
[    0.78977]
[    0.78531]
[     0.7809]
[    0.78212]
[    0.77778]
[    0.77348]
[    0.76923]
[    0.76503]
[    0.76087]
[    0.76216]
[    0.76344]
[    0.75936]
[    0.76064]
[    0.75661]
[    0.75263]
[    0.74869]
[    0.74479]
[    0.74093]
[    0.74227]
[    0.73846]
[    0.73469]
[    0.73096]
[    0.72727]
[    0.72362]
[       0.72]
[    0.71642]
[    0.71287]
[    0.70936]
[    0.71078]
[     0.7122]
[    0.70874]
[    0.70531]
[    0.70192]
[    0.69856]
[    0.69524]
[    0.69668]
[     0.6934]
[    0.69014]
[    0.68692]
[    0.68372]
[    0.68519]
[    0.68664]
[    0.68349]
[    0.68037]
[    0.67727]
[    0.67421]
[    0.67568]
[    0.67713]
[    0.67411]
[    0.67111]
[    0.66814]
[     0.6652]
[    0.66228]
[    0.65939]
[    0.65652]
[    0.65368]
[    0.65086]
[    0.64807]
[     0.6453]
[    0.64255]
[    0.63983]
[    0.63713]
[    0.63445]
[     0.6318]
[    0.63333]
[    0.63071]
[     0.6281]
[    0.62551]
[    0.62295]
[    0.62041]
[    0.61789]
[    0.61538]
[     0.6129]
[    0.61044]
[      0.608]
[    0.60558]
[    0.60317]
[    0.60474]
[    0.60236]
[    0.60392]
[    0.60547]
[    0.60311]
[    0.60078]
[    0.59846]
[        0.6]
[     0.5977]
[    0.59542]
[    0.59316]
[    0.59091]
[    0.58868]
[    0.59023]
[    0.58801]
[    0.58582]
[    0.58364]
[    0.58148]
[    0.57934]
[    0.57721]
[    0.57509]
[    0.57299]
[    0.57091]
[    0.56884]
[    0.56679]
[    0.56475]
[    0.56272]
[    0.56071]
[    0.56228]
[    0.56028]
[     0.5583]
[    0.55634]
[    0.55439]
[    0.55245]
[    0.55052]
[    0.54861]
[    0.54671]
[    0.54483]
[    0.54639]
[    0.54452]
[    0.54266]
[    0.54082]
[    0.53898]
[    0.53716]
[    0.53535]
[    0.53356]
[    0.53177]
[       0.53]
[    0.52824]
[    0.52649]
[    0.52475]
[    0.52303]
[    0.52131]
[    0.51961]
[    0.51792]
[    0.51623]
[    0.51456]
[     0.5129]
[    0.51125]
[    0.50962]
[    0.50799]
[    0.50637]
[    0.50476]
[    0.50316]
[    0.50158]
[        0.5]
[    0.49843]
[    0.49688]
[    0.49533]
[    0.49379]
[    0.49226]
[    0.49074]
[    0.48923]
[    0.48773]
[    0.48624]
[    0.48476]
[    0.48328]
[    0.48182]
[    0.48036]
[    0.47892]
[    0.47748]
[    0.47605]
[    0.47463]
[    0.47321]
[    0.47181]
[    0.47041]
[    0.46903]
[    0.46765]
[    0.46628]
[    0.46491]
[    0.46356]
[    0.46221]
[    0.46087]
[    0.45954]
[    0.45821]
[     0.4569]
[    0.45559]
[    0.45429]
[    0.45299]
[     0.4517]
[    0.45042]
[    0.44915]
[    0.44789]
[    0.44663]
[    0.44538]
[    0.44413]
[     0.4429]
[    0.44167]
[    0.44321]
[    0.44199]
[    0.44077]
[    0.43956]
[    0.43836]
[    0.43716]
[    0.43597]
[    0.43478]
[     0.4336]
[    0.43243]
[    0.43127]
[    0.43011]
[    0.42895]
[    0.42781]
[    0.42667]
[    0.42553]
[     0.4244]
[    0.42328]
[    0.42216]
[    0.42105]
[    0.41995]
[    0.41885]
[    0.42037]
[    0.41927]
[    0.41818]
[     0.4171]
[    0.41602]
[    0.41495]
[    0.41388]
[    0.41282]
[    0.41176]
[    0.41071]
[    0.40967]
[    0.40863]
[    0.40759]
[    0.40657]
[    0.40554]
[    0.40452]
[    0.40351]
[     0.4025]
[     0.4015]
[     0.4005]
[     0.3995]
[    0.39851]
[    0.39753]
[    0.39655]
[    0.39558]
[    0.39461]
[    0.39364]
[    0.39268]
[    0.39173]
[    0.39078]
[    0.38983]
[    0.38889]
[    0.38795]
[    0.38702]
[    0.38609]
[    0.38517]
[    0.38425]
[    0.38333]
[    0.38242]
[    0.38152]
[    0.38061]
[    0.37972]
[    0.37882]
[    0.37793]
[    0.37705]
[    0.37617]
[    0.37529]
[    0.37442]
[    0.37355]
[    0.37269]
[    0.37182]
[    0.37097]
[    0.37011]
[    0.36927]
[    0.36842]
[    0.36758]
[    0.36674]
[    0.36591]
[    0.36508]
[    0.36425]
[    0.36343]
[    0.36261]
[     0.3618]
[    0.36099]
[    0.36018]
[    0.35938]
[    0.35857]
[    0.35778]
[    0.35698]
[    0.35619]
[    0.35541]
[    0.35463]
[    0.35385]
[    0.35307]
[     0.3523]
[    0.35153]
[    0.35076]
[       0.35]
[    0.34924]
[    0.34848]
[    0.34773]
[    0.34698]
[    0.34624]
[    0.34549]
[    0.34475]
[    0.34402]
[    0.34328]
[    0.34255]
[    0.34183]
[     0.3411]
[    0.34038]
[    0.33966]
[    0.33895]
[    0.33824]
[    0.33753]
[    0.33682]
[    0.33612]
[    0.33542]
[    0.33472]
[    0.33402]
[     0.3354]
[    0.33471]
[    0.33402]
[    0.33333]
[    0.33265]
[    0.33197]
[    0.33129]
[    0.33061]
[    0.32994]
[    0.32927]
[     0.3286]
[    0.32794]
[    0.32727]
[    0.32661]
[    0.32596]
[     0.3253]
[    0.32465]
[      0.324]
[    0.32335]
[    0.32271]
[    0.32207]
[    0.32143]
[    0.32079]
[    0.32016]
[    0.31953]
[     0.3189]
[    0.31827]
[    0.31765]
[    0.31703]
[    0.31641]
[    0.31579]
[    0.31518]
[    0.31456]
[    0.31395]
[    0.31335]
[    0.31274]
[    0.31214]
[    0.31154]
[    0.31094]
[    0.31034]
[    0.30975]
[    0.30916]
[    0.30857]
[    0.30798]
[     0.3074]
[    0.30682]
[    0.30624]
[    0.30566]
[    0.30508]
[    0.30451]
[    0.30394]
[    0.30337]
[     0.3028]
[    0.30224]
[    0.30168]
[    0.30112]
[    0.30056]
[        0.3]
[    0.29945]
[    0.29889]
[    0.29834]
[    0.29779]
[    0.29725]
[     0.2967]
[    0.29616]
[    0.29562]
[    0.29508]
[    0.29455]
[    0.29401]
[    0.29348]
[    0.29295]
[    0.29242]
[    0.29189]
[    0.29137]
[    0.29084]
[    0.29032]
[     0.2898]
[    0.28929]
[    0.28877]
[    0.28826]
[    0.28774]
[    0.28723]
[    0.28673]
[    0.28622]
[    0.28571]
[    0.28521]
[    0.28471]
[    0.28421]
[    0.28371]
[    0.28322]
[    0.28272]
[    0.28223]
[    0.28174]
[    0.28125]
[    0.28076]
[    0.28028]
[    0.27979]
[    0.27931]
[    0.27883]
[    0.27835]
[    0.27787]
[     0.2774]
[    0.27692]
[    0.27645]
[    0.27598]
[    0.27551]
[    0.27504]
[    0.27458]
[    0.27411]
[    0.27365]
[    0.27319]
[    0.27273]
[    0.27227]
[    0.27181]
[    0.27136]
[     0.2709]
[    0.27045]
[       0.27]
[    0.26955]
[     0.2691]
[    0.26866]
[    0.26821]
[    0.26777]
[    0.26733]
[    0.26689]
[    0.26645]
[    0.26601]
[    0.26557]
[    0.26514]
[    0.26471]
[    0.26427]
[    0.26384]
[    0.26341]
[    0.26299]
[    0.26256]
[    0.26214]
[    0.26171]
[    0.26129]
[    0.26087]
[    0.26045]
[    0.26003]
[    0.25962]
[     0.2592]
[    0.25879]
[    0.25837]
[    0.25796]
[    0.25755]
[    0.25714]
[    0.25674]
[    0.25633]
[    0.25592]
[    0.25552]
[    0.25512]
[    0.25472]
[    0.25432]
[    0.25392]
[    0.25352]
[    0.25312]
[    0.25273]
[    0.25234]
[    0.25194]
[    0.25155]
[    0.25116]
[    0.25077]
[    0.25039]
[       0.25]
[    0.24961]
[    0.24923]
[    0.24885]
[    0.24847]
[    0.24809]
[    0.24771]
[    0.24733]
[    0.24695]
[    0.24658]
[     0.2462]
[    0.24583]
[    0.24545]
[    0.24508]
[    0.24471]
[    0.24434]
[    0.24398]
[    0.24361]
[    0.24324]
[    0.24288]
[    0.24251]
[    0.24365]
[    0.24328]
[    0.24292]
[    0.24256]
[     0.2422]
[    0.24184]
[    0.24148]
[    0.24112]
[    0.24077]
[    0.24041]
[    0.24006]
[    0.23971]
[    0.23935]
[      0.239]
[    0.23865]
[     0.2383]
[    0.23796]
[    0.23761]
[    0.23726]
[    0.23692]
[    0.23657]
[    0.23623]
[    0.23589]
[    0.23555]
[    0.23521]
[    0.23487]
[    0.23453]
[     0.2342]
[    0.23386]
[    0.23352]
[    0.23319]
[    0.23286]
[    0.23252]
[    0.23219]
[    0.23186]
[    0.23153]
[    0.23121]
[    0.23088]
[    0.23055]
[    0.23023]
[     0.2299]
[    0.22958]
[    0.22925]
[    0.22893]
[    0.22861]
[    0.22829]
[    0.22797]
[    0.22765]
[    0.22734]
[    0.22702]
[     0.2267]
[    0.22639]
[    0.22607]
[    0.22576]
[    0.22545]
[    0.22514]
[    0.22483]
[    0.22452]
[    0.22421]
[     0.2239]
[    0.22359]
[    0.22329]
[    0.22298]
[    0.22268]
[    0.22237]
[    0.22207]
[    0.22177]
[    0.22147]
[    0.22117]
[    0.22087]
[    0.22057]
[    0.22027]
[    0.21997]
[    0.21968]
[    0.21938]
[    0.21909]
[    0.21879]
[     0.2185]
[    0.21821]
[    0.21791]
[    0.21762]
[    0.21733]
[    0.21704]
[    0.21676]
[    0.21647]
[    0.21618]
[    0.21589]
[    0.21561]
[    0.21664]
[    0.21636]
[    0.21607]
[    0.21579]
[    0.21551]
[    0.21522]
[    0.21494]
[    0.21466]
[    0.21438]
[     0.2141]
[    0.21382]
[    0.21354]
[    0.21326]
[    0.21299]
[    0.21271]
[    0.21244]
[    0.21216]
[    0.21189]
[    0.21161]
[    0.21134]
[    0.21107]
[     0.2108]
[    0.21053]
[    0.21026]
[    0.20999]
[    0.20972]
[    0.20945]
[    0.20918]
[    0.20892]
[    0.20865]
[    0.20839]
[    0.20812]
[    0.20786]
[    0.20759]
[    0.20733]
[    0.20707]
[    0.20681]
[    0.20655]
[    0.20629]
[    0.20603]
[    0.20577]
[    0.20551]
[    0.20526]
[      0.205]
[    0.20474]
[    0.20449]
[    0.20548]
[    0.20522]
[    0.20497]
[    0.20471]
[    0.20446]
[    0.20421]
[    0.20396]
[     0.2037]
[    0.20345]
[     0.2032]
[    0.20295]
[     0.2027]
[    0.20245]
[    0.20221]
[    0.20196]
[    0.20171]
[    0.20147]
[    0.20122]
[    0.20097]
[    0.20073]
[    0.20049]
[    0.20024]
[        0.2]
[    0.19976]
[    0.19952]
[    0.19928]
[    0.19903]
[     0.1988]
[    0.19856]
[    0.19832]
[    0.19808]
[    0.19784]
[     0.1976]
[    0.19737]
[    0.19713]
[     0.1969]
[    0.19666]
[    0.19643]
[     0.1962]
[    0.19596]
[    0.19573]
[     0.1955]
[    0.19527]
[    0.19504]
[    0.19481]
[    0.19458]
[    0.19435]
[    0.19529]
[    0.19506]
[    0.19484]
[    0.19461]
[    0.19438]
[    0.19415]
[    0.19393]
[     0.1937]
[    0.19347]
[    0.19325]
[    0.19302]
[     0.1928]
[    0.19258]
[    0.19235]
[    0.19213]
[    0.19191]
[    0.19169]
[    0.19146]
[    0.19124]
[    0.19102]
[     0.1908]
[    0.19059]
[    0.19037]
[    0.19015]
[    0.18993]
[    0.18971]
[     0.1895]
[    0.18928]
[    0.18907]
[    0.18885]
[    0.18864]
[    0.18842]
[    0.18821]
[      0.188]
[    0.18778]
[    0.18757]
[    0.18736]
[    0.18715]
[    0.18694]
[    0.18673]
[    0.18652]
[    0.18631]
[     0.1861]
[    0.18589]
[    0.18568]
[    0.18547]
[    0.18527]
[    0.18506]
[    0.18486]
[    0.18465]
[    0.18444]
[    0.18424]
[    0.18404]
[    0.18383]
[    0.18363]
[    0.18343]
[    0.18322]
[    0.18302]
[    0.18282]
[    0.18262]
[    0.18242]
[    0.18222]
[    0.18202]
[    0.18182]
[    0.18162]
[    0.18142]
[    0.18122]
[    0.18103]
[    0.18083]
[    0.18063]
[    0.18043]
[    0.18024]
[    0.18004]
[    0.17985]
[    0.17965]
[    0.17946]
[    0.17927]
[    0.17907]
[    0.17888]
[    0.17869]
[    0.17849]
[     0.1783]
[    0.17811]
[    0.17792]
[    0.17773]
[    0.17754]
[    0.17735]
[    0.17716]
[    0.17697]
[    0.17678]
[     0.1766]
[    0.17641]
[    0.17622]
[    0.17603]
[    0.17585]
[    0.17566]
[    0.17548]
[    0.17529]
[    0.17511]
[    0.17492]
[    0.17474]
[    0.17455]
[    0.17437]
[    0.17419]
[      0.174]
[    0.17382]
[    0.17364]
[    0.17346]
