[    0.95393           0]
[    0.83211           0]
[    0.45337     0.67204     0.72804     0.25576     0.42414     0.29017           0           0           0           0]
[    0.57055           0           0           0     0.75504           0           0           0]
[    0.58412     0.23962           0           0           0           0]
[     0.8734     0.63783           0]
[    0.63904           0           0           0           0           0           0           0           0]
[    0.85994     0.69593]
[     0.7911]
[          0           0     0.37763           0           0           0           0           0           0           0]
[     0.8453           0           0     0.54931           0           0]
[    0.76644     0.33935]
[    0.77396     0.57522           0]
[    0.94473           0           0           0]
[    0.96392           0           0           0           0]
[    0.89349           0           0           0           0           0           0           0           0]
[    0.80223           0           0           0           0           0]
[          0           0           0           0           0           0]
[    0.93264]
[    0.78611           0     0.87009           0           0]
[    0.93578     0.94338]
[    0.84208           0           0           0]
[    0.68762           0     0.56193     0.08513]
[    0.92256           0           0           0           0           0     0.92283           0           0           0           0]
[    0.75247     0.70174     0.68508      0.4803           0           0           0]
[    0.93217           0           0]
[    0.61391           0           0           0]
[    0.85977           0           0]
[    0.97336           0     0.56283      0.6704]
[    0.93094     0.87041           0           0           0]
[    0.74648]
[    0.83276      0.6714           0]
[    0.50465           0           0           0           0           0]
[    0.71322           0           0]
[    0.64911           0           0           0     0.44813           0]
[    0.93642           0           0     0.61395           0           0           0           0           0]
[    0.79489           0           0           0           0           0           0           0           0]
[    0.51098           0]
[    0.86718           0           0           0]
[    0.73672           0           0           0           0     0.71308]
[    0.91391           0           0           0]
[    0.89978]
[    0.76222           0           0           0           0           0           0           0           0]
[    0.85711           0           0     0.85725           0           0]
[    0.80577]
[    0.77946           0     0.52876    0.084009           0           0]
[    0.80065           0           0           0           0           0           0           0]
[    0.61289           0           0           0]
[    0.82258           0           0           0           0]
[    0.77392     0.35008     0.32512           0     0.35007           0]
[    0.85927           0           0           0]
[    0.89959     0.64796     0.61534           0           0]
[    0.92185     0.57312           0           0           0           0]
[    0.83954     0.05434           0           0     0.62227]
[    0.94427           0           0           0           0           0           0           0           0]
[    0.87119           0     0.83969           0]
[    0.90279           0           0           0]
[    0.64478           0           0           0           0           0           0           0           0]
[    0.88153           0           0           0           0]
[    0.57587           0           0           0           0           0           0]
[    0.82875           0           0           0           0    0.081513           0]
[    0.87445    0.071913]
[    0.81835     0.53776     0.80178]
[    0.76084           0           0]
[    0.87084      0.8536     0.90747     0.76786     0.49868     0.44071           0     0.92682]
[    0.90516           0     0.30452           0]
[    0.87201     0.78165           0]
[    0.83379     0.71101           0     0.61751]
[    0.92675           0]
[    0.78846           0           0]
[    0.81508]
[    0.95417           0           0           0           0           0]
[    0.94264]
[    0.94229      0.4083    0.066423           0           0           0]
[    0.91655     0.36147           0           0           0     0.62455]
[    0.81385     0.46117           0]
[      0.713           0           0]
[    0.69943     0.31777           0     0.52422]
[    0.83174           0           0           0     0.83302           0           0           0           0           0     0.70908]
[    0.64479     0.56866           0     0.57378]
[    0.75406           0           0           0           0]
[    0.72989           0     0.70035           0           0           0           0]
[    0.83376           0]
[    0.78561     0.52989     0.45119     0.70934           0]
[    0.86961           0           0]
[    0.86747           0           0           0           0           0]
[    0.74296]
[    0.78453]
[    0.83857    0.013264           0           0           0           0           0]
[    0.95077           0           0           0           0           0           0           0           0]
[    0.73742           0           0]
[          0     0.74622     0.74785           0           0]
[    0.90262     0.70634     0.53112           0]
[    0.69615     0.84157]
[    0.85788     0.90992]
[    0.77223]
[    0.80924           0]
[    0.93771           0]
[    0.91211           0           0           0           0]
[    0.88696           0]
