[    0.84229]
[    0.78452           0]
[    0.67863           0     0.79316           0           0           0]
[    0.76952           0           0]
[    0.80769]
[          0     0.54903]
[    0.65068     0.60114     0.64292     0.69524           0     0.50171]
[    0.72415           0     0.73805           0]
[    0.64645]
[    0.69828           0]
[    0.71733           0]
[     0.5988           0           0           0]
[          0]
[    0.53914           0]
[     0.7273     0.43053     0.75521]
[    0.70432     0.65417           0           0]
[          0   0.0019431           0]
[    0.57499           0]
[   0.060026]
[    0.51064     0.51169     0.36881     0.69928     0.25037     0.51527           0           0]
[    0.78838           0]
[    0.71995]
[    0.35781     0.71374     0.66806]
[    0.68726           0           0           0     0.60483     0.36906]
[    0.79239     0.73875           0]
[    0.44722           0           0     0.53751]
[    0.53764           0           0           0           0]
[    0.83414           0]
[    0.68466]
[    0.74433           0           0]
[    0.53526     0.77432           0           0           0           0]
[    0.84145     0.63055     0.52388     0.87402]
[    0.87334     0.82032]
[    0.80727     0.73042]
[    0.72371       0.563]
[          0]
[      0.626     0.54823           0           0]
[    0.81559     0.76553     0.70747           0           0]
[          0]
[    0.70451]
[          0]
[    0.50259           0           0]
[    0.76807]
[    0.48328]
[    0.93235     0.83989     0.59303           0]
[    0.29157     0.54667           0]
[    0.50966]
[          0           0]
[    0.72409     0.66244      0.7728]
[     0.6567     0.70295           0           0]
[          0]
[    0.80784           0           0           0           0           0           0]
[    0.60156     0.55607           0           0]
[    0.77626     0.64501     0.70682           0]
[    0.55327     0.25742           0]
[          0           0]
[    0.87135]
[    0.79981      0.7312     0.73597     0.88028     0.69802           0]
[    0.68767]
[    0.58588]
[    0.77672     0.56826      0.6984     0.69003           0           0      0.4085]
[    0.43898           0           0]
[          0           0           0]
[    0.74837           0]
[          0      0.3477           0]
[    0.91244           0           0]
[    0.85346           0           0]
[          0           0           0           0           0]
[          0           0]
[     0.8082           0]
[    0.20839     0.17044     0.20904     0.40875     0.55841           0     0.35641     0.10509]
[    0.99027]
[    0.40521]
[    0.76517           0           0           0           0           0]
[    0.55717     0.39671]
[    0.70546     0.89246     0.56143     0.52107           0]
[    0.93681     0.83878      0.8404           0           0]
[    0.75875      0.6604      0.8111]
[          0           0]
[          0           0]
[    0.65741      0.4553     0.58304     0.69452     0.52442]
[    0.87634     0.71679           0           0           0           0]
[    0.16315     0.22865]
[    0.82331     0.78781]
[    0.72588           0]
[    0.51522           0           0]
[    0.77035     0.53197     0.40186     0.80235]
[    0.76728           0           0]
[    0.93624     0.92156      0.7076           0           0]
[    0.75035     0.85887     0.76474     0.69604     0.80804           0           0           0]
[    0.65675     0.45779     0.73228     0.63148     0.55068           0           0]
[    0.42083     0.35562           0           0]
[    0.55472]
[    0.29472           0     0.64132]
[    0.83559     0.74284           0           0           0           0           0           0           0           0]
[    0.52593     0.66388     0.84041     0.79107           0           0           0           0           0           0           0           0]
[    0.75589     0.80177     0.58092           0           0     0.74493           0]
[    0.44744     0.17734           0           0]
