     0/299      7.8G      7.73      33.2         0      40.9        28       608         0         0   0.00828         0       7.3      2.11         0
     1/299     7.81G      5.93      4.37         0      10.3        26       608         0         0     0.015         0      6.24      1.93         0
     2/299     7.81G      4.79      3.29         0      8.07        26       608    0.0104    0.0105    0.0206    0.0104         6      1.17         0
     3/299     7.81G      5.18      1.71         0      6.89        27       608    0.0497     0.368     0.147    0.0875      5.04      1.32         0
     4/299     7.81G      4.85      1.43         0      6.28        29       608      0.37     0.174     0.172     0.236      5.06     0.827         0
     5/299     7.81G      4.67      1.36         0      6.03        23       608     0.236     0.237     0.143     0.237         6      0.89         0
     6/299     7.81G      4.33      1.17         0      5.49        21       608     0.462     0.171     0.212      0.25      4.95       3.3         0
     7/299     7.81G      4.43      1.15         0      5.57        26       608    0.0641     0.105    0.0423    0.0797      5.88      7.16         0
     8/299     7.81G      4.13      1.16         0      5.29        25       608    0.0124     0.237     0.007    0.0235      6.13      22.4         0
     9/299     7.81G      4.37      1.02         0      5.39        26       608    0.0285     0.221    0.0195    0.0505      5.25      1.96         0
    10/299     7.81G       5.1      1.18         0      6.27        28       608      0.83    0.0258      0.28    0.0501      4.71     0.934         0
    11/299     7.81G      4.08      1.15         0      5.23        30       608     0.415     0.316      0.27     0.359      4.74     0.844         0
    12/299     7.81G      3.99     0.983         0      4.98        10       608    0.0233     0.189    0.0173    0.0415      5.08      4.31         0
    13/299     7.81G      3.66     0.956         0      4.61        25       608    0.0181       0.2    0.0178    0.0332      5.09      5.84         0
    14/299     7.81G      3.71      0.92         0      4.63        26       608     0.146     0.187       0.1     0.164      5.42      1.44         0
    15/299     7.81G      3.62      1.15         0      4.77        26       608     0.322     0.126     0.154     0.181      5.98     0.654         0
    16/299     7.81G      4.37      1.05         0      5.42        26       608         1   0.00526     0.174    0.0105       5.3     0.989         0
    17/299     7.81G      3.92         1         0      4.93        26       608         1    0.0137     0.109    0.0271      5.37     0.813         0
    18/299     7.81G      3.65      0.99         0      4.64        24       608     0.381    0.0105    0.0869    0.0205      5.71      0.86         0
    19/299     7.81G       3.9     0.925         0      4.82        24       608      0.31    0.0421    0.0587    0.0741      5.71     0.795         0
    20/299     7.81G       3.6     0.873         0      4.48        30       608     0.894    0.0105    0.0529    0.0208      5.55     0.829         0
    21/299     7.81G      3.22     0.912         0      4.13        27       608     0.711     0.116     0.219       0.2      4.41     0.769         0
    22/299     7.81G      3.67     0.892         0      4.56        27       608     0.964    0.0842     0.265     0.155      4.73     0.729         0
    23/299     7.81G      2.96     0.838         0       3.8        26       608     0.778     0.185     0.352     0.299      4.38     0.658         0
    24/299     7.81G      3.06     0.846         0       3.9        25       608      0.75     0.348     0.479     0.476       4.1     0.598         0
    25/299     7.81G      2.78     0.794         0      3.58        13       608     0.782     0.326     0.486     0.461      4.28     0.585         0
    26/299     7.81G      2.69     0.767         0      3.45        26       608     0.646     0.375      0.45     0.474      4.05     0.577         0
    27/299     7.81G      2.71      0.74         0      3.45        24       608     0.831     0.347     0.485      0.49      4.04     0.633         0
    28/299     7.81G       2.7     0.746         0      3.44        30       608     0.813     0.458     0.568     0.586      4.06     0.587         0
    29/299     7.81G      2.63     0.716         0      3.34        28       608     0.727     0.478     0.547     0.577      4.22     0.567         0
    30/299     7.81G      2.59     0.775         0      3.37        30       608     0.733     0.405      0.52     0.522      3.94     0.584         0
    31/299     7.81G      2.57     0.695         0      3.26        32       608     0.831     0.337     0.466     0.479      4.16     0.642         0
    32/299     7.81G      2.51     0.725         0      3.23        30       608     0.793     0.411     0.514     0.541      4.12      0.59         0
    33/299     7.81G      2.47     0.644         0      3.11        27       608      0.87     0.282     0.461     0.426      4.35     0.667         0
    34/299     7.81G      2.41     0.695         0       3.1        28       608     0.814       0.3     0.474     0.438      4.34     0.668         0
    35/299     7.81G       2.3     0.654         0      2.96        28       608     0.842     0.335     0.505      0.48      4.29     0.668         0
    36/299     7.81G      2.29     0.677         0      2.97        33       608      0.78     0.337     0.504      0.47      4.28     0.657         0
    37/299     7.81G      2.36     0.655         0      3.02        25       608     0.796     0.287     0.455     0.422      4.28     0.714         0
    38/299     7.81G      2.22     0.642         0      2.86        13       608     0.867     0.273     0.431     0.416      4.26      0.72         0
    39/299     7.81G      2.16     0.591         0      2.75        24       608     0.849     0.384     0.538     0.529         4     0.642         0
    40/299     7.81G      2.26      0.64         0       2.9        32       608     0.721     0.395     0.507      0.51         4     0.689         0
    41/299     7.81G       2.1     0.602         0       2.7        26       608     0.765     0.384     0.508     0.512      3.89     0.709         0
    42/299     7.81G      2.22     0.629         0      2.85        26       608     0.818     0.427     0.574     0.561      3.97     0.626         0
    43/299     7.81G      2.03     0.645         0      2.68        27       608     0.828     0.458     0.616      0.59      3.98     0.594         0
    44/299     7.81G      1.95     0.622         0      2.58        25       608     0.862     0.394     0.535     0.541      4.03     0.673         0
    45/299     7.81G      2.03      0.58         0      2.61        30       608     0.841     0.447     0.566     0.583      3.94     0.618         0
    46/299     7.81G      1.92      0.55         0      2.47        26       608     0.893     0.489     0.592     0.632      3.95     0.623         0
    47/299     7.81G       2.1     0.556         0      2.65        23       608      0.86     0.411     0.586     0.556      3.83     0.668         0
    48/299     7.81G      1.86     0.593         0      2.45        25       608     0.882      0.47      0.61     0.613      3.75     0.651         0
    49/299     7.81G      2.16     0.567         0      2.73        30       608     0.902     0.438     0.589      0.59      3.81     0.658         0
    50/299     7.81G      1.87     0.584         0      2.45        27       608     0.856     0.468     0.574     0.605      3.85     0.633         0
    51/299     7.81G      1.88     0.572         0      2.45        13       608     0.888     0.419     0.523     0.569      3.98     0.693         0
    52/299     7.81G      1.92     0.536         0      2.45        25       608     0.867     0.413     0.526      0.56      3.85     0.686         0
    53/299     7.81G      1.95     0.568         0      2.52        26       608     0.863     0.426      0.55     0.571      3.69     0.708         0
    54/299     7.81G      1.73     0.542         0      2.27        35       608     0.875     0.407     0.531     0.555      3.83      0.74         0
    55/299     7.81G      1.76     0.526         0      2.29        24       608     0.811     0.337     0.467     0.476      3.78     0.802         0
    56/299     7.81G      1.77     0.534         0       2.3        24       608     0.857     0.378     0.526     0.525      3.86     0.716         0
    57/299     7.81G      1.73      0.52         0      2.25        25       608     0.868      0.38     0.542     0.529      3.81     0.737         0
    58/299     7.81G      1.68     0.494         0      2.17        20       608     0.828     0.416     0.515     0.554      3.95     0.723         0
    59/299     7.81G      1.81     0.517         0      2.32        23       608     0.858     0.446     0.534     0.587      4.03     0.694         0
    60/299     7.81G      1.75     0.524         0      2.28        22       608     0.813     0.395     0.489     0.532      4.07     0.701         0
    61/299     7.81G       1.8     0.493         0      2.29        24       608     0.837     0.368     0.514     0.512      4.06     0.716         0
    62/299     7.81G      1.64     0.532         0      2.17        26       608     0.835     0.411     0.543      0.55      3.86     0.692         0
    63/299     7.81G      1.71     0.521         0      2.23        22       608      0.85     0.359     0.477     0.504      4.17     0.755         0
    64/299     7.81G      1.59     0.518         0      2.11        14       608     0.873     0.361     0.477     0.511      4.12     0.762         0
    65/299     7.81G       1.7      0.53         0      2.23        24       608     0.765     0.377     0.448     0.505       4.1     0.755         0
    66/299     7.81G      1.68     0.493         0      2.18        24       608     0.849       0.4     0.545     0.544      3.84     0.756         0
    67/299     7.81G      1.63     0.463         0       2.1        22       608     0.855     0.447     0.577     0.587      3.79     0.726         0
    68/299     7.81G       1.7     0.503         0       2.2        27       608      0.81      0.47     0.586     0.595      3.71     0.739         0
    69/299     7.81G      1.66     0.485         0      2.14        28       608     0.816     0.444     0.562     0.575      3.77     0.694         0
    70/299     7.81G      1.62     0.479         0       2.1        26       608     0.835     0.426     0.556     0.564      3.83     0.707         0
    71/299     7.81G       1.5     0.478         0      1.98        30       608     0.846     0.435      0.57     0.575      3.83      0.72         0
    72/299     7.81G      1.59     0.492         0      2.08        33       608     0.821     0.405     0.532     0.543      3.91     0.731         0
    73/299     7.81G      1.49      0.44         0      1.93        27       608     0.799     0.447     0.543     0.574      3.91     0.738         0
    74/299     7.81G      1.55     0.471         0      2.02        30       608     0.783     0.399     0.515     0.529      3.98     0.747         0
    75/299     7.81G      1.53     0.451         0      1.98        29       608     0.808     0.443     0.544     0.573      3.89     0.733         0
    76/299     7.81G      1.53     0.482         0      2.01        31       608     0.862     0.426     0.562      0.57      3.78     0.749         0
    77/299     7.81G      1.53     0.487         0      2.02        12       608     0.814     0.437     0.544     0.569      3.75     0.728         0
    78/299     7.81G      1.59     0.452         0      2.04        31       608     0.783     0.453     0.569     0.574       3.8     0.695         0
    79/299     7.81G      1.49     0.447         0      1.94        32       608     0.816     0.421     0.545     0.556      3.77     0.772         0
    80/299     7.81G      1.51     0.483         0      1.99        20       608     0.838     0.368     0.482     0.512      3.84     0.805         0
    81/299     7.81G      1.47     0.432         0      1.91        28       608     0.797     0.384     0.475     0.518      3.95     0.795         0
    82/299     7.81G       1.5     0.425         0      1.93        27       608     0.832     0.405     0.518     0.545      3.96     0.799         0
    83/299     7.81G      1.42     0.481         0       1.9        30       608     0.794     0.345      0.47     0.481      3.88     0.835         0
    84/299     7.81G      1.43     0.431         0      1.86        32       608     0.829     0.342     0.469     0.484       3.9     0.837         0
    85/299     7.81G      1.37     0.405         0      1.77        30       608     0.819     0.395     0.509     0.533      3.74      0.85         0
    86/299     7.81G      1.43     0.429         0      1.86        23       608     0.831     0.414     0.516     0.552       3.8     0.836         0
    87/299     7.81G      1.41     0.436         0      1.85        21       608     0.842     0.421     0.517     0.562       3.8     0.799         0
    88/299     7.81G      1.32     0.417         0      1.74        25       608     0.774     0.421     0.513     0.545      3.79     0.763         0
    89/299     7.81G      1.32     0.431         0      1.75        30       608     0.769       0.4     0.521     0.526       3.7     0.789         0
    90/299     7.81G      1.47     0.432         0       1.9        14       608     0.799     0.398     0.513     0.531      3.69     0.785         0
    91/299     7.81G      1.42     0.434         0      1.85        28       608      0.78     0.421      0.52     0.547      3.73     0.798         0
    92/299     7.81G      1.32      0.43         0      1.75        24       608      0.78      0.43     0.486     0.555      3.91     0.786         0
    93/299     7.81G      1.31     0.419         0      1.73        29       608     0.803     0.474     0.553     0.596      3.78     0.732         0
    94/299     7.81G      1.31     0.429         0      1.74        25       608     0.831     0.489     0.552     0.616      3.89     0.693         0
    95/299     7.81G      1.36     0.437         0      1.79        24       608     0.853     0.458     0.551     0.596      3.76     0.744         0
    96/299     7.81G       1.3     0.421         0      1.72        33       608     0.843     0.384     0.517     0.528      3.83     0.835         0
    97/299     7.81G      1.25       0.4         0      1.65        27       608     0.831     0.388     0.489     0.529      3.92     0.869         0
    98/299     7.81G      1.33     0.408         0      1.74        24       608     0.859     0.416     0.519     0.561      3.77     0.812         0
    99/299     7.81G      1.39     0.396         0      1.79        25       608     0.845     0.374     0.508     0.519      3.63     0.865         0
   100/299     7.81G      1.22     0.419         0      1.63        28       608     0.891     0.347      0.47       0.5      3.71     0.901         0
   101/299     7.81G      1.34     0.451         0      1.79        27       608     0.801     0.353     0.459      0.49      3.73     0.883         0
   102/299     7.81G      1.15     0.377         0      1.53        26       608     0.851     0.389     0.497     0.534      3.56     0.892         0
   103/299     7.81G      1.31     0.383         0      1.69        13       608     0.831     0.388     0.479     0.529      3.62     0.873         0
   104/299     7.81G      1.27     0.421         0      1.69        31       608     0.863     0.431     0.545     0.575      3.51     0.837         0
   105/299     7.81G      1.26     0.418         0      1.68        27       608     0.899     0.423      0.54     0.576      3.57     0.838         0
   106/299     7.81G      1.23     0.397         0      1.63        27       608      0.89     0.385      0.51     0.538      3.74     0.845         0
   107/299     7.81G      1.28     0.403         0      1.68        24       608     0.845     0.345     0.452      0.49       3.9     0.889         0
   108/299     7.81G      1.23     0.402         0      1.64        26       608     0.858     0.384     0.485     0.531      3.81     0.877         0
   109/299     7.81G      1.25     0.374         0      1.62        29       608     0.879     0.382      0.52     0.532      3.68     0.886         0
   110/299     7.81G      1.25     0.369         0      1.61        29       608     0.862     0.353     0.479       0.5      3.83     0.993         0
   111/299     7.81G      1.23     0.395         0      1.62        31       608     0.869     0.342     0.461     0.491      3.76      1.01         0
   112/299     7.81G      1.19     0.412         0       1.6        27       608     0.834     0.342     0.419     0.485      3.81     0.988         0
   113/299     7.81G      1.17     0.384         0      1.55        25       608     0.876     0.411     0.514     0.559      3.58     0.883         0
   114/299     7.81G      1.21     0.393         0      1.61        29       608     0.896     0.408     0.539     0.561      3.64     0.873         0
   115/299     7.81G      1.09     0.391         0      1.48        31       608     0.884     0.402     0.541     0.553       3.7      0.87         0
   116/299     7.81G      1.21     0.346         0      1.56        13       608      0.88     0.426      0.54     0.574      3.63     0.835         0
   117/299     7.81G      1.25     0.365         0      1.61        22       608     0.874     0.401     0.549     0.549      3.59     0.834         0
   118/299     7.81G      1.11     0.389         0      1.49        30       608     0.873     0.437     0.578     0.582      3.68     0.831         0
   119/299     7.81G      1.11     0.406         0      1.52        27       608     0.857     0.489     0.594     0.623      3.54     0.801         0
   120/299     7.81G      1.14     0.337         0      1.48        30       608     0.822     0.438     0.528     0.571      3.62     0.836         0
   121/299     7.81G      1.14     0.379         0      1.52        26       608     0.856     0.432     0.554     0.574      3.54     0.831         0
   122/299     7.81G      1.06     0.356         0      1.41        21       608     0.843     0.463     0.588     0.598      3.53     0.802         0
   123/299     7.81G      1.19      0.36         0      1.55        24       608     0.868     0.447     0.584      0.59      3.47     0.795         0
   124/299     7.81G      1.11     0.348         0      1.46        23       608     0.831     0.442     0.548     0.577      3.51     0.832         0
   125/299     7.81G      1.02     0.366         0      1.38        23       608     0.868     0.451     0.606     0.593      3.41     0.787         0
   126/299     7.81G      1.09     0.348         0      1.44        24       608     0.881     0.468     0.595     0.611      3.38     0.802         0
   127/299     7.81G      1.14     0.345         0      1.49        33       608     0.875     0.437     0.571     0.583      3.47     0.854         0
   128/299     7.81G      1.03     0.348         0      1.38        23       608     0.912     0.479     0.587     0.628      3.53     0.826         0
   129/299     7.81G      1.04     0.349         0      1.39        11       608     0.865     0.471     0.582      0.61      3.51     0.789         0
   130/299     7.81G      1.03     0.371         0       1.4        26       608     0.836     0.484     0.562     0.613      3.57     0.799         0
   131/299     7.81G      1.07     0.331         0       1.4        24       608     0.863     0.466      0.55     0.605      3.64     0.832         0
   132/299     7.81G      1.04     0.342         0      1.38        29       608     0.815      0.44      0.55     0.572      3.54     0.845         0
   133/299     7.81G      1.08     0.316         0       1.4        32       608     0.852     0.447     0.536     0.587       3.7     0.856         0
   134/299     7.81G      1.09     0.356         0      1.45        24       608     0.892     0.432     0.531     0.582      3.75     0.878         0
   135/299     7.81G      1.07     0.363         0      1.43        23       608     0.889     0.424     0.524     0.574      3.67     0.893         0
   136/299     7.81G      0.98      0.33         0      1.31        27       608     0.911     0.437     0.538      0.59      3.64     0.868         0
   137/299     7.81G     0.976     0.329         0       1.3        23       608     0.895     0.447      0.58     0.596      3.52     0.835         0
   138/299     7.81G     0.976     0.351         0      1.33        32       608     0.874     0.468     0.572      0.61      3.54     0.811         0
   139/299     7.81G     0.914     0.322         0      1.24        22       608     0.841     0.501     0.591     0.628      3.47     0.799         0
   140/299     7.81G     0.966     0.335         0       1.3        24       608     0.829     0.479     0.579     0.607       3.5     0.836         0
   141/299     7.81G      1.01     0.303         0      1.32        27       608      0.83     0.463     0.542     0.594      3.53     0.893         0
   142/299     7.81G     0.982     0.307         0      1.29        12       608     0.847     0.453     0.525      0.59       3.6       0.9         0
   143/299     7.81G     0.931     0.302         0      1.23        22       608     0.836     0.421     0.521      0.56      3.62     0.866         0
   144/299     7.81G     0.899     0.303         0       1.2        25       608     0.831     0.439     0.541     0.574       3.5     0.841         0
   145/299     7.81G     0.957     0.317         0      1.27        28       608     0.865     0.495       0.6     0.629      3.45     0.811         0
   146/299     7.81G     0.999      0.32         0      1.32        21       608     0.871     0.499      0.61     0.635      3.42     0.804         0
   147/299     7.81G     0.984      0.34         0      1.32        28       608     0.854     0.453     0.598     0.592      3.44     0.804         0
   148/299     7.81G     0.978     0.304         0      1.28        25       608      0.88     0.463     0.601     0.607      3.42     0.805         0
   149/299     7.81G     0.911     0.302         0      1.21        24       608     0.871     0.463     0.594     0.604      3.49     0.808         0
   150/299     7.81G     0.955     0.319         0      1.27        29       608      0.88     0.425     0.569     0.574      3.51     0.821         0
   151/299     7.81G      0.96     0.311         0      1.27        28       608     0.887     0.412     0.553     0.563      3.55     0.864         0
   152/299     7.81G     0.884     0.327         0      1.21        25       608     0.852     0.421     0.551     0.564      3.59     0.893         0
   153/299     7.81G     0.936     0.313         0      1.25        27       608     0.843     0.396     0.535     0.539      3.62      0.92         0
   154/299     7.81G     0.922     0.309         0      1.23        31       608     0.855       0.4     0.548     0.545      3.56     0.919         0
   155/299     7.81G     0.908     0.315         0      1.22        14       608     0.828     0.406     0.533     0.545      3.59     0.916         0
   156/299     7.81G     0.897     0.299         0       1.2        21       608     0.842     0.395     0.496     0.537      3.82     0.922         0
   157/299     7.81G     0.937     0.318         0      1.26        23       608     0.852     0.416     0.515     0.559       3.7     0.892         0
   158/299     7.81G      0.91     0.327         0      1.24        27       608     0.912     0.421     0.539     0.576      3.64      0.88         0
   159/299     7.81G     0.948     0.281         0      1.23        32       608     0.851     0.426     0.532     0.568      3.62     0.901         0
   160/299     7.81G     0.896     0.292         0      1.19        25       608     0.811     0.407     0.512     0.542      3.62     0.929         0
   161/299     7.81G     0.925     0.333         0      1.26        25       608     0.813     0.416     0.524      0.55      3.59     0.923         0
   162/299     7.81G     0.809     0.283         0      1.09        27       608     0.829     0.433     0.527     0.569      3.54     0.897         0
   163/299     7.81G     0.813     0.293         0      1.11        33       608     0.864     0.435     0.524     0.578      3.63     0.893         0
   164/299     7.81G     0.813     0.277         0      1.09        28       608     0.913     0.443     0.533     0.596      3.59     0.875         0
   165/299     7.81G      0.81     0.287         0       1.1        27       608     0.892     0.479     0.567     0.623      3.48     0.867         0
   166/299     7.81G     0.898     0.281         0      1.18        24       608     0.856     0.438     0.551      0.58      3.51     0.896         0
   167/299     7.81G     0.816     0.296         0      1.11        30       608     0.832     0.421     0.514     0.559      3.58     0.923         0
   168/299     7.81G     0.868     0.267         0      1.13        11       608     0.803     0.421     0.523     0.552      3.57     0.905         0
   169/299     7.81G     0.888     0.283         0      1.17        26       608     0.848     0.421     0.539     0.563       3.5      0.91         0
   170/299     7.81G     0.804     0.276         0      1.08        23       608      0.91     0.432      0.55     0.586      3.53     0.907         0
   171/299     7.81G     0.745     0.282         0      1.03        29       608     0.872     0.411     0.528     0.558      3.65     0.916         0
   172/299     7.81G      0.82     0.255         0      1.08        28       608      0.88     0.411     0.527      0.56      3.62     0.923         0
   173/299     7.81G     0.823     0.284         0      1.11        25       608     0.901     0.405     0.534     0.559      3.57     0.934         0
   174/299     7.81G     0.757     0.279         0      1.04        30       608     0.882     0.433      0.56     0.581      3.56     0.917         0
   175/299     7.81G     0.807     0.274         0      1.08        29       608     0.871     0.442     0.563     0.587      3.53     0.922         0
   176/299     7.81G     0.712      0.28         0     0.992        35       608     0.839     0.468     0.569     0.601       3.5     0.898         0
   177/299     7.81G     0.825     0.249         0      1.07        28       608     0.842     0.495     0.591     0.623      3.44     0.883         0
   178/299     7.81G     0.798     0.258         0      1.06        25       608     0.891     0.521     0.613     0.658      3.44     0.878         0
   179/299     7.81G     0.738     0.263         0         1        26       608     0.888       0.5     0.604      0.64      3.45     0.889         0
   180/299     7.81G     0.777     0.253         0      1.03        25       608      0.85     0.476     0.568      0.61      3.47     0.908         0
   181/299     7.81G     0.731      0.25         0     0.981        15       608     0.834     0.475     0.554     0.605      3.48      0.91         0
   182/299     7.81G     0.757     0.271         0      1.03        26       608     0.839     0.465     0.574     0.599      3.49     0.912         0
   183/299     7.81G     0.759     0.243         0         1        24       608     0.857     0.468     0.567     0.606       3.5     0.932         0
   184/299     7.81G     0.705     0.251         0     0.956        27       608     0.865     0.474     0.573     0.612      3.43     0.928         0
   185/299     7.81G     0.684     0.254         0     0.938        25       608     0.896     0.495     0.595     0.637      3.45     0.924         0
   186/299     7.81G     0.731     0.244         0     0.974        21       608      0.89     0.489     0.595     0.632      3.43     0.922         0
   187/299     7.81G     0.707      0.25         0     0.957        27       608      0.88     0.474     0.588     0.616      3.43      0.94         0
   188/299     7.81G     0.697      0.24         0     0.937        23       608     0.886      0.45      0.58     0.597      3.48     0.958         0
   189/299     7.81G     0.744     0.218         0     0.962        30       608     0.871     0.458     0.569       0.6      3.45      0.96         0
   190/299     7.81G     0.694     0.224         0     0.918        28       608     0.869     0.463     0.566     0.604      3.41     0.959         0
   191/299     7.81G     0.698     0.239         0     0.937        22       608     0.875      0.48     0.595      0.62      3.39     0.936         0
   192/299     7.81G     0.737      0.25         0     0.987        29       608     0.898     0.474     0.612      0.62      3.35     0.924         0
   193/299     7.81G     0.681     0.233         0     0.915        25       608     0.883     0.477     0.607     0.619      3.35     0.909         0
   194/299     7.81G     0.708     0.243         0     0.951        13       608     0.889     0.484     0.601     0.627      3.36     0.906         0
   195/299     7.81G     0.654     0.212         0     0.866        33       608     0.891     0.473     0.594     0.618      3.36     0.908         0
   196/299     7.81G     0.627     0.219         0     0.846        28       608     0.872     0.467      0.59     0.608      3.38      0.93         0
   197/299     7.81G     0.659     0.214         0     0.872        28       608     0.904     0.447     0.573     0.598      3.46     0.957         0
   198/299     7.81G     0.647     0.248         0     0.896        29       608     0.885     0.444     0.567     0.591      3.46     0.954         0
   199/299     7.81G     0.647     0.249         0     0.896        30       608     0.888     0.461     0.566     0.607      3.49      0.94         0
   200/299     7.81G     0.634     0.215         0     0.849        25       608     0.922     0.556     0.631     0.694      3.46     0.886         0
   201/299     7.81G     0.608     0.209         0     0.817        30       608     0.888      0.54     0.613     0.671      3.44     0.882         0
   202/299     7.81G     0.721      0.22         0     0.941        23       608     0.877     0.525     0.608     0.657      3.44     0.879         0
   203/299     7.81G     0.637       0.2         0     0.838        23       608     0.876     0.519     0.603     0.652      3.42     0.886         0
   204/299     7.81G     0.607     0.229         0     0.837        29       608     0.901     0.542     0.624     0.677      3.43     0.882         0
   205/299     7.81G     0.602     0.232         0     0.833        20       608     0.906     0.532     0.618      0.67       3.4     0.887         0
   206/299     7.81G     0.599     0.198         0     0.797        29       608     0.917     0.521     0.608     0.664       3.4     0.891         0
   207/299     7.81G     0.594     0.212         0     0.806        15       608     0.904     0.495     0.603      0.64      3.41     0.903         0
   208/299     7.81G     0.588      0.22         0     0.808        28       608     0.902     0.486      0.59     0.632       3.4     0.905         0
   209/299     7.81G     0.555     0.202         0     0.757        26       608     0.865      0.47     0.575     0.609      3.43     0.922         0
   210/299     7.81G      0.54     0.206         0     0.746        28       608     0.863     0.458     0.569     0.598      3.43     0.935         0
   211/299     7.81G     0.548     0.194         0     0.742        29       608     0.875     0.479     0.578     0.619      3.42      0.94         0
   212/299     7.81G     0.554     0.215         0     0.769        22       608     0.861     0.479     0.588     0.615      3.39     0.939         0
   213/299     7.81G     0.559     0.191         0      0.75        24       608      0.87     0.479     0.599     0.618      3.39     0.929         0
   214/299     7.81G     0.567     0.192         0     0.759        29       608     0.888     0.501     0.613      0.64      3.37     0.915         0
   215/299     7.81G     0.546     0.209         0     0.754        26       608     0.901     0.526     0.629     0.665      3.38     0.912         0
   216/299     7.81G     0.519     0.188         0     0.707        26       608     0.883     0.518     0.617     0.653       3.4     0.921         0
   217/299     7.81G     0.565       0.2         0     0.766        26       608     0.896     0.496     0.615     0.639      3.38     0.926         0
   218/299     7.81G     0.538     0.196         0     0.734        24       608       0.9     0.489     0.614     0.634      3.38     0.935         0
   219/299     7.81G     0.565     0.195         0      0.76        27       608     0.894     0.487      0.61      0.63      3.36     0.938         0
   220/299     7.81G     0.538     0.216         0     0.754        14       608     0.903     0.505     0.622     0.648      3.36     0.939         0
   221/299     7.81G     0.511      0.22         0     0.731        35       608     0.885     0.485     0.618     0.626      3.33     0.942         0
   222/299     7.81G     0.513     0.188         0     0.701        28       608     0.888     0.499     0.606     0.638      3.34     0.939         0
   223/299     7.81G     0.523      0.19         0     0.714        30       608     0.884     0.483     0.588     0.625      3.35     0.942         0
   224/299     7.81G     0.522     0.198         0      0.72        30       608     0.883     0.475     0.601     0.617      3.34     0.947         0
   225/299     7.81G     0.531     0.194         0     0.724        35       608     0.894     0.484      0.61     0.628      3.35     0.952         0
   226/299     7.81G     0.514     0.187         0     0.701        23       608     0.904     0.495     0.589     0.639      3.39     0.964         0
   227/299     7.81G     0.508      0.18         0     0.688        27       608     0.887     0.497     0.597     0.637      3.39     0.964         0
   228/299     7.81G     0.504     0.193         0     0.697        30       608     0.887     0.497     0.596     0.637      3.39     0.966         0
   229/299     7.81G     0.492     0.184         0     0.676        23       608     0.896     0.516     0.619     0.655      3.37      0.94         0
   230/299     7.81G     0.476     0.188         0     0.664        24       608     0.893     0.547     0.623     0.679      3.36     0.929         0
   231/299     7.81G     0.487     0.191         0     0.679        30       608     0.911     0.537     0.632     0.675      3.35     0.927         0
   232/299     7.81G     0.509     0.178         0     0.687        24       608     0.902      0.53     0.624     0.668      3.34      0.92         0
   233/299     7.81G     0.487     0.183         0      0.67        13       608     0.907     0.513      0.62     0.655      3.35     0.923         0
   234/299     7.81G     0.523     0.182         0     0.705        26       608     0.927     0.526     0.633     0.671      3.35     0.922         0
   235/299     7.81G     0.485     0.179         0     0.664        25       608     0.925     0.522      0.61     0.668      3.35     0.917         0
   236/299     7.81G     0.488     0.176         0     0.665        29       608     0.925     0.522     0.613     0.668      3.36     0.923         0
   237/299     7.81G     0.468      0.17         0     0.638        25       608     0.925     0.516     0.609     0.663      3.37     0.929         0
   238/299     7.81G     0.471     0.156         0     0.627        23       608     0.934     0.522     0.627      0.67      3.37     0.942         0
   239/299     7.81G     0.496     0.187         0     0.682        27       608     0.935     0.521     0.639     0.669      3.36     0.935         0
   240/299     7.81G     0.498     0.173         0     0.671        30       608     0.926     0.528     0.647     0.672      3.34     0.922         0
   241/299     7.81G     0.479     0.174         0     0.653        25       608     0.924     0.542     0.649     0.683      3.35     0.919         0
   242/299     7.81G     0.487     0.187         0     0.673        31       608      0.91     0.531      0.63     0.671      3.36     0.922         0
   243/299     7.81G     0.493     0.186         0     0.679        29       608     0.909     0.523     0.631     0.664      3.37     0.929         0
   244/299     7.81G     0.467     0.178         0     0.645        28       608     0.902     0.526     0.623     0.665      3.38     0.932         0
   245/299     7.81G     0.458     0.196         0     0.654        28       608     0.902     0.526     0.625     0.665      3.39     0.937         0
   246/299     7.81G     0.453      0.16         0     0.612        14       608     0.904     0.526     0.628     0.665      3.38     0.936         0
   247/299     7.81G     0.466     0.172         0     0.638        23       608     0.886     0.529     0.625     0.663      3.38      0.94         0
   248/299     7.81G     0.435     0.161         0     0.596        29       608       0.9     0.542     0.637     0.677      3.37     0.935         0
   249/299     7.81G     0.461     0.156         0     0.617        26       608     0.902     0.563     0.638     0.693      3.37     0.931         0
   250/299     7.81G     0.452     0.162         0     0.613        27       608     0.903     0.563     0.643     0.694      3.36     0.929         0
   251/299     7.81G     0.422     0.181         0     0.603        29       608     0.898     0.554     0.636     0.685      3.36     0.932         0
   252/299     7.81G      0.42     0.167         0     0.587        27       608     0.906     0.556     0.645     0.689      3.35     0.933         0
   253/299     7.81G     0.441     0.183         0     0.624        24       608     0.858     0.543     0.623     0.665      3.35     0.935         0
   254/299     7.81G     0.432     0.167         0       0.6        31       608     0.855     0.521     0.618     0.647      3.36     0.939         0
   255/299     7.81G     0.465     0.182         0     0.647        23       608     0.861     0.523     0.608      0.65      3.36     0.945         0
   256/299     7.81G     0.438     0.161         0     0.599        30       608     0.884     0.522     0.609     0.656      3.35     0.946         0
   257/299     7.81G     0.451     0.162         0     0.613        25       608     0.909     0.528     0.638     0.668      3.35     0.956         0
   258/299     7.81G     0.427     0.161         0     0.588        30       608     0.927     0.537     0.637      0.68      3.35     0.959         0
   259/299     7.81G     0.422     0.154         0     0.575        12       608     0.927     0.532     0.632     0.676      3.35     0.959         0
   260/299     7.81G     0.431     0.169         0     0.599        30       608     0.917     0.521      0.62     0.665      3.36     0.957         0
   261/299     7.81G     0.417     0.158         0     0.575        23       608     0.908     0.519     0.612     0.661      3.37     0.956         0
   262/299     7.81G     0.433     0.148         0     0.581        29       608     0.916     0.518     0.613     0.662      3.39      0.96         0
   263/299     7.81G     0.443      0.16         0     0.603        27       608       0.9     0.511     0.611     0.651       3.4     0.959         0
   264/299     7.81G     0.405      0.15         0     0.555        26       608     0.881     0.506     0.607     0.643       3.4      0.96         0
   265/299     7.81G     0.426     0.162         0     0.588        28       608     0.887     0.489     0.608     0.631       3.4     0.966         0
   266/299     7.81G      0.43     0.157         0     0.587        24       608     0.898      0.51     0.621     0.651       3.4     0.964         0
   267/299     7.81G      0.41     0.153         0     0.563        23       608     0.892     0.521     0.619     0.658      3.39      0.96         0
   268/299     7.81G     0.434      0.16         0     0.594        30       608     0.902     0.534     0.626     0.671      3.38     0.959         0
   269/299     7.81G     0.424     0.154         0     0.577        23       608     0.904     0.532      0.62      0.67      3.38      0.96         0
   270/299     7.81G     0.439     0.163         0     0.601        29       608     0.875     0.517     0.613      0.65      3.38     0.966         0
   271/299     7.81G     0.412     0.158         0      0.57        30       608     0.882     0.512     0.611     0.648      3.38     0.969         0
   272/299     7.81G     0.405     0.168         0     0.573        15       608     0.897     0.506     0.608     0.647      3.39     0.976         0
   273/299     7.81G     0.411     0.159         0      0.57        27       608     0.903     0.488     0.609     0.634       3.4     0.985         0
   274/299     7.81G     0.422     0.152         0     0.574        27       608     0.902     0.483     0.611     0.629      3.39     0.983         0
   275/299     7.81G     0.409     0.149         0     0.558        27       608     0.902     0.479     0.612     0.626      3.39     0.982         0
   276/299     7.81G     0.439     0.164         0     0.603        32       608     0.903      0.49     0.616     0.635      3.39     0.978         0
   277/299     7.81G     0.408     0.149         0     0.557        26       608     0.885     0.487     0.612     0.628      3.39     0.979         0
   278/299     7.81G     0.407     0.147         0     0.554        32       608     0.888       0.5     0.609      0.64      3.39     0.981         0
   279/299     7.81G      0.42     0.158         0     0.579        24       608     0.886     0.493      0.61     0.634       3.4     0.981         0
   280/299     7.81G     0.444     0.161         0     0.604        31       608     0.906     0.507     0.614      0.65      3.39     0.981         0
   281/299     7.81G     0.408     0.172         0      0.58        32       608     0.915      0.51     0.619     0.655      3.38     0.983         0
   282/299     7.81G     0.416     0.171         0     0.587        25       608     0.891     0.515     0.617     0.653      3.39     0.985         0
   283/299     7.81G     0.413     0.191         0     0.604        30       608     0.892      0.52      0.62     0.657      3.38     0.981         0
   284/299     7.81G      0.41     0.151         0     0.561        23       608     0.893     0.527     0.617     0.663      3.38      0.98         0
   285/299     7.81G     0.416     0.153         0     0.569        12       608      0.89     0.512     0.615      0.65      3.38     0.984         0
   286/299     7.81G     0.414     0.145         0     0.559        27       608     0.901     0.526      0.62     0.664      3.38     0.977         0
   287/299     7.81G      0.42     0.152         0     0.572        22       608     0.894     0.537     0.624     0.671      3.36     0.973         0
   288/299     7.81G     0.389     0.151         0      0.54        25       608     0.881     0.526     0.616     0.659      3.34     0.973         0
   289/299     7.81G     0.416     0.156         0     0.573        21       608     0.894     0.516     0.616     0.654      3.36     0.985         0
   290/299     7.81G     0.416     0.156         0     0.573        23       608     0.907     0.514     0.613     0.656      3.38      0.99         0
   291/299     7.81G     0.404     0.141         0     0.546        29       608     0.907     0.516     0.619     0.658      3.37     0.986         0
   292/299     7.81G     0.416     0.144         0     0.561        28       608     0.911     0.535     0.622     0.674      3.37     0.977         0
   293/299     7.81G     0.392     0.145         0     0.537        25       608     0.909     0.532     0.622     0.671      3.38     0.979         0
   294/299     7.81G     0.411     0.144         0     0.555        28       608     0.915     0.537     0.629     0.677      3.37     0.972         0
   295/299     7.81G     0.414     0.146         0     0.561        27       608     0.925     0.542     0.634     0.684      3.37     0.975         0
   296/299     7.81G     0.427     0.155         0     0.582        31       608     0.917     0.537     0.624     0.677      3.37     0.977         0
   297/299     7.81G      0.41     0.146         0     0.556        31       608     0.909     0.537     0.623     0.675      3.38     0.977         0
   298/299     7.81G     0.403     0.138         0     0.541        15       608      0.91     0.535     0.618     0.674      3.39     0.977         0
   299/299     7.81G       0.4     0.144         0     0.544        24       608       0.9     0.537     0.618     0.672      3.38     0.973         0
